/*--------------------------------*- C++ -*----------------------------------*\
| =========                 |                                                 |
| \\      /  F ield         | OpenFOAM: The Open Source CFD Toolbox           |
|  \\    /   O peration     | Version:  2512                                  |
|   \\  /    A nd           | Website:  www.openfoam.com                      |
|    \\/     M anipulation  |                                                 |
\*---------------------------------------------------------------------------*/
FoamFile
{
    version     2.0;
    format      ascii;
    arch        "LSB;label=32;scalar=64";
    note        "nPoints:17138  nCells:8333  nFaces:33567  nInternalFaces:16431";
    class       labelList;
    location    "constant/polyMesh";
    object      neighbour;
}
// * * * * * * * * * * * * * * * * * * * * * * * * * * * * * * * * * * * * * //


16431
(
1
149
2
150
3
151
4
152
5
153
6
154
7
155
8
156
9
157
10
158
11
159
12
160
13
161
14
162
15
163
16
164
17
165
18
166
19
167
20
168
21
169
22
170
23
171
24
172
25
173
26
174
27
175
28
176
29
177
30
178
31
179
32
180
33
181
34
182
35
183
36
184
37
185
38
186
39
187
40
188
41
189
42
190
43
191
44
192
45
193
46
194
47
195
48
196
49
197
50
198
51
199
52
200
53
201
54
202
55
203
56
204
57
205
58
206
59
207
60
208
61
209
62
210
63
211
64
212
65
213
66
214
67
215
68
216
69
217
70
218
71
219
72
220
73
221
74
222
75
223
76
224
77
225
78
226
79
227
80
228
81
229
82
230
83
231
84
232
85
233
86
234
87
235
88
236
89
237
90
238
91
239
92
240
93
241
94
242
95
243
96
244
97
245
98
246
99
247
100
248
101
249
102
250
103
251
104
252
105
253
106
254
107
255
108
256
109
257
110
258
111
259
112
260
113
261
114
262
115
263
116
264
117
265
118
266
119
267
120
268
121
269
122
270
123
271
124
272
125
273
126
274
127
275
128
276
129
277
130
278
131
279
132
280
133
281
134
282
135
283
136
284
137
285
138
286
139
287
140
288
141
289
142
290
143
291
144
292
145
293
146
294
147
295
148
296
297
150
298
151
299
152
300
153
301
154
302
155
303
156
304
157
305
158
306
159
307
160
308
161
309
162
310
163
311
164
312
165
313
166
314
167
315
168
316
169
317
170
318
171
319
172
320
173
321
174
322
175
323
176
324
177
325
178
326
179
327
180
328
181
329
182
330
183
331
184
332
185
333
186
334
187
335
188
336
189
337
190
338
191
339
192
340
193
341
194
342
195
343
196
344
197
345
198
346
199
347
200
348
201
349
202
350
203
351
204
352
205
353
206
354
207
355
208
356
209
357
210
358
211
359
212
360
213
361
214
362
215
363
216
364
217
365
218
366
219
367
220
368
221
369
222
370
223
371
224
372
225
373
226
374
227
375
228
376
229
377
230
378
231
379
232
380
233
381
234
382
235
383
236
384
237
385
238
386
239
387
240
388
241
389
242
390
243
391
244
392
245
393
246
394
247
395
248
396
249
397
250
398
251
399
252
400
253
401
254
402
255
403
256
404
257
405
258
406
259
407
260
408
261
409
262
410
263
411
264
412
265
413
266
414
267
415
268
416
269
417
270
418
271
419
272
420
273
421
274
422
275
423
276
424
277
425
278
426
279
427
280
428
281
429
282
430
283
431
284
432
285
433
286
434
287
435
288
436
289
437
290
438
291
439
292
440
293
441
294
442
295
443
296
444
297
445
446
299
448
300
449
301
450
302
451
303
452
304
453
305
454
306
455
307
456
308
457
309
458
310
459
311
460
312
461
313
462
314
463
315
464
316
465
317
466
318
467
319
468
320
469
321
470
322
471
323
472
324
473
325
474
326
475
327
476
328
477
329
478
330
479
331
480
332
481
333
482
334
483
335
484
336
485
337
486
338
487
339
488
340
489
341
490
342
491
343
492
344
493
345
494
346
495
347
496
348
497
349
498
350
499
351
500
352
501
353
502
354
503
355
504
356
505
357
506
358
507
359
508
360
509
361
510
362
511
363
512
364
513
365
514
366
515
367
516
368
517
369
518
370
519
371
520
372
521
373
522
374
523
375
524
376
525
377
526
378
527
379
528
380
529
381
530
382
531
383
532
384
533
385
534
386
535
387
536
388
537
389
538
390
539
391
540
392
541
393
542
394
543
395
544
396
545
397
546
398
547
399
548
400
549
401
550
402
551
403
552
404
553
405
554
406
555
407
556
408
557
409
558
410
559
411
560
412
561
413
562
414
563
415
564
416
565
417
566
418
567
419
568
420
569
421
570
422
571
423
572
424
573
425
574
426
575
427
576
428
577
429
578
430
579
431
580
432
581
433
582
434
583
435
584
436
585
437
586
438
587
439
588
440
589
441
590
442
591
443
592
444
593
445
594
446
595
447
596
597
449
599
450
600
451
601
452
602
453
603
454
604
455
605
456
606
457
607
458
608
459
609
460
610
461
611
462
612
463
613
464
614
465
615
466
616
467
617
468
618
469
619
470
620
471
621
472
622
473
623
474
624
475
625
476
626
477
627
478
628
479
629
480
630
481
631
482
632
483
633
484
634
485
635
486
636
487
637
488
638
489
639
490
640
491
641
492
642
493
643
494
644
495
645
496
646
497
647
498
648
499
649
500
650
501
651
502
652
503
653
504
654
505
655
506
656
507
657
508
658
509
659
510
660
511
661
512
662
513
663
514
664
515
665
516
666
517
667
518
668
519
669
520
670
521
671
522
672
523
673
524
674
525
675
526
676
527
677
528
678
529
679
530
680
531
681
532
682
533
683
534
684
535
685
536
686
537
687
538
688
539
689
540
690
541
691
542
692
543
693
544
694
545
695
546
696
547
697
548
698
549
699
550
700
551
701
552
702
553
703
554
704
555
705
556
706
557
707
558
708
559
709
560
710
561
711
562
712
563
713
564
714
565
715
566
716
567
717
568
718
569
719
570
720
571
721
572
722
573
723
574
724
575
725
576
726
577
727
578
728
579
729
580
730
581
731
582
732
583
733
584
734
585
735
586
736
587
737
588
738
589
739
590
740
591
741
592
742
593
743
594
744
595
745
596
746
597
747
598
748
749
600
751
601
752
602
753
603
754
604
755
605
756
606
757
607
758
608
759
609
760
610
761
611
762
612
763
613
764
614
765
615
766
616
767
617
768
618
769
619
770
620
771
621
772
622
773
623
774
624
775
625
776
626
777
627
778
628
779
629
780
630
781
631
782
632
783
633
784
634
785
635
786
636
787
637
788
638
789
639
790
640
791
641
792
642
793
643
794
644
795
645
796
646
797
647
798
648
799
649
800
650
801
651
802
652
803
653
804
654
805
655
806
656
807
657
808
658
809
659
810
660
811
661
812
662
813
663
814
664
815
665
816
666
817
667
818
668
819
669
820
670
821
671
822
672
823
673
824
674
825
675
826
676
827
677
828
678
829
679
830
680
831
681
832
682
833
683
834
684
835
685
836
686
837
687
838
688
839
689
840
690
841
691
842
692
843
693
844
694
845
695
846
696
847
697
848
698
849
699
850
700
851
701
852
702
853
703
854
704
855
705
856
706
857
707
858
708
859
709
860
710
861
711
862
712
863
713
864
714
865
715
866
716
867
717
868
718
869
719
870
720
871
721
872
722
873
723
874
724
875
725
876
726
877
727
878
728
879
729
880
730
881
731
882
732
883
733
884
734
885
735
886
736
887
737
888
738
889
739
890
740
891
741
892
742
893
743
894
744
895
745
896
746
897
747
898
748
899
749
900
750
901
902
752
903
753
904
754
905
755
906
756
907
757
908
758
909
759
910
760
911
761
912
762
913
763
914
764
915
765
916
766
917
767
918
768
919
769
920
770
921
771
922
772
923
773
924
774
925
775
926
776
927
777
928
778
929
779
930
780
931
781
932
782
933
783
934
784
935
785
936
786
937
787
938
788
939
789
940
790
941
791
942
792
943
793
944
794
945
795
946
796
947
797
948
798
949
799
950
800
951
801
952
802
953
803
954
804
955
805
956
806
957
807
958
808
959
809
960
810
961
811
962
812
963
813
964
814
965
815
966
816
967
817
968
818
969
819
970
820
971
821
972
822
973
823
974
824
975
825
976
826
977
827
978
828
979
829
980
830
981
831
982
832
983
833
984
834
985
835
986
836
987
837
988
838
989
839
990
840
991
841
992
842
993
843
994
844
995
845
996
846
997
847
998
848
999
849
1000
850
1001
851
1002
852
1003
853
1004
854
1005
855
1006
856
1007
857
1008
858
1009
859
1010
860
1011
861
1012
862
1013
863
1014
864
1015
865
1016
866
1017
867
1018
868
1019
869
1020
870
1021
871
1022
872
1023
873
1024
874
1025
875
1026
876
1027
877
1028
878
1029
879
1030
880
1031
881
1032
882
1033
883
1034
884
1035
885
1036
886
1037
887
1038
888
1039
889
1040
890
1041
891
1042
892
1043
893
1044
894
1045
895
1046
896
1047
897
1048
898
1049
899
1050
900
1051
901
1052
902
1053
1054
904
1056
905
1057
906
1058
907
1059
908
1060
909
1061
910
1062
911
1063
912
1064
913
1065
914
1066
915
1067
916
1068
917
1069
918
1070
919
1071
920
1072
921
1073
922
1074
923
1075
924
1076
925
1077
926
1078
927
1079
928
1080
929
1081
930
1082
931
1083
932
1084
933
1085
934
1086
935
1087
936
1088
937
1089
938
1090
939
1091
940
1092
941
1093
942
1094
943
1095
944
1096
945
1097
946
1098
947
1099
948
1100
949
1101
950
1102
951
1103
952
1104
953
1105
954
1106
955
1107
956
1108
957
1109
958
1110
959
1111
960
1112
961
1113
962
1114
963
1115
964
1116
965
1117
966
1118
967
1119
968
1120
969
1121
970
1122
971
1123
972
1124
973
1125
974
1126
975
1127
976
1128
977
1129
978
1130
979
1131
980
1132
981
1133
982
1134
983
1135
984
1136
985
1137
986
1138
987
1139
988
1140
989
1141
990
1142
991
1143
992
1144
993
1145
994
1146
995
1147
996
1148
997
1149
998
1150
999
1151
1000
1152
1001
1153
1002
1154
1003
1155
1004
1156
1005
1157
1006
1158
1007
1159
1008
1160
1009
1161
1010
1162
1011
1163
1012
1164
1013
1165
1014
1166
1015
1167
1016
1168
1017
1169
1018
1170
1019
1171
1020
1172
1021
1173
1022
1174
1023
1175
1024
1176
1025
1177
1026
1178
1027
1179
1028
1180
1029
1181
1030
1182
1031
1183
1032
1184
1033
1185
1034
1186
1035
1187
1036
1188
1037
1189
1038
1190
1039
1191
1040
1192
1041
1193
1042
1194
1043
1195
1044
1196
1045
1197
1046
1198
1047
1199
1048
1200
1049
1201
1050
1202
1051
1203
1052
1204
1053
1205
1054
1206
1055
1207
1208
1057
1210
1058
1211
1059
1212
1060
1213
1061
1214
1062
1215
1063
1216
1064
1217
1065
1218
1066
1219
1067
1220
1068
1221
1069
1222
1070
1223
1071
1224
1072
1225
1073
1226
1074
1227
1075
1228
1076
1229
1077
1230
1078
1231
1079
1232
1080
1233
1081
1234
1082
1235
1083
1236
1084
1237
1085
1238
1086
1239
1087
1240
1088
1241
1089
1242
1090
1243
1091
1244
1092
1245
1093
1246
1094
1247
1095
1248
1096
1249
1097
1250
1098
1251
1099
1252
1100
1253
1101
1254
1102
1255
1103
1256
1104
1257
1105
1258
1106
1259
1107
1260
1108
1261
1109
1262
1110
1263
1111
1264
1112
1265
1113
1266
1114
1267
1115
1268
1116
1269
1117
1270
1118
1271
1119
1272
1120
1273
1121
1274
1122
1275
1123
1276
1124
1277
1125
1278
1126
1279
1127
1280
1128
1281
1129
1282
1130
1283
1131
1284
1132
1285
1133
1286
1134
1287
1135
1288
1136
1289
1137
1290
1138
1291
1139
1292
1140
1293
1141
1294
1142
1295
1143
1296
1144
1297
1145
1298
1146
1299
1147
1300
1148
1301
1149
1302
1150
1303
1151
1304
1152
1305
1153
1306
1154
1307
1155
1308
1156
1309
1157
1310
1158
1311
1159
1312
1160
1313
1161
1314
1162
1315
1163
1316
1164
1317
1165
1318
1166
1319
1167
1320
1168
1321
1169
1322
1170
1323
1171
1324
1172
1325
1173
1326
1174
1327
1175
1328
1176
1329
1177
1330
1178
1331
1179
1332
1180
1333
1181
1334
1182
1335
1183
1336
1184
1337
1185
1338
1186
1339
1187
1340
1188
1341
1189
1342
1190
1343
1191
1344
1192
1345
1193
1346
1194
1347
1195
1348
1196
1349
1197
1350
1198
1351
1199
1352
1200
1353
1201
1354
1202
1355
1203
1356
1204
1357
1205
1358
1206
1359
1207
1360
1208
1361
1209
1362
1363
1211
1364
1212
1365
1213
1366
1214
1367
1215
1368
1216
1369
1217
1370
1218
1371
1219
1372
1220
1373
1221
1374
1222
1375
1223
1376
1224
1377
1225
1378
1226
1379
1227
1380
1228
1381
1229
1382
1230
1383
1231
1384
1232
1385
1233
1386
1234
1387
1235
1388
1236
1389
1237
1390
1238
1391
1239
1392
1240
1393
1241
1394
1242
1395
1243
1396
1244
1397
1245
1398
1246
1399
1247
1400
1248
1401
1249
1402
1250
1403
1251
1404
1252
1405
1253
1406
1254
1407
1255
1408
1256
1409
1257
1410
1258
1411
1259
1412
1260
1413
1261
1414
1262
1415
1263
1416
1264
1417
1265
1418
1266
1419
1267
1420
1268
1421
1269
1422
1270
1423
1271
1424
1272
1425
1273
1426
1274
1427
1275
1428
1276
1429
1277
1430
1278
1431
1279
1432
1280
1433
1281
1434
1282
1435
1283
1436
1284
1437
1285
1438
1286
1439
1287
1440
1288
1441
1289
1442
1290
1443
1291
1444
1292
1445
1293
1446
1294
1447
1295
1448
1296
1449
1297
1450
1298
1451
1299
1452
1300
1453
1301
1454
1302
1455
1303
1456
1304
1457
1305
1458
1306
1459
1307
1460
1308
1461
1309
1462
1310
1463
1311
1464
1312
1465
1313
1466
1314
1467
1315
1468
1316
1469
1317
1470
1318
1471
1319
1472
1320
1473
1321
1474
1322
1475
1323
1476
1324
1477
1325
1478
1326
1479
1327
1480
1328
1481
1329
1482
1330
1483
1331
1484
1332
1485
1333
1486
1334
1487
1335
1488
1336
1489
1337
1490
1338
1491
1339
1492
1340
1493
1341
1494
1342
1495
1343
1496
1344
1497
1345
1498
1346
1499
1347
1500
1348
1501
1349
1502
1350
1503
1351
1504
1352
1505
1353
1506
1354
1507
1355
1508
1356
1509
1357
1510
1358
1511
1359
1512
1360
1513
1361
1514
1362
1515
1363
1516
1517
1365
1519
1366
1520
1367
1521
1368
1522
1369
1523
1370
1524
1371
1525
1372
1526
1373
1527
1374
1528
1375
1529
1376
1530
1377
1531
1378
1532
1379
1533
1380
1534
1381
1535
1382
1536
1383
1537
1384
1538
1385
1539
1386
1540
1387
1541
1388
1542
1389
1543
1390
1544
1391
1545
1392
1546
1393
1547
1394
1548
1395
1549
1396
1550
1397
1551
1398
1552
1399
1553
1400
1554
1401
1555
1402
1556
1403
1557
1404
1558
1405
1559
1406
1560
1407
1561
1408
1562
1409
1563
1410
1564
1411
1565
1412
1566
1413
1567
1414
1568
1415
1569
1416
1570
1417
1571
1418
1572
1419
1573
1420
1574
1421
1575
1422
1576
1423
1577
1424
1578
1425
1579
1426
1580
1427
1581
1428
1582
1429
1583
1430
1584
1431
1585
1432
1586
1433
1587
1434
1588
1435
1589
1436
1590
1437
1591
1438
1592
1439
1593
1440
1594
1441
1595
1442
1596
1443
1597
1444
1598
1445
1599
1446
1600
1447
1601
1448
1602
1449
1603
1450
1604
1451
1605
1452
1606
1453
1607
1454
1608
1455
1609
1456
1610
1457
1611
1458
1612
1459
1613
1460
1614
1461
1615
1462
1616
1463
1617
1464
1618
1465
1619
1466
1620
1467
1621
1468
1622
1469
1623
1470
1624
1471
1625
1472
1626
1473
1627
1474
1628
1475
1629
1476
1630
1477
1631
1478
1632
1479
1633
1480
1634
1481
1635
1482
1636
1483
1637
1484
1638
1485
1639
1486
1640
1487
1641
1488
1642
1489
1643
1490
1644
1491
1645
1492
1646
1493
1647
1494
1648
1495
1649
1496
1650
1497
1651
1498
1652
1499
1653
1500
1654
1501
1655
1502
1656
1503
1657
1504
1658
1505
1659
1506
1660
1507
1661
1508
1662
1509
1663
1510
1664
1511
1665
1512
1666
1513
1667
1514
1668
1515
1669
1516
1670
1517
1671
1518
1672
1673
1520
1675
1521
1676
1522
1677
1523
1678
1524
1679
1525
1680
1526
1681
1527
1682
1528
1683
1529
1684
1530
1685
1531
1686
1532
1687
1533
1688
1534
1689
1535
1690
1536
1691
1537
1692
1538
1693
1539
1694
1540
1695
1541
1696
1542
1697
1543
1698
1544
1699
1545
1700
1546
1701
1547
1702
1548
1703
1549
1704
1550
1705
1551
1706
1552
1707
1553
1708
1554
1709
1555
1710
1556
1711
1557
1712
1558
1713
1559
1714
1560
1715
1561
1716
1562
1717
1563
1718
1564
1719
1565
1720
1566
1721
1567
1722
1568
1723
1569
1724
1570
1725
1571
1726
1572
1727
1573
1728
1574
1729
1575
1730
1576
1731
1577
1732
1578
1733
1579
1734
1580
1735
1581
1736
1582
1737
1583
1738
1584
1739
1585
1740
1586
1741
1587
1742
1588
1743
1589
1744
1590
1745
1591
1746
1592
1747
1593
1748
1594
1749
1595
1750
1596
1751
1597
1752
1598
1753
1599
1754
1600
1755
1601
1756
1602
1757
1603
1758
1604
1759
1605
1760
1606
1761
1607
1762
1608
1763
1609
1764
1610
1765
1611
1766
1612
1767
1613
1768
1614
1769
1615
1770
1616
1771
1617
1772
1618
1773
1619
1774
1620
1775
1621
1776
1622
1777
1623
1778
1624
1779
1625
1780
1626
1781
1627
1782
1628
1783
1629
1784
1630
1785
1631
1786
1632
1787
1633
1788
1634
1789
1635
1790
1636
1791
1637
1792
1638
1793
1639
1794
1640
1795
1641
1796
1642
1797
1643
1798
1644
1799
1645
1800
1646
1801
1647
1802
1648
1803
1649
1804
1650
1805
1651
1806
1652
1807
1653
1808
1654
1809
1655
1810
1656
1811
1657
1812
1658
1813
1659
1814
1660
1815
1661
1816
1662
1817
1663
1818
1664
1819
1665
1820
1666
1821
1667
1822
1668
1823
1669
1824
1670
1825
1671
1826
1672
1827
1673
1828
1674
1829
1830
1676
1832
1677
1833
1678
1834
1679
1835
1680
1836
1681
1837
1682
1838
1683
1839
1684
1840
1685
1841
1686
1842
1687
1843
1688
1844
1689
1845
1690
1846
1691
1847
1692
1848
1693
1849
1694
1850
1695
1851
1696
1852
1697
1853
1698
1854
1699
1855
1700
1856
1701
1857
1702
1858
1703
1859
1704
1860
1705
1861
1706
1862
1707
1863
1708
1864
1709
1865
1710
1866
1711
1867
1712
1868
1713
1869
1714
1870
1715
1871
1716
1872
1717
1873
1718
1874
1719
1875
1720
1876
1721
1877
1722
1878
1723
1879
1724
1880
1725
1881
1726
1882
1727
1883
1728
1884
1729
1885
1730
1886
1731
1887
1732
1888
1733
1889
1734
1890
1735
1891
1736
1892
1737
1893
1738
1894
1739
1895
1740
1896
1741
1897
1742
1898
1743
1899
1744
1900
1745
1901
1746
1902
1747
1903
1748
1904
1749
1905
1750
1906
1751
1907
1752
1908
1753
1909
1754
1910
1755
1911
1756
1912
1757
1913
1758
1914
1759
1915
1760
1916
1761
1917
1762
1918
1763
1919
1764
1920
1765
1921
1766
1922
1767
1923
1768
1924
1769
1925
1770
1926
1771
1927
1772
1928
1773
1929
1774
1930
1775
1931
1776
1932
1777
1933
1778
1934
1779
1935
1780
1936
1781
1937
1782
1938
1783
1939
1784
1940
1785
1941
1786
1942
1787
1943
1788
1944
1789
1945
1790
1946
1791
1947
1792
1948
1793
1949
1794
1950
1795
1951
1796
1952
1797
1953
1798
1954
1799
1955
1800
1956
1801
1957
1802
1958
1803
1959
1804
1960
1805
1961
1806
1962
1807
1963
1808
1964
1809
1965
1810
1966
1811
1967
1812
1968
1813
1969
1814
1970
1815
1971
1816
1972
1817
1973
1818
1974
1819
1975
1820
1976
1821
1977
1822
1978
1823
1979
1824
1980
1825
1981
1826
1982
1827
1983
1828
1984
1829
1985
1830
1986
1831
1987
1988
1833
1989
1834
1990
1835
1991
1836
1992
1837
1993
1838
1994
1839
1995
1840
1996
1841
1997
1842
1998
1843
1999
1844
2000
1845
2001
1846
2002
1847
2003
1848
2004
1849
2005
1850
2006
1851
2007
1852
2008
1853
2009
1854
2010
1855
2011
1856
2012
1857
2013
1858
2014
1859
2015
1860
2016
1861
2017
1862
2018
1863
2019
1864
2020
1865
2021
1866
2022
1867
2023
1868
2024
1869
2025
1870
2026
1871
2027
1872
2028
1873
2029
1874
2030
1875
2031
1876
2032
1877
2033
1878
2034
1879
2035
1880
2036
1881
2037
1882
2038
1883
2039
1884
2040
1885
2041
1886
2042
1887
2043
1888
2044
1889
2045
1890
2046
1891
2047
1892
2048
1893
2049
1894
2050
1895
2051
1896
2052
1897
2053
1898
2054
1899
2055
1900
2056
1901
2057
1902
2058
1903
2059
1904
2060
1905
2061
1906
2062
1907
2063
1908
2064
1909
2065
1910
2066
1911
2067
1912
2068
1913
2069
1914
2070
1915
2071
1916
2072
1917
2073
1918
2074
1919
2075
1920
2076
1921
2077
1922
2078
1923
2079
1924
2080
1925
2081
1926
2082
1927
2083
1928
2084
1929
2085
1930
2086
1931
2087
1932
2088
1933
2089
1934
2090
1935
2091
1936
2092
1937
2093
1938
2094
1939
2095
1940
2096
1941
2097
1942
2098
1943
2099
1944
2100
1945
2101
1946
2102
1947
2103
1948
2104
1949
2105
1950
2106
1951
2107
1952
2108
1953
2109
1954
2110
1955
2111
1956
2112
1957
2113
1958
2114
1959
2115
1960
2116
1961
2117
1962
2118
1963
2119
1964
2120
1965
2121
1966
2122
1967
2123
1968
2124
1969
2125
1970
2126
1971
2127
1972
2128
1973
2129
1974
2130
1975
2131
1976
2132
1977
2133
1978
2134
1979
2135
1980
2136
1981
2137
1982
2138
1983
2139
1984
2140
1985
2141
1986
2142
1987
2143
1988
2144
2145
1990
2147
1991
2148
1992
2149
1993
2150
1994
2151
1995
2152
1996
2153
1997
2154
1998
2155
1999
2156
2000
2157
2001
2158
2002
2159
2003
2160
2004
2161
2005
2162
2006
2163
2007
2164
2008
2165
2009
2166
2010
2167
2011
2168
2012
2169
2013
2170
2014
2171
2015
2172
2016
2173
2017
2174
2018
2175
2019
2176
2020
2177
2021
2178
2022
2179
2023
2180
2024
2181
2025
2182
2026
2183
2027
2184
2028
2185
2029
2186
2030
2187
2031
2188
2032
2189
2033
2190
2034
2191
2035
2192
2036
2193
2037
2194
2038
2195
2039
2196
2040
2197
2041
2198
2042
2199
2043
2200
2044
2201
2045
2202
2046
2203
2047
2204
2048
2205
2049
2206
2050
2207
2051
2208
2052
2209
2053
2210
2054
2211
2055
2212
2056
2213
2057
2214
2058
2215
2059
2216
2060
2217
2061
2218
2062
2219
2063
2220
2064
2221
2065
2222
2066
2223
2067
2224
2068
2225
2069
2226
2070
2227
2071
2228
2072
2229
2073
2230
2074
2231
2075
2232
2076
2233
2077
2234
2078
2235
2079
2236
2080
2237
2081
2238
2082
2239
2083
2240
2084
2241
2085
2242
2086
2243
2087
2244
2088
2245
2089
2246
2090
2247
2091
2248
2092
2249
2093
2250
2094
2251
2095
2252
2096
2253
2097
2254
2098
2255
2099
2256
2100
2257
2101
2258
2102
2259
2103
2260
2104
2261
2105
2262
2106
2263
2107
2264
2108
2265
2109
2266
2110
2267
2111
2268
2112
2269
2113
2270
2114
2271
2115
2272
2116
2273
2117
2274
2118
2275
2119
2276
2120
2277
2121
2278
2122
2279
2123
2280
2124
2281
2125
2282
2126
2283
2127
2284
2128
2285
2129
2286
2130
2287
2131
2288
2132
2289
2133
2290
2134
2291
2135
2292
2136
2293
2137
2294
2138
2295
2139
2296
2140
2297
2141
2298
2142
2299
2143
2300
2144
2301
2145
2302
2146
2303
2304
2148
2306
2149
2307
2150
2308
2151
2309
2152
2310
2153
2311
2154
2312
2155
2313
2156
2314
2157
2315
2158
2316
2159
2317
2160
2318
2161
2319
2162
2320
2163
2321
2164
2322
2165
2323
2166
2324
2167
2325
2168
2326
2169
2327
2170
2328
2171
2329
2172
2330
2173
2331
2174
2332
2175
2333
2176
2334
2177
2335
2178
2336
2179
2337
2180
2338
2181
2339
2182
2340
2183
2341
2184
2342
2185
2343
2186
2344
2187
2345
2188
2346
2189
2347
2190
2348
2191
2349
2192
2350
2193
2351
2194
2352
2195
2353
2196
2354
2197
2355
2198
2356
2199
2357
2200
2358
2201
2359
2202
2360
2203
2361
2204
2362
2205
2363
2206
2364
2207
2365
2208
2366
2209
2367
2210
2368
2211
2369
2212
2370
2213
2371
2214
2372
2215
2373
2216
2374
2217
2375
2218
2376
2219
2377
2220
2378
2221
2379
2222
2380
2223
2381
2224
2382
2225
2383
2226
2384
2227
2385
2228
2386
2229
2387
2230
2388
2231
2389
2232
2390
2233
2391
2234
2392
2235
2393
2236
2394
2237
2395
2238
2396
2239
2397
2240
2398
2241
2399
2242
2400
2243
2401
2244
2402
2245
2403
2246
2404
2247
2405
2248
2406
2249
2407
2250
2408
2251
2409
2252
2410
2253
2411
2254
2412
2255
2413
2256
2414
2257
2415
2258
2416
2259
2417
2260
2418
2261
2419
2262
2420
2263
2421
2264
2422
2265
2423
2266
2424
2267
2425
2268
2426
2269
2427
2270
2428
2271
2429
2272
2430
2273
2431
2274
2432
2275
2433
2276
2434
2277
2435
2278
2436
2279
2437
2280
2438
2281
2439
2282
2440
2283
2441
2284
2442
2285
2443
2286
2444
2287
2445
2288
2446
2289
2447
2290
2448
2291
2449
2292
2450
2293
2451
2294
2452
2295
2453
2296
2454
2297
2455
2298
2456
2299
2457
2300
2458
2301
2459
2302
2460
2303
2461
2304
2462
2305
2463
2464
2307
2466
2308
2467
2309
2468
2310
2469
2311
2470
2312
2471
2313
2472
2314
2473
2315
2474
2316
2475
2317
2476
2318
2477
2319
2478
2320
2479
2321
2480
2322
2481
2323
2482
2324
2483
2325
2484
2326
2485
2327
2486
2328
2487
2329
2488
2330
2489
2331
2490
2332
2491
2333
2492
2334
2493
2335
2494
2336
2495
2337
2496
2338
2497
2339
2498
2340
2499
2341
2500
2342
2501
2343
2502
2344
2503
2345
2504
2346
2505
2347
2506
2348
2507
2349
2508
2350
2509
2351
2510
2352
2511
2353
2512
2354
2513
2355
2514
2356
2515
2357
2516
2358
2517
2359
2518
2360
2519
2361
2520
2362
2521
2363
2522
2364
2523
2365
2524
2366
2525
2367
2526
2368
2527
2369
2528
2370
2529
2371
2530
2372
2531
2373
2532
2374
2533
2375
2534
2376
2535
2377
2536
2378
2537
2379
2538
2380
2539
2381
2540
2382
2541
2383
2542
2384
2543
2385
2544
2386
2545
2387
2546
2388
2547
2389
2548
2390
2549
2391
2550
2392
2551
2393
2552
2394
2553
2395
2554
2396
2555
2397
2556
2398
2557
2399
2558
2400
2559
2401
2560
2402
2561
2403
2562
2404
2563
2405
2564
2406
2565
2407
2566
2408
2567
2409
2568
2410
2569
2411
2570
2412
2571
2413
2572
2414
2573
2415
2574
2416
2575
2417
2576
2418
2577
2419
2578
2420
2579
2421
2580
2422
2581
2423
2582
2424
2583
2425
2584
2426
2585
2427
2586
2428
2587
2429
2588
2430
2589
2431
2590
2432
2591
2433
2592
2434
2593
2435
2594
2436
2595
2437
2596
2438
2597
2439
2598
2440
2599
2441
2600
2442
2601
2443
2602
2444
2603
2445
2604
2446
2605
2447
2606
2448
2607
2449
2608
2450
2609
2451
2610
2452
2611
2453
2612
2454
2613
2455
2614
2456
2615
2457
2616
2458
2617
2459
2618
2460
2619
2461
2620
2462
2621
2463
2622
2464
2623
2465
2624
2625
2467
2626
2468
2627
2469
2628
2470
2629
2471
2630
2472
2631
2473
2632
2474
2633
2475
2634
2476
2635
2477
2636
2478
2637
2479
2638
2480
2639
2481
2640
2482
2641
2483
2642
2484
2643
2485
2644
2486
2645
2487
2646
2488
2647
2489
2648
2490
2649
2491
2650
2492
2651
2493
2652
2494
2653
2495
2654
2496
2655
2497
2656
2498
2657
2499
2658
2500
2659
2501
2660
2502
2661
2503
2662
2504
2663
2505
2664
2506
2665
2507
2666
2508
2667
2509
2668
2510
2669
2511
2670
2512
2671
2513
2672
2514
2673
2515
2674
2516
2675
2517
2676
2518
2677
2519
2678
2520
2679
2521
2680
2522
2681
2523
2682
2524
2683
2525
2684
2526
2685
2527
2686
2528
2687
2529
2688
2530
2689
2531
2690
2532
2691
2533
2692
2534
2693
2535
2694
2536
2695
2537
2696
2538
2697
2539
2698
2540
2699
2541
2700
2542
2701
2543
2702
2544
2703
2545
2704
2546
2705
2547
2706
2548
2707
2549
2708
2550
2709
2551
2710
2552
2711
2553
2712
2554
2713
2555
2714
2556
2715
2557
2716
2558
2717
2559
2718
2560
2719
2561
2720
2562
2721
2563
2722
2564
2723
2565
2724
2566
2725
2567
2726
2568
2727
2569
2728
2570
2729
2571
2730
2572
2731
2573
2732
2574
2733
2575
2734
2576
2735
2577
2736
2578
2737
2579
2738
2580
2739
2581
2740
2582
2741
2583
2742
2584
2743
2585
2744
2586
2745
2587
2746
2588
2747
2589
2748
2590
2749
2591
2750
2592
2751
2593
2752
2594
2753
2595
2754
2596
2755
2597
2756
2598
2757
2599
2758
2600
2759
2601
2760
2602
2761
2603
2762
2604
2763
2605
2764
2606
2765
2607
2766
2608
2767
2609
2768
2610
2769
2611
2770
2612
2771
2613
2772
2614
2773
2615
2774
2616
2775
2617
2776
2618
2777
2619
2778
2620
2779
2621
2780
2622
2781
2623
2782
2624
2783
2625
2784
2785
2627
2787
2628
2788
2629
2789
2630
2790
2631
2791
2632
2792
2633
2793
2634
2794
2635
2795
2636
2796
2637
2797
2638
2798
2639
2799
2640
2800
2641
2801
2642
2802
2643
2803
2644
2804
2645
2805
2646
2806
2647
2807
2648
2808
2649
2809
2650
2810
2651
2811
2652
2812
2653
2813
2654
2814
2655
2815
2656
2816
2657
2817
2658
2818
2659
2819
2660
2820
2661
2821
2662
2822
2663
2823
2664
2824
2665
2825
2666
2826
2667
2827
2668
2828
2669
2829
2670
2830
2671
2831
2672
2832
2673
2833
2674
2834
2675
2835
2676
2836
2677
2837
2678
2838
2679
2839
2680
2840
2681
2841
2682
2842
2683
2843
2684
2844
2685
2845
2686
2846
2687
2847
2688
2848
2689
2849
2690
2850
2691
2851
2692
2852
2693
2853
2694
2854
2695
2855
2696
2856
2697
2857
2698
2858
2699
2859
2700
2860
2701
2861
2702
2862
2703
2863
2704
2864
2705
2865
2706
2866
2707
2867
2708
2868
2709
2869
2710
2870
2711
2871
2712
2872
2713
2873
2714
2874
2715
2875
2716
2876
2717
2877
2718
2878
2719
2879
2720
2880
2721
2881
2722
2882
2723
2883
2724
2884
2725
2885
2726
2886
2727
2887
2728
2888
2729
2889
2730
2890
2731
2891
2732
2892
2733
2893
2734
2894
2735
2895
2736
2896
2737
2897
2738
2898
2739
2899
2740
2900
2741
2901
2742
2902
2743
2903
2744
2904
2745
2905
2746
2906
2747
2907
2748
2908
2749
2909
2750
2910
2751
2911
2752
2912
2753
2913
2754
2914
2755
2915
2756
2916
2757
2917
2758
2918
2759
2919
2760
2920
2761
2921
2762
2922
2763
2923
2764
2924
2765
2925
2766
2926
2767
2927
2768
2928
2769
2929
2770
2930
2771
2931
2772
2932
2773
2933
2774
2934
2775
2935
2776
2936
2777
2937
2778
2938
2779
2939
2780
2940
2781
2941
2782
2942
2783
2943
2784
2944
2785
2945
2786
2946
2947
2788
2949
2789
2950
2790
2951
2791
2952
2792
2953
2793
2954
2794
2955
2795
2956
2796
2957
2797
2958
2798
2959
2799
2960
2800
2961
2801
2962
2802
2963
2803
2964
2804
2965
2805
2966
2806
2967
2807
2968
2808
2969
2809
2970
2810
2971
2811
2972
2812
2973
2813
2974
2814
2975
2815
2976
2816
2977
2817
2978
2818
2979
2819
2980
2820
2981
2821
2982
2822
2983
2823
2984
2824
2985
2825
2986
2826
2987
2827
2988
2828
2989
2829
2990
2830
2991
2831
2992
2832
2993
2833
2994
2834
2995
2835
2996
2836
2997
2837
2998
2838
2999
2839
3000
2840
3001
2841
3002
2842
3003
2843
3004
2844
3005
2845
3006
2846
3007
2847
3008
2848
3009
2849
3010
2850
3011
2851
3012
2852
3013
2853
3014
2854
3015
2855
3016
2856
3017
2857
3018
2858
3019
2859
3020
2860
3021
2861
3022
2862
3023
2863
3024
2864
3025
2865
3026
2866
3027
2867
3028
2868
3029
2869
3030
2870
3031
2871
3032
2872
3033
2873
3034
2874
3035
2875
3036
2876
3037
2877
3038
2878
3039
2879
3040
2880
3041
2881
3042
2882
3043
2883
3044
2884
3045
2885
3046
2886
3047
2887
3048
2888
3049
2889
3050
2890
3051
2891
3052
2892
3053
2893
3054
2894
3055
2895
3056
2896
3057
2897
3058
2898
3059
2899
3060
2900
3061
2901
3062
2902
3063
2903
3064
2904
3065
2905
3066
2906
3067
2907
3068
2908
3069
2909
3070
2910
3071
2911
3072
2912
3073
2913
3074
2914
3075
2915
3076
2916
3077
2917
3078
2918
3079
2919
3080
2920
3081
2921
3082
2922
3083
2923
3084
2924
3085
2925
3086
2926
3087
2927
3088
2928
3089
2929
3090
2930
3091
2931
3092
2932
3093
2933
3094
2934
3095
2935
3096
2936
3097
2937
3098
2938
3099
2939
3100
2940
3101
2941
3102
2942
3103
2943
3104
2944
3105
2945
3106
2946
3107
2947
3108
2948
3109
3110
2950
3111
2951
3112
2952
3113
2953
3114
2954
3115
2955
3116
2956
3117
2957
3118
2958
3119
2959
3120
2960
3121
2961
3122
2962
3123
2963
3124
2964
3125
2965
3126
2966
3127
2967
3128
2968
3129
2969
3130
2970
3131
2971
3132
2972
3133
2973
3134
2974
3135
2975
3136
2976
3137
2977
3138
2978
3139
2979
3140
2980
3141
2981
3142
2982
3143
2983
3144
2984
3145
2985
3146
2986
3147
2987
3148
2988
3149
2989
3150
2990
3151
2991
3152
2992
3153
2993
3154
2994
3155
2995
3156
2996
3157
2997
3158
2998
3159
2999
3160
3000
3161
3001
3162
3002
3163
3003
3164
3004
3165
3005
3166
3006
3167
3007
3168
3008
3169
3009
3170
3010
3171
3011
3172
3012
3173
3013
3174
3014
3175
3015
3176
3016
3177
3017
3178
3018
3179
3019
3180
3020
3181
3021
3182
3022
3183
3023
3184
3024
3185
3025
3186
3026
3187
3027
3188
3028
3189
3029
3190
3030
3191
3031
3192
3032
3193
3033
3194
3034
3195
3035
3196
3036
3197
3037
3198
3038
3199
3039
3200
3040
3201
3041
3202
3042
3203
3043
3204
3044
3205
3045
3206
3046
3207
3047
3208
3048
3209
3049
3210
3050
3211
3051
3212
3052
3213
3053
3214
3054
3215
3055
3216
3056
3217
3057
3218
3058
3219
3059
3220
3060
3221
3061
3222
3062
3223
3063
3224
3064
3225
3065
3226
3066
3227
3067
3228
3068
3229
3069
3230
3070
3231
3071
3232
3072
3233
3073
3234
3074
3235
3075
3236
3076
3237
3077
3238
3078
3239
3079
3240
3080
3241
3081
3242
3082
3243
3083
3244
3084
3245
3085
3246
3086
3247
3087
3248
3088
3249
3089
3250
3090
3251
3091
3252
3092
3253
3093
3254
3094
3255
3095
3256
3096
3257
3097
3258
3098
3259
3099
3260
3100
3261
3101
3262
3102
3263
3103
3264
3104
3265
3105
3266
3106
3267
3107
3268
3108
3269
3109
3270
3110
3271
3272
3112
3274
3113
3275
3114
3276
3115
3277
3116
3278
3117
3279
3118
3280
3119
3281
3120
3282
3121
3283
3122
3284
3123
3285
3124
3286
3125
3287
3126
3288
3127
3289
3128
3290
3129
3291
3130
3292
3131
3293
3132
3294
3133
3295
3134
3296
3135
3297
3136
3298
3137
3299
3138
3300
3139
3301
3140
3302
3141
3303
3142
3304
3143
3305
3144
3306
3145
3307
3146
3308
3147
3309
3148
3310
3149
3311
3150
3312
3151
3313
3152
3314
3153
3315
3154
3316
3155
3317
3156
3318
3157
3319
3158
3320
3159
3321
3160
3322
3161
3323
3162
3324
3163
3325
3164
3326
3165
3327
3166
3328
3167
3329
3168
3330
3169
3331
3170
3332
3171
3333
3172
3334
3173
3335
3174
3336
3175
3337
3176
3338
3177
3339
3178
3340
3179
3341
3180
3342
3181
3343
3182
3344
3183
3345
3184
3346
3185
3347
3186
3348
3187
3349
3188
3350
3189
3351
3190
3352
3191
3353
3192
3354
3193
3355
3194
3356
3195
3357
3196
3358
3197
3359
3198
3360
3199
3361
3200
3362
3201
3363
3202
3364
3203
3365
3204
3366
3205
3367
3206
3368
3207
3369
3208
3370
3209
3371
3210
3372
3211
3373
3212
3374
3213
3375
3214
3376
3215
3377
3216
3378
3217
3379
3218
3380
3219
3381
3220
3382
3221
3383
3222
3384
3223
3385
3224
3386
3225
3387
3226
3388
3227
3389
3228
3390
3229
3391
3230
3392
3231
3393
3232
3394
3233
3395
3234
3396
3235
3397
3236
3398
3237
3399
3238
3400
3239
3401
3240
3402
3241
3403
3242
3404
3243
3405
3244
3406
3245
3407
3246
3408
3247
3409
3248
3410
3249
3411
3250
3412
3251
3413
3252
3414
3253
3415
3254
3416
3255
3417
3256
3418
3257
3419
3258
3420
3259
3421
3260
3422
3261
3423
3262
3424
3263
3425
3264
3426
3265
3427
3266
3428
3267
3429
3268
3430
3269
3431
3270
3432
3271
3433
3272
3434
3273
3435
3436
3275
3438
3276
3439
3277
3440
3278
3441
3279
3442
3280
3443
3281
3444
3282
3445
3283
3446
3284
3447
3285
3448
3286
3449
3287
3450
3288
3451
3289
3452
3290
3453
3291
3454
3292
3455
3293
3456
3294
3457
3295
3458
3296
3459
3297
3460
3298
3461
3299
3462
3300
3463
3301
3464
3302
3465
3303
3466
3304
3467
3305
3468
3306
3469
3307
3470
3308
3471
3309
3472
3310
3473
3311
3474
3312
3475
3313
3476
3314
3477
3315
3478
3316
3479
3317
3480
3318
3481
3319
3482
3320
3483
3321
3484
3322
3485
3323
3486
3324
3487
3325
3488
3326
3489
3327
3490
3328
3491
3329
3492
3330
3493
3331
3494
3332
3495
3333
3496
3334
3497
3335
3498
3336
3499
3337
3500
3338
3501
3339
3502
3340
3503
3341
3504
3342
3505
3343
3506
3344
3507
3345
3508
3346
3509
3347
3510
3348
3511
3349
3512
3350
3513
3351
3514
3352
3515
3353
3516
3354
3517
3355
3518
3356
3519
3357
3520
3358
3521
3359
3522
3360
3523
3361
3524
3362
3525
3363
3526
3364
3527
3365
3528
3366
3529
3367
3530
3368
3531
3369
3532
3370
3533
3371
3534
3372
3535
3373
3536
3374
3537
3375
3538
3376
3539
3377
3540
3378
3541
3379
3542
3380
3543
3381
3544
3382
3545
3383
3546
3384
3547
3385
3548
3386
3549
3387
3550
3388
3551
3389
3552
3390
3553
3391
3554
3392
3555
3393
3556
3394
3557
3395
3558
3396
3559
3397
3560
3398
3561
3399
3562
3400
3563
3401
3564
3402
3565
3403
3566
3404
3567
3405
3568
3406
3569
3407
3570
3408
3571
3409
3572
3410
3573
3411
3574
3412
3575
3413
3576
3414
3577
3415
3578
3416
3579
3417
3580
3418
3581
3419
3582
3420
3583
3421
3584
3422
3585
3423
3586
3424
3587
3425
3588
3426
3589
3427
3590
3428
3591
3429
3592
3430
3593
3431
3594
3432
3595
3433
3596
3434
3597
3435
3598
3436
3599
3437
3600
3601
3439
3603
3440
3604
3441
3605
3442
3606
3443
3607
3444
3608
3445
3609
3446
3610
3447
3611
3448
3612
3449
3613
3450
3614
3451
3615
3452
3616
3453
3617
3454
3618
3455
3619
3456
3620
3457
3621
3458
3622
3459
3623
3460
3624
3461
3625
3462
3626
3463
3627
3464
3628
3465
3629
3466
3630
3467
3631
3468
3632
3469
3633
3470
3634
3471
3635
3472
3636
3473
3637
3474
3638
3475
3639
3476
3640
3477
3641
3478
3642
3479
3643
3480
3644
3481
3645
3482
3646
3483
3647
3484
3648
3485
3649
3486
3650
3487
3651
3488
3652
3489
3653
3490
3654
3491
3655
3492
3656
3493
3657
3494
3658
3495
3659
3496
3660
3497
3661
3498
3662
3499
3663
3500
3664
3501
3665
3502
3666
3503
3667
3504
3668
3505
3669
3506
3670
3507
3671
3508
3672
3509
3673
3510
3674
3511
3675
3512
3676
3513
3677
3514
3678
3515
3679
3516
3680
3517
3681
3518
3682
3519
3683
3520
3684
3521
3685
3522
3686
3523
3687
3524
3688
3525
3689
3526
3690
3527
3691
3528
3692
3529
3693
3530
3694
3531
3695
3532
3696
3533
3697
3534
3698
3535
3699
3536
3700
3537
3701
3538
3702
3539
3703
3540
3704
3541
3705
3542
3706
3543
3707
3544
3708
3545
3709
3546
3710
3547
3711
3548
3712
3549
3713
3550
3714
3551
3715
3552
3716
3553
3717
3554
3718
3555
3719
3556
3720
3557
3721
3558
3722
3559
3723
3560
3724
3561
3725
3562
3726
3563
3727
3564
3728
3565
3729
3566
3730
3567
3731
3568
3732
3569
3733
3570
3734
3571
3735
3572
3736
3573
3737
3574
3738
3575
3739
3576
3740
3577
3741
3578
3742
3579
3743
3580
3744
3581
3745
3582
3746
3583
3747
3584
3748
3585
3749
3586
3750
3587
3751
3588
3752
3589
3753
3590
3754
3591
3755
3592
3756
3593
3757
3594
3758
3595
3759
3596
3760
3597
3761
3598
3762
3599
3763
3600
3764
3601
3765
3602
3766
3767
3604
3768
3605
3769
3606
3770
3607
3771
3608
3772
3609
3773
3610
3774
3611
3775
3612
3776
3613
3777
3614
3778
3615
3779
3616
3780
3617
3781
3618
3782
3619
3783
3620
3784
3621
3785
3622
3786
3623
3787
3624
3788
3625
3789
3626
3790
3627
3791
3628
3792
3629
3793
3630
3794
3631
3795
3632
3796
3633
3797
3634
3798
3635
3799
3636
3800
3637
3801
3638
3802
3639
3803
3640
3804
3641
3805
3642
3806
3643
3807
3644
3808
3645
3809
3646
3810
3647
3811
3648
3812
3649
3813
3650
3814
3651
3815
3652
3816
3653
3817
3654
3818
3655
3819
3656
3820
3657
3821
3658
3822
3659
3823
3660
3824
3661
3825
3662
3826
3663
3827
3664
3828
3665
3829
3666
3830
3667
3831
3668
3832
3669
3833
3670
3834
3671
3835
3672
3836
3673
3837
3674
3838
3675
3839
3676
3840
3677
3841
3678
3842
3679
3843
3680
3844
3681
3845
3682
3846
3683
3847
3684
3848
3685
3849
3686
3850
3687
3851
3688
3852
3689
3853
3690
3854
3691
3855
3692
3856
3693
3857
3694
3858
3695
3859
3696
3860
3697
3861
3698
3862
3699
3863
3700
3864
3701
3865
3702
3866
3703
3867
3704
3868
3705
3869
3706
3870
3707
3871
3708
3872
3709
3873
3710
3874
3711
3875
3712
3876
3713
3877
3714
3878
3715
3879
3716
3880
3717
3881
3718
3882
3719
3883
3720
3884
3721
3885
3722
3886
3723
3887
3724
3888
3725
3889
3726
3890
3727
3891
3728
3892
3729
3893
3730
3894
3731
3895
3732
3896
3733
3897
3734
3898
3735
3899
3736
3900
3737
3901
3738
3902
3739
3903
3740
3904
3741
3905
3742
3906
3743
3907
3744
3908
3745
3909
3746
3910
3747
3911
3748
3912
3749
3913
3750
3914
3751
3915
3752
3916
3753
3917
3754
3918
3755
3919
3756
3920
3757
3921
3758
3922
3759
3923
3760
3924
3761
3925
3762
3926
3763
3927
3764
3928
3765
3929
3766
3930
3767
3931
3932
3769
3934
3770
3935
3771
3936
3772
3937
3773
3938
3774
3939
3775
3940
3776
3941
3777
3942
3778
3943
3779
3944
3780
3945
3781
3946
3782
3947
3783
3948
3784
3949
3785
3950
3786
3951
3787
3952
3788
3953
3789
3954
3790
3955
3791
3956
3792
3957
3793
3958
3794
3959
3795
3960
3796
3961
3797
3962
3798
3963
3799
3964
3800
3965
3801
3966
3802
3967
3803
3968
3804
3969
3805
3970
3806
3971
3807
3972
3808
3973
3809
3974
3810
3975
3811
3976
3812
3977
3813
3978
3814
3979
3815
3980
3816
3981
3817
3982
3818
3983
3819
3984
3820
3985
3821
3986
3822
3987
3823
3988
3824
3989
3825
3990
3826
3991
3827
3992
3828
3993
3829
3994
3830
3995
3831
3996
3832
3997
3833
3998
3834
3999
3835
4000
3836
4001
3837
4002
3838
4003
3839
4004
3840
4005
3841
4006
3842
4007
3843
4008
3844
4009
3845
4010
3846
4011
3847
4012
3848
4013
3849
4014
3850
4015
3851
4016
3852
4017
3853
4018
3854
4019
3855
4020
3856
4021
3857
4022
3858
4023
3859
4024
3860
4025
3861
4026
3862
4027
3863
4028
3864
4029
3865
4030
3866
4031
3867
4032
3868
4033
3869
4034
3870
4035
3871
4036
3872
4037
3873
4038
3874
4039
3875
4040
3876
4041
3877
4042
3878
4043
3879
4044
3880
4045
3881
4046
3882
4047
3883
4048
3884
4049
3885
4050
3886
4051
3887
4052
3888
4053
3889
4054
3890
4055
3891
4056
3892
4057
3893
4058
3894
4059
3895
4060
3896
4061
3897
4062
3898
4063
3899
4064
3900
4065
3901
4066
3902
4067
3903
4068
3904
4069
3905
4070
3906
4071
3907
4072
3908
4073
3909
4074
3910
4075
3911
4076
3912
4077
3913
4078
3914
4079
3915
4080
3916
4081
3917
4082
3918
4083
3919
4084
3920
4085
3921
4086
3922
4087
3923
4088
3924
4089
3925
4090
3926
4091
3927
4092
3928
4093
3929
4094
3930
4095
3931
4096
3932
4097
3933
4098
4099
3935
4101
3936
4102
3937
4103
3938
4104
3939
4105
3940
4106
3941
4107
3942
4108
3943
4109
3944
4110
3945
4111
3946
4112
3947
4113
3948
4114
3949
4115
3950
4116
3951
4117
3952
4118
3953
4119
3954
4120
3955
4121
3956
4122
3957
4123
3958
4124
3959
4125
3960
4126
3961
4127
3962
4128
3963
4129
3964
4130
3965
4131
3966
4132
3967
4133
3968
4134
3969
4135
3970
4136
3971
4137
3972
4138
3973
4139
3974
4140
3975
4141
3976
4142
3977
4143
3978
4144
3979
4145
3980
4146
3981
4147
3982
4148
3983
4149
3984
4150
3985
4151
3986
4152
3987
4153
3988
4154
3989
4155
3990
4156
3991
4157
3992
4158
3993
4159
3994
4160
3995
4161
3996
4162
3997
4163
3998
4164
3999
4165
4000
4166
4001
4167
4002
4168
4003
4169
4004
4170
4005
4171
4006
4172
4007
4173
4008
4174
4009
4175
4010
4176
4011
4177
4012
4178
4013
4179
4014
4180
4015
4181
4016
4182
4017
4183
4018
4184
4019
4185
4020
4186
4021
4187
4022
4188
4023
4189
4024
4190
4025
4191
4026
4192
4027
4193
4028
4194
4029
4195
4030
4196
4031
4197
4032
4198
4033
4199
4034
4200
4035
4201
4036
4202
4037
4203
4038
4204
4039
4205
4040
4206
4041
4207
4042
4208
4043
4209
4044
4210
4045
4211
4046
4212
4047
4213
4048
4214
4049
4215
4050
4216
4051
4217
4052
4218
4053
4219
4054
4220
4055
4221
4056
4222
4057
4223
4058
4224
4059
4225
4060
4226
4061
4227
4062
4228
4063
4229
4064
4230
4065
4231
4066
4232
4067
4233
4068
4234
4069
4235
4070
4236
4071
4237
4072
4238
4073
4239
4074
4240
4075
4241
4076
4242
4077
4243
4078
4244
4079
4245
4080
4246
4081
4247
4082
4248
4083
4249
4084
4250
4085
4251
4086
4252
4087
4253
4088
4254
4089
4255
4090
4256
4091
4257
4092
4258
4093
4259
4094
4260
4095
4261
4096
4262
4097
4263
4098
4264
4099
4265
4100
4266
4267
4102
4268
4103
4269
4104
4270
4105
4271
4106
4272
4107
4273
4108
4274
4109
4275
4110
4276
4111
4277
4112
4278
4113
4279
4114
4280
4115
4281
4116
4282
4117
4283
4118
4284
4119
4285
4120
4286
4121
4287
4122
4288
4123
4289
4124
4290
4125
4291
4126
4292
4127
4293
4128
4294
4129
4295
4130
4296
4131
4297
4132
4298
4133
4299
4134
4300
4135
4301
4136
4302
4137
4303
4138
4304
4139
4305
4140
4306
4141
4307
4142
4308
4143
4309
4144
4310
4145
4311
4146
4312
4147
4313
4148
4314
4149
4315
4150
4316
4151
4317
4152
4318
4153
4319
4154
4320
4155
4321
4156
4322
4157
4323
4158
4324
4159
4325
4160
4326
4161
4327
4162
4328
4163
4329
4164
4330
4165
4331
4166
4332
4167
4333
4168
4334
4169
4335
4170
4336
4171
4337
4172
4338
4173
4339
4174
4340
4175
4341
4176
4342
4177
4343
4178
4344
4179
4345
4180
4346
4181
4347
4182
4348
4183
4349
4184
4350
4185
4351
4186
4352
4187
4353
4188
4354
4189
4355
4190
4356
4191
4357
4192
4358
4193
4359
4194
4360
4195
4361
4196
4362
4197
4363
4198
4364
4199
4365
4200
4366
4201
4367
4202
4368
4203
4369
4204
4370
4205
4371
4206
4372
4207
4373
4208
4374
4209
4375
4210
4376
4211
4377
4212
4378
4213
4379
4214
4380
4215
4381
4216
4382
4217
4383
4218
4384
4219
4385
4220
4386
4221
4387
4222
4388
4223
4389
4224
4390
4225
4391
4226
4392
4227
4393
4228
4394
4229
4395
4230
4396
4231
4397
4232
4398
4233
4399
4234
4400
4235
4401
4236
4402
4237
4403
4238
4404
4239
4405
4240
4406
4241
4407
4242
4408
4243
4409
4244
4410
4245
4411
4246
4412
4247
4413
4248
4414
4249
4415
4250
4416
4251
4417
4252
4418
4253
4419
4254
4420
4255
4421
4256
4422
4257
4423
4258
4424
4259
4425
4260
4426
4261
4427
4262
4428
4263
4429
4264
4430
4265
4431
4266
4432
4267
4433
4434
4269
4436
4270
4437
4271
4438
4272
4439
4273
4440
4274
4441
4275
4442
4276
4443
4277
4444
4278
4445
4279
4446
4280
4447
4281
4448
4282
4449
4283
4450
4284
4451
4285
4452
4286
4453
4287
4454
4288
4455
4289
4456
4290
4457
4291
4458
4292
4459
4293
4460
4294
4461
4295
4462
4296
4463
4297
4464
4298
4465
4299
4466
4300
4467
4301
4468
4302
4469
4303
4470
4304
4471
4305
4472
4306
4473
4307
4474
4308
4475
4309
4476
4310
4477
4311
4478
4312
4479
4313
4480
4314
4481
4315
4482
4316
4483
4317
4484
4318
4485
4319
4486
4320
4487
4321
4488
4322
4489
4323
4490
4324
4491
4325
4492
4326
4493
4327
4494
4328
4495
4329
4496
4330
4497
4331
4498
4332
4499
4333
4500
4334
4501
4335
4502
4336
4503
4337
4504
4338
4505
4339
4506
4340
4507
4341
4508
4342
4509
4343
4510
4344
4511
4345
4512
4346
4513
4347
4514
4348
4515
4349
4516
4350
4517
4351
4518
4352
4519
4353
4520
4354
4521
4355
4522
4356
4523
4357
4524
4358
4525
4359
4526
4360
4527
4361
4528
4362
4529
4363
4530
4364
4531
4365
4532
4366
4533
4367
4534
4368
4535
4369
4536
4370
4537
4371
4538
4372
4539
4373
4540
4374
4541
4375
4542
4376
4543
4377
4544
4378
4545
4379
4546
4380
4547
4381
4548
4382
4549
4383
4550
4384
4551
4385
4552
4386
4553
4387
4554
4388
4555
4389
4556
4390
4557
4391
4558
4392
4559
4393
4560
4394
4561
4395
4562
4396
4563
4397
4564
4398
4565
4399
4566
4400
4567
4401
4568
4402
4569
4403
4570
4404
4571
4405
4572
4406
4573
4407
4574
4408
4575
4409
4576
4410
4577
4411
4578
4412
4579
4413
4580
4414
4581
4415
4582
4416
4583
4417
4584
4418
4585
4419
4586
4420
4587
4421
4588
4422
4589
4423
4590
4424
4591
4425
4592
4426
4593
4427
4594
4428
4595
4429
4596
4430
4597
4431
4598
4432
4599
4433
4600
4434
4601
4435
4602
4603
4437
4605
4438
4606
4439
4607
4440
4608
4441
4609
4442
4610
4443
4611
4444
4612
4445
4613
4446
4614
4447
4615
4448
4616
4449
4617
4450
4618
4451
4619
4452
4620
4453
4621
4454
4622
4455
4623
4456
4624
4457
4625
4458
4626
4459
4627
4460
4628
4461
4629
4462
4630
4463
4631
4464
4632
4465
4633
4466
4634
4467
4635
4468
4636
4469
4637
4470
4638
4471
4639
4472
4640
4473
4641
4474
4642
4475
4643
4476
4644
4477
4645
4478
4646
4479
4647
4480
4648
4481
4649
4482
4650
4483
4651
4484
4652
4485
4653
4486
4654
4487
4655
4488
4656
4489
4657
4490
4658
4491
4659
4492
4660
4493
4661
4494
4662
4495
4663
4496
4664
4497
4665
4498
4666
4499
4667
4500
4668
4501
4669
4502
4670
4503
4671
4504
4672
4505
4673
4506
4674
4507
4675
4508
4676
4509
4677
4510
4678
4511
4679
4512
4680
4513
4681
4514
4682
4515
4683
4516
4684
4517
4685
4518
4686
4519
4687
4520
4688
4521
4689
4522
4690
4523
4691
4524
4692
4525
4693
4526
4694
4527
4695
4528
4696
4529
4697
4530
4698
4531
4699
4532
4700
4533
4701
4534
4702
4535
4703
4536
4704
4537
4705
4538
4706
4539
4707
4540
4708
4541
4709
4542
4710
4543
4711
4544
4712
4545
4713
4546
4714
4547
4715
4548
4716
4549
4717
4550
4718
4551
4719
4552
4720
4553
4721
4554
4722
4555
4723
4556
4724
4557
4725
4558
4726
4559
4727
4560
4728
4561
4729
4562
4730
4563
4731
4564
4732
4565
4733
4566
4734
4567
4735
4568
4736
4569
4737
4570
4738
4571
4739
4572
4740
4573
4741
4574
4742
4575
4743
4576
4744
4577
4745
4578
4746
4579
4747
4580
4748
4581
4749
4582
4750
4583
4751
4584
4752
4585
4753
4586
4754
4587
4755
4588
4756
4589
4757
4590
4758
4591
4759
4592
4760
4593
4761
4594
4762
4595
4763
4596
4764
4597
4765
4598
4766
4599
4767
4600
4768
4601
4769
4602
4770
4603
4771
4604
4772
4773
4606
4775
4607
4776
4608
4777
4609
4778
4610
4779
4611
4780
4612
4781
4613
4782
4614
4783
4615
4784
4616
4785
4617
4786
4618
4787
4619
4788
4620
4789
4621
4790
4622
4791
4623
4792
4624
4793
4625
4794
4626
4795
4627
4796
4628
4797
4629
4798
4630
4799
4631
4800
4632
4801
4633
4802
4634
4803
4635
4804
4636
4805
4637
4806
4638
4807
4639
4808
4640
4809
4641
4810
4642
4811
4643
4812
4644
4813
4645
4814
4646
4815
4647
4816
4648
4817
4649
4818
4650
4819
4651
4820
4652
4821
4653
4822
4654
4823
4655
4824
4656
4825
4657
4826
4658
4827
4659
4828
4660
4829
4661
4830
4662
4831
4663
4832
4664
4833
4665
4834
4666
4835
4667
4836
4668
4837
4669
4838
4670
4839
4671
4840
4672
4841
4673
4842
4674
4843
4675
4844
4676
4845
4677
4846
4678
4847
4679
4848
4680
4849
4681
4850
4682
4851
4683
4852
4684
4853
4685
4854
4686
4855
4687
4856
4688
4857
4689
4858
4690
4859
4691
4860
4692
4861
4693
4862
4694
4863
4695
4864
4696
4865
4697
4866
4698
4867
4699
4868
4700
4869
4701
4870
4702
4871
4703
4872
4704
4873
4705
4874
4706
4875
4707
4876
4708
4877
4709
4878
4710
4879
4711
4880
4712
4881
4713
4882
4714
4883
4715
4884
4716
4885
4717
4886
4718
4887
4719
4888
4720
4889
4721
4890
4722
4891
4723
4892
4724
4893
4725
4894
4726
4895
4727
4896
4728
4897
4729
4898
4730
4899
4731
4900
4732
4901
4733
4902
4734
4903
4735
4904
4736
4905
4737
4906
4738
4907
4739
4908
4740
4909
4741
4910
4742
4911
4743
4912
4744
4913
4745
4914
4746
4915
4747
4916
4748
4917
4749
4918
4750
4919
4751
4920
4752
4921
4753
4922
4754
4923
4755
4924
4756
4925
4757
4926
4758
4927
4759
4928
4760
4929
4761
4930
4762
4931
4763
4932
4764
4933
4765
4934
4766
4935
4767
4936
4768
4937
4769
4938
4770
4939
4771
4940
4772
4941
4773
4942
4774
4943
4944
4776
4945
4777
4946
4778
4947
4779
4948
4780
4949
4781
4950
4782
4951
4783
4952
4784
4953
4785
4954
4786
4955
4787
4956
4788
4957
4789
4958
4790
4959
4791
4960
4792
4961
4793
4962
4794
4963
4795
4964
4796
4965
4797
4966
4798
4967
4799
4968
4800
4969
4801
4970
4802
4971
4803
4972
4804
4973
4805
4974
4806
4975
4807
4976
4808
4977
4809
4978
4810
4979
4811
4980
4812
4981
4813
4982
4814
4983
4815
4984
4816
4985
4817
4986
4818
4987
4819
4988
4820
4989
4821
4990
4822
4991
4823
4992
4824
4993
4825
4994
4826
4995
4827
4996
4828
4997
4829
4998
4830
4999
4831
5000
4832
5001
4833
5002
4834
5003
4835
5004
4836
5005
4837
5006
4838
5007
4839
5008
4840
5009
4841
5010
4842
5011
4843
5012
4844
5013
4845
5014
4846
5015
4847
5016
4848
5017
4849
5018
4850
5019
4851
5020
4852
5021
4853
5022
4854
5023
4855
5024
4856
5025
4857
5026
4858
5027
4859
5028
4860
5029
4861
5030
4862
5031
4863
5032
4864
5033
4865
5034
4866
5035
4867
5036
4868
5037
4869
5038
4870
5039
4871
5040
4872
5041
4873
5042
4874
5043
4875
5044
4876
5045
4877
5046
4878
5047
4879
5048
4880
5049
4881
5050
4882
5051
4883
5052
4884
5053
4885
5054
4886
5055
4887
5056
4888
5057
4889
5058
4890
5059
4891
5060
4892
5061
4893
5062
4894
5063
4895
5064
4896
5065
4897
5066
4898
5067
4899
5068
4900
5069
4901
5070
4902
5071
4903
5072
4904
5073
4905
5074
4906
5075
4907
5076
4908
5077
4909
5078
4910
5079
4911
5080
4912
5081
4913
5082
4914
5083
4915
5084
4916
5085
4917
5086
4918
5087
4919
5088
4920
5089
4921
5090
4922
5091
4923
5092
4924
5093
4925
5094
4926
5095
4927
5096
4928
5097
4929
5098
4930
5099
4931
5100
4932
5101
4933
5102
4934
5103
4935
5104
4936
5105
4937
5106
4938
5107
4939
5108
4940
5109
4941
5110
4942
5111
4943
5112
4944
5113
5114
4946
5116
4947
5117
4948
5118
4949
5119
4950
5120
4951
5121
4952
5122
4953
5123
4954
5124
4955
5125
4956
5126
4957
5127
4958
5128
4959
5129
4960
5130
4961
5131
4962
5132
4963
5133
4964
5134
4965
5135
4966
5136
4967
5137
4968
5138
4969
5139
4970
5140
4971
5141
4972
5142
4973
5143
4974
5144
4975
5145
4976
5146
4977
5147
4978
5148
4979
5149
4980
5150
4981
5151
4982
5152
4983
5153
4984
5154
4985
5155
4986
5156
4987
5157
4988
5158
4989
5159
4990
5160
4991
5161
4992
5162
4993
5163
4994
5164
4995
5165
4996
5166
4997
5167
4998
5168
4999
5169
5000
5170
5001
5171
5002
5172
5003
5173
5004
5174
5005
5175
5006
5176
5007
5177
5008
5178
5009
5179
5010
5180
5011
5181
5012
5182
5013
5183
5014
5184
5015
5185
5016
5186
5017
5187
5018
5188
5019
5189
5020
5190
5021
5191
5022
5192
5023
5193
5024
5194
5025
5195
5026
5196
5027
5197
5028
5198
5029
5199
5030
5200
5031
5201
5032
5202
5033
5203
5034
5204
5035
5205
5036
5206
5037
5207
5038
5208
5039
5209
5040
5210
5041
5211
5042
5212
5043
5213
5044
5214
5045
5215
5046
5216
5047
5217
5048
5218
5049
5219
5050
5220
5051
5221
5052
5222
5053
5223
5054
5224
5055
5225
5056
5226
5057
5227
5058
5228
5059
5229
5060
5230
5061
5231
5062
5232
5063
5233
5064
5234
5065
5235
5066
5236
5067
5237
5068
5238
5069
5239
5070
5240
5071
5241
5072
5242
5073
5243
5074
5244
5075
5245
5076
5246
5077
5247
5078
5248
5079
5249
5080
5250
5081
5251
5082
5252
5083
5253
5084
5254
5085
5255
5086
5256
5087
5257
5088
5258
5089
5259
5090
5260
5091
5261
5092
5262
5093
5263
5094
5264
5095
5265
5096
5266
5097
5267
5098
5268
5099
5269
5100
5270
5101
5271
5102
5272
5103
5273
5104
5274
5105
5275
5106
5276
5107
5277
5108
5278
5109
5279
5110
5280
5111
5281
5112
5282
5113
5283
5114
5284
5115
5285
5286
5117
5289
5118
5290
5119
5291
5120
5292
5121
5293
5122
5294
5123
5295
5124
5296
5125
5297
5126
5298
5127
5299
5128
5300
5129
5301
5130
5302
5131
5303
5132
5304
5133
5305
5134
5306
5135
5307
5136
5308
5137
5309
5138
5310
5139
5311
5140
5312
5141
5313
5142
5314
5143
5315
5144
5316
5145
5317
5146
5318
5147
5319
5148
5320
5149
5321
5150
5322
5151
5323
5152
5324
5153
5325
5154
5326
5155
5327
5156
5328
5157
5329
5158
5330
5159
5331
5160
5332
5161
5333
5162
5334
5163
5335
5164
5336
5165
5337
5166
5338
5167
5339
5168
5340
5169
5341
5170
5342
5171
5343
5172
5344
5173
5345
5174
5346
5175
5347
5176
5348
5177
5349
5178
5350
5179
5351
5180
5352
5181
5353
5182
5354
5183
5355
5184
5356
5185
5357
5186
5358
5187
5359
5188
5360
5189
5361
5190
5362
5191
5363
5192
5364
5193
5365
5194
5366
5195
5367
5196
5368
5197
5369
5198
5370
5199
5371
5200
5372
5201
5373
5202
5374
5203
5375
5204
5376
5205
5377
5206
5378
5207
5379
5208
5380
5209
5381
5210
5382
5211
5383
5212
5384
5213
5385
5214
5386
5215
5387
5216
5388
5217
5389
5218
5390
5219
5391
5220
5392
5221
5393
5222
5394
5223
5395
5224
5396
5225
5397
5226
5398
5227
5399
5228
5400
5229
5401
5230
5402
5231
5403
5232
5404
5233
5405
5234
5406
5235
5407
5236
5408
5237
5409
5238
5410
5239
5411
5240
5412
5241
5413
5242
5414
5243
5415
5244
5416
5245
5417
5246
5418
5247
5419
5248
5420
5249
5421
5250
5422
5251
5423
5252
5424
5253
5425
5254
5426
5255
5427
5256
5428
5257
5429
5258
5430
5259
5431
5260
5432
5261
5433
5262
5434
5263
5435
5264
5436
5265
5437
5266
5438
5267
5439
5268
5440
5269
5441
5270
5442
5271
5443
5272
5444
5273
5445
5274
5446
5275
5447
5276
5448
5277
5449
5278
5450
5279
5451
5280
5452
5281
5453
5282
5454
5283
5455
5284
5456
5285
5457
5286
5458
5287
5459
5460
5289
5461
5290
5462
5291
5463
5292
5464
5293
5465
5294
5466
5295
5467
5296
5468
5297
5469
5298
5470
5299
5471
5300
5472
5301
5473
5302
5474
5303
5475
5304
5476
5305
5477
5306
5478
5307
5479
5308
5480
5309
5481
5310
5482
5311
5483
5312
5484
5313
5485
5314
5486
5315
5487
5316
5488
5317
5489
5318
5490
5319
5491
5320
5492
5321
5493
5322
5494
5323
5495
5324
5496
5325
5497
5326
5498
5327
5499
5328
5500
5329
5501
5330
5502
5331
5503
5332
5504
5333
5505
5334
5506
5335
5507
5336
5508
5337
5509
5338
5510
5339
5511
5340
5512
5341
5513
5342
5514
5343
5515
5344
5516
5345
5517
5346
5518
5347
5519
5348
5520
5349
5521
5350
5522
5351
5523
5352
5524
5353
5525
5354
5526
5355
5527
5356
5528
5357
5529
5358
5530
5359
5531
5360
5532
5361
5533
5362
5534
5363
5535
5364
5536
5365
5537
5366
5538
5367
5539
5368
5540
5369
5541
5370
5542
5371
5543
5372
5544
5373
5545
5374
5546
5375
5547
5376
5548
5377
5549
5378
5550
5379
5551
5380
5552
5381
5553
5382
5554
5383
5555
5384
5556
5385
5557
5386
5558
5387
5559
5388
5560
5389
5561
5390
5562
5391
5563
5392
5564
5393
5565
5394
5566
5395
5567
5396
5568
5397
5569
5398
5570
5399
5571
5400
5572
5401
5573
5402
5574
5403
5575
5404
5576
5405
5577
5406
5578
5407
5579
5408
5580
5409
5581
5410
5582
5411
5583
5412
5584
5413
5585
5414
5586
5415
5587
5416
5588
5417
5589
5418
5590
5419
5591
5420
5592
5421
5593
5422
5594
5423
5595
5424
5596
5425
5597
5426
5598
5427
5599
5428
5600
5429
5601
5430
5602
5431
5603
5432
5604
5433
5605
5434
5606
5435
5607
5436
5608
5437
5609
5438
5610
5439
5611
5440
5612
5441
5613
5442
5614
5443
5615
5444
5616
5445
5617
5446
5618
5447
5619
5448
5620
5449
5621
5450
5622
5451
5623
5452
5624
5453
5625
5454
5626
5455
5627
5456
5628
5457
5629
5458
5630
5459
5631
5460
5632
5633
5462
5635
5463
5636
5464
5637
5465
5638
5466
5639
5467
5640
5468
5641
5469
5642
5470
5643
5471
5644
5472
5645
5473
5646
5474
5647
5475
5648
5476
5649
5477
5650
5478
5651
5479
5652
5480
5653
5481
5654
5482
5655
5483
5656
5484
5657
5485
5658
5486
5659
5487
5660
5488
5661
5489
5662
5490
5663
5491
5664
5492
5665
5493
5666
5494
5667
5495
5668
5496
5669
5497
5670
5498
5671
5499
5672
5500
5673
5501
5674
5502
5675
5503
5676
5504
5677
5505
5678
5506
5679
5507
5680
5508
5681
5509
5682
5510
5683
5511
5684
5512
5685
5513
5686
5514
5687
5515
5688
5516
5689
5517
5690
5518
5691
5519
5692
5520
5693
5521
5694
5522
5695
5523
5696
5524
5697
5525
5698
5526
5699
5527
5700
5528
5701
5529
5702
5530
5703
5531
5704
5532
5705
5533
5706
5534
5707
5535
5708
5536
5709
5537
5710
5538
5711
5539
5712
5540
5713
5541
5714
5542
5715
5543
5716
5544
5717
5545
5718
5546
5719
5547
5720
5548
5721
5549
5722
5550
5723
5551
5724
5552
5725
5553
5726
5554
5727
5555
5728
5556
5729
5557
5730
5558
5731
5559
5732
5560
5733
5561
5734
5562
5735
5563
5736
5564
5737
5565
5738
5566
5739
5567
5740
5568
5741
5569
5742
5570
5743
5571
5744
5572
5745
5573
5746
5574
5747
5575
5748
5576
5749
5577
5750
5578
5751
5579
5752
5580
5753
5581
5754
5582
5755
5583
5756
5584
5757
5585
5758
5586
5759
5587
5760
5588
5761
5589
5762
5590
5763
5591
5764
5592
5765
5593
5766
5594
5767
5595
5768
5596
5769
5597
5770
5598
5771
5599
5772
5600
5773
5601
5774
5602
5775
5603
5776
5604
5777
5605
5778
5606
5779
5607
5780
5608
5781
5609
5782
5610
5783
5611
5784
5612
5785
5613
5786
5614
5787
5615
5788
5616
5789
5617
5790
5618
5791
5619
5792
5620
5793
5621
5794
5622
5795
5623
5796
5624
5797
5625
5798
5626
5799
5627
5800
5628
5801
5629
5802
5630
5803
5631
5804
5632
5805
5633
5806
5634
5807
5808
5636
5810
5637
5811
5638
5812
5639
5813
5640
5814
5641
5815
5642
5816
5643
5817
5644
5818
5645
5819
5646
5820
5647
5821
5648
5822
5649
5823
5650
5824
5651
5825
5652
5826
5653
5827
5654
5828
5655
5829
5656
5830
5657
5831
5658
5832
5659
5833
5660
5834
5661
5835
5662
5836
5663
5837
5664
5838
5665
5839
5666
5840
5667
5841
5668
5842
5669
5843
5670
5844
5671
5845
5672
5846
5673
5847
5674
5848
5675
5849
5676
5850
5677
5851
5678
5852
5679
5853
5680
5854
5681
5855
5682
5856
5683
5857
5684
5858
5685
5859
5686
5860
5687
5861
5688
5862
5689
5863
5690
5864
5691
5865
5692
5866
5693
5867
5694
5868
5695
5869
5696
5870
5697
5871
5698
5872
5699
5873
5700
5874
5701
5875
5702
5876
5703
5877
5704
5878
5705
5879
5706
5880
5707
5881
5708
5882
5709
5883
5710
5884
5711
5885
5712
5886
5713
5887
5714
5888
5715
5889
5716
5890
5717
5891
5718
5892
5719
5893
5720
5894
5721
5895
5722
5896
5723
5897
5724
5898
5725
5899
5726
5900
5727
5901
5728
5902
5729
5903
5730
5904
5731
5905
5732
5906
5733
5907
5734
5908
5735
5909
5736
5910
5737
5911
5738
5912
5739
5913
5740
5914
5741
5915
5742
5916
5743
5917
5744
5918
5745
5919
5746
5920
5747
5921
5748
5922
5749
5923
5750
5924
5751
5925
5752
5926
5753
5927
5754
5928
5755
5929
5756
5930
5757
5931
5758
5932
5759
5933
5760
5934
5761
5935
5762
5936
5763
5937
5764
5938
5765
5939
5766
5940
5767
5941
5768
5942
5769
5943
5770
5944
5771
5945
5772
5946
5773
5947
5774
5948
5775
5949
5776
5950
5777
5951
5778
5952
5779
5953
5780
5954
5781
5955
5782
5956
5783
5957
5784
5958
5785
5959
5786
5960
5787
5961
5788
5962
5789
5963
5790
5964
5791
5965
5792
5966
5793
5967
5794
5968
5795
5969
5796
5970
5797
5971
5798
5972
5799
5973
5800
5974
5801
5975
5802
5976
5803
5977
5804
5978
5805
5979
5806
5980
5807
5981
5808
5982
5809
5983
5984
5811
5986
5812
5987
5813
5988
5814
5989
5815
5990
5816
5991
5817
5992
5818
5993
5819
5994
5820
5995
5821
5996
5822
5997
5823
5998
5824
5999
5825
6000
5826
6001
5827
6002
5828
6003
5829
6004
5830
6005
5831
6006
5832
6007
5833
6008
5834
6009
5835
6010
5836
6011
5837
6012
5838
6013
5839
6014
5840
6015
5841
6016
5842
6017
5843
6018
5844
6019
5845
6020
5846
6021
5847
6022
5848
6023
5849
6024
5850
6025
5851
6026
5852
6027
5853
6028
5854
6029
5855
6030
5856
6031
5857
6032
5858
6033
5859
6034
5860
6035
5861
6036
5862
6037
5863
6038
5864
6039
5865
6040
5866
6041
5867
6042
5868
6043
5869
6044
5870
6045
5871
6046
5872
6047
5873
6048
5874
6049
5875
6050
5876
6051
5877
6052
5878
6053
5879
6054
5880
6055
5881
6056
5882
6057
5883
6058
5884
6059
5885
6060
5886
6061
5887
6062
5888
6063
5889
6064
5890
6065
5891
6066
5892
6067
5893
6068
5894
6069
5895
6070
5896
6071
5897
6072
5898
6073
5899
6074
5900
6075
5901
6076
5902
6077
5903
6078
5904
6079
5905
6080
5906
6081
5907
6082
5908
6083
5909
6084
5910
6085
5911
6086
5912
6087
5913
6088
5914
6089
5915
6090
5916
6091
5917
6092
5918
6093
5919
6094
5920
6095
5921
6096
5922
6097
5923
6098
5924
6099
5925
6100
5926
6101
5927
6102
5928
6103
5929
6104
5930
6105
5931
6106
5932
6107
5933
6108
5934
6109
5935
6110
5936
6111
5937
6112
5938
6113
5939
6114
5940
6115
5941
6116
5942
6117
5943
6118
5944
6119
5945
6120
5946
6121
5947
6122
5948
6123
5949
6124
5950
6125
5951
6126
5952
6127
5953
6128
5954
6129
5955
6130
5956
6131
5957
6132
5958
6133
5959
6134
5960
6135
5961
6136
5962
6137
5963
6138
5964
6139
5965
6140
5966
6141
5967
6142
5968
6143
5969
6144
5970
6145
5971
6146
5972
6147
5973
6148
5974
6149
5975
6150
5976
6151
5977
6152
5978
6153
5979
6154
5980
6155
5981
6156
5982
6157
5983
6158
5984
6159
5985
6160
6161
5987
6162
5988
6163
5989
6164
5990
6165
5991
6166
5992
6167
5993
6168
5994
6169
5995
6170
5996
6171
5997
6172
5998
6173
5999
6174
6000
6175
6001
6176
6002
6177
6003
6178
6004
6179
6005
6180
6006
6181
6007
6182
6008
6183
6009
6184
6010
6185
6011
6186
6012
6187
6013
6188
6014
6189
6015
6190
6016
6191
6017
6192
6018
6193
6019
6194
6020
6195
6021
6196
6022
6197
6023
6198
6024
6199
6025
6200
6026
6201
6027
6202
6028
6203
6029
6204
6030
6205
6031
6206
6032
6207
6033
6208
6034
6209
6035
6210
6036
6211
6037
6212
6038
6213
6039
6214
6040
6215
6041
6216
6042
6217
6043
6218
6044
6219
6045
6220
6046
6221
6047
6222
6048
6223
6049
6224
6050
6225
6051
6226
6052
6227
6053
6228
6054
6229
6055
6230
6056
6231
6057
6232
6058
6233
6059
6234
6060
6235
6061
6236
6062
6237
6063
6238
6064
6239
6065
6240
6066
6241
6067
6242
6068
6243
6069
6244
6070
6245
6071
6246
6072
6247
6073
6248
6074
6249
6075
6250
6076
6251
6077
6252
6078
6253
6079
6254
6080
6255
6081
6256
6082
6257
6083
6258
6084
6259
6085
6260
6086
6261
6087
6262
6088
6263
6089
6264
6090
6265
6091
6266
6092
6267
6093
6268
6094
6269
6095
6270
6096
6271
6097
6272
6098
6273
6099
6274
6100
6275
6101
6276
6102
6277
6103
6278
6104
6279
6105
6280
6106
6281
6107
6282
6108
6283
6109
6284
6110
6285
6111
6286
6112
6287
6113
6288
6114
6289
6115
6290
6116
6291
6117
6292
6118
6293
6119
6294
6120
6295
6121
6296
6122
6297
6123
6298
6124
6299
6125
6300
6126
6301
6127
6302
6128
6303
6129
6304
6130
6305
6131
6306
6132
6307
6133
6308
6134
6309
6135
6310
6136
6311
6137
6312
6138
6313
6139
6314
6140
6315
6141
6316
6142
6317
6143
6318
6144
6319
6145
6320
6146
6321
6147
6322
6148
6323
6149
6324
6150
6325
6151
6326
6152
6327
6153
6328
6154
6329
6155
6330
6156
6331
6157
6332
6158
6333
6159
6334
6160
6335
6161
6336
6337
6163
6339
6164
6340
6165
6341
6166
6342
6167
6343
6168
6344
6169
6345
6170
6346
6171
6347
6172
6348
6173
6349
6174
6350
6175
6351
6176
6352
6177
6353
6178
6354
6179
6355
6180
6356
6181
6357
6182
6358
6183
6359
6184
6360
6185
6361
6186
6362
6187
6363
6188
6364
6189
6365
6190
6366
6191
6367
6192
6368
6193
6369
6194
6370
6195
6371
6196
6372
6197
6373
6198
6374
6199
6375
6200
6376
6201
6377
6202
6378
6203
6379
6204
6380
6205
6381
6206
6382
6207
6383
6208
6384
6209
6385
6210
6386
6211
6387
6212
6388
6213
6389
6214
6390
6215
6391
6216
6392
6217
6393
6218
6394
6219
6395
6220
6396
6221
6397
6222
6398
6223
6399
6224
6400
6225
6401
6226
6402
6227
6403
6228
6404
6229
6405
6230
6406
6231
6407
6232
6408
6233
6409
6234
6410
6235
6411
6236
6412
6237
6413
6238
6414
6239
6415
6240
6416
6241
6417
6242
6418
6243
6419
6244
6420
6245
6421
6246
6422
6247
6423
6248
6424
6249
6425
6250
6426
6251
6427
6252
6428
6253
6429
6254
6430
6255
6431
6256
6432
6257
6433
6258
6434
6259
6435
6260
6436
6261
6437
6262
6438
6263
6439
6264
6440
6265
6441
6266
6442
6267
6443
6268
6444
6269
6445
6270
6446
6271
6447
6272
6448
6273
6449
6274
6450
6275
6451
6276
6452
6277
6453
6278
6454
6279
6455
6280
6456
6281
6457
6282
6458
6283
6459
6284
6460
6285
6461
6286
6462
6287
6463
6288
6464
6289
6465
6290
6466
6291
6467
6292
6468
6293
6469
6294
6470
6295
6471
6296
6472
6297
6473
6298
6474
6299
6475
6300
6476
6301
6477
6302
6478
6303
6479
6304
6480
6305
6481
6306
6482
6307
6483
6308
6484
6309
6485
6310
6486
6311
6487
6312
6488
6313
6489
6314
6490
6315
6491
6316
6492
6317
6493
6318
6494
6319
6495
6320
6496
6321
6497
6322
6498
6323
6499
6324
6500
6325
6501
6326
6502
6327
6503
6328
6504
6329
6505
6330
6506
6331
6507
6332
6508
6333
6509
6334
6510
6335
6511
6336
6512
6337
6513
6338
6514
6515
6340
6517
6341
6518
6342
6519
6343
6520
6344
6521
6345
6522
6346
6523
6347
6524
6348
6525
6349
6526
6350
6527
6351
6528
6352
6529
6353
6530
6354
6531
6355
6532
6356
6533
6357
6534
6358
6535
6359
6536
6360
6537
6361
6538
6362
6539
6363
6540
6364
6541
6365
6542
6366
6543
6367
6544
6368
6545
6369
6546
6370
6547
6371
6548
6372
6549
6373
6550
6374
6551
6375
6552
6376
6553
6377
6554
6378
6555
6379
6556
6380
6557
6381
6558
6382
6559
6383
6560
6384
6561
6385
6562
6386
6563
6387
6564
6388
6565
6389
6566
6390
6567
6391
6568
6392
6569
6393
6570
6394
6571
6395
6572
6396
6573
6397
6574
6398
6575
6399
6576
6400
6577
6401
6578
6402
6579
6403
6580
6404
6581
6405
6582
6406
6583
6407
6584
6408
6585
6409
6586
6410
6587
6411
6588
6412
6589
6413
6590
6414
6591
6415
6592
6416
6593
6417
6594
6418
6595
6419
6596
6420
6597
6421
6598
6422
6599
6423
6600
6424
6601
6425
6602
6426
6603
6427
6604
6428
6605
6429
6606
6430
6607
6431
6608
6432
6609
6433
6610
6434
6611
6435
6612
6436
6613
6437
6614
6438
6615
6439
6616
6440
6617
6441
6618
6442
6619
6443
6620
6444
6621
6445
6622
6446
6623
6447
6624
6448
6625
6449
6626
6450
6627
6451
6628
6452
6629
6453
6630
6454
6631
6455
6632
6456
6633
6457
6634
6458
6635
6459
6636
6460
6637
6461
6638
6462
6639
6463
6640
6464
6641
6465
6642
6466
6643
6467
6644
6468
6645
6469
6646
6470
6647
6471
6648
6472
6649
6473
6650
6474
6651
6475
6652
6476
6653
6477
6654
6478
6655
6479
6656
6480
6657
6481
6658
6482
6659
6483
6660
6484
6661
6485
6662
6486
6663
6487
6664
6488
6665
6489
6666
6490
6667
6491
6668
6492
6669
6493
6670
6494
6671
6495
6672
6496
6673
6497
6674
6498
6675
6499
6676
6500
6677
6501
6678
6502
6679
6503
6680
6504
6681
6505
6682
6506
6683
6507
6684
6508
6685
6509
6686
6510
6687
6511
6688
6512
6689
6513
6690
6514
6691
6515
6692
6516
6693
6694
6518
6695
6519
6696
6520
6697
6521
6698
6522
6699
6523
6700
6524
6701
6525
6702
6526
6703
6527
6704
6528
6705
6529
6706
6530
6707
6531
6708
6532
6709
6533
6710
6534
6711
6535
6712
6536
6713
6537
6714
6538
6715
6539
6716
6540
6717
6541
6718
6542
6719
6543
6720
6544
6721
6545
6722
6546
6723
6547
6724
6548
6725
6549
6726
6550
6727
6551
6728
6552
6729
6553
6730
6554
6731
6555
6732
6556
6733
6557
6734
6558
6735
6559
6736
6560
6737
6561
6738
6562
6739
6563
6740
6564
6741
6565
6742
6566
6743
6567
6744
6568
6745
6569
6746
6570
6747
6571
6748
6572
6749
6573
6750
6574
6751
6575
6752
6576
6753
6577
6754
6578
6755
6579
6756
6580
6757
6581
6758
6582
6759
6583
6760
6584
6761
6585
6762
6586
6763
6587
6764
6588
6765
6589
6766
6590
6767
6591
6768
6592
6769
6593
6770
6594
6771
6595
6772
6596
6773
6597
6774
6598
6775
6599
6776
6600
6777
6601
6778
6602
6779
6603
6780
6604
6781
6605
6782
6606
6783
6607
6784
6608
6785
6609
6786
6610
6787
6611
6788
6612
6789
6613
6790
6614
6791
6615
6792
6616
6793
6617
6794
6618
6795
6619
6796
6620
6797
6621
6798
6622
6799
6623
6800
6624
6801
6625
6802
6626
6803
6627
6804
6628
6805
6629
6806
6630
6807
6631
6808
6632
6809
6633
6810
6634
6811
6635
6812
6636
6813
6637
6814
6638
6815
6639
6816
6640
6817
6641
6818
6642
6819
6643
6820
6644
6821
6645
6822
6646
6823
6647
6824
6648
6825
6649
6826
6650
6827
6651
6828
6652
6829
6653
6830
6654
6831
6655
6832
6656
6833
6657
6834
6658
6835
6659
6836
6660
6837
6661
6838
6662
6839
6663
6840
6664
6841
6665
6842
6666
6843
6667
6844
6668
6845
6669
6846
6670
6847
6671
6848
6672
6849
6673
6850
6674
6851
6675
6852
6676
6853
6677
6854
6678
6855
6679
6856
6680
6857
6681
6858
6682
6859
6683
6860
6684
6861
6685
6862
6686
6863
6687
6864
6688
6865
6689
6866
6690
6867
6691
6868
6692
6869
6693
6870
6694
6871
6872
6696
6874
6697
6875
6698
6876
6699
6877
6700
6878
6701
6879
6702
6880
6703
6881
6704
6882
6705
6883
6706
6884
6707
6885
6708
6886
6709
6887
6710
6888
6711
6889
6712
6890
6713
6891
6714
6892
6715
6893
6716
6894
6717
6895
6718
6896
6719
6897
6720
6898
6721
6899
6722
6900
6723
6901
6724
6902
6725
6903
6726
6904
6727
6905
6728
6906
6729
6907
6730
6908
6731
6909
6732
6910
6733
6911
6734
6912
6735
6913
6736
6914
6737
6915
6738
6916
6739
6917
6740
6918
6741
6919
6742
6920
6743
6921
6744
6922
6745
6923
6746
6924
6747
6925
6748
6926
6749
6927
6750
6928
6751
6929
6752
6930
6753
6931
6754
6932
6755
6933
6756
6934
6757
6935
6758
6936
6759
6937
6760
6938
6761
6939
6762
6940
6763
6941
6764
6942
6765
6943
6766
6944
6767
6945
6768
6946
6769
6947
6770
6948
6771
6949
6772
6950
6773
6951
6774
6952
6775
6953
6776
6954
6777
6955
6778
6956
6779
6957
6780
6958
6781
6959
6782
6960
6783
6961
6784
6962
6785
6963
6786
6964
6787
6965
6788
6966
6789
6967
6790
6968
6791
6969
6792
6970
6793
6971
6794
6972
6795
6973
6796
6974
6797
6975
6798
6976
6799
6977
6800
6978
6801
6979
6802
6980
6803
6981
6804
6982
6805
6983
6806
6984
6807
6985
6808
6986
6809
6987
6810
6988
6811
6989
6812
6990
6813
6991
6814
6992
6815
6993
6816
6994
6817
6995
6818
6996
6819
6997
6820
6998
6821
6999
6822
7000
6823
7001
6824
7002
6825
7003
6826
7004
6827
7005
6828
7006
6829
7007
6830
7008
6831
7009
6832
7010
6833
7011
6834
7012
6835
7013
6836
7014
6837
7015
6838
7016
6839
7017
6840
7018
6841
7019
6842
7020
6843
7021
6844
7022
6845
7023
6846
7024
6847
7025
6848
7026
6849
7027
6850
7028
6851
7029
6852
7030
6853
7031
6854
7032
6855
7033
6856
7034
6857
7035
6858
7036
6859
7037
6860
7038
6861
7039
6862
7040
6863
7041
6864
7042
6865
7043
6866
7044
6867
7045
6868
7046
6869
7047
6870
7048
6871
7049
6872
7050
6873
7051
7052
6875
7054
6876
7055
6877
7056
6878
7057
6879
7058
6880
7059
6881
7060
6882
7061
6883
7062
6884
7063
6885
7064
6886
7065
6887
7066
6888
7067
6889
7068
6890
7069
6891
7070
6892
7071
6893
7072
6894
7073
6895
7074
6896
7075
6897
7076
6898
7077
6899
7078
6900
7079
6901
7080
6902
7081
6903
7082
6904
7083
6905
7084
6906
7085
6907
7086
6908
7087
6909
7088
6910
7089
6911
7090
6912
7091
6913
7092
6914
7093
6915
7094
6916
7095
6917
7096
6918
7097
6919
7098
6920
7099
6921
7100
6922
7101
6923
7102
6924
7103
6925
7104
6926
7105
6927
7106
6928
7107
6929
7108
6930
7109
6931
7110
6932
7111
6933
7112
6934
7113
6935
7114
6936
7115
6937
7116
6938
7117
6939
7118
6940
7119
6941
7120
6942
7121
6943
7122
6944
7123
6945
7124
6946
7125
6947
7126
6948
7127
6949
7128
6950
7129
6951
7130
6952
7131
6953
7132
6954
7133
6955
7134
6956
7135
6957
7136
6958
7137
6959
7138
6960
7139
6961
7140
6962
7141
6963
7142
6964
7143
6965
7144
6966
7145
6967
7146
6968
7147
6969
7148
6970
7149
6971
7150
6972
7151
6973
7152
6974
7153
6975
7154
6976
7155
6977
7156
6978
7157
6979
7158
6980
7159
6981
7160
6982
7161
6983
7162
6984
7163
6985
7164
6986
7165
6987
7166
6988
7167
6989
7168
6990
7169
6991
7170
6992
7171
6993
7172
6994
7173
6995
7174
6996
7175
6997
7176
6998
7177
6999
7178
7000
7179
7001
7180
7002
7181
7003
7182
7004
7183
7005
7184
7006
7185
7007
7186
7008
7187
7009
7188
7010
7189
7011
7190
7012
7191
7013
7192
7014
7193
7015
7194
7016
7195
7017
7196
7018
7197
7019
7198
7020
7199
7021
7200
7022
7201
7023
7202
7024
7203
7025
7204
7026
7205
7027
7206
7028
7207
7029
7208
7030
7209
7031
7210
7032
7211
7033
7212
7034
7213
7035
7214
7036
7215
7037
7216
7038
7217
7039
7218
7040
7219
7041
7220
7042
7221
7043
7222
7044
7223
7045
7224
7046
7225
7047
7226
7048
7227
7049
7228
7050
7229
7051
7230
7052
7231
7053
7232
7233
7055
7235
7056
7236
7057
7237
7058
7238
7059
7239
7060
7240
7061
7241
7062
7242
7063
7243
7064
7244
7065
7245
7066
7246
7067
7247
7068
7248
7069
7249
7070
7250
7071
7251
7072
7252
7073
7253
7074
7254
7075
7255
7076
7256
7077
7257
7078
7258
7079
7259
7080
7260
7081
7261
7082
7262
7083
7263
7084
7264
7085
7265
7086
7266
7087
7267
7088
7268
7089
7269
7090
7270
7091
7271
7092
7272
7093
7273
7094
7274
7095
7275
7096
7276
7097
7277
7098
7278
7099
7279
7100
7280
7101
7281
7102
7282
7103
7283
7104
7284
7105
7285
7106
7286
7107
7287
7108
7288
7109
7289
7110
7290
7111
7291
7112
7292
7113
7293
7114
7294
7115
7295
7116
7296
7117
7297
7118
7298
7119
7299
7120
7300
7121
7301
7122
7302
7123
7303
7124
7304
7125
7305
7126
7306
7127
7307
7128
7308
7129
7309
7130
7310
7131
7311
7132
7312
7133
7313
7134
7314
7135
7315
7136
7316
7137
7317
7138
7318
7139
7319
7140
7320
7141
7321
7142
7322
7143
7323
7144
7324
7145
7325
7146
7326
7147
7327
7148
7328
7149
7329
7150
7330
7151
7331
7152
7332
7153
7333
7154
7334
7155
7335
7156
7336
7157
7337
7158
7338
7159
7339
7160
7340
7161
7341
7162
7342
7163
7343
7164
7344
7165
7345
7166
7346
7167
7347
7168
7348
7169
7349
7170
7350
7171
7351
7172
7352
7173
7353
7174
7354
7175
7355
7176
7356
7177
7357
7178
7358
7179
7359
7180
7360
7181
7361
7182
7362
7183
7363
7184
7364
7185
7365
7186
7366
7187
7367
7188
7368
7189
7369
7190
7370
7191
7371
7192
7372
7193
7373
7194
7374
7195
7375
7196
7376
7197
7377
7198
7378
7199
7379
7200
7380
7201
7381
7202
7382
7203
7383
7204
7384
7205
7385
7206
7386
7207
7387
7208
7388
7209
7389
7210
7390
7211
7391
7212
7392
7213
7393
7214
7394
7215
7395
7216
7396
7217
7397
7218
7398
7219
7399
7220
7400
7221
7401
7222
7402
7223
7403
7224
7404
7225
7405
7226
7406
7227
7407
7228
7408
7229
7409
7230
7410
7231
7411
7232
7412
7233
7413
7234
7414
7415
7236
7416
7237
7417
7238
7418
7239
7419
7240
7420
7241
7421
7242
7422
7243
7423
7244
7424
7245
7425
7246
7426
7247
7427
7248
7428
7249
7429
7250
7430
7251
7431
7252
7432
7253
7433
7254
7434
7255
7435
7256
7436
7257
7437
7258
7438
7259
7439
7260
7440
7261
7441
7262
7442
7263
7443
7264
7444
7265
7445
7266
7446
7267
7447
7268
7448
7269
7449
7270
7450
7271
7451
7272
7452
7273
7453
7274
7454
7275
7455
7276
7456
7277
7457
7278
7458
7279
7459
7280
7460
7281
7461
7282
7462
7283
7463
7284
7464
7285
7465
7286
7466
7287
7467
7288
7468
7289
7469
7290
7470
7291
7471
7292
7472
7293
7473
7294
7474
7295
7475
7296
7476
7297
7477
7298
7478
7299
7479
7300
7480
7301
7481
7302
7482
7303
7483
7304
7484
7305
7485
7306
7486
7307
7487
7308
7488
7309
7489
7310
7490
7311
7491
7312
7492
7313
7493
7314
7494
7315
7495
7316
7496
7317
7497
7318
7498
7319
7499
7320
7500
7321
7501
7322
7502
7323
7503
7324
7504
7325
7505
7326
7506
7327
7507
7328
7508
7329
7509
7330
7510
7331
7511
7332
7512
7333
7513
7334
7514
7335
7515
7336
7516
7337
7517
7338
7518
7339
7519
7340
7520
7341
7521
7342
7522
7343
7523
7344
7524
7345
7525
7346
7526
7347
7527
7348
7528
7349
7529
7350
7530
7351
7531
7352
7532
7353
7533
7354
7534
7355
7535
7356
7536
7357
7537
7358
7538
7359
7539
7360
7540
7361
7541
7362
7542
7363
7543
7364
7544
7365
7545
7366
7546
7367
7547
7368
7548
7369
7549
7370
7550
7371
7551
7372
7552
7373
7553
7374
7554
7375
7555
7376
7556
7377
7557
7378
7558
7379
7559
7380
7560
7381
7561
7382
7562
7383
7563
7384
7564
7385
7565
7386
7566
7387
7567
7388
7568
7389
7569
7390
7570
7391
7571
7392
7572
7393
7573
7394
7574
7395
7575
7396
7576
7397
7577
7398
7578
7399
7579
7400
7580
7401
7581
7402
7582
7403
7583
7404
7584
7405
7585
7406
7586
7407
7587
7408
7588
7409
7589
7410
7590
7411
7591
7412
7592
7413
7593
7414
7594
7415
7595
7596
7417
7598
7418
7599
7419
7600
7420
7601
7421
7602
7422
7603
7423
7604
7424
7605
7425
7606
7426
7607
7427
7608
7428
7609
7429
7610
7430
7611
7431
7612
7432
7613
7433
7614
7434
7615
7435
7616
7436
7617
7437
7618
7438
7619
7439
7620
7440
7621
7441
7622
7442
7623
7443
7624
7444
7625
7445
7626
7446
7627
7447
7628
7448
7629
7449
7630
7450
7631
7451
7632
7452
7633
7453
7634
7454
7635
7455
7636
7456
7637
7457
7638
7458
7639
7459
7640
7460
7641
7461
7642
7462
7643
7463
7644
7464
7645
7465
7646
7466
7647
7467
7648
7468
7649
7469
7650
7470
7651
7471
7652
7472
7653
7473
7654
7474
7655
7475
7656
7476
7657
7477
7658
7478
7659
7479
7660
7480
7661
7481
7662
7482
7663
7483
7664
7484
7665
7485
7666
7486
7667
7487
7668
7488
7669
7489
7670
7490
7671
7491
7672
7492
7673
7493
7674
7494
7675
7495
7676
7496
7677
7497
7678
7498
7679
7499
7680
7500
7681
7501
7682
7502
7683
7503
7684
7504
7685
7505
7686
7506
7687
7507
7688
7508
7689
7509
7690
7510
7691
7511
7692
7512
7693
7513
7694
7514
7695
7515
7696
7516
7697
7517
7698
7518
7699
7519
7700
7520
7701
7521
7702
7522
7703
7523
7704
7524
7705
7525
7706
7526
7707
7527
7708
7528
7709
7529
7710
7530
7711
7531
7712
7532
7713
7533
7714
7534
7715
7535
7716
7536
7717
7537
7718
7538
7719
7539
7720
7540
7721
7541
7722
7542
7723
7543
7724
7544
7725
7545
7726
7546
7727
7547
7728
7548
7729
7549
7730
7550
7731
7551
7732
7552
7733
7553
7734
7554
7735
7555
7736
7556
7737
7557
7738
7558
7739
7559
7740
7560
7741
7561
7742
7562
7743
7563
7744
7564
7745
7565
7746
7566
7747
7567
7748
7568
7749
7569
7750
7570
7751
7571
7752
7572
7753
7573
7754
7574
7755
7575
7756
7576
7757
7577
7758
7578
7759
7579
7760
7580
7761
7581
7762
7582
7763
7583
7764
7584
7765
7585
7766
7586
7767
7587
7768
7588
7769
7589
7770
7590
7771
7591
7772
7592
7773
7593
7774
7594
7775
7595
7776
7596
7777
7597
7778
7779
7599
7781
7600
7782
7601
7783
7602
7784
7603
7785
7604
7786
7605
7787
7606
7788
7607
7789
7608
7790
7609
7791
7610
7792
7611
7793
7612
7794
7613
7795
7614
7796
7615
7797
7616
7798
7617
7799
7618
7800
7619
7801
7620
7802
7621
7803
7622
7804
7623
7805
7624
7806
7625
7807
7626
7808
7627
7809
7628
7810
7629
7811
7630
7812
7631
7813
7632
7814
7633
7815
7634
7816
7635
7817
7636
7818
7637
7819
7638
7820
7639
7821
7640
7822
7641
7823
7642
7824
7643
7825
7644
7826
7645
7827
7646
7828
7647
7829
7648
7830
7649
7831
7650
7832
7651
7833
7652
7834
7653
7835
7654
7836
7655
7837
7656
7838
7657
7839
7658
7840
7659
7841
7660
7842
7661
7843
7662
7844
7663
7845
7664
7846
7665
7847
7666
7848
7667
7849
7668
7850
7669
7851
7670
7852
7671
7853
7672
7854
7673
7855
7674
7856
7675
7857
7676
7858
7677
7859
7678
7860
7679
7861
7680
7862
7681
7863
7682
7864
7683
7865
7684
7866
7685
7867
7686
7868
7687
7869
7688
7870
7689
7871
7690
7872
7691
7873
7692
7874
7693
7875
7694
7876
7695
7877
7696
7878
7697
7879
7698
7880
7699
7881
7700
7882
7701
7883
7702
7884
7703
7885
7704
7886
7705
7887
7706
7888
7707
7889
7708
7890
7709
7891
7710
7892
7711
7893
7712
7894
7713
7895
7714
7896
7715
7897
7716
7898
7717
7899
7718
7900
7719
7901
7720
7902
7721
7903
7722
7904
7723
7905
7724
7906
7725
7907
7726
7908
7727
7909
7728
7910
7729
7911
7730
7912
7731
7913
7732
7914
7733
7915
7734
7916
7735
7917
7736
7918
7737
7919
7738
7920
7739
7921
7740
7922
7741
7923
7742
7924
7743
7925
7744
7926
7745
7927
7746
7928
7747
7929
7748
7930
7749
7931
7750
7932
7751
7933
7752
7934
7753
7935
7754
7936
7755
7937
7756
7938
7757
7939
7758
7940
7759
7941
7760
7942
7761
7943
7762
7944
7763
7945
7764
7946
7765
7947
7766
7948
7767
7949
7768
7950
7769
7951
7770
7952
7771
7953
7772
7954
7773
7955
7774
7956
7775
7957
7776
7958
7777
7959
7778
7960
7779
7961
7780
7962
7963
7782
7965
7783
7966
7784
7967
7785
7968
7786
7969
7787
7970
7788
7971
7789
7972
7790
7973
7791
7974
7792
7975
7793
7976
7794
7977
7795
7978
7796
7979
7797
7980
7798
7981
7799
7982
7800
7983
7801
7984
7802
7985
7803
7986
7804
7987
7805
7988
7806
7989
7807
7990
7808
7991
7809
7992
7810
7993
7811
7994
7812
7995
7813
7996
7814
7997
7815
7998
7816
7999
7817
8000
7818
8001
7819
8002
7820
8003
7821
8004
7822
8005
7823
8006
7824
8007
7825
8008
7826
8009
7827
8010
7828
8011
7829
8012
7830
8013
7831
8014
7832
8015
7833
8016
7834
8017
7835
8018
7836
8019
7837
8020
7838
8021
7839
8022
7840
8023
7841
8024
7842
8025
7843
8026
7844
8027
7845
8028
7846
8029
7847
8030
7848
8031
7849
8032
7850
8033
7851
8034
7852
8035
7853
8036
7854
8037
7855
8038
7856
8039
7857
8040
7858
8041
7859
8042
7860
8043
7861
8044
7862
8045
7863
8046
7864
8047
7865
8048
7866
8049
7867
8050
7868
8051
7869
8052
7870
8053
7871
8054
7872
8055
7873
8056
7874
8057
7875
8058
7876
8059
7877
8060
7878
8061
7879
8062
7880
8063
7881
8064
7882
8065
7883
8066
7884
8067
7885
8068
7886
8069
7887
8070
7888
8071
7889
8072
7890
8073
7891
8074
7892
8075
7893
8076
7894
8077
7895
8078
7896
8079
7897
8080
7898
8081
7899
8082
7900
8083
7901
8084
7902
8085
7903
8086
7904
8087
7905
8088
7906
8089
7907
8090
7908
8091
7909
8092
7910
8093
7911
8094
7912
8095
7913
8096
7914
8097
7915
8098
7916
8099
7917
8100
7918
8101
7919
8102
7920
8103
7921
8104
7922
8105
7923
8106
7924
8107
7925
8108
7926
8109
7927
8110
7928
8111
7929
8112
7930
8113
7931
8114
7932
8115
7933
8116
7934
8117
7935
8118
7936
8119
7937
8120
7938
8121
7939
8122
7940
8123
7941
8124
7942
8125
7943
8126
7944
8127
7945
8128
7946
8129
7947
8130
7948
8131
7949
8132
7950
8133
7951
8134
7952
8135
7953
8136
7954
8137
7955
8138
7956
8139
7957
8140
7958
8141
7959
8142
7960
8143
7961
8144
7962
8145
7963
8146
7964
8147
8148
7966
7967
8149
7968
8150
7969
8151
7970
8152
7971
8153
7972
8154
7973
8155
7974
8156
7975
8157
7976
8158
7977
8159
7978
8160
7979
8161
7980
8162
7981
8163
7982
8164
7983
8165
7984
8166
7985
8167
7986
8168
7987
8169
7988
8170
7989
8171
7990
8172
7991
8173
7992
8174
7993
8175
7994
8176
7995
8177
7996
8178
7997
8179
7998
8180
7999
8181
8000
8182
8001
8183
8002
8184
8003
8185
8004
8186
8005
8187
8006
8188
8007
8189
8008
8190
8009
8191
8010
8192
8011
8193
8012
8194
8013
8195
8014
8196
8015
8197
8016
8198
8017
8199
8018
8200
8019
8201
8020
8202
8021
8203
8022
8204
8023
8205
8024
8206
8025
8207
8026
8208
8027
8209
8028
8210
8029
8211
8030
8212
8031
8213
8032
8214
8033
8215
8034
8216
8035
8217
8036
8218
8037
8219
8038
8220
8039
8221
8040
8222
8041
8223
8042
8224
8043
8225
8044
8226
8045
8227
8046
8228
8047
8229
8048
8230
8049
8231
8050
8232
8051
8233
8052
8234
8053
8235
8054
8236
8055
8237
8056
8238
8057
8239
8058
8240
8059
8241
8060
8242
8061
8243
8062
8244
8063
8245
8064
8246
8065
8247
8066
8248
8067
8249
8068
8250
8069
8251
8070
8252
8071
8253
8072
8254
8073
8255
8074
8256
8075
8257
8076
8258
8077
8259
8078
8260
8079
8261
8080
8262
8081
8263
8082
8264
8083
8265
8084
8266
8085
8267
8086
8268
8087
8269
8088
8270
8089
8271
8090
8272
8091
8273
8092
8274
8093
8275
8094
8276
8095
8277
8096
8278
8097
8279
8098
8280
8099
8281
8100
8282
8101
8283
8102
8284
8103
8285
8104
8286
8105
8287
8106
8288
8107
8289
8108
8290
8109
8291
8110
8292
8111
8293
8112
8294
8113
8295
8114
8296
8115
8297
8116
8298
8117
8299
8118
8300
8119
8301
8120
8302
8121
8303
8122
8304
8123
8305
8124
8306
8125
8307
8126
8308
8127
8309
8128
8310
8129
8311
8130
8312
8131
8313
8132
8314
8133
8315
8134
8316
8135
8317
8136
8318
8137
8319
8138
8320
8139
8321
8140
8322
8141
8323
8142
8324
8143
8325
8144
8326
8145
8327
8146
8328
8147
8329
8148
8330
8331
8150
8151
8152
8153
8154
8155
8156
8157
8158
8159
8160
8161
8162
8163
8164
8165
8166
8167
8168
8169
8170
8171
8172
8173
8174
8175
8176
8177
8178
8179
8180
8181
8182
8183
8184
8185
8186
8187
8188
8189
8190
8191
8192
8193
8194
8195
8196
8197
8198
8199
8200
8201
8202
8203
8204
8205
8206
8207
8208
8209
8210
8211
8212
8213
8214
8215
8216
8217
8218
8219
8220
8221
8222
8223
8224
8225
8226
8227
8228
8229
8230
8231
8232
8233
8234
8235
8236
8237
8238
8239
8240
8241
8242
8243
8244
8245
8246
8247
8248
8249
8250
8251
8252
8253
8254
8255
8256
8257
8258
8259
8260
8261
8262
8263
8264
8265
8266
8267
8268
8269
8270
8271
8272
8273
8274
8275
8276
8277
8278
8279
8280
8281
8282
8283
8284
8285
8286
8287
8288
8289
8290
8291
8292
8293
8294
8295
8296
8297
8298
8299
8300
8301
8302
8303
8304
8305
8306
8307
8308
8309
8310
8311
8312
8313
8314
8315
8316
8317
8318
8319
8320
8321
8322
8323
8324
8325
8326
8327
8328
8329
8330
8331
8332
)


// ************************************************************************* //
