/*--------------------------------*- C++ -*----------------------------------*\
| =========                 |                                                 |
| \\      /  F ield         | OpenFOAM: The Open Source CFD Toolbox           |
|  \\    /   O peration     | Version:  2512                                  |
|   \\  /    A nd           | Website:  www.openfoam.com                      |
|    \\/     M anipulation  |                                                 |
\*---------------------------------------------------------------------------*/
FoamFile
{
    version     2.0;
    format      ascii;
    arch        "LSB;label=32;scalar=64";
    class       volScalarField;
    location    "0.1";
    object      p;
}
// * * * * * * * * * * * * * * * * * * * * * * * * * * * * * * * * * * * * * //

dimensions      [1 -1 -2 0 0 0 0];

internalField   nonuniform List<scalar> 
8334
(
-429.432
-430.211
-430.991
-431.771
-432.55
-433.328
-434.106
-434.884
-435.661
-436.437
-437.213
-437.989
-438.764
-439.538
-440.312
-441.085
-441.858
-442.631
-443.402
-444.174
-444.944
-445.714
-446.484
-447.253
-448.022
-448.789
-449.557
-450.324
-451.09
-451.855
-452.62
-453.385
-454.149
-454.912
-455.675
-456.437
-457.198
-457.959
-458.72
-459.479
-460.238
-460.997
-461.755
-462.512
-463.269
-464.024
-464.78
-465.535
-466.289
-467.042
-467.795
-468.547
-469.298
-470.049
-470.799
-471.549
-472.297
-473.046
-473.793
-474.54
-475.286
-476.031
-476.776
-477.52
-478.263
-479.006
-479.748
-480.489
-481.229
-481.969
-482.708
-483.446
-484.184
-484.921
-485.657
-486.392
-487.127
-487.86
-488.593
-489.326
-490.057
-490.788
-491.518
-492.247
-492.976
-493.704
-494.431
-495.157
-495.882
-496.607
-497.33
-498.053
-498.776
-499.497
-500.218
-500.937
-501.656
-502.374
-503.092
-503.808
-504.524
-505.239
-505.953
-506.666
-507.378
-508.089
-508.8
-509.51
-510.219
-510.927
-511.634
-512.34
-513.046
-513.75
-514.454
-515.157
-515.859
-516.56
-517.26
-517.959
-518.658
-519.355
-520.052
-520.748
-521.443
-522.137
-522.83
-523.522
-524.213
-524.903
-525.592
-526.281
-526.968
-527.655
-528.341
-529.025
-529.709
-530.392
-531.074
-531.755
-532.435
-533.114
-533.792
-534.47
-535.146
-535.821
-536.495
-537.169
-537.841
-538.513
-539.183
-539.853
-540.521
-541.189
-541.856
-542.521
-543.186
-543.85
-544.513
-545.174
-545.835
-546.495
-547.154
-547.812
-548.469
-549.125
-549.78
-550.434
-551.088
-551.74
-552.391
-553.042
-553.691
-554.339
-554.987
-555.634
-556.28
-556.925
-557.569
-558.212
-558.854
-559.496
-560.137
-560.777
-434.453
-435.233
-436.013
-436.792
-437.57
-438.348
-439.126
-439.903
-440.679
-441.455
-442.231
-443.005
-443.78
-444.554
-445.327
-446.1
-446.872
-447.644
-448.415
-449.186
-449.956
-450.726
-451.495
-452.263
-453.031
-453.799
-454.565
-455.332
-456.097
-456.862
-457.627
-458.391
-459.154
-459.917
-460.679
-461.44
-462.201
-462.961
-463.721
-464.48
-465.239
-465.997
-466.754
-467.51
-468.266
-469.022
-469.776
-470.53
-471.284
-472.037
-472.789
-473.54
-474.291
-475.041
-475.791
-476.539
-477.287
-478.035
-478.782
-479.528
-480.273
-481.018
-481.762
-482.505
-483.248
-483.989
-484.731
-485.471
-486.211
-486.95
-487.688
-488.426
-489.162
-489.899
-490.634
-491.368
-492.102
-492.835
-493.568
-494.299
-495.03
-495.76
-496.489
-497.218
-497.946
-498.672
-499.399
-500.124
-500.849
-501.572
-502.295
-503.018
-503.739
-504.459
-505.179
-505.898
-506.616
-507.334
-508.05
-508.766
-509.48
-510.194
-510.908
-511.62
-512.331
-513.042
-513.752
-514.461
-515.169
-515.876
-516.582
-517.288
-517.992
-518.696
-519.399
-520.101
-520.802
-521.502
-522.201
-522.9
-523.597
-524.294
-524.99
-525.685
-526.378
-527.071
-527.764
-528.455
-529.145
-529.834
-530.523
-531.21
-531.897
-532.583
-533.267
-533.951
-534.634
-535.316
-535.997
-536.677
-537.356
-538.034
-538.712
-539.388
-540.063
-540.737
-541.411
-542.083
-542.755
-543.425
-544.095
-544.763
-545.431
-546.098
-546.763
-547.428
-548.092
-548.755
-549.416
-550.077
-550.737
-551.396
-552.054
-552.711
-553.367
-554.022
-554.676
-555.33
-555.982
-556.633
-557.283
-557.933
-558.581
-559.229
-559.876
-560.522
-561.166
-561.811
-562.454
-563.096
-563.738
-564.379
-565.019
-438.691
-439.471
-440.25
-441.029
-441.808
-442.586
-443.363
-444.14
-444.917
-445.693
-446.468
-447.243
-448.018
-448.792
-449.565
-450.338
-451.11
-451.882
-452.653
-453.424
-454.194
-454.964
-455.733
-456.501
-457.269
-458.036
-458.803
-459.569
-460.335
-461.1
-461.864
-462.628
-463.392
-464.154
-464.916
-465.678
-466.439
-467.199
-467.959
-468.718
-469.476
-470.234
-470.991
-471.748
-472.504
-473.259
-474.014
-474.768
-475.522
-476.274
-477.026
-477.778
-478.529
-479.279
-480.028
-480.777
-481.525
-482.273
-483.019
-483.765
-484.511
-485.255
-485.999
-486.743
-487.485
-488.227
-488.968
-489.709
-490.448
-491.187
-491.926
-492.663
-493.4
-494.136
-494.872
-495.606
-496.34
-497.073
-497.805
-498.537
-499.268
-499.998
-500.727
-501.455
-502.183
-502.91
-503.636
-504.362
-505.086
-505.81
-506.533
-507.255
-507.977
-508.697
-509.417
-510.136
-510.854
-511.571
-512.288
-513.003
-513.718
-514.432
-515.145
-515.858
-516.569
-517.28
-517.989
-518.698
-519.406
-520.114
-520.82
-521.525
-522.23
-522.934
-523.636
-524.338
-525.039
-525.74
-526.439
-527.137
-527.835
-528.532
-529.227
-529.922
-530.616
-531.309
-532.001
-532.692
-533.383
-534.072
-534.761
-535.448
-536.135
-536.82
-537.505
-538.189
-538.872
-539.554
-540.235
-540.915
-541.594
-542.272
-542.949
-543.625
-544.301
-544.975
-545.648
-546.321
-546.992
-547.663
-548.332
-549.001
-549.669
-550.335
-551.001
-551.666
-552.329
-552.992
-553.654
-554.315
-554.975
-555.634
-556.292
-556.949
-557.605
-558.26
-558.914
-559.567
-560.219
-560.871
-561.521
-562.171
-562.819
-563.467
-564.113
-564.759
-565.404
-566.048
-566.692
-567.334
-567.976
-568.617
-569.257
-443.709
-444.488
-445.267
-446.046
-446.824
-447.601
-448.378
-449.155
-449.931
-450.706
-451.481
-452.256
-453.03
-453.803
-454.576
-455.348
-456.12
-456.891
-457.662
-458.432
-459.202
-459.971
-460.739
-461.507
-462.274
-463.041
-463.807
-464.573
-465.338
-466.102
-466.866
-467.63
-468.392
-469.154
-469.916
-470.677
-471.437
-472.197
-472.956
-473.714
-474.472
-475.229
-475.986
-476.742
-477.497
-478.252
-479.006
-479.759
-480.512
-481.264
-482.016
-482.767
-483.517
-484.266
-485.015
-485.763
-486.51
-487.257
-488.003
-488.749
-489.493
-490.237
-490.981
-491.723
-492.465
-493.206
-493.947
-494.686
-495.425
-496.164
-496.901
-497.638
-498.374
-499.109
-499.844
-500.578
-501.311
-502.043
-502.775
-503.506
-504.236
-504.965
-505.693
-506.421
-507.148
-507.874
-508.6
-509.324
-510.048
-510.771
-511.493
-512.214
-512.935
-513.655
-514.374
-515.092
-515.809
-516.526
-517.241
-517.956
-518.67
-519.383
-520.095
-520.807
-521.518
-522.227
-522.936
-523.644
-524.351
-525.058
-525.763
-526.468
-527.172
-527.874
-528.576
-529.277
-529.978
-530.677
-531.375
-532.073
-532.77
-533.465
-534.16
-534.854
-535.547
-536.239
-536.93
-537.621
-538.31
-538.998
-539.686
-540.373
-541.058
-541.743
-542.427
-543.11
-543.792
-544.473
-545.153
-545.832
-546.51
-547.187
-547.863
-548.539
-549.213
-549.886
-550.559
-551.23
-551.901
-552.57
-553.239
-553.907
-554.573
-555.239
-555.904
-556.567
-557.23
-557.892
-558.553
-559.213
-559.872
-560.53
-561.187
-561.843
-562.498
-563.152
-563.805
-564.457
-565.109
-565.759
-566.408
-567.057
-567.705
-568.351
-568.997
-569.642
-570.286
-570.929
-571.572
-572.213
-572.854
-573.495
-448.727
-449.505
-450.284
-451.062
-451.839
-452.616
-453.393
-454.169
-454.944
-455.719
-456.494
-457.267
-458.041
-458.814
-459.586
-460.358
-461.129
-461.9
-462.67
-463.439
-464.208
-464.977
-465.745
-466.512
-467.279
-468.045
-468.811
-469.576
-470.34
-471.104
-471.868
-472.63
-473.392
-474.154
-474.915
-475.675
-476.435
-477.194
-477.952
-478.71
-479.467
-480.224
-480.98
-481.735
-482.49
-483.244
-483.997
-484.75
-485.502
-486.254
-487.004
-487.755
-488.504
-489.253
-490.001
-490.748
-491.495
-492.241
-492.987
-493.731
-494.475
-495.219
-495.961
-496.703
-497.444
-498.185
-498.924
-499.663
-500.402
-501.139
-501.876
-502.612
-503.347
-504.082
-504.816
-505.549
-506.281
-507.013
-507.744
-508.474
-509.203
-509.931
-510.659
-511.386
-512.112
-512.837
-513.562
-514.286
-515.009
-515.731
-516.452
-517.173
-517.893
-518.612
-519.33
-520.047
-520.764
-521.479
-522.194
-522.908
-523.621
-524.333
-525.045
-525.755
-526.465
-527.174
-527.882
-528.589
-529.296
-530.001
-530.706
-531.409
-532.112
-532.814
-533.515
-534.216
-534.915
-535.613
-536.311
-537.007
-537.703
-538.398
-539.092
-539.785
-540.477
-541.168
-541.859
-542.548
-543.236
-543.924
-544.61
-545.296
-545.981
-546.665
-547.348
-548.029
-548.71
-549.391
-550.07
-550.748
-551.425
-552.101
-552.777
-553.451
-554.124
-554.797
-555.468
-556.139
-556.808
-557.477
-558.144
-558.811
-559.477
-560.142
-560.805
-561.468
-562.13
-562.791
-563.451
-564.11
-564.768
-565.425
-566.081
-566.736
-567.39
-568.043
-568.695
-569.347
-569.997
-570.646
-571.295
-571.942
-572.589
-573.235
-573.88
-574.524
-575.167
-575.81
-576.451
-577.092
-577.732
-453.743
-454.522
-455.3
-456.077
-456.854
-457.631
-458.407
-459.182
-459.957
-460.731
-461.505
-462.279
-463.052
-463.824
-464.596
-465.367
-466.138
-466.908
-467.677
-468.446
-469.215
-469.983
-470.75
-471.517
-472.283
-473.049
-473.814
-474.578
-475.342
-476.105
-476.868
-477.63
-478.392
-479.153
-479.913
-480.673
-481.432
-482.19
-482.948
-483.705
-484.462
-485.218
-485.973
-486.728
-487.482
-488.235
-488.988
-489.74
-490.492
-491.242
-491.993
-492.742
-493.491
-494.239
-494.986
-495.733
-496.479
-497.225
-497.969
-498.713
-499.456
-500.199
-500.941
-501.682
-502.423
-503.162
-503.901
-504.64
-505.377
-506.114
-506.85
-507.585
-508.32
-509.054
-509.787
-510.519
-511.251
-511.981
-512.711
-513.441
-514.169
-514.897
-515.624
-516.35
-517.075
-517.8
-518.524
-519.247
-519.969
-520.69
-521.411
-522.131
-522.85
-523.568
-524.285
-525.001
-525.717
-526.432
-527.146
-527.859
-528.571
-529.283
-529.993
-530.703
-531.412
-532.12
-532.827
-533.534
-534.239
-534.944
-535.647
-536.35
-537.052
-537.753
-538.453
-539.153
-539.851
-540.549
-541.245
-541.941
-542.636
-543.33
-544.023
-544.715
-545.406
-546.096
-546.786
-547.474
-548.162
-548.848
-549.534
-550.219
-550.903
-551.585
-552.267
-552.948
-553.628
-554.308
-554.986
-555.663
-556.339
-557.014
-557.689
-558.362
-559.035
-559.706
-560.377
-561.046
-561.715
-562.382
-563.049
-563.715
-564.379
-565.043
-565.706
-566.368
-567.029
-567.689
-568.347
-569.005
-569.662
-570.318
-570.974
-571.628
-572.281
-572.933
-573.584
-574.235
-574.884
-575.533
-576.18
-576.827
-577.473
-578.118
-578.762
-579.405
-580.047
-580.689
-581.33
-581.97
-457.982
-458.76
-459.538
-460.315
-461.092
-461.869
-462.645
-463.42
-464.195
-464.969
-465.743
-466.517
-467.29
-468.062
-468.834
-469.605
-470.376
-471.146
-471.915
-472.684
-473.453
-474.221
-474.988
-475.755
-476.521
-477.287
-478.052
-478.816
-479.58
-480.343
-481.106
-481.868
-482.63
-483.391
-484.151
-484.911
-485.67
-486.428
-487.186
-487.943
-488.7
-489.456
-490.211
-490.966
-491.72
-492.473
-493.226
-493.978
-494.73
-495.48
-496.23
-496.98
-497.729
-498.477
-499.224
-499.971
-500.717
-501.462
-502.207
-502.951
-503.694
-504.437
-505.179
-505.92
-506.66
-507.4
-508.139
-508.877
-509.615
-510.352
-511.088
-511.823
-512.558
-513.292
-514.025
-514.757
-515.489
-516.219
-516.949
-517.679
-518.407
-519.135
-519.862
-520.588
-521.313
-522.038
-522.762
-523.485
-524.207
-524.928
-525.649
-526.369
-527.087
-527.806
-528.523
-529.239
-529.955
-530.67
-531.384
-532.097
-532.809
-533.521
-534.231
-534.941
-535.65
-536.358
-537.065
-537.772
-538.477
-539.182
-539.885
-540.588
-541.29
-541.991
-542.691
-543.391
-544.089
-544.787
-545.483
-546.179
-546.874
-547.568
-548.261
-548.953
-549.644
-550.334
-551.024
-551.712
-552.4
-553.086
-553.772
-554.457
-555.141
-555.823
-556.505
-557.186
-557.866
-558.545
-559.224
-559.901
-560.577
-561.252
-561.927
-562.6
-563.273
-563.944
-564.615
-565.284
-565.953
-566.62
-567.287
-567.953
-568.617
-569.281
-569.944
-570.606
-571.267
-571.926
-572.585
-573.243
-573.9
-574.556
-575.211
-575.866
-576.519
-577.171
-577.822
-578.473
-579.122
-579.771
-580.418
-581.065
-581.711
-582.356
-583
-583.643
-584.285
-584.927
-585.568
-586.208
-462.998
-463.775
-464.553
-465.33
-466.107
-466.882
-467.658
-468.433
-469.207
-469.981
-470.755
-471.528
-472.3
-473.072
-473.843
-474.614
-475.384
-476.153
-476.922
-477.691
-478.459
-479.226
-479.993
-480.759
-481.525
-482.29
-483.054
-483.818
-484.581
-485.344
-486.106
-486.868
-487.628
-488.389
-489.148
-489.908
-490.666
-491.424
-492.181
-492.938
-493.694
-494.449
-495.204
-495.958
-496.711
-497.464
-498.216
-498.967
-499.718
-500.468
-501.218
-501.967
-502.715
-503.462
-504.209
-504.955
-505.7
-506.445
-507.189
-507.932
-508.675
-509.417
-510.158
-510.898
-511.638
-512.377
-513.115
-513.853
-514.59
-515.326
-516.061
-516.796
-517.53
-518.263
-518.995
-519.727
-520.457
-521.187
-521.917
-522.645
-523.373
-524.1
-524.826
-525.551
-526.276
-527
-527.723
-528.445
-529.166
-529.887
-530.606
-531.325
-532.044
-532.761
-533.477
-534.193
-534.908
-535.622
-536.335
-537.047
-537.759
-538.469
-539.179
-539.888
-540.596
-541.303
-542.009
-542.715
-543.42
-544.123
-544.826
-545.528
-546.229
-546.929
-547.629
-548.327
-549.025
-549.721
-550.417
-551.112
-551.806
-552.499
-553.191
-553.882
-554.572
-555.262
-555.95
-556.638
-557.324
-558.01
-558.695
-559.378
-560.061
-560.743
-561.424
-562.104
-562.783
-563.462
-564.139
-564.815
-565.49
-566.165
-566.838
-567.51
-568.182
-568.852
-569.522
-570.191
-570.858
-571.525
-572.191
-572.855
-573.519
-574.182
-574.844
-575.504
-576.164
-576.823
-577.481
-578.138
-578.794
-579.449
-580.103
-580.757
-581.409
-582.06
-582.711
-583.36
-584.008
-584.656
-585.303
-585.948
-586.593
-587.237
-587.881
-588.523
-589.164
-589.805
-590.445
-468.014
-468.791
-469.568
-470.344
-471.12
-471.896
-472.671
-473.445
-474.219
-474.993
-475.765
-476.538
-477.31
-478.081
-478.851
-479.622
-480.391
-481.16
-481.929
-482.697
-483.464
-484.231
-484.997
-485.763
-486.528
-487.292
-488.056
-488.819
-489.582
-490.344
-491.106
-491.866
-492.627
-493.386
-494.145
-494.904
-495.662
-496.419
-497.176
-497.932
-498.687
-499.442
-500.196
-500.949
-501.702
-502.454
-503.205
-503.956
-504.706
-505.456
-506.205
-506.953
-507.7
-508.447
-509.193
-509.938
-510.683
-511.427
-512.17
-512.913
-513.655
-514.396
-515.136
-515.876
-516.615
-517.353
-518.091
-518.828
-519.564
-520.299
-521.034
-521.767
-522.501
-523.233
-523.964
-524.695
-525.425
-526.155
-526.883
-527.611
-528.338
-529.064
-529.789
-530.514
-531.238
-531.961
-532.683
-533.404
-534.125
-534.844
-535.563
-536.281
-536.999
-537.715
-538.431
-539.146
-539.86
-540.573
-541.285
-541.997
-542.707
-543.417
-544.126
-544.834
-545.541
-546.247
-546.953
-547.657
-548.361
-549.064
-549.766
-550.467
-551.167
-551.867
-552.565
-553.263
-553.959
-554.655
-555.35
-556.044
-556.737
-557.429
-558.12
-558.81
-559.5
-560.188
-560.876
-561.562
-562.248
-562.933
-563.616
-564.299
-564.981
-565.662
-566.342
-567.021
-567.699
-568.377
-569.053
-569.728
-570.403
-571.076
-571.748
-572.42
-573.09
-573.76
-574.428
-575.096
-575.763
-576.428
-577.093
-577.757
-578.42
-579.082
-579.742
-580.402
-581.061
-581.719
-582.376
-583.032
-583.687
-584.341
-584.995
-585.647
-586.298
-586.948
-587.598
-588.246
-588.894
-589.541
-590.186
-590.831
-591.475
-592.118
-592.761
-593.402
-594.043
-594.683
-473.029
-473.806
-474.582
-475.358
-476.134
-476.909
-477.683
-478.457
-479.231
-480.003
-480.776
-481.548
-482.319
-483.089
-483.86
-484.629
-485.398
-486.167
-486.935
-487.702
-488.469
-489.235
-490.001
-490.766
-491.53
-492.294
-493.057
-493.82
-494.582
-495.343
-496.104
-496.865
-497.624
-498.383
-499.142
-499.9
-500.657
-501.414
-502.169
-502.925
-503.68
-504.434
-505.187
-505.94
-506.692
-507.443
-508.194
-508.944
-509.694
-510.442
-511.191
-511.938
-512.685
-513.431
-514.176
-514.921
-515.665
-516.408
-517.151
-517.893
-518.634
-519.374
-520.114
-520.853
-521.591
-522.329
-523.066
-523.802
-524.537
-525.272
-526.005
-526.738
-527.471
-528.202
-528.933
-529.663
-530.392
-531.121
-531.849
-532.576
-533.302
-534.027
-534.752
-535.475
-536.198
-536.921
-537.642
-538.363
-539.082
-539.801
-540.519
-541.237
-541.953
-542.669
-543.384
-544.098
-544.811
-545.523
-546.234
-546.945
-547.655
-548.364
-549.072
-549.779
-550.485
-551.191
-551.895
-552.599
-553.302
-554.004
-554.705
-555.405
-556.104
-556.803
-557.5
-558.197
-558.893
-559.588
-560.282
-560.975
-561.667
-562.358
-563.048
-563.738
-564.426
-565.114
-565.8
-566.486
-567.171
-567.854
-568.537
-569.219
-569.9
-570.58
-571.259
-571.937
-572.615
-573.291
-573.966
-574.64
-575.314
-575.986
-576.658
-577.328
-577.998
-578.666
-579.334
-580.001
-580.666
-581.331
-581.995
-582.658
-583.319
-583.98
-584.64
-585.299
-585.957
-586.614
-587.27
-587.925
-588.579
-589.232
-589.885
-590.536
-591.186
-591.836
-592.484
-593.132
-593.778
-594.424
-595.069
-595.713
-596.356
-596.998
-597.64
-598.28
-598.92
-477.267
-478.044
-478.82
-479.596
-480.372
-481.147
-481.921
-482.695
-483.469
-484.241
-485.014
-485.785
-486.557
-487.327
-488.098
-488.867
-489.636
-490.405
-491.173
-491.94
-492.707
-493.473
-494.238
-495.003
-495.768
-496.532
-497.295
-498.058
-498.82
-499.581
-500.342
-501.103
-501.862
-502.621
-503.38
-504.138
-504.895
-505.651
-506.407
-507.163
-507.917
-508.672
-509.425
-510.178
-510.93
-511.681
-512.432
-513.182
-513.932
-514.68
-515.429
-516.176
-516.923
-517.669
-518.414
-519.159
-519.903
-520.646
-521.389
-522.131
-522.872
-523.612
-524.352
-525.091
-525.829
-526.567
-527.304
-528.04
-528.775
-529.509
-530.243
-530.976
-531.709
-532.44
-533.171
-533.901
-534.63
-535.359
-536.087
-536.814
-537.54
-538.265
-538.99
-539.713
-540.436
-541.159
-541.88
-542.6
-543.32
-544.039
-544.757
-545.475
-546.191
-546.907
-547.622
-548.336
-549.049
-549.761
-550.472
-551.183
-551.893
-552.602
-553.31
-554.017
-554.723
-555.429
-556.133
-556.837
-557.54
-558.242
-558.943
-559.643
-560.342
-561.041
-561.738
-562.435
-563.131
-563.826
-564.52
-565.213
-565.905
-566.596
-567.286
-567.975
-568.664
-569.351
-570.038
-570.724
-571.408
-572.092
-572.775
-573.457
-574.138
-574.818
-575.497
-576.175
-576.853
-577.529
-578.204
-578.878
-579.552
-580.224
-580.896
-581.566
-582.236
-582.904
-583.572
-584.239
-584.904
-585.569
-586.233
-586.896
-587.557
-588.218
-588.878
-589.537
-590.195
-590.852
-591.508
-592.163
-592.817
-593.47
-594.122
-594.774
-595.424
-596.073
-596.722
-597.369
-598.016
-598.662
-599.307
-599.951
-600.594
-601.236
-601.877
-602.518
-603.158
-482.282
-483.058
-483.834
-484.61
-485.385
-486.159
-486.933
-487.706
-488.479
-489.252
-490.023
-490.795
-491.565
-492.335
-493.105
-493.874
-494.643
-495.41
-496.178
-496.945
-497.711
-498.476
-499.241
-500.006
-500.77
-501.533
-502.296
-503.058
-503.819
-504.58
-505.341
-506.1
-506.859
-507.618
-508.376
-509.133
-509.889
-510.645
-511.401
-512.155
-512.909
-513.663
-514.416
-515.168
-515.919
-516.67
-517.42
-518.17
-518.918
-519.666
-520.414
-521.161
-521.907
-522.652
-523.397
-524.141
-524.884
-525.627
-526.369
-527.11
-527.85
-528.59
-529.329
-530.067
-530.805
-531.541
-532.278
-533.013
-533.747
-534.481
-535.214
-535.947
-536.678
-537.409
-538.139
-538.868
-539.597
-540.325
-541.051
-541.778
-542.503
-543.228
-543.951
-544.674
-545.397
-546.118
-546.838
-547.558
-548.277
-548.995
-549.713
-550.429
-551.145
-551.859
-552.573
-553.287
-553.999
-554.71
-555.421
-556.131
-556.84
-557.548
-558.255
-558.961
-559.667
-560.371
-561.075
-561.778
-562.48
-563.181
-563.881
-564.58
-565.279
-565.976
-566.673
-567.369
-568.064
-568.757
-569.45
-570.143
-570.834
-571.524
-572.213
-572.902
-573.589
-574.276
-574.962
-575.646
-576.33
-577.013
-577.695
-578.376
-579.056
-579.735
-580.413
-581.09
-581.767
-582.442
-583.116
-583.79
-584.462
-585.134
-585.804
-586.474
-587.142
-587.81
-588.477
-589.142
-589.807
-590.471
-591.133
-591.795
-592.456
-593.116
-593.775
-594.433
-595.09
-595.746
-596.401
-597.055
-597.708
-598.36
-599.012
-599.662
-600.311
-600.96
-601.607
-602.254
-602.9
-603.544
-604.188
-604.831
-605.474
-606.115
-606.756
-607.396
-487.296
-488.072
-488.848
-489.623
-490.397
-491.171
-491.944
-492.717
-493.49
-494.261
-495.033
-495.803
-496.573
-497.343
-498.112
-498.881
-499.648
-500.416
-501.183
-501.949
-502.714
-503.479
-504.244
-505.008
-505.771
-506.534
-507.296
-508.057
-508.818
-509.578
-510.338
-511.097
-511.856
-512.614
-513.371
-514.127
-514.883
-515.639
-516.393
-517.147
-517.901
-518.654
-519.406
-520.157
-520.908
-521.658
-522.407
-523.156
-523.904
-524.652
-525.399
-526.145
-526.89
-527.635
-528.379
-529.122
-529.865
-530.606
-531.348
-532.088
-532.828
-533.567
-534.305
-535.043
-535.779
-536.515
-537.251
-537.985
-538.719
-539.452
-540.185
-540.916
-541.647
-542.377
-543.106
-543.835
-544.562
-545.289
-546.016
-546.741
-547.466
-548.189
-548.912
-549.634
-550.356
-551.076
-551.796
-552.515
-553.233
-553.95
-554.667
-555.383
-556.097
-556.811
-557.525
-558.237
-558.948
-559.659
-560.369
-561.078
-561.786
-562.493
-563.199
-563.905
-564.609
-565.313
-566.016
-566.718
-567.419
-568.119
-568.818
-569.517
-570.214
-570.911
-571.607
-572.301
-572.995
-573.688
-574.381
-575.072
-575.762
-576.451
-577.14
-577.827
-578.514
-579.2
-579.884
-580.568
-581.251
-581.933
-582.614
-583.294
-583.973
-584.651
-585.328
-586.005
-586.68
-587.354
-588.028
-588.7
-589.372
-590.042
-590.712
-591.38
-592.048
-592.714
-593.38
-594.045
-594.709
-595.371
-596.033
-596.694
-597.354
-598.013
-598.671
-599.328
-599.984
-600.639
-601.293
-601.946
-602.598
-603.249
-603.9
-604.549
-605.198
-605.845
-606.492
-607.137
-607.782
-608.426
-609.069
-609.711
-610.353
-610.993
-611.633
-491.535
-492.31
-493.086
-493.861
-494.635
-495.409
-496.182
-496.955
-497.728
-498.499
-499.271
-500.041
-500.811
-501.581
-502.35
-503.118
-503.886
-504.654
-505.421
-506.187
-506.952
-507.717
-508.482
-509.246
-510.009
-510.772
-511.534
-512.295
-513.056
-513.816
-514.576
-515.335
-516.094
-516.851
-517.609
-518.365
-519.121
-519.877
-520.631
-521.385
-522.139
-522.891
-523.644
-524.395
-525.146
-525.896
-526.645
-527.394
-528.142
-528.89
-529.637
-530.383
-531.128
-531.873
-532.617
-533.36
-534.103
-534.844
-535.586
-536.326
-537.066
-537.805
-538.543
-539.281
-540.017
-540.753
-541.489
-542.223
-542.957
-543.69
-544.423
-545.154
-545.885
-546.615
-547.344
-548.073
-548.8
-549.527
-550.254
-550.979
-551.703
-552.427
-553.15
-553.872
-554.594
-555.314
-556.034
-556.753
-557.471
-558.188
-558.905
-559.621
-560.335
-561.049
-561.762
-562.475
-563.186
-563.897
-564.607
-565.316
-566.024
-566.731
-567.437
-568.143
-568.847
-569.551
-570.254
-570.956
-571.657
-572.357
-573.056
-573.755
-574.452
-575.149
-575.845
-576.539
-577.233
-577.926
-578.618
-579.31
-580
-580.689
-581.378
-582.065
-582.752
-583.438
-584.122
-584.806
-585.489
-586.171
-586.852
-587.532
-588.211
-588.889
-589.566
-590.243
-590.918
-591.592
-592.266
-592.938
-593.61
-594.28
-594.95
-595.618
-596.286
-596.952
-597.618
-598.283
-598.946
-599.609
-600.271
-600.932
-601.592
-602.251
-602.909
-603.566
-604.222
-604.877
-605.531
-606.184
-606.836
-607.487
-608.138
-608.787
-609.435
-610.083
-610.729
-611.375
-612.02
-612.664
-613.307
-613.949
-614.59
-615.231
-615.87
-496.549
-497.324
-498.099
-498.873
-499.647
-500.42
-501.193
-501.966
-502.737
-503.509
-504.279
-505.049
-505.819
-506.588
-507.356
-508.124
-508.892
-509.658
-510.425
-511.19
-511.955
-512.72
-513.484
-514.247
-515.01
-515.772
-516.533
-517.294
-518.054
-518.814
-519.573
-520.332
-521.089
-521.847
-522.603
-523.359
-524.115
-524.869
-525.623
-526.377
-527.129
-527.882
-528.633
-529.384
-530.134
-530.883
-531.632
-532.38
-533.128
-533.874
-534.621
-535.366
-536.111
-536.855
-537.598
-538.34
-539.082
-539.823
-540.564
-541.304
-542.043
-542.781
-543.518
-544.255
-544.991
-545.727
-546.461
-547.195
-547.928
-548.661
-549.392
-550.123
-550.853
-551.582
-552.311
-553.038
-553.765
-554.491
-555.217
-555.941
-556.665
-557.388
-558.11
-558.832
-559.552
-560.272
-560.991
-561.709
-562.426
-563.143
-563.859
-564.573
-565.287
-566
-566.713
-567.424
-568.135
-568.845
-569.553
-570.262
-570.969
-571.675
-572.38
-573.085
-573.789
-574.492
-575.194
-575.895
-576.595
-577.294
-577.993
-578.69
-579.387
-580.083
-580.777
-581.471
-582.164
-582.856
-583.548
-584.238
-584.927
-585.616
-586.303
-586.99
-587.675
-588.36
-589.044
-589.727
-590.409
-591.09
-591.77
-592.449
-593.127
-593.804
-594.481
-595.156
-595.83
-596.504
-597.176
-597.847
-598.518
-599.187
-599.856
-600.524
-601.19
-601.856
-602.521
-603.184
-603.847
-604.509
-605.17
-605.83
-606.489
-607.146
-607.803
-608.459
-609.114
-609.769
-610.422
-611.074
-611.725
-612.375
-613.025
-613.673
-614.321
-614.967
-615.613
-616.258
-616.901
-617.544
-618.187
-618.828
-619.468
-620.108
-501.562
-502.337
-503.111
-503.885
-504.658
-505.431
-506.204
-506.975
-507.747
-508.517
-509.287
-510.057
-510.826
-511.594
-512.362
-513.13
-513.896
-514.663
-515.428
-516.193
-516.958
-517.722
-518.485
-519.248
-520.01
-520.771
-521.532
-522.292
-523.052
-523.811
-524.57
-525.327
-526.085
-526.841
-527.597
-528.352
-529.107
-529.861
-530.615
-531.367
-532.119
-532.871
-533.622
-534.372
-535.121
-535.87
-536.618
-537.366
-538.112
-538.858
-539.604
-540.349
-541.093
-541.836
-542.578
-543.32
-544.061
-544.802
-545.542
-546.281
-547.019
-547.756
-548.493
-549.229
-549.965
-550.699
-551.433
-552.166
-552.898
-553.63
-554.361
-555.091
-555.82
-556.549
-557.276
-558.003
-558.729
-559.455
-560.179
-560.903
-561.626
-562.348
-563.07
-563.79
-564.51
-565.229
-565.947
-566.664
-567.381
-568.096
-568.811
-569.525
-570.238
-570.951
-571.662
-572.373
-573.083
-573.791
-574.499
-575.207
-575.913
-576.618
-577.323
-578.027
-578.73
-579.432
-580.133
-580.833
-581.532
-582.231
-582.928
-583.625
-584.32
-585.015
-585.709
-586.402
-587.094
-587.786
-588.476
-589.165
-589.854
-590.541
-591.228
-591.913
-592.598
-593.282
-593.965
-594.647
-595.328
-596.008
-596.687
-597.365
-598.042
-598.718
-599.394
-600.068
-600.741
-601.414
-602.085
-602.756
-603.425
-604.094
-604.762
-605.428
-606.094
-606.759
-607.422
-608.085
-608.747
-609.408
-610.068
-610.726
-611.384
-612.041
-612.697
-613.352
-614.006
-614.66
-615.312
-615.963
-616.613
-617.262
-617.911
-618.558
-619.205
-619.85
-620.495
-621.139
-621.782
-622.424
-623.065
-623.706
-624.345
-506.575
-507.349
-508.123
-508.896
-509.669
-510.442
-511.213
-511.985
-512.755
-513.525
-514.295
-515.064
-515.832
-516.6
-517.368
-518.134
-518.901
-519.666
-520.431
-521.196
-521.96
-522.723
-523.486
-524.248
-525.009
-525.77
-526.53
-527.29
-528.049
-528.807
-529.565
-530.323
-531.079
-531.835
-532.59
-533.345
-534.099
-534.853
-535.605
-536.357
-537.109
-537.86
-538.61
-539.359
-540.108
-540.856
-541.604
-542.35
-543.096
-543.842
-544.586
-545.33
-546.074
-546.816
-547.558
-548.299
-549.04
-549.78
-550.519
-551.257
-551.994
-552.731
-553.467
-554.203
-554.937
-555.671
-556.404
-557.136
-557.868
-558.599
-559.329
-560.058
-560.787
-561.514
-562.241
-562.967
-563.693
-564.417
-565.141
-565.864
-566.586
-567.308
-568.028
-568.748
-569.467
-570.185
-570.902
-571.619
-572.334
-573.049
-573.763
-574.476
-575.189
-575.9
-576.611
-577.32
-578.029
-578.737
-579.445
-580.151
-580.856
-581.561
-582.265
-582.968
-583.67
-584.371
-585.071
-585.77
-586.469
-587.166
-587.863
-588.558
-589.253
-589.947
-590.64
-591.332
-592.024
-592.714
-593.403
-594.092
-594.779
-595.466
-596.151
-596.836
-597.52
-598.203
-598.885
-599.566
-600.246
-600.925
-601.603
-602.28
-602.956
-603.632
-604.306
-604.979
-605.652
-606.323
-606.994
-607.663
-608.332
-609
-609.666
-610.332
-610.997
-611.66
-612.323
-612.985
-613.646
-614.305
-614.964
-615.622
-616.279
-616.935
-617.59
-618.244
-618.897
-619.549
-620.201
-620.851
-621.5
-622.149
-622.796
-623.443
-624.088
-624.733
-625.377
-626.02
-626.662
-627.303
-627.943
-628.583
-510.813
-511.587
-512.361
-513.134
-513.907
-514.68
-515.451
-516.223
-516.993
-517.763
-518.533
-519.302
-520.07
-520.838
-521.606
-522.372
-523.139
-523.904
-524.669
-525.434
-526.198
-526.961
-527.723
-528.486
-529.247
-530.008
-530.768
-531.528
-532.287
-533.045
-533.803
-534.56
-535.317
-536.073
-536.828
-537.583
-538.337
-539.091
-539.843
-540.595
-541.347
-542.098
-542.848
-543.597
-544.346
-545.094
-545.842
-546.588
-547.334
-548.08
-548.824
-549.568
-550.312
-551.054
-551.796
-552.537
-553.278
-554.018
-554.757
-555.495
-556.232
-556.969
-557.705
-558.441
-559.175
-559.909
-560.642
-561.374
-562.106
-562.837
-563.567
-564.296
-565.025
-565.752
-566.479
-567.205
-567.931
-568.655
-569.379
-570.102
-570.824
-571.546
-572.266
-572.986
-573.705
-574.423
-575.14
-575.857
-576.572
-577.287
-578.001
-578.714
-579.427
-580.138
-580.849
-581.558
-582.267
-582.975
-583.683
-584.389
-585.094
-585.799
-586.503
-587.206
-587.907
-588.609
-589.309
-590.008
-590.707
-591.404
-592.101
-592.796
-593.491
-594.185
-594.878
-595.57
-596.261
-596.952
-597.641
-598.33
-599.017
-599.704
-600.389
-601.074
-601.758
-602.441
-603.123
-603.804
-604.484
-605.163
-605.841
-606.518
-607.194
-607.87
-608.544
-609.217
-609.89
-610.561
-611.232
-611.901
-612.57
-613.237
-613.904
-614.57
-615.234
-615.898
-616.561
-617.223
-617.884
-618.543
-619.202
-619.86
-620.517
-621.173
-621.828
-622.482
-623.135
-623.787
-624.438
-625.089
-625.738
-626.386
-627.034
-627.68
-628.326
-628.971
-629.614
-630.257
-630.899
-631.54
-632.181
-632.82
-515.826
-516.599
-517.372
-518.145
-518.918
-519.689
-520.461
-521.231
-522.001
-522.771
-523.54
-524.308
-525.076
-525.844
-526.61
-527.377
-528.142
-528.907
-529.672
-530.436
-531.199
-531.961
-532.724
-533.485
-534.246
-535.006
-535.766
-536.525
-537.283
-538.041
-538.798
-539.555
-540.311
-541.066
-541.821
-542.575
-543.328
-544.081
-544.833
-545.585
-546.336
-547.086
-547.835
-548.584
-549.332
-550.08
-550.826
-551.572
-552.318
-553.062
-553.806
-554.55
-555.292
-556.034
-556.775
-557.516
-558.255
-558.994
-559.733
-560.47
-561.207
-561.943
-562.678
-563.413
-564.147
-564.88
-565.612
-566.344
-567.075
-567.805
-568.534
-569.262
-569.99
-570.717
-571.443
-572.169
-572.893
-573.617
-574.34
-575.062
-575.784
-576.504
-577.224
-577.943
-578.661
-579.378
-580.095
-580.81
-581.525
-582.239
-582.952
-583.665
-584.376
-585.087
-585.796
-586.505
-587.213
-587.921
-588.627
-589.332
-590.037
-590.741
-591.443
-592.145
-592.847
-593.547
-594.246
-594.944
-595.642
-596.339
-597.034
-597.729
-598.423
-599.116
-599.808
-600.499
-601.19
-601.879
-602.568
-603.255
-603.942
-604.627
-605.312
-605.996
-606.679
-607.361
-608.042
-608.722
-609.401
-610.079
-610.756
-611.432
-612.108
-612.782
-613.455
-614.128
-614.799
-615.47
-616.139
-616.808
-617.475
-618.142
-618.808
-619.472
-620.136
-620.799
-621.461
-622.121
-622.781
-623.44
-624.098
-624.755
-625.411
-626.066
-626.72
-627.373
-628.025
-628.676
-629.327
-629.976
-630.624
-631.272
-631.918
-632.564
-633.208
-633.852
-634.495
-635.137
-635.778
-636.418
-637.058
-520.837
-521.61
-522.383
-523.156
-523.927
-524.699
-525.469
-526.239
-527.009
-527.778
-528.546
-529.314
-530.082
-530.848
-531.615
-532.38
-533.145
-533.91
-534.673
-535.437
-536.199
-536.962
-537.723
-538.484
-539.244
-540.004
-540.763
-541.521
-542.279
-543.036
-543.793
-544.549
-545.304
-546.059
-546.813
-547.566
-548.319
-549.071
-549.823
-550.574
-551.324
-552.073
-552.822
-553.57
-554.317
-555.064
-555.81
-556.556
-557.3
-558.044
-558.788
-559.53
-560.272
-561.013
-561.754
-562.493
-563.232
-563.971
-564.708
-565.445
-566.181
-566.916
-567.651
-568.385
-569.118
-569.85
-570.582
-571.313
-572.043
-572.772
-573.5
-574.228
-574.955
-575.681
-576.407
-577.131
-577.855
-578.578
-579.3
-580.021
-580.742
-581.462
-582.181
-582.899
-583.616
-584.333
-585.048
-585.763
-586.477
-587.19
-587.903
-588.614
-589.325
-590.034
-590.743
-591.451
-592.159
-592.865
-593.57
-594.275
-594.979
-595.681
-596.383
-597.084
-597.785
-598.484
-599.182
-599.88
-600.577
-601.272
-601.967
-602.661
-603.354
-604.046
-604.737
-605.428
-606.117
-606.806
-607.493
-608.18
-608.865
-609.55
-610.234
-610.917
-611.599
-612.28
-612.96
-613.639
-614.317
-614.994
-615.67
-616.346
-617.02
-617.693
-618.366
-619.037
-619.708
-620.377
-621.046
-621.713
-622.38
-623.046
-623.71
-624.374
-625.037
-625.699
-626.359
-627.019
-627.678
-628.336
-628.993
-629.649
-630.304
-630.958
-631.611
-632.263
-632.914
-633.564
-634.214
-634.862
-635.509
-636.156
-636.801
-637.446
-638.09
-638.732
-639.374
-640.015
-640.655
-641.295
-525.075
-525.848
-526.621
-527.394
-528.165
-528.937
-529.707
-530.477
-531.247
-532.016
-532.784
-533.552
-534.32
-535.086
-535.853
-536.618
-537.383
-538.148
-538.911
-539.675
-540.437
-541.199
-541.961
-542.722
-543.482
-544.242
-545.001
-545.759
-546.517
-547.274
-548.031
-548.787
-549.542
-550.297
-551.051
-551.804
-552.557
-553.309
-554.061
-554.811
-555.562
-556.311
-557.06
-557.808
-558.555
-559.302
-560.048
-560.794
-561.538
-562.282
-563.026
-563.768
-564.51
-565.251
-565.992
-566.731
-567.47
-568.209
-568.946
-569.683
-570.419
-571.154
-571.889
-572.623
-573.356
-574.088
-574.82
-575.551
-576.281
-577.01
-577.738
-578.466
-579.193
-579.919
-580.645
-581.369
-582.093
-582.816
-583.538
-584.259
-584.98
-585.7
-586.419
-587.137
-587.854
-588.571
-589.286
-590.001
-590.715
-591.428
-592.14
-592.852
-593.563
-594.272
-594.981
-595.689
-596.396
-597.103
-597.808
-598.513
-599.217
-599.919
-600.621
-601.322
-602.023
-602.722
-603.42
-604.118
-604.815
-605.51
-606.205
-606.899
-607.592
-608.284
-608.975
-609.666
-610.355
-611.043
-611.731
-612.418
-613.103
-613.788
-614.472
-615.155
-615.837
-616.518
-617.198
-617.877
-618.555
-619.232
-619.908
-620.584
-621.258
-621.931
-622.604
-623.275
-623.946
-624.615
-625.284
-625.951
-626.618
-627.284
-627.948
-628.612
-629.275
-629.936
-630.597
-631.257
-631.916
-632.574
-633.231
-633.887
-634.542
-635.196
-635.849
-636.501
-637.152
-637.802
-638.451
-639.1
-639.747
-640.393
-641.039
-641.683
-642.327
-642.97
-643.612
-644.253
-644.893
-645.532
-530.087
-530.859
-531.632
-532.403
-533.175
-533.945
-534.715
-535.485
-536.254
-537.022
-537.79
-538.558
-539.324
-540.091
-540.856
-541.621
-542.386
-543.149
-543.913
-544.675
-545.437
-546.199
-546.96
-547.72
-548.48
-549.239
-549.997
-550.755
-551.512
-552.269
-553.025
-553.78
-554.535
-555.289
-556.042
-556.795
-557.547
-558.299
-559.049
-559.8
-560.549
-561.298
-562.046
-562.793
-563.54
-564.286
-565.032
-565.776
-566.52
-567.264
-568.006
-568.748
-569.489
-570.23
-570.969
-571.708
-572.447
-573.184
-573.921
-574.657
-575.392
-576.127
-576.861
-577.594
-578.326
-579.058
-579.789
-580.519
-581.248
-581.976
-582.704
-583.431
-584.157
-584.883
-585.607
-586.331
-587.054
-587.776
-588.497
-589.218
-589.938
-590.657
-591.375
-592.092
-592.809
-593.524
-594.239
-594.953
-595.666
-596.378
-597.09
-597.801
-598.51
-599.219
-599.927
-600.634
-601.341
-602.046
-602.751
-603.455
-604.157
-604.859
-605.56
-606.261
-606.96
-607.658
-608.356
-609.053
-609.748
-610.443
-611.137
-611.83
-612.522
-613.213
-613.904
-614.593
-615.281
-615.969
-616.656
-617.341
-618.026
-618.71
-619.393
-620.075
-620.756
-621.436
-622.115
-622.793
-623.47
-624.146
-624.821
-625.496
-626.169
-626.842
-627.513
-628.184
-628.853
-629.522
-630.189
-630.856
-631.521
-632.186
-632.85
-633.513
-634.174
-634.835
-635.495
-636.154
-636.812
-637.469
-638.124
-638.779
-639.433
-640.086
-640.739
-641.39
-642.04
-642.689
-643.337
-643.985
-644.631
-645.277
-645.921
-646.565
-647.207
-647.849
-648.49
-649.13
-649.769
-535.098
-535.87
-536.641
-537.413
-538.183
-538.953
-539.723
-540.492
-541.26
-542.028
-542.796
-543.562
-544.329
-545.094
-545.859
-546.624
-547.387
-548.151
-548.913
-549.675
-550.437
-551.198
-551.958
-552.718
-553.477
-554.235
-554.993
-555.75
-556.507
-557.263
-558.018
-558.773
-559.527
-560.28
-561.033
-561.785
-562.537
-563.287
-564.038
-564.787
-565.536
-566.284
-567.031
-567.778
-568.524
-569.27
-570.014
-570.758
-571.502
-572.244
-572.986
-573.727
-574.468
-575.207
-575.946
-576.685
-577.422
-578.159
-578.895
-579.63
-580.365
-581.099
-581.832
-582.564
-583.296
-584.027
-584.757
-585.486
-586.214
-586.942
-587.669
-588.395
-589.121
-589.845
-590.569
-591.292
-592.014
-592.735
-593.456
-594.176
-594.895
-595.613
-596.33
-597.047
-597.762
-598.477
-599.191
-599.904
-600.616
-601.328
-602.039
-602.748
-603.457
-604.165
-604.872
-605.579
-606.284
-606.989
-607.693
-608.395
-609.097
-609.798
-610.499
-611.198
-611.896
-612.594
-613.291
-613.986
-614.681
-615.375
-616.068
-616.76
-617.451
-618.142
-618.831
-619.519
-620.207
-620.894
-621.579
-622.264
-622.948
-623.631
-624.313
-624.993
-625.674
-626.353
-627.031
-627.708
-628.384
-629.059
-629.734
-630.407
-631.08
-631.751
-632.421
-633.091
-633.76
-634.427
-635.094
-635.759
-636.424
-637.088
-637.75
-638.412
-639.073
-639.733
-640.392
-641.05
-641.706
-642.362
-643.017
-643.671
-644.324
-644.976
-645.627
-646.278
-646.927
-647.575
-648.222
-648.869
-649.514
-650.159
-650.802
-651.445
-652.087
-652.728
-653.368
-654.007
-540.107
-540.879
-541.651
-542.421
-543.191
-543.961
-544.73
-545.498
-546.266
-547.034
-547.8
-548.567
-549.332
-550.097
-550.862
-551.625
-552.389
-553.151
-553.913
-554.675
-555.436
-556.196
-556.956
-557.715
-558.473
-559.231
-559.988
-560.745
-561.501
-562.256
-563.011
-563.765
-564.518
-565.271
-566.023
-566.775
-567.525
-568.276
-569.025
-569.774
-570.522
-571.269
-572.016
-572.762
-573.508
-574.252
-574.996
-575.739
-576.482
-577.224
-577.965
-578.706
-579.445
-580.184
-580.923
-581.66
-582.397
-583.133
-583.868
-584.603
-585.337
-586.07
-586.802
-587.534
-588.265
-588.995
-589.724
-590.452
-591.18
-591.907
-592.633
-593.358
-594.083
-594.807
-595.53
-596.252
-596.973
-597.694
-598.414
-599.133
-599.851
-600.568
-601.285
-602
-602.715
-603.429
-604.142
-604.854
-605.566
-606.276
-606.986
-607.695
-608.403
-609.11
-609.817
-610.522
-611.227
-611.93
-612.633
-613.335
-614.036
-614.737
-615.436
-616.134
-616.832
-617.528
-618.224
-618.919
-619.613
-620.306
-620.998
-621.689
-622.38
-623.069
-623.757
-624.445
-625.132
-625.817
-626.502
-627.186
-627.869
-628.55
-629.231
-629.911
-630.591
-631.269
-631.946
-632.622
-633.297
-633.972
-634.645
-635.318
-635.989
-636.659
-637.329
-637.997
-638.665
-639.332
-639.997
-640.662
-641.326
-641.988
-642.65
-643.311
-643.971
-644.63
-645.287
-645.944
-646.6
-647.255
-647.909
-648.562
-649.214
-649.865
-650.515
-651.165
-651.813
-652.46
-653.106
-653.752
-654.396
-655.04
-655.682
-656.324
-656.965
-657.605
-658.244
-544.346
-545.117
-545.889
-546.659
-547.429
-548.199
-548.968
-549.736
-550.504
-551.272
-552.038
-552.805
-553.57
-554.335
-555.1
-555.863
-556.627
-557.389
-558.151
-558.913
-559.674
-560.434
-561.194
-561.953
-562.711
-563.469
-564.226
-564.983
-565.739
-566.494
-567.249
-568.003
-568.756
-569.509
-570.261
-571.013
-571.763
-572.513
-573.263
-574.012
-574.76
-575.507
-576.254
-577
-577.745
-578.49
-579.234
-579.977
-580.72
-581.462
-582.203
-582.944
-583.683
-584.422
-585.161
-585.898
-586.635
-587.371
-588.106
-588.841
-589.575
-590.308
-591.04
-591.772
-592.502
-593.233
-593.962
-594.69
-595.418
-596.145
-596.871
-597.596
-598.321
-599.045
-599.768
-600.49
-601.211
-601.932
-602.652
-603.371
-604.089
-604.806
-605.523
-606.238
-606.953
-607.667
-608.38
-609.092
-609.804
-610.514
-611.224
-611.933
-612.641
-613.348
-614.055
-614.76
-615.465
-616.168
-616.871
-617.573
-618.274
-618.975
-619.674
-620.372
-621.07
-621.766
-622.462
-623.157
-623.851
-624.544
-625.236
-625.927
-626.618
-627.307
-627.995
-628.683
-629.369
-630.055
-630.74
-631.424
-632.107
-632.788
-633.469
-634.149
-634.829
-635.507
-636.184
-636.86
-637.535
-638.21
-638.883
-639.555
-640.227
-640.897
-641.567
-642.235
-642.903
-643.57
-644.235
-644.9
-645.564
-646.226
-646.888
-647.549
-648.209
-648.867
-649.525
-650.182
-650.838
-651.493
-652.147
-652.8
-653.452
-654.103
-654.753
-655.402
-656.05
-656.698
-657.344
-657.989
-658.634
-659.277
-659.92
-660.562
-661.202
-661.842
-662.481
-549.356
-550.127
-550.897
-551.667
-552.437
-553.206
-553.974
-554.742
-555.51
-556.276
-557.043
-557.808
-558.573
-559.338
-560.101
-560.865
-561.627
-562.389
-563.151
-563.912
-564.672
-565.432
-566.191
-566.949
-567.707
-568.464
-569.221
-569.977
-570.732
-571.487
-572.241
-572.994
-573.747
-574.499
-575.251
-576.001
-576.751
-577.501
-578.25
-578.998
-579.745
-580.492
-581.238
-581.983
-582.728
-583.472
-584.215
-584.958
-585.7
-586.441
-587.181
-587.921
-588.66
-589.398
-590.136
-590.873
-591.609
-592.344
-593.079
-593.813
-594.546
-595.278
-596.01
-596.74
-597.471
-598.2
-598.928
-599.656
-600.383
-601.109
-601.834
-602.559
-603.283
-604.006
-604.728
-605.449
-606.17
-606.89
-607.609
-608.327
-609.044
-609.76
-610.476
-611.191
-611.905
-612.618
-613.33
-614.042
-614.752
-615.462
-616.171
-616.879
-617.586
-618.293
-618.998
-619.703
-620.406
-621.109
-621.811
-622.512
-623.213
-623.912
-624.61
-625.308
-626.004
-626.7
-627.395
-628.089
-628.782
-629.474
-630.165
-630.856
-631.545
-632.233
-632.921
-633.607
-634.293
-634.978
-635.662
-636.345
-637.026
-637.707
-638.387
-639.067
-639.745
-640.422
-641.098
-641.773
-642.448
-643.121
-643.793
-644.465
-645.135
-645.805
-646.473
-647.141
-647.808
-648.473
-649.138
-649.802
-650.464
-651.126
-651.787
-652.447
-653.105
-653.763
-654.42
-655.076
-655.731
-656.385
-657.038
-657.69
-658.341
-658.991
-659.64
-660.288
-660.935
-661.582
-662.227
-662.871
-663.515
-664.157
-664.799
-665.44
-666.08
-666.719
-554.365
-555.135
-555.905
-556.675
-557.444
-558.212
-558.98
-559.748
-560.514
-561.281
-562.046
-562.811
-563.576
-564.339
-565.103
-565.865
-566.627
-567.389
-568.15
-568.91
-569.67
-570.429
-571.187
-571.945
-572.702
-573.459
-574.215
-574.97
-575.725
-576.479
-577.232
-577.985
-578.737
-579.489
-580.239
-580.989
-581.739
-582.488
-583.236
-583.983
-584.73
-585.476
-586.221
-586.966
-587.71
-588.453
-589.196
-589.938
-590.679
-591.419
-592.159
-592.898
-593.636
-594.374
-595.111
-595.847
-596.582
-597.317
-598.051
-598.784
-599.516
-600.248
-600.978
-601.708
-602.438
-603.166
-603.894
-604.621
-605.347
-606.072
-606.797
-607.521
-608.244
-608.966
-609.687
-610.408
-611.128
-611.847
-612.565
-613.282
-613.998
-614.714
-615.429
-616.143
-616.856
-617.568
-618.28
-618.99
-619.7
-620.409
-621.117
-621.824
-622.531
-623.236
-623.941
-624.644
-625.347
-626.049
-626.75
-627.451
-628.15
-628.848
-629.546
-630.242
-630.938
-631.633
-632.327
-633.02
-633.712
-634.403
-635.094
-635.783
-636.471
-637.159
-637.845
-638.531
-639.216
-639.9
-640.582
-641.264
-641.945
-642.625
-643.305
-643.983
-644.66
-645.336
-646.011
-646.686
-647.359
-648.031
-648.703
-649.373
-650.043
-650.711
-651.379
-652.046
-652.711
-653.376
-654.039
-654.702
-655.364
-656.025
-656.684
-657.343
-658.001
-658.658
-659.314
-659.969
-660.623
-661.276
-661.928
-662.579
-663.229
-663.878
-664.526
-665.173
-665.819
-666.465
-667.109
-667.752
-668.395
-669.037
-669.677
-670.317
-670.956
-558.603
-559.373
-560.143
-560.913
-561.682
-562.45
-563.218
-563.986
-564.752
-565.519
-566.284
-567.049
-567.814
-568.577
-569.341
-570.103
-570.865
-571.627
-572.388
-573.148
-573.908
-574.667
-575.425
-576.183
-576.94
-577.697
-578.453
-579.208
-579.963
-580.717
-581.47
-582.223
-582.975
-583.726
-584.477
-585.227
-585.977
-586.726
-587.474
-588.221
-588.968
-589.714
-590.459
-591.204
-591.948
-592.691
-593.434
-594.176
-594.917
-595.657
-596.397
-597.136
-597.874
-598.612
-599.349
-600.085
-600.82
-601.555
-602.289
-603.022
-603.754
-604.486
-605.216
-605.946
-606.676
-607.404
-608.132
-608.859
-609.585
-610.31
-611.035
-611.759
-612.482
-613.204
-613.925
-614.646
-615.366
-616.085
-616.803
-617.52
-618.236
-618.952
-619.667
-620.381
-621.094
-621.806
-622.518
-623.228
-623.938
-624.647
-625.355
-626.062
-626.769
-627.474
-628.179
-628.882
-629.585
-630.287
-630.988
-631.689
-632.388
-633.086
-633.784
-634.48
-635.176
-635.871
-636.565
-637.258
-637.95
-638.641
-639.332
-640.021
-640.709
-641.397
-642.083
-642.769
-643.454
-644.138
-644.82
-645.502
-646.183
-646.863
-647.542
-648.221
-648.898
-649.574
-650.249
-650.924
-651.597
-652.269
-652.941
-653.611
-654.281
-654.949
-655.617
-656.283
-656.949
-657.614
-658.277
-658.94
-659.602
-660.263
-660.922
-661.581
-662.239
-662.896
-663.552
-664.206
-664.86
-665.513
-666.165
-666.816
-667.466
-668.115
-668.764
-669.411
-670.057
-670.702
-671.347
-671.99
-672.632
-673.274
-673.914
-674.554
-675.193
-563.612
-564.381
-565.151
-565.92
-566.689
-567.456
-568.224
-568.99
-569.757
-570.522
-571.287
-572.052
-572.815
-573.579
-574.341
-575.103
-575.865
-576.626
-577.386
-578.146
-578.905
-579.663
-580.421
-581.178
-581.935
-582.691
-583.446
-584.201
-584.955
-585.708
-586.461
-587.213
-587.964
-588.715
-589.465
-590.215
-590.964
-591.712
-592.459
-593.206
-593.952
-594.697
-595.442
-596.186
-596.929
-597.672
-598.414
-599.155
-599.895
-600.635
-601.374
-602.112
-602.85
-603.587
-604.323
-605.058
-605.793
-606.527
-607.26
-607.992
-608.724
-609.454
-610.184
-610.914
-611.642
-612.37
-613.097
-613.823
-614.548
-615.273
-615.997
-616.72
-617.442
-618.163
-618.884
-619.604
-620.323
-621.041
-621.758
-622.474
-623.19
-623.905
-624.619
-625.332
-626.044
-626.756
-627.466
-628.176
-628.885
-629.593
-630.3
-631.007
-631.712
-632.417
-633.12
-633.823
-634.525
-635.226
-635.927
-636.626
-637.324
-638.022
-638.718
-639.414
-640.109
-640.803
-641.496
-642.188
-642.879
-643.57
-644.259
-644.947
-645.635
-646.321
-647.007
-647.692
-648.376
-649.058
-649.74
-650.421
-651.101
-651.78
-652.459
-653.136
-653.812
-654.487
-655.162
-655.835
-656.507
-657.179
-657.849
-658.519
-659.187
-659.855
-660.521
-661.187
-661.852
-662.515
-663.178
-663.84
-664.5
-665.16
-665.819
-666.477
-667.134
-667.789
-668.444
-669.098
-669.751
-670.403
-671.054
-671.704
-672.353
-673.001
-673.648
-674.295
-674.94
-675.584
-676.227
-676.87
-677.511
-678.152
-678.791
-679.43
-568.62
-569.389
-570.158
-570.927
-571.694
-572.462
-573.228
-573.995
-574.76
-575.525
-576.29
-577.053
-577.817
-578.579
-579.341
-580.103
-580.864
-581.624
-582.384
-583.143
-583.901
-584.659
-585.416
-586.173
-586.929
-587.684
-588.439
-589.193
-589.946
-590.699
-591.451
-592.202
-592.953
-593.703
-594.453
-595.202
-595.95
-596.697
-597.444
-598.19
-598.935
-599.68
-600.424
-601.167
-601.91
-602.652
-603.393
-604.133
-604.873
-605.612
-606.35
-607.088
-607.825
-608.561
-609.296
-610.031
-610.765
-611.498
-612.23
-612.962
-613.692
-614.422
-615.152
-615.88
-616.608
-617.335
-618.061
-618.786
-619.511
-620.235
-620.958
-621.68
-622.401
-623.122
-623.842
-624.561
-625.279
-625.996
-626.712
-627.428
-628.143
-628.857
-629.57
-630.282
-630.994
-631.704
-632.414
-633.123
-633.831
-634.538
-635.245
-635.95
-636.655
-637.358
-638.061
-638.763
-639.464
-640.165
-640.864
-641.562
-642.26
-642.956
-643.652
-644.347
-645.041
-645.734
-646.426
-647.117
-647.808
-648.497
-649.185
-649.873
-650.559
-651.245
-651.93
-652.614
-653.296
-653.978
-654.659
-655.339
-656.018
-656.697
-657.374
-658.05
-658.725
-659.4
-660.073
-660.745
-661.417
-662.087
-662.757
-663.425
-664.093
-664.759
-665.425
-666.09
-666.753
-667.416
-668.078
-668.738
-669.398
-670.057
-670.715
-671.371
-672.027
-672.682
-673.336
-673.989
-674.641
-675.292
-675.942
-676.591
-677.239
-677.886
-678.532
-679.177
-679.822
-680.465
-681.107
-681.749
-682.389
-683.029
-683.667
-573.627
-574.396
-575.165
-575.932
-576.7
-577.466
-578.233
-578.998
-579.763
-580.528
-581.291
-582.055
-582.817
-583.579
-584.341
-585.102
-585.862
-586.622
-587.381
-588.139
-588.897
-589.654
-590.411
-591.167
-591.922
-592.677
-593.431
-594.184
-594.937
-595.689
-596.44
-597.191
-597.941
-598.691
-599.44
-600.188
-600.935
-601.682
-602.428
-603.173
-603.918
-604.662
-605.405
-606.148
-606.89
-607.631
-608.371
-609.111
-609.85
-610.588
-611.326
-612.063
-612.799
-613.534
-614.269
-615.003
-615.736
-616.468
-617.2
-617.93
-618.66
-619.39
-620.118
-620.846
-621.573
-622.299
-623.024
-623.749
-624.473
-625.196
-625.918
-626.639
-627.36
-628.08
-628.799
-629.517
-630.234
-630.95
-631.666
-632.381
-633.095
-633.808
-634.52
-635.232
-635.942
-636.652
-637.361
-638.069
-638.776
-639.483
-640.188
-640.893
-641.596
-642.299
-643.001
-643.702
-644.403
-645.102
-645.8
-646.498
-647.194
-647.89
-648.585
-649.279
-649.972
-650.664
-651.355
-652.046
-652.735
-653.423
-654.111
-654.797
-655.483
-656.168
-656.852
-657.534
-658.216
-658.897
-659.577
-660.256
-660.935
-661.612
-662.288
-662.963
-663.638
-664.311
-664.983
-665.655
-666.325
-666.995
-667.663
-668.331
-668.997
-669.663
-670.328
-670.991
-671.654
-672.316
-672.976
-673.636
-674.295
-674.953
-675.609
-676.265
-676.92
-677.574
-678.227
-678.879
-679.53
-680.18
-680.829
-681.477
-682.124
-682.77
-683.415
-684.059
-684.702
-685.345
-685.986
-686.626
-687.266
-687.905
-577.866
-578.634
-579.403
-580.171
-580.938
-581.705
-582.471
-583.236
-584.001
-584.766
-585.529
-586.293
-587.055
-587.817
-588.579
-589.34
-590.1
-590.86
-591.619
-592.377
-593.135
-593.892
-594.649
-595.405
-596.16
-596.915
-597.669
-598.422
-599.175
-599.927
-600.678
-601.429
-602.179
-602.929
-603.678
-604.426
-605.173
-605.92
-606.666
-607.411
-608.156
-608.9
-609.643
-610.386
-611.128
-611.869
-612.609
-613.349
-614.088
-614.826
-615.564
-616.301
-617.037
-617.772
-618.507
-619.241
-619.974
-620.706
-621.438
-622.168
-622.898
-623.628
-624.356
-625.084
-625.811
-626.537
-627.262
-627.987
-628.711
-629.434
-630.156
-630.877
-631.598
-632.318
-633.037
-633.755
-634.472
-635.188
-635.904
-636.619
-637.333
-638.046
-638.758
-639.47
-640.18
-640.89
-641.599
-642.307
-643.014
-643.721
-644.426
-645.131
-645.834
-646.537
-647.239
-647.94
-648.641
-649.34
-650.038
-650.736
-651.432
-652.128
-652.823
-653.517
-654.21
-654.902
-655.593
-656.284
-656.973
-657.661
-658.349
-659.035
-659.721
-660.406
-661.09
-661.772
-662.454
-663.135
-663.815
-664.494
-665.173
-665.85
-666.526
-667.201
-667.876
-668.549
-669.221
-669.893
-670.563
-671.233
-671.901
-672.569
-673.235
-673.901
-674.565
-675.229
-675.892
-676.553
-677.214
-677.874
-678.533
-679.19
-679.847
-680.503
-681.158
-681.812
-682.465
-683.116
-683.767
-684.417
-685.066
-685.714
-686.361
-687.007
-687.652
-688.297
-688.94
-689.582
-690.223
-690.864
-691.503
-692.142
-582.873
-583.641
-584.409
-585.176
-585.943
-586.709
-587.474
-588.239
-589.004
-589.767
-590.531
-591.293
-592.055
-592.817
-593.578
-594.338
-595.098
-595.857
-596.615
-597.373
-598.13
-598.887
-599.643
-600.398
-601.153
-601.907
-602.66
-603.413
-604.165
-604.916
-605.667
-606.417
-607.167
-607.916
-608.664
-609.411
-610.158
-610.904
-611.649
-612.394
-613.138
-613.881
-614.624
-615.366
-616.107
-616.847
-617.587
-618.326
-619.064
-619.802
-620.539
-621.275
-622.01
-622.745
-623.479
-624.212
-624.944
-625.676
-626.406
-627.136
-627.866
-628.594
-629.322
-630.049
-630.775
-631.5
-632.225
-632.949
-633.672
-634.394
-635.115
-635.836
-636.556
-637.275
-637.993
-638.71
-639.426
-640.142
-640.857
-641.571
-642.284
-642.996
-643.708
-644.418
-645.128
-645.837
-646.545
-647.252
-647.959
-648.664
-649.369
-650.072
-650.775
-651.477
-652.178
-652.879
-653.578
-654.276
-654.974
-655.67
-656.366
-657.061
-657.755
-658.448
-659.14
-659.831
-660.522
-661.211
-661.899
-662.587
-663.273
-663.959
-664.644
-665.328
-666.01
-666.692
-667.373
-668.053
-668.732
-669.411
-670.088
-670.764
-671.439
-672.114
-672.787
-673.459
-674.131
-674.801
-675.471
-676.139
-676.807
-677.473
-678.139
-678.803
-679.467
-680.13
-680.791
-681.452
-682.112
-682.771
-683.428
-684.085
-684.741
-685.396
-686.049
-686.702
-687.354
-688.005
-688.655
-689.304
-689.952
-690.599
-691.245
-691.89
-692.534
-693.177
-693.82
-694.461
-695.101
-695.74
-696.379
-587.879
-588.647
-589.414
-590.181
-590.947
-591.712
-592.477
-593.242
-594.005
-594.769
-595.531
-596.293
-597.055
-597.816
-598.576
-599.336
-600.095
-600.853
-601.611
-602.368
-603.125
-603.881
-604.636
-605.391
-606.145
-606.898
-607.651
-608.403
-609.154
-609.905
-610.655
-611.405
-612.154
-612.902
-613.649
-614.396
-615.142
-615.887
-616.632
-617.376
-618.119
-618.862
-619.604
-620.345
-621.085
-621.825
-622.564
-623.302
-624.04
-624.777
-625.513
-626.248
-626.983
-627.717
-628.45
-629.182
-629.914
-630.644
-631.374
-632.104
-632.832
-633.56
-634.287
-635.013
-635.738
-636.463
-637.187
-637.91
-638.632
-639.353
-640.074
-640.794
-641.513
-642.231
-642.948
-643.664
-644.38
-645.095
-645.809
-646.522
-647.234
-647.946
-648.656
-649.366
-650.075
-650.783
-651.49
-652.197
-652.902
-653.607
-654.31
-655.013
-655.715
-656.416
-657.117
-657.816
-658.514
-659.212
-659.908
-660.604
-661.299
-661.993
-662.686
-663.378
-664.069
-664.76
-665.449
-666.137
-666.825
-667.511
-668.197
-668.882
-669.566
-670.248
-670.93
-671.611
-672.291
-672.97
-673.649
-674.326
-675.002
-675.677
-676.352
-677.025
-677.697
-678.369
-679.039
-679.709
-680.377
-681.045
-681.711
-682.377
-683.041
-683.705
-684.368
-685.029
-685.69
-686.35
-687.008
-687.666
-688.323
-688.979
-689.634
-690.287
-690.94
-691.592
-692.243
-692.893
-693.542
-694.19
-694.837
-695.483
-696.128
-696.772
-697.415
-698.057
-698.698
-699.338
-699.978
-700.616
-592.117
-592.885
-593.652
-594.419
-595.185
-595.95
-596.715
-597.48
-598.244
-599.007
-599.769
-600.531
-601.293
-602.054
-602.814
-603.574
-604.333
-605.091
-605.849
-606.606
-607.363
-608.119
-608.874
-609.629
-610.383
-611.136
-611.889
-612.641
-613.392
-614.143
-614.893
-615.643
-616.392
-617.14
-617.887
-618.634
-619.38
-620.125
-620.87
-621.614
-622.357
-623.1
-623.842
-624.583
-625.323
-626.063
-626.802
-627.54
-628.278
-629.015
-629.751
-630.486
-631.221
-631.955
-632.688
-633.42
-634.152
-634.882
-635.612
-636.342
-637.07
-637.798
-638.525
-639.251
-639.976
-640.701
-641.425
-642.148
-642.87
-643.591
-644.312
-645.032
-645.751
-646.469
-647.186
-647.902
-648.618
-649.333
-650.047
-650.76
-651.472
-652.184
-652.894
-653.604
-654.313
-655.021
-655.728
-656.435
-657.14
-657.845
-658.548
-659.251
-659.953
-660.654
-661.355
-662.054
-662.752
-663.45
-664.146
-664.842
-665.537
-666.231
-666.924
-667.616
-668.307
-668.998
-669.687
-670.375
-671.063
-671.749
-672.435
-673.12
-673.804
-674.486
-675.168
-675.849
-676.529
-677.208
-677.887
-678.564
-679.24
-679.915
-680.59
-681.263
-681.935
-682.607
-683.277
-683.947
-684.615
-685.283
-685.949
-686.615
-687.279
-687.943
-688.606
-689.267
-689.928
-690.588
-691.246
-691.904
-692.561
-693.217
-693.871
-694.525
-695.178
-695.83
-696.481
-697.13
-697.779
-698.427
-699.074
-699.72
-700.365
-701.009
-701.652
-702.294
-702.936
-703.576
-704.215
-704.853
-597.123
-597.89
-598.657
-599.423
-600.188
-600.953
-601.718
-602.482
-603.245
-604.007
-604.769
-605.531
-606.292
-607.052
-607.812
-608.571
-609.329
-610.087
-610.844
-611.601
-612.357
-613.112
-613.867
-614.621
-615.374
-616.127
-616.879
-617.63
-618.381
-619.131
-619.881
-620.63
-621.378
-622.125
-622.872
-623.618
-624.363
-625.108
-625.852
-626.595
-627.338
-628.08
-628.821
-629.561
-630.301
-631.04
-631.778
-632.516
-633.253
-633.989
-634.724
-635.459
-636.193
-636.926
-637.658
-638.39
-639.12
-639.85
-640.58
-641.308
-642.036
-642.763
-643.489
-644.214
-644.939
-645.663
-646.386
-647.108
-647.829
-648.55
-649.27
-649.989
-650.707
-651.424
-652.14
-652.856
-653.571
-654.285
-654.998
-655.71
-656.422
-657.132
-657.842
-658.551
-659.259
-659.966
-660.673
-661.378
-662.083
-662.786
-663.489
-664.191
-664.892
-665.593
-666.292
-666.99
-667.688
-668.384
-669.08
-669.775
-670.469
-671.162
-671.854
-672.545
-673.236
-673.925
-674.613
-675.301
-675.987
-676.673
-677.358
-678.042
-678.724
-679.406
-680.087
-680.767
-681.446
-682.125
-682.802
-683.478
-684.153
-684.827
-685.501
-686.173
-686.845
-687.515
-688.185
-688.853
-689.521
-690.187
-690.853
-691.517
-692.181
-692.844
-693.505
-694.166
-694.826
-695.484
-696.142
-696.799
-697.454
-698.109
-698.763
-699.416
-700.068
-700.718
-701.368
-702.017
-702.665
-703.312
-703.958
-704.603
-705.247
-705.89
-706.532
-707.173
-707.813
-708.452
-709.09
-602.129
-602.895
-603.661
-604.426
-605.191
-605.956
-606.72
-607.483
-608.245
-609.007
-609.769
-610.53
-611.29
-612.05
-612.809
-613.567
-614.325
-615.082
-615.839
-616.595
-617.35
-618.105
-618.859
-619.612
-620.365
-621.117
-621.868
-622.619
-623.369
-624.119
-624.868
-625.616
-626.363
-627.11
-627.856
-628.601
-629.346
-630.09
-630.833
-631.576
-632.318
-633.059
-633.799
-634.539
-635.278
-636.016
-636.754
-637.491
-638.227
-638.962
-639.697
-640.431
-641.164
-641.896
-642.628
-643.358
-644.088
-644.818
-645.546
-646.274
-647.001
-647.727
-648.452
-649.177
-649.901
-650.624
-651.346
-652.067
-652.788
-653.508
-654.227
-654.945
-655.662
-656.378
-657.094
-657.809
-658.523
-659.236
-659.948
-660.66
-661.37
-662.08
-662.789
-663.497
-664.204
-664.911
-665.616
-666.321
-667.024
-667.727
-668.429
-669.13
-669.831
-670.53
-671.228
-671.926
-672.622
-673.318
-674.013
-674.707
-675.4
-676.092
-676.783
-677.474
-678.163
-678.851
-679.539
-680.225
-680.911
-681.596
-682.28
-682.962
-683.644
-684.325
-685.005
-685.684
-686.363
-687.04
-687.716
-688.391
-689.065
-689.739
-690.411
-691.083
-691.753
-692.422
-693.091
-693.758
-694.425
-695.091
-695.755
-696.419
-697.081
-697.743
-698.404
-699.063
-699.722
-700.38
-701.037
-701.692
-702.347
-703.001
-703.654
-704.305
-704.956
-705.606
-706.255
-706.903
-707.549
-708.195
-708.84
-709.484
-710.127
-710.769
-711.41
-712.05
-712.689
-713.328
-607.133
-607.899
-608.665
-609.429
-610.194
-610.958
-611.721
-612.483
-613.245
-614.007
-614.768
-615.528
-616.288
-617.047
-617.805
-618.563
-619.32
-620.077
-620.833
-621.588
-622.343
-623.097
-623.85
-624.603
-625.355
-626.106
-626.857
-627.607
-628.357
-629.106
-629.854
-630.601
-631.348
-632.094
-632.839
-633.584
-634.328
-635.071
-635.814
-636.556
-637.297
-638.037
-638.777
-639.516
-640.254
-640.992
-641.729
-642.465
-643.2
-643.935
-644.669
-645.402
-646.134
-646.866
-647.596
-648.326
-649.056
-649.784
-650.512
-651.239
-651.965
-652.69
-653.415
-654.139
-654.862
-655.584
-656.305
-657.026
-657.746
-658.465
-659.183
-659.9
-660.616
-661.332
-662.047
-662.761
-663.474
-664.186
-664.898
-665.608
-666.318
-667.027
-667.735
-668.442
-669.149
-669.854
-670.559
-671.262
-671.965
-672.667
-673.368
-674.069
-674.768
-675.466
-676.164
-676.86
-677.556
-678.251
-678.945
-679.638
-680.33
-681.021
-681.712
-682.401
-683.089
-683.777
-684.463
-685.149
-685.834
-686.518
-687.201
-687.882
-688.563
-689.243
-689.922
-690.601
-691.278
-691.954
-692.629
-693.303
-693.977
-694.649
-695.321
-695.991
-696.66
-697.329
-697.996
-698.663
-699.329
-699.993
-700.657
-701.319
-701.981
-702.642
-703.301
-703.96
-704.618
-705.274
-705.93
-706.585
-707.239
-707.891
-708.543
-709.194
-709.844
-710.492
-711.14
-711.787
-712.433
-713.078
-713.722
-714.365
-715.007
-715.648
-716.288
-716.927
-717.565
-611.371
-612.137
-612.903
-613.667
-614.432
-615.196
-615.959
-616.721
-617.483
-618.245
-619.006
-619.766
-620.526
-621.285
-622.043
-622.801
-623.558
-624.315
-625.071
-625.826
-626.581
-627.335
-628.088
-628.841
-629.593
-630.344
-631.095
-631.845
-632.595
-633.344
-634.092
-634.839
-635.586
-636.332
-637.077
-637.822
-638.566
-639.309
-640.052
-640.794
-641.535
-642.275
-643.015
-643.754
-644.492
-645.23
-645.967
-646.703
-647.438
-648.173
-648.907
-649.64
-650.372
-651.104
-651.834
-652.564
-653.294
-654.022
-654.75
-655.477
-656.203
-656.928
-657.653
-658.377
-659.1
-659.822
-660.543
-661.264
-661.984
-662.703
-663.421
-664.138
-664.854
-665.57
-666.285
-666.999
-667.712
-668.424
-669.136
-669.846
-670.556
-671.265
-671.973
-672.68
-673.387
-674.092
-674.797
-675.501
-676.203
-676.905
-677.606
-678.307
-679.006
-679.704
-680.402
-681.099
-681.794
-682.489
-683.183
-683.876
-684.568
-685.259
-685.95
-686.639
-687.327
-688.015
-688.702
-689.387
-690.072
-690.756
-691.439
-692.12
-692.801
-693.481
-694.16
-694.839
-695.516
-696.192
-696.867
-697.541
-698.215
-698.887
-699.559
-700.229
-700.898
-701.567
-702.234
-702.901
-703.567
-704.231
-704.895
-705.557
-706.219
-706.88
-707.539
-708.198
-708.856
-709.512
-710.168
-710.823
-711.476
-712.129
-712.781
-713.432
-714.081
-714.73
-715.378
-716.025
-716.671
-717.315
-717.959
-718.602
-719.244
-719.885
-720.525
-721.164
-721.802
-616.376
-617.14
-617.906
-618.67
-619.434
-620.197
-620.959
-621.721
-622.483
-623.244
-624.004
-624.764
-625.523
-626.281
-627.039
-627.796
-628.553
-629.309
-630.064
-630.819
-631.573
-632.326
-633.079
-633.831
-634.582
-635.333
-636.083
-636.833
-637.582
-638.33
-639.077
-639.824
-640.57
-641.315
-642.06
-642.804
-643.547
-644.29
-645.032
-645.773
-646.513
-647.253
-647.992
-648.73
-649.468
-650.205
-650.941
-651.676
-652.411
-653.145
-653.878
-654.61
-655.342
-656.072
-656.802
-657.532
-658.26
-658.988
-659.715
-660.441
-661.166
-661.891
-662.615
-663.338
-664.06
-664.781
-665.502
-666.222
-666.941
-667.659
-668.376
-669.093
-669.808
-670.523
-671.237
-671.95
-672.662
-673.374
-674.085
-674.794
-675.503
-676.211
-676.918
-677.625
-678.33
-679.035
-679.739
-680.441
-681.143
-681.844
-682.545
-683.244
-683.942
-684.64
-685.337
-686.032
-686.727
-687.421
-688.114
-688.806
-689.497
-690.188
-690.877
-691.565
-692.253
-692.94
-693.625
-694.31
-694.994
-695.677
-696.358
-697.039
-697.719
-698.399
-699.077
-699.754
-700.43
-701.105
-701.78
-702.453
-703.125
-703.797
-704.467
-705.136
-705.805
-706.472
-707.139
-707.804
-708.469
-709.133
-709.795
-710.457
-711.118
-711.777
-712.436
-713.093
-713.75
-714.406
-715.061
-715.714
-716.367
-717.019
-717.669
-718.319
-718.968
-719.616
-720.262
-720.908
-721.553
-722.197
-722.84
-723.481
-724.122
-724.762
-725.401
-726.039
-621.379
-622.144
-622.908
-623.672
-624.435
-625.197
-625.959
-626.721
-627.482
-628.242
-629.002
-629.761
-630.519
-631.277
-632.034
-632.791
-633.547
-634.302
-635.057
-635.811
-636.564
-637.317
-638.069
-638.82
-639.571
-640.321
-641.071
-641.82
-642.568
-643.315
-644.062
-644.808
-645.553
-646.298
-647.042
-647.785
-648.528
-649.27
-650.011
-650.751
-651.491
-652.23
-652.968
-653.706
-654.443
-655.179
-655.914
-656.649
-657.383
-658.116
-658.848
-659.58
-660.31
-661.04
-661.77
-662.498
-663.226
-663.953
-664.679
-665.404
-666.129
-666.853
-667.576
-668.298
-669.019
-669.74
-670.46
-671.179
-671.897
-672.614
-673.331
-674.046
-674.761
-675.475
-676.188
-676.9
-677.612
-678.323
-679.032
-679.741
-680.449
-681.156
-681.863
-682.568
-683.273
-683.977
-684.679
-685.381
-686.082
-686.783
-687.482
-688.18
-688.878
-689.575
-690.27
-690.965
-691.659
-692.352
-693.044
-693.735
-694.426
-695.115
-695.803
-696.491
-697.178
-697.863
-698.548
-699.232
-699.915
-700.596
-701.277
-701.957
-702.637
-703.315
-703.992
-704.668
-705.343
-706.018
-706.691
-707.363
-708.035
-708.705
-709.374
-710.043
-710.71
-711.377
-712.042
-712.707
-713.371
-714.033
-714.695
-715.355
-716.015
-716.674
-717.331
-717.988
-718.644
-719.298
-719.952
-720.605
-721.256
-721.907
-722.557
-723.206
-723.853
-724.5
-725.146
-725.79
-726.434
-727.077
-727.719
-728.36
-728.999
-729.638
-730.276
-626.382
-627.146
-627.91
-628.673
-629.435
-630.197
-630.959
-631.72
-632.48
-633.24
-633.999
-634.757
-635.515
-636.272
-637.029
-637.785
-638.54
-639.295
-640.049
-640.802
-641.555
-642.307
-643.058
-643.809
-644.559
-645.309
-646.058
-646.806
-647.553
-648.3
-649.046
-649.791
-650.536
-651.28
-652.023
-652.766
-653.508
-654.249
-654.989
-655.729
-656.468
-657.206
-657.944
-658.681
-659.417
-660.152
-660.887
-661.621
-662.354
-663.086
-663.818
-664.548
-665.278
-666.008
-666.736
-667.464
-668.191
-668.917
-669.642
-670.367
-671.091
-671.814
-672.536
-673.257
-673.978
-674.698
-675.417
-676.135
-676.852
-677.569
-678.284
-678.999
-679.713
-680.426
-681.138
-681.85
-682.561
-683.27
-683.979
-684.687
-685.394
-686.101
-686.806
-687.511
-688.215
-688.917
-689.619
-690.321
-691.021
-691.72
-692.418
-693.116
-693.813
-694.508
-695.203
-695.897
-696.59
-697.282
-697.973
-698.664
-699.353
-700.041
-700.729
-701.416
-702.101
-702.786
-703.47
-704.153
-704.835
-705.515
-706.196
-706.875
-707.553
-708.23
-708.906
-709.581
-710.256
-710.929
-711.601
-712.273
-712.943
-713.612
-714.281
-714.948
-715.615
-716.28
-716.945
-717.609
-718.271
-718.933
-719.593
-720.253
-720.912
-721.569
-722.226
-722.882
-723.536
-724.19
-724.843
-725.494
-726.145
-726.795
-727.443
-728.091
-728.738
-729.383
-730.028
-730.672
-731.314
-731.956
-732.597
-733.237
-733.875
-734.513
-630.62
-631.384
-632.148
-632.911
-633.674
-634.435
-635.197
-635.958
-636.718
-637.478
-638.237
-638.995
-639.753
-640.51
-641.267
-642.023
-642.778
-643.533
-644.287
-645.04
-645.793
-646.545
-647.296
-648.047
-648.797
-649.547
-650.296
-651.044
-651.791
-652.538
-653.284
-654.029
-654.774
-655.518
-656.261
-657.004
-657.746
-658.487
-659.227
-659.967
-660.706
-661.444
-662.182
-662.919
-663.655
-664.39
-665.125
-665.859
-666.592
-667.324
-668.056
-668.786
-669.517
-670.246
-670.974
-671.702
-672.429
-673.155
-673.88
-674.605
-675.329
-676.052
-676.774
-677.495
-678.216
-678.936
-679.655
-680.373
-681.09
-681.807
-682.522
-683.237
-683.951
-684.664
-685.377
-686.088
-686.799
-687.508
-688.217
-688.925
-689.633
-690.339
-691.044
-691.749
-692.453
-693.155
-693.857
-694.559
-695.259
-695.958
-696.656
-697.354
-698.051
-698.746
-699.441
-700.135
-700.828
-701.52
-702.211
-702.902
-703.591
-704.28
-704.967
-705.654
-706.339
-707.024
-707.708
-708.391
-709.073
-709.754
-710.434
-711.113
-711.791
-712.468
-713.144
-713.819
-714.494
-715.167
-715.839
-716.511
-717.181
-717.85
-718.519
-719.186
-719.853
-720.518
-721.183
-721.847
-722.509
-723.171
-723.831
-724.491
-725.15
-725.807
-726.464
-727.119
-727.774
-728.428
-729.08
-729.732
-730.383
-731.032
-731.681
-732.329
-732.975
-733.621
-734.266
-734.909
-735.552
-736.194
-736.834
-737.474
-738.113
-738.75
-635.623
-636.386
-637.149
-637.912
-638.673
-639.435
-640.196
-640.956
-641.716
-642.475
-643.233
-643.991
-644.748
-645.505
-646.261
-647.016
-647.771
-648.525
-649.278
-650.031
-650.783
-651.534
-652.285
-653.035
-653.785
-654.534
-655.282
-656.029
-656.776
-657.522
-658.267
-659.012
-659.756
-660.499
-661.242
-661.984
-662.725
-663.465
-664.205
-664.944
-665.682
-666.42
-667.157
-667.893
-668.628
-669.363
-670.097
-670.83
-671.562
-672.294
-673.024
-673.755
-674.484
-675.212
-675.94
-676.667
-677.393
-678.119
-678.843
-679.567
-680.29
-681.012
-681.733
-682.454
-683.174
-683.893
-684.611
-685.328
-686.045
-686.76
-687.475
-688.189
-688.902
-689.615
-690.326
-691.037
-691.746
-692.455
-693.163
-693.871
-694.577
-695.282
-695.987
-696.691
-697.394
-698.095
-698.797
-699.497
-700.196
-700.895
-701.592
-702.289
-702.984
-703.679
-704.373
-705.066
-705.758
-706.449
-707.14
-707.829
-708.518
-709.205
-709.892
-710.577
-711.262
-711.946
-712.629
-713.311
-713.992
-714.672
-715.351
-716.029
-716.706
-717.382
-718.057
-718.732
-719.405
-720.077
-720.749
-721.419
-722.088
-722.757
-723.424
-724.091
-724.756
-725.421
-726.084
-726.747
-727.409
-728.069
-728.729
-729.387
-730.045
-730.702
-731.357
-732.012
-732.665
-733.318
-733.97
-734.62
-735.27
-735.919
-736.566
-737.213
-737.858
-738.503
-739.147
-739.789
-740.431
-741.072
-741.711
-742.35
-742.988
-640.624
-641.387
-642.15
-642.911
-643.673
-644.434
-645.194
-645.954
-646.713
-647.471
-648.229
-648.986
-649.743
-650.499
-651.254
-652.009
-652.763
-653.516
-654.269
-655.021
-655.772
-656.523
-657.273
-658.023
-658.772
-659.52
-660.267
-661.014
-661.76
-662.505
-663.25
-663.994
-664.737
-665.48
-666.222
-666.963
-667.703
-668.443
-669.182
-669.92
-670.658
-671.395
-672.131
-672.866
-673.601
-674.335
-675.068
-675.8
-676.532
-677.263
-677.993
-678.722
-679.45
-680.178
-680.905
-681.631
-682.357
-683.081
-683.805
-684.528
-685.25
-685.971
-686.692
-687.412
-688.131
-688.849
-689.566
-690.283
-690.998
-691.713
-692.427
-693.14
-693.853
-694.564
-695.275
-695.984
-696.693
-697.401
-698.109
-698.815
-699.52
-700.225
-700.929
-701.632
-702.334
-703.035
-703.735
-704.434
-705.133
-705.83
-706.527
-707.222
-707.917
-708.611
-709.304
-709.996
-710.688
-711.378
-712.067
-712.756
-713.443
-714.13
-714.815
-715.5
-716.184
-716.867
-717.549
-718.23
-718.91
-719.589
-720.267
-720.944
-721.62
-722.295
-722.97
-723.643
-724.315
-724.987
-725.657
-726.326
-726.995
-727.662
-728.329
-728.994
-729.659
-730.322
-730.985
-731.647
-732.307
-732.967
-733.625
-734.283
-734.94
-735.595
-736.25
-736.903
-737.556
-738.208
-738.858
-739.508
-740.156
-740.804
-741.45
-742.096
-742.741
-743.384
-744.027
-744.668
-745.309
-745.948
-746.587
-747.225
-644.863
-645.625
-646.388
-647.149
-647.911
-648.672
-649.432
-650.192
-650.951
-651.709
-652.467
-653.224
-653.981
-654.737
-655.492
-656.247
-657.001
-657.754
-658.507
-659.259
-660.01
-660.761
-661.511
-662.261
-663.01
-663.758
-664.505
-665.252
-665.998
-666.743
-667.488
-668.232
-668.975
-669.718
-670.46
-671.201
-671.941
-672.681
-673.42
-674.159
-674.896
-675.633
-676.369
-677.104
-677.839
-678.573
-679.306
-680.038
-680.77
-681.501
-682.231
-682.96
-683.688
-684.416
-685.143
-685.869
-686.595
-687.319
-688.043
-688.766
-689.488
-690.209
-690.93
-691.65
-692.369
-693.087
-693.804
-694.521
-695.236
-695.951
-696.665
-697.378
-698.091
-698.802
-699.513
-700.222
-700.931
-701.639
-702.347
-703.053
-703.758
-704.463
-705.167
-705.87
-706.572
-707.273
-707.973
-708.672
-709.371
-710.068
-710.765
-711.461
-712.155
-712.849
-713.542
-714.234
-714.926
-715.616
-716.305
-716.994
-717.681
-718.368
-719.054
-719.738
-720.422
-721.105
-721.787
-722.468
-723.148
-723.827
-724.505
-725.182
-725.858
-726.533
-727.208
-727.881
-728.553
-729.225
-729.895
-730.564
-731.233
-731.9
-732.567
-733.232
-733.897
-734.56
-735.223
-735.885
-736.545
-737.205
-737.863
-738.521
-739.177
-739.833
-740.488
-741.141
-741.794
-742.445
-743.096
-743.745
-744.394
-745.042
-745.688
-746.334
-746.978
-747.622
-748.264
-748.906
-749.546
-750.186
-750.824
-751.462
-649.864
-650.625
-651.387
-652.149
-652.91
-653.67
-654.43
-655.189
-655.947
-656.705
-657.462
-658.219
-658.975
-659.73
-660.485
-661.239
-661.992
-662.745
-663.497
-664.248
-664.999
-665.749
-666.499
-667.248
-667.996
-668.743
-669.49
-670.236
-670.981
-671.726
-672.47
-673.213
-673.956
-674.698
-675.439
-676.18
-676.919
-677.658
-678.397
-679.134
-679.871
-680.607
-681.342
-682.077
-682.811
-683.544
-684.276
-685.008
-685.739
-686.469
-687.198
-687.926
-688.654
-689.381
-690.107
-690.833
-691.557
-692.281
-693.004
-693.726
-694.448
-695.168
-695.888
-696.607
-697.325
-698.042
-698.759
-699.474
-700.189
-700.903
-701.616
-702.329
-703.04
-703.751
-704.461
-705.169
-705.877
-706.585
-707.291
-707.996
-708.701
-709.405
-710.108
-710.81
-711.511
-712.211
-712.91
-713.609
-714.306
-715.003
-715.699
-716.393
-717.087
-717.78
-718.472
-719.164
-719.854
-720.543
-721.232
-721.919
-722.606
-723.291
-723.976
-724.66
-725.343
-726.025
-726.706
-727.386
-728.065
-728.743
-729.42
-730.096
-730.771
-731.446
-732.119
-732.791
-733.463
-734.133
-734.802
-735.471
-736.138
-736.805
-737.47
-738.135
-738.798
-739.461
-740.122
-740.783
-741.443
-742.101
-742.759
-743.415
-744.071
-744.725
-745.379
-746.032
-746.683
-747.334
-747.983
-748.632
-749.279
-749.926
-750.571
-751.216
-751.859
-752.502
-753.143
-753.784
-754.423
-755.061
-755.699
-654.864
-655.625
-656.387
-657.148
-657.908
-658.668
-659.427
-660.185
-660.943
-661.7
-662.457
-663.213
-663.968
-664.723
-665.477
-666.23
-666.983
-667.735
-668.487
-669.237
-669.987
-670.737
-671.486
-672.234
-672.981
-673.728
-674.474
-675.22
-675.964
-676.708
-677.452
-678.194
-678.936
-679.677
-680.418
-681.157
-681.896
-682.635
-683.372
-684.109
-684.845
-685.58
-686.315
-687.049
-687.782
-688.514
-689.246
-689.977
-690.707
-691.436
-692.165
-692.892
-693.619
-694.345
-695.071
-695.795
-696.519
-697.242
-697.964
-698.686
-699.406
-700.126
-700.845
-701.563
-702.28
-702.997
-703.713
-704.427
-705.141
-705.854
-706.567
-707.278
-707.989
-708.699
-709.408
-710.116
-710.823
-711.529
-712.235
-712.939
-713.643
-714.346
-715.048
-715.749
-716.449
-717.148
-717.847
-718.544
-719.241
-719.937
-720.632
-721.325
-722.018
-722.711
-723.402
-724.092
-724.781
-725.47
-726.157
-726.844
-727.53
-728.215
-728.899
-729.581
-730.263
-730.944
-731.624
-732.303
-732.981
-733.658
-734.334
-735.009
-735.684
-736.357
-737.029
-737.701
-738.371
-739.04
-739.709
-740.376
-741.043
-741.708
-742.373
-743.036
-743.699
-744.36
-745.021
-745.681
-746.339
-746.997
-747.653
-748.309
-748.963
-749.617
-750.269
-750.921
-751.571
-752.221
-752.869
-753.517
-754.163
-754.809
-755.453
-756.097
-756.739
-757.381
-758.021
-758.66
-759.299
-759.936
-659.863
-660.625
-661.386
-662.146
-662.906
-663.665
-664.423
-665.181
-665.938
-666.695
-667.451
-668.206
-668.961
-669.715
-670.468
-671.221
-671.973
-672.724
-673.475
-674.225
-674.975
-675.723
-676.472
-677.219
-677.966
-678.712
-679.457
-680.202
-680.946
-681.689
-682.432
-683.174
-683.915
-684.655
-685.395
-686.134
-686.872
-687.61
-688.347
-689.083
-689.818
-690.553
-691.287
-692.02
-692.752
-693.484
-694.214
-694.944
-695.674
-696.402
-697.13
-697.857
-698.583
-699.308
-700.033
-700.757
-701.48
-702.202
-702.923
-703.644
-704.364
-705.083
-705.801
-706.518
-707.235
-707.95
-708.665
-709.379
-710.092
-710.804
-711.516
-712.227
-712.936
-713.645
-714.353
-715.061
-715.767
-716.472
-717.177
-717.881
-718.583
-719.285
-719.987
-720.687
-721.386
-722.084
-722.782
-723.479
-724.174
-724.869
-725.563
-726.256
-726.948
-727.639
-728.33
-729.019
-729.708
-730.395
-731.082
-731.767
-732.452
-733.135
-733.818
-734.5
-735.181
-735.861
-736.54
-737.219
-737.896
-738.572
-739.247
-739.921
-740.595
-741.267
-741.939
-742.609
-743.278
-743.947
-744.614
-745.281
-745.946
-746.611
-747.274
-747.937
-748.598
-749.259
-749.918
-750.577
-751.235
-751.891
-752.547
-753.201
-753.855
-754.507
-755.159
-755.809
-756.459
-757.107
-757.755
-758.401
-759.046
-759.691
-760.334
-760.977
-761.618
-762.258
-762.898
-763.536
-764.173
-664.102
-664.863
-665.624
-666.385
-667.144
-667.903
-668.662
-669.419
-670.177
-670.933
-671.689
-672.445
-673.199
-673.953
-674.707
-675.459
-676.212
-676.963
-677.714
-678.464
-679.213
-679.962
-680.71
-681.458
-682.205
-682.951
-683.696
-684.441
-685.185
-685.928
-686.671
-687.412
-688.154
-688.894
-689.634
-690.373
-691.111
-691.849
-692.585
-693.322
-694.057
-694.791
-695.525
-696.258
-696.991
-697.722
-698.453
-699.183
-699.912
-700.641
-701.369
-702.096
-702.822
-703.547
-704.272
-704.996
-705.719
-706.441
-707.162
-707.883
-708.602
-709.321
-710.04
-710.757
-711.473
-712.189
-712.904
-713.618
-714.331
-715.043
-715.755
-716.465
-717.175
-717.884
-718.592
-719.299
-720.006
-720.711
-721.416
-722.119
-722.822
-723.524
-724.225
-724.926
-725.625
-726.323
-727.021
-727.717
-728.413
-729.108
-729.802
-730.495
-731.187
-731.878
-732.569
-733.258
-733.946
-734.634
-735.321
-736.006
-736.691
-737.375
-738.058
-738.74
-739.42
-740.1
-740.779
-741.457
-742.135
-742.811
-743.486
-744.16
-744.834
-745.506
-746.177
-746.848
-747.517
-748.185
-748.853
-749.519
-750.185
-750.849
-751.513
-752.175
-752.837
-753.497
-754.157
-754.815
-755.473
-756.129
-756.785
-757.439
-758.092
-758.745
-759.396
-760.047
-760.696
-761.345
-761.992
-762.639
-763.284
-763.928
-764.572
-765.214
-765.855
-766.496
-767.135
-767.773
-768.41
-762.331
-762.983
-763.634
-764.285
-764.934
-765.583
-766.23
-766.876
-767.522
-768.166
-768.809
-769.452
-770.093
-770.733
-771.372
-772.01
-772.648
)
;

boundaryField
{
    inlet
    {
        type            zeroGradient;
    }
    outlet
    {
        type            fixedValue;
        value           uniform 0;
    }
    lowerWall
    {
        type            zeroGradient;
    }
    upperWall
    {
        type            zeroGradient;
    }
    frontAndBack
    {
        type            zeroGradient;
    }
    procBoundary8to2
    {
        type            processor;
        value           nonuniform List<scalar> 
85
(
-428.65
-433.673
-433.673
-437.911
-442.929
-442.929
-447.947
-447.947
-452.964
-452.964
-457.202
-462.22
-462.22
-467.236
-467.236
-472.252
-472.252
-476.49
-481.505
-481.505
-486.52
-486.52
-490.758
-495.773
-495.773
-500.787
-500.787
-505.8
-505.8
-510.038
-515.051
-515.051
-520.063
-520.063
-524.301
-529.313
-529.313
-534.325
-534.325
-539.335
-539.335
-543.573
-548.584
-548.584
-553.594
-553.594
-557.832
-562.841
-562.841
-567.85
-567.85
-572.858
-572.858
-577.096
-582.104
-582.104
-587.111
-587.111
-591.349
-596.355
-596.355
-601.361
-601.361
-606.366
-606.366
-610.604
-615.609
-615.609
-620.614
-620.614
-625.617
-625.617
-629.855
-634.858
-634.858
-639.861
-639.861
-644.099
-649.101
-649.101
-654.102
-654.102
-659.102
-659.102
-663.34
)
;
    }
    procBoundary8to11
    {
        type            processor;
        value           nonuniform List<scalar> 
150
(
-668.339
-669.101
-669.862
-670.622
-671.382
-672.141
-672.899
-673.657
-674.414
-675.171
-675.927
-676.682
-677.437
-678.191
-678.944
-679.697
-680.449
-681.2
-681.951
-682.701
-683.451
-684.2
-684.948
-685.695
-686.442
-687.188
-687.933
-688.678
-689.422
-690.165
-690.908
-691.65
-692.391
-693.131
-693.871
-694.61
-695.348
-696.086
-696.823
-697.559
-698.294
-699.029
-699.763
-700.496
-701.228
-701.96
-702.691
-703.421
-704.15
-704.878
-705.606
-706.333
-707.059
-707.785
-708.509
-709.233
-709.956
-710.678
-711.399
-712.12
-712.84
-713.559
-714.277
-714.994
-715.711
-716.426
-717.141
-717.855
-718.568
-719.281
-719.992
-720.703
-721.412
-722.121
-722.829
-723.537
-724.243
-724.948
-725.653
-726.357
-727.06
-727.762
-728.463
-729.163
-729.862
-730.561
-731.258
-731.955
-732.65
-733.345
-734.039
-734.732
-735.424
-736.116
-736.806
-737.495
-738.184
-738.871
-739.558
-740.243
-740.928
-741.612
-742.295
-742.977
-743.658
-744.338
-745.017
-745.695
-746.372
-747.048
-747.723
-748.398
-749.071
-749.743
-750.415
-751.085
-751.755
-752.423
-753.09
-753.757
-754.422
-755.087
-755.75
-756.413
-757.074
-757.735
-758.394
-759.053
-759.711
-760.367
-761.023
-761.677
-761.677
-766.568
-767.221
-767.872
-768.522
-769.172
-769.82
-770.468
-771.114
-771.759
-772.403
-773.047
-773.689
-774.33
-774.97
-775.609
-776.247
-776.884
)
;
    }
}


// ************************************************************************* //
