/*--------------------------------*- C++ -*----------------------------------*\
| =========                 |                                                 |
| \\      /  F ield         | OpenFOAM: The Open Source CFD Toolbox           |
|  \\    /   O peration     | Version:  2512                                  |
|   \\  /    A nd           | Website:  www.openfoam.com                      |
|    \\/     M anipulation  |                                                 |
\*---------------------------------------------------------------------------*/
FoamFile
{
    version     2.0;
    format      ascii;
    arch        "LSB;label=32;scalar=64";
    class       volScalarField;
    location    "0.1";
    object      pB;
}
// * * * * * * * * * * * * * * * * * * * * * * * * * * * * * * * * * * * * * //

dimensions      [1 1 -3 0 0 -1 0];

internalField   nonuniform List<scalar> 
8334
(
-14.6293
-14.6838
-14.7363
-14.7866
-14.8348
-14.8809
-14.9249
-14.9668
-15.0066
-15.0441
-15.0796
-15.113
-15.1443
-15.1736
-15.2008
-15.2261
-15.2494
-15.2709
-15.2906
-15.3085
-15.3248
-15.3394
-15.3525
-15.3641
-15.3744
-15.3833
-15.3911
-15.3977
-15.4033
-15.408
-15.4119
-15.4151
-15.4178
-15.4199
-15.4217
-15.4233
-15.4247
-15.426
-15.4274
-15.4289
-15.4306
-15.4326
-15.4349
-15.4375
-15.4405
-15.4439
-15.4478
-15.4521
-15.4569
-15.4621
-15.4678
-15.4739
-15.4804
-15.4874
-15.4947
-15.5025
-15.5106
-15.519
-15.5278
-15.5368
-15.5462
-15.5558
-15.5656
-15.5757
-15.5859
-15.5963
-15.6069
-15.6176
-15.6284
-15.6394
-15.6504
-15.6615
-15.6726
-15.6838
-15.695
-15.7062
-15.7174
-15.7286
-15.7398
-15.751
-15.7621
-15.7731
-15.7841
-15.7951
-15.8059
-15.8167
-15.8274
-15.838
-15.8484
-15.8588
-15.8691
-15.8792
-15.8893
-15.8992
-15.909
-15.9186
-15.9282
-15.9376
-15.9468
-15.9559
-15.9649
-15.9738
-15.9825
-15.991
-15.9995
-16.0077
-16.0159
-16.0239
-16.0317
-16.0394
-16.0469
-16.0543
-16.0615
-16.0685
-16.0754
-16.0821
-16.0887
-16.095
-16.1012
-16.1072
-16.1129
-16.1185
-16.1238
-16.1288
-16.1335
-16.138
-16.1421
-16.1459
-16.1492
-16.1521
-16.1545
-16.1564
-16.1577
-16.1582
-16.158
-16.157
-16.155
-16.1519
-16.1476
-16.142
-16.1348
-16.1259
-16.115
-16.102
-16.0865
-16.0683
-16.047
-16.0222
-15.9936
-15.9606
-15.9227
-15.8794
-15.83
-15.7737
-15.7098
-15.6374
-15.5555
-15.463
-15.3586
-15.2411
-15.1089
-14.9605
-14.794
-14.6074
-14.3985
-14.1648
-13.9037
-13.6122
-13.2871
-12.9248
-12.5214
-12.0724
-11.5731
-11.0184
-10.4023
-9.7186
-8.96024
-8.11943
-7.1877
-6.1554
-5.0119
-3.74557
-2.3421
-0.826151
-14.6528
-14.7052
-14.7555
-14.8037
-14.8498
-14.8937
-14.9356
-14.9753
-15.0129
-15.0483
-15.0817
-15.1129
-15.1422
-15.1694
-15.1946
-15.2179
-15.2394
-15.259
-15.2769
-15.2932
-15.3078
-15.3208
-15.3325
-15.3427
-15.3516
-15.3593
-15.366
-15.3716
-15.3763
-15.3801
-15.3833
-15.386
-15.3881
-15.3899
-15.3914
-15.3928
-15.3942
-15.3956
-15.397
-15.3987
-15.4007
-15.4029
-15.4055
-15.4085
-15.4119
-15.4158
-15.4201
-15.4248
-15.43
-15.4357
-15.4418
-15.4483
-15.4552
-15.4626
-15.4703
-15.4783
-15.4868
-15.4955
-15.5045
-15.5138
-15.5234
-15.5332
-15.5432
-15.5535
-15.5639
-15.5744
-15.5851
-15.5959
-15.6068
-15.6178
-15.6288
-15.64
-15.6511
-15.6623
-15.6735
-15.6847
-15.6958
-15.707
-15.7181
-15.7292
-15.7402
-15.7512
-15.7621
-15.7729
-15.7837
-15.7943
-15.8049
-15.8153
-15.8257
-15.8359
-15.846
-15.8561
-15.8659
-15.8757
-15.8853
-15.8948
-15.9042
-15.9134
-15.9225
-15.9315
-15.9403
-15.949
-15.9576
-15.966
-15.9742
-15.9823
-15.9903
-15.9981
-16.0057
-16.0133
-16.0206
-16.0278
-16.0348
-16.0417
-16.0484
-16.0549
-16.0613
-16.0674
-16.0734
-16.0791
-16.0847
-16.0899
-16.095
-16.0997
-16.1041
-16.1083
-16.112
-16.1153
-16.1183
-16.1207
-16.1225
-16.1238
-16.1244
-16.1242
-16.1232
-16.1212
-16.1181
-16.1138
-16.1082
-16.101
-16.0922
-16.0814
-16.0684
-16.053
-16.0348
-16.0136
-15.9889
-15.9603
-15.9275
-15.8897
-15.8465
-15.7972
-15.7411
-15.6773
-15.6051
-15.5234
-15.4311
-15.3269
-15.2097
-15.0779
-14.9297
-14.7636
-14.5773
-14.3688
-14.1356
-13.8751
-13.5841
-13.2596
-12.898
-12.4952
-12.047
-11.5486
-10.9948
-10.3797
-9.69708
-8.93988
-8.10035
-7.16999
-6.13919
-4.99735
-3.73267
-2.33055
-0.818242
-14.601
-14.6533
-14.7036
-14.7517
-14.7977
-14.8416
-14.8834
-14.9231
-14.9606
-14.996
-15.0293
-15.0605
-15.0897
-15.1168
-15.142
-15.1653
-15.1867
-15.2063
-15.2242
-15.2404
-15.2549
-15.268
-15.2795
-15.2897
-15.2986
-15.3063
-15.3129
-15.3185
-15.3231
-15.327
-15.3302
-15.3328
-15.3349
-15.3367
-15.3382
-15.3396
-15.3409
-15.3422
-15.3437
-15.3454
-15.3473
-15.3495
-15.3521
-15.355
-15.3584
-15.3622
-15.3665
-15.3712
-15.3764
-15.382
-15.3881
-15.3945
-15.4014
-15.4087
-15.4164
-15.4244
-15.4328
-15.4415
-15.4505
-15.4597
-15.4693
-15.479
-15.489
-15.4992
-15.5095
-15.52
-15.5307
-15.5414
-15.5523
-15.5632
-15.5742
-15.5853
-15.5964
-15.6075
-15.6187
-15.6298
-15.6409
-15.652
-15.6631
-15.6742
-15.6851
-15.6961
-15.7069
-15.7177
-15.7284
-15.739
-15.7495
-15.7599
-15.7702
-15.7804
-15.7905
-15.8005
-15.8103
-15.82
-15.8296
-15.8391
-15.8484
-15.8576
-15.8667
-15.8756
-15.8844
-15.893
-15.9015
-15.9099
-15.9181
-15.9262
-15.9341
-15.9419
-15.9495
-15.957
-15.9643
-15.9715
-15.9785
-15.9853
-15.992
-15.9985
-16.0048
-16.0109
-16.0169
-16.0226
-16.0281
-16.0333
-16.0383
-16.0431
-16.0475
-16.0516
-16.0554
-16.0587
-16.0616
-16.064
-16.0659
-16.0672
-16.0678
-16.0676
-16.0666
-16.0646
-16.0616
-16.0574
-16.0518
-16.0447
-16.0359
-16.0252
-16.0123
-15.997
-15.9789
-15.9578
-15.9333
-15.9049
-15.8722
-15.8346
-15.7916
-15.7426
-15.6868
-15.6233
-15.5514
-15.4701
-15.3782
-15.2745
-15.1578
-15.0265
-14.879
-14.7135
-14.528
-14.3203
-14.088
-13.8284
-13.5385
-13.2152
-12.8548
-12.4534
-12.0067
-11.5099
-10.9578
-10.3447
-9.66413
-8.90919
-8.07213
-7.14443
-6.11656
-4.97794
-3.71671
-2.31852
-0.812197
-14.5764
-14.6265
-14.6746
-14.7206
-14.7644
-14.8061
-14.8457
-14.8831
-14.9184
-14.9517
-14.9828
-15.0119
-15.039
-15.0641
-15.0873
-15.1086
-15.1282
-15.146
-15.1621
-15.1766
-15.1896
-15.2011
-15.2112
-15.2201
-15.2277
-15.2343
-15.2398
-15.2444
-15.2482
-15.2514
-15.2539
-15.256
-15.2578
-15.2592
-15.2606
-15.2618
-15.2632
-15.2646
-15.2662
-15.2681
-15.2703
-15.2728
-15.2757
-15.2791
-15.2828
-15.2871
-15.2917
-15.2968
-15.3024
-15.3084
-15.3148
-15.3217
-15.3289
-15.3365
-15.3445
-15.3528
-15.3614
-15.3703
-15.3795
-15.389
-15.3987
-15.4086
-15.4187
-15.429
-15.4394
-15.45
-15.4607
-15.4714
-15.4823
-15.4933
-15.5043
-15.5153
-15.5264
-15.5374
-15.5485
-15.5596
-15.5706
-15.5816
-15.5926
-15.6035
-15.6143
-15.6251
-15.6358
-15.6464
-15.657
-15.6674
-15.6778
-15.688
-15.6981
-15.7082
-15.7181
-15.7278
-15.7375
-15.747
-15.7564
-15.7657
-15.7748
-15.7838
-15.7927
-15.8014
-15.81
-15.8185
-15.8268
-15.8349
-15.843
-15.8508
-15.8586
-15.8661
-15.8736
-15.8808
-15.8879
-15.8949
-15.9017
-15.9083
-15.9148
-15.9211
-15.9272
-15.9331
-15.9388
-15.9442
-15.9495
-15.9545
-15.9592
-15.9636
-15.9677
-15.9714
-15.9747
-15.9776
-15.9801
-15.9819
-15.9832
-15.9839
-15.9837
-15.9828
-15.9808
-15.9779
-15.9737
-15.9682
-15.9612
-15.9525
-15.9419
-15.9292
-15.914
-15.8962
-15.8753
-15.8509
-15.8228
-15.7904
-15.7531
-15.7105
-15.6619
-15.6065
-15.5435
-15.4722
-15.3914
-15.3001
-15.1972
-15.0813
-14.9508
-14.8043
-14.6398
-14.4555
-14.249
-14.0181
-13.76
-13.4717
-13.1502
-12.7917
-12.3924
-11.948
-11.4538
-10.9044
-10.2943
-9.61695
-8.86553
-8.03229
-7.10875
-6.08542
-4.9518
-3.69602
-2.3042
-0.806156
-14.525
-14.573
-14.6189
-14.6627
-14.7043
-14.7437
-14.781
-14.8162
-14.8494
-14.8804
-14.9094
-14.9364
-14.9614
-14.9845
-15.0057
-15.0252
-15.0429
-15.0589
-15.0734
-15.0863
-15.0977
-15.1078
-15.1166
-15.1241
-15.1306
-15.1361
-15.1407
-15.1444
-15.1475
-15.15
-15.152
-15.1537
-15.1552
-15.1564
-15.1577
-15.1589
-15.1603
-15.1619
-15.1637
-15.1658
-15.1683
-15.1712
-15.1744
-15.1782
-15.1823
-15.1869
-15.192
-15.1974
-15.2034
-15.2097
-15.2165
-15.2236
-15.2312
-15.2391
-15.2473
-15.2558
-15.2647
-15.2738
-15.2832
-15.2928
-15.3026
-15.3126
-15.3228
-15.3331
-15.3436
-15.3542
-15.3649
-15.3757
-15.3865
-15.3974
-15.4084
-15.4193
-15.4303
-15.4413
-15.4523
-15.4632
-15.4741
-15.485
-15.4958
-15.5066
-15.5173
-15.5279
-15.5384
-15.5489
-15.5592
-15.5695
-15.5797
-15.5897
-15.5996
-15.6095
-15.6191
-15.6287
-15.6382
-15.6475
-15.6567
-15.6657
-15.6747
-15.6834
-15.6921
-15.7006
-15.709
-15.7172
-15.7253
-15.7333
-15.7411
-15.7487
-15.7562
-15.7636
-15.7708
-15.7779
-15.7848
-15.7915
-15.7981
-15.8045
-15.8107
-15.8168
-15.8226
-15.8283
-15.8337
-15.8389
-15.8439
-15.8486
-15.8529
-15.857
-15.8607
-15.8641
-15.867
-15.8694
-15.8713
-15.8726
-15.8733
-15.8732
-15.8723
-15.8704
-15.8676
-15.8635
-15.8581
-15.8512
-15.8427
-15.8322
-15.8197
-15.8048
-15.7871
-15.7665
-15.7425
-15.7147
-15.6827
-15.6459
-15.6037
-15.5556
-15.5008
-15.4385
-15.3679
-15.2879
-15.1975
-15.0955
-14.9807
-14.8514
-14.7061
-14.5431
-14.3603
-14.1555
-13.9264
-13.6703
-13.3843
-13.0651
-12.7093
-12.3129
-11.8716
-11.3808
-10.8351
-10.229
-9.556
-8.80932
-7.98123
-7.06329
-6.04608
-4.91917
-3.6708
-2.28753
-0.79975
-14.4475
-14.4933
-14.5369
-14.5783
-14.6177
-14.6548
-14.6899
-14.7229
-14.7538
-14.7826
-14.8095
-14.8344
-14.8574
-14.8785
-14.8979
-14.9155
-14.9314
-14.9457
-14.9585
-14.9699
-14.9799
-14.9886
-14.9961
-15.0025
-15.0079
-15.0124
-15.0161
-15.0191
-15.0215
-15.0235
-15.0251
-15.0265
-15.0277
-15.0288
-15.03
-15.0314
-15.0329
-15.0346
-15.0367
-15.0391
-15.0419
-15.0451
-15.0487
-15.0528
-15.0573
-15.0623
-15.0677
-15.0735
-15.0798
-15.0865
-15.0935
-15.101
-15.1088
-15.1169
-15.1253
-15.1341
-15.1431
-15.1523
-15.1618
-15.1716
-15.1815
-15.1915
-15.2018
-15.2121
-15.2226
-15.2332
-15.2439
-15.2546
-15.2654
-15.2762
-15.2871
-15.2979
-15.3088
-15.3196
-15.3305
-15.3413
-15.352
-15.3627
-15.3734
-15.384
-15.3945
-15.4049
-15.4153
-15.4255
-15.4357
-15.4457
-15.4556
-15.4655
-15.4752
-15.4848
-15.4942
-15.5036
-15.5128
-15.5219
-15.5309
-15.5397
-15.5484
-15.5569
-15.5654
-15.5736
-15.5818
-15.5898
-15.5976
-15.6054
-15.6129
-15.6204
-15.6277
-15.6348
-15.6418
-15.6486
-15.6553
-15.6618
-15.6681
-15.6743
-15.6803
-15.6861
-15.6917
-15.6971
-15.7023
-15.7072
-15.7118
-15.7162
-15.7202
-15.724
-15.7273
-15.7302
-15.7326
-15.7346
-15.7359
-15.7366
-15.7366
-15.7358
-15.734
-15.7312
-15.7273
-15.722
-15.7153
-15.707
-15.6967
-15.6844
-15.6698
-15.6525
-15.6322
-15.6086
-15.5812
-15.5497
-15.5134
-15.4719
-15.4244
-15.3703
-15.3089
-15.2391
-15.1602
-15.0709
-14.9701
-14.8566
-14.7288
-14.5851
-14.4238
-14.243
-14.0403
-13.8136
-13.56
-13.2768
-12.9606
-12.6081
-12.2153
-11.7779
-11.2913
-10.7503
-10.1492
-9.48167
-8.74092
-7.91928
-7.00836
-5.9988
-4.88028
-3.64117
-2.26845
-0.792766
-14.2985
-14.3441
-14.3876
-14.4289
-14.468
-14.5051
-14.54
-14.5728
-14.6035
-14.6322
-14.6589
-14.6837
-14.7065
-14.7275
-14.7467
-14.7642
-14.78
-14.7942
-14.8069
-14.8182
-14.8281
-14.8367
-14.8441
-14.8504
-14.8557
-14.8601
-14.8637
-14.8666
-14.869
-14.8709
-14.8724
-14.8737
-14.8748
-14.8759
-14.877
-14.8783
-14.8797
-14.8814
-14.8834
-14.8857
-14.8884
-14.8915
-14.8951
-14.8991
-14.9035
-14.9084
-14.9137
-14.9194
-14.9256
-14.9321
-14.9391
-14.9464
-14.9541
-14.9621
-14.9704
-14.979
-14.9879
-14.9971
-15.0064
-15.016
-15.0258
-15.0357
-15.0458
-15.0561
-15.0664
-15.0769
-15.0874
-15.098
-15.1086
-15.1193
-15.13
-15.1408
-15.1515
-15.1622
-15.1729
-15.1836
-15.1942
-15.2048
-15.2153
-15.2258
-15.2361
-15.2464
-15.2566
-15.2668
-15.2768
-15.2867
-15.2965
-15.3062
-15.3158
-15.3253
-15.3346
-15.3438
-15.353
-15.3619
-15.3708
-15.3795
-15.3881
-15.3965
-15.4048
-15.413
-15.421
-15.4289
-15.4367
-15.4443
-15.4518
-15.4591
-15.4663
-15.4734
-15.4803
-15.487
-15.4936
-15.5
-15.5063
-15.5124
-15.5183
-15.5241
-15.5296
-15.5349
-15.5401
-15.5449
-15.5496
-15.5539
-15.5579
-15.5616
-15.565
-15.5679
-15.5703
-15.5723
-15.5737
-15.5744
-15.5745
-15.5737
-15.5721
-15.5694
-15.5656
-15.5606
-15.5541
-15.5459
-15.536
-15.5239
-15.5096
-15.4927
-15.4728
-15.4497
-15.4229
-15.3919
-15.3563
-15.3155
-15.2688
-15.2157
-15.1552
-15.0865
-15.0088
-14.9208
-14.8215
-14.7096
-14.5835
-14.4418
-14.2827
-14.1041
-13.904
-13.68
-13.4295
-13.1496
-12.8371
-12.4885
-12.1
-11.6674
-11.1859
-10.6504
-10.0553
-9.39433
-8.66069
-7.84677
-6.94424
-5.94383
-4.83532
-3.60725
-2.24694
-0.785089
-14.172
-14.2152
-14.2564
-14.2953
-14.3322
-14.3669
-14.3995
-14.4301
-14.4586
-14.4852
-14.5097
-14.5324
-14.5533
-14.5723
-14.5897
-14.6053
-14.6194
-14.632
-14.6431
-14.6529
-14.6614
-14.6686
-14.6748
-14.68
-14.6844
-14.6879
-14.6907
-14.693
-14.6948
-14.6962
-14.6974
-14.6985
-14.6994
-14.7005
-14.7016
-14.703
-14.7046
-14.7064
-14.7087
-14.7113
-14.7143
-14.7178
-14.7216
-14.7259
-14.7307
-14.7359
-14.7415
-14.7476
-14.754
-14.7608
-14.768
-14.7755
-14.7834
-14.7916
-14.8001
-14.8088
-14.8178
-14.8271
-14.8365
-14.8461
-14.8559
-14.8659
-14.8759
-14.8861
-14.8964
-14.9068
-14.9173
-14.9278
-14.9383
-14.9488
-14.9594
-14.97
-14.9806
-14.9911
-15.0016
-15.0121
-15.0225
-15.0329
-15.0432
-15.0534
-15.0635
-15.0736
-15.0836
-15.0934
-15.1032
-15.1129
-15.1224
-15.1319
-15.1412
-15.1504
-15.1595
-15.1685
-15.1773
-15.186
-15.1946
-15.2031
-15.2114
-15.2196
-15.2276
-15.2355
-15.2433
-15.251
-15.2585
-15.2658
-15.273
-15.2801
-15.2871
-15.2939
-15.3005
-15.307
-15.3134
-15.3196
-15.3256
-15.3314
-15.3371
-15.3426
-15.3478
-15.3529
-15.3577
-15.3623
-15.3666
-15.3706
-15.3743
-15.3777
-15.3806
-15.3831
-15.3851
-15.3865
-15.3873
-15.3875
-15.3868
-15.3853
-15.3828
-15.3792
-15.3743
-15.368
-15.3602
-15.3505
-15.3388
-15.3249
-15.3084
-15.2891
-15.2665
-15.2403
-15.21
-15.1751
-15.1352
-15.0895
-15.0373
-14.978
-14.9106
-14.8343
-14.7479
-14.6503
-14.5402
-14.4162
-14.2768
-14.1201
-13.9442
-13.7471
-13.5264
-13.2794
-13.0034
-12.6951
-12.3511
-11.9676
-11.5404
-11.0649
-10.5358
-9.94772
-9.29437
-8.56897
-7.76401
-6.87121
-5.8814
-4.78447
-3.56913
-2.22301
-0.776663
-14.0204
-14.0613
-14.1001
-14.1368
-14.1713
-14.2037
-14.2341
-14.2624
-14.2887
-14.3131
-14.3356
-14.3563
-14.3752
-14.3923
-14.4079
-14.4218
-14.4342
-14.4452
-14.4548
-14.4632
-14.4703
-14.4764
-14.4815
-14.4857
-14.4891
-14.4918
-14.494
-14.4957
-14.497
-14.4981
-14.499
-14.4999
-14.5009
-14.5019
-14.5032
-14.5046
-14.5064
-14.5085
-14.5111
-14.514
-14.5173
-14.521
-14.5252
-14.5299
-14.5349
-14.5404
-14.5463
-14.5526
-14.5593
-14.5664
-14.5737
-14.5815
-14.5895
-14.5978
-14.6064
-14.6152
-14.6243
-14.6336
-14.643
-14.6527
-14.6624
-14.6723
-14.6824
-14.6925
-14.7027
-14.713
-14.7233
-14.7336
-14.744
-14.7544
-14.7648
-14.7752
-14.7856
-14.7959
-14.8062
-14.8164
-14.8266
-14.8368
-14.8468
-14.8568
-14.8667
-14.8765
-14.8862
-14.8958
-14.9053
-14.9147
-14.924
-14.9332
-14.9422
-14.9511
-14.96
-14.9686
-14.9772
-14.9856
-14.9939
-15.0021
-15.0102
-15.0181
-15.0258
-15.0335
-15.041
-15.0484
-15.0556
-15.0627
-15.0697
-15.0765
-15.0832
-15.0897
-15.0961
-15.1024
-15.1085
-15.1144
-15.1202
-15.1257
-15.1311
-15.1364
-15.1414
-15.1461
-15.1507
-15.155
-15.1589
-15.1626
-15.166
-15.1689
-15.1714
-15.1734
-15.1749
-15.1759
-15.1761
-15.1756
-15.1742
-15.1718
-15.1684
-15.1638
-15.1578
-15.1502
-15.1409
-15.1297
-15.1162
-15.1002
-15.0814
-15.0595
-15.034
-15.0045
-14.9705
-14.9315
-14.8869
-14.8359
-14.7779
-14.712
-14.6372
-14.5526
-14.4569
-14.349
-14.2274
-14.0905
-13.9366
-13.7639
-13.5701
-13.3531
-13.1102
-12.8385
-12.5351
-12.1963
-11.8186
-11.3975
-10.9287
-10.407
-9.82685
-9.18214
-8.4661
-7.67131
-6.78954
-5.81174
-4.72789
-3.52691
-2.19668
-0.76746
-13.8443
-13.8829
-13.9193
-13.9536
-13.9858
-14.0159
-14.044
-14.0701
-14.0943
-14.1166
-14.1371
-14.1558
-14.1728
-14.1881
-14.2019
-14.2141
-14.2249
-14.2344
-14.2426
-14.2497
-14.2556
-14.2605
-14.2646
-14.2679
-14.2705
-14.2725
-14.2741
-14.2753
-14.2763
-14.2771
-14.2779
-14.2787
-14.2797
-14.2808
-14.2822
-14.2838
-14.2858
-14.2882
-14.291
-14.2942
-14.2978
-14.3019
-14.3064
-14.3113
-14.3167
-14.3224
-14.3286
-14.3351
-14.342
-14.3492
-14.3567
-14.3646
-14.3727
-14.3812
-14.3898
-14.3987
-14.4078
-14.417
-14.4265
-14.4361
-14.4458
-14.4556
-14.4655
-14.4755
-14.4856
-14.4958
-14.5059
-14.5161
-14.5263
-14.5365
-14.5467
-14.5569
-14.567
-14.5771
-14.5872
-14.5972
-14.6071
-14.617
-14.6268
-14.6365
-14.6461
-14.6556
-14.665
-14.6744
-14.6836
-14.6927
-14.7017
-14.7105
-14.7193
-14.7279
-14.7365
-14.7449
-14.7531
-14.7613
-14.7693
-14.7772
-14.7849
-14.7925
-14.8
-14.8074
-14.8146
-14.8217
-14.8287
-14.8355
-14.8422
-14.8488
-14.8552
-14.8615
-14.8676
-14.8736
-14.8794
-14.8851
-14.8906
-14.8959
-14.9011
-14.906
-14.9107
-14.9152
-14.9195
-14.9234
-14.9271
-14.9304
-14.9334
-14.9359
-14.938
-14.9396
-14.9406
-14.9409
-14.9406
-14.9393
-14.9372
-14.934
-14.9297
-14.924
-14.9168
-14.9078
-14.897
-14.884
-14.8686
-14.8505
-14.8292
-14.8045
-14.7759
-14.7429
-14.705
-14.6616
-14.612
-14.5555
-14.4912
-14.4182
-14.3356
-14.2421
-14.1365
-14.0175
-13.8835
-13.7328
-13.5636
-13.3736
-13.1607
-12.9223
-12.6556
-12.3575
-12.0246
-11.6532
-11.2391
-10.7778
-10.2643
-9.69306
-9.05798
-8.3524
-7.56894
-6.69948
-5.73505
-4.66576
-3.4807
-2.16796
-0.757476
-13.6059
-13.6442
-13.6803
-13.7144
-13.7463
-13.7762
-13.804
-13.8299
-13.8538
-13.8759
-13.8962
-13.9147
-13.9314
-13.9466
-13.9602
-13.9722
-13.9829
-13.9922
-14.0003
-14.0071
-14.0129
-14.0177
-14.0217
-14.0248
-14.0273
-14.0292
-14.0306
-14.0317
-14.0326
-14.0333
-14.0339
-14.0346
-14.0355
-14.0364
-14.0377
-14.0392
-14.0411
-14.0434
-14.046
-14.0491
-14.0526
-14.0565
-14.0608
-14.0656
-14.0708
-14.0764
-14.0823
-14.0887
-14.0954
-14.1024
-14.1098
-14.1175
-14.1254
-14.1336
-14.1421
-14.1508
-14.1597
-14.1687
-14.1779
-14.1873
-14.1968
-14.2065
-14.2162
-14.226
-14.2358
-14.2457
-14.2557
-14.2657
-14.2757
-14.2856
-14.2956
-14.3056
-14.3155
-14.3254
-14.3352
-14.345
-14.3548
-14.3644
-14.374
-14.3835
-14.3929
-14.4022
-14.4115
-14.4206
-14.4296
-14.4385
-14.4473
-14.456
-14.4646
-14.473
-14.4813
-14.4895
-14.4976
-14.5056
-14.5134
-14.5211
-14.5287
-14.5362
-14.5435
-14.5507
-14.5578
-14.5647
-14.5716
-14.5782
-14.5848
-14.5912
-14.5975
-14.6037
-14.6097
-14.6155
-14.6213
-14.6268
-14.6322
-14.6375
-14.6425
-14.6474
-14.6521
-14.6565
-14.6607
-14.6647
-14.6683
-14.6717
-14.6746
-14.6772
-14.6794
-14.681
-14.6821
-14.6826
-14.6824
-14.6813
-14.6794
-14.6765
-14.6724
-14.6671
-14.6603
-14.6518
-14.6415
-14.6291
-14.6143
-14.5968
-14.5764
-14.5526
-14.5249
-14.493
-14.4564
-14.4143
-14.3661
-14.3112
-14.2488
-14.1778
-14.0973
-14.0062
-13.9034
-13.7873
-13.6564
-13.5092
-13.3438
-13.158
-12.9497
-12.7163
-12.455
-12.1629
-11.8365
-11.4721
-11.0657
-10.6127
-10.1082
-9.54671
-8.92225
-8.22818
-7.4572
-6.60128
-5.65153
-4.59823
-3.43059
-2.13692
-0.746714
-13.3845
-13.4204
-13.4541
-13.4858
-13.5153
-13.5429
-13.5685
-13.5922
-13.6141
-13.6341
-13.6524
-13.6689
-13.6839
-13.6972
-13.7091
-13.7196
-13.7287
-13.7366
-13.7433
-13.749
-13.7536
-13.7574
-13.7604
-13.7627
-13.7645
-13.7658
-13.7667
-13.7674
-13.768
-13.7685
-13.7691
-13.7698
-13.7706
-13.7717
-13.7731
-13.7749
-13.777
-13.7795
-13.7824
-13.7857
-13.7895
-13.7937
-13.7983
-13.8033
-13.8087
-13.8145
-13.8206
-13.8271
-13.834
-13.8412
-13.8486
-13.8564
-13.8644
-13.8726
-13.8811
-13.8898
-13.8986
-13.9076
-13.9168
-13.926
-13.9354
-13.9449
-13.9545
-13.9641
-13.9738
-13.9835
-13.9933
-14.003
-14.0128
-14.0225
-14.0322
-14.0419
-14.0516
-14.0612
-14.0708
-14.0803
-14.0897
-14.0991
-14.1083
-14.1175
-14.1266
-14.1356
-14.1445
-14.1533
-14.162
-14.1706
-14.1791
-14.1874
-14.1957
-14.2038
-14.2118
-14.2197
-14.2275
-14.2351
-14.2427
-14.2501
-14.2573
-14.2645
-14.2715
-14.2784
-14.2852
-14.2919
-14.2984
-14.3048
-14.3111
-14.3172
-14.3232
-14.3291
-14.3349
-14.3405
-14.3459
-14.3512
-14.3564
-14.3613
-14.3661
-14.3707
-14.3751
-14.3793
-14.3832
-14.3869
-14.3902
-14.3932
-14.3959
-14.3981
-14.3998
-14.401
-14.4016
-14.4016
-14.4008
-14.3991
-14.3965
-14.3927
-14.3877
-14.3814
-14.3734
-14.3636
-14.3518
-14.3377
-14.3211
-14.3015
-14.2786
-14.2521
-14.2214
-14.186
-14.1454
-14.0989
-14.0458
-13.9853
-13.9165
-13.8384
-13.75
-13.65
-13.5371
-13.4097
-13.2664
-13.1051
-12.9239
-12.7206
-12.4926
-12.2373
-11.9516
-11.6323
-11.2756
-10.8775
-10.4336
-9.93894
-9.38814
-8.77526
-8.09374
-7.33635
-6.49516
-5.56139
-4.52543
-3.37667
-2.10359
-0.735185
-13.1399
-13.1734
-13.2047
-13.234
-13.2613
-13.2866
-13.31
-13.3316
-13.3514
-13.3694
-13.3857
-13.4004
-13.4136
-13.4253
-13.4356
-13.4445
-13.4522
-13.4587
-13.4642
-13.4687
-13.4723
-13.4751
-13.4773
-13.4789
-13.48
-13.4809
-13.4814
-13.4818
-13.4822
-13.4826
-13.4832
-13.4839
-13.4848
-13.4861
-13.4877
-13.4896
-13.492
-13.4947
-13.4979
-13.5015
-13.5055
-13.5099
-13.5147
-13.5199
-13.5255
-13.5315
-13.5378
-13.5444
-13.5514
-13.5586
-13.5662
-13.5739
-13.582
-13.5902
-13.5986
-13.6072
-13.616
-13.6249
-13.6339
-13.6431
-13.6523
-13.6616
-13.671
-13.6804
-13.6899
-13.6994
-13.7089
-13.7184
-13.7279
-13.7374
-13.7468
-13.7563
-13.7656
-13.7749
-13.7842
-13.7934
-13.8025
-13.8115
-13.8205
-13.8293
-13.8381
-13.8468
-13.8553
-13.8638
-13.8722
-13.8804
-13.8886
-13.8966
-13.9045
-13.9123
-13.92
-13.9275
-13.935
-13.9423
-13.9495
-13.9566
-13.9635
-13.9704
-13.9771
-13.9837
-13.9902
-13.9965
-14.0028
-14.0089
-14.0149
-14.0207
-14.0265
-14.0321
-14.0376
-14.0429
-14.0481
-14.0532
-14.0581
-14.0628
-14.0673
-14.0717
-14.0758
-14.0797
-14.0833
-14.0867
-14.0897
-14.0924
-14.0947
-14.0965
-14.0979
-14.0986
-14.0988
-14.0982
-14.0968
-14.0945
-14.0911
-14.0865
-14.0806
-14.0732
-14.064
-14.0529
-14.0395
-14.0237
-14.0051
-13.9833
-13.9579
-13.9285
-13.8946
-13.8556
-13.8108
-13.7597
-13.7013
-13.6349
-13.5594
-13.4738
-13.377
-13.2675
-13.144
-13.0047
-12.848
-12.6717
-12.4738
-12.2518
-12.0029
-11.7242
-11.4125
-11.0641
-10.6751
-10.241
-9.75697
-9.21772
-8.61735
-7.94937
-7.20666
-6.38136
-5.46481
-4.44753
-3.31905
-2.06802
-0.722903
-12.8395
-12.8726
-12.9036
-12.9326
-12.9596
-12.9846
-13.0077
-13.029
-13.0486
-13.0663
-13.0824
-13.0969
-13.1098
-13.1212
-13.1313
-13.14
-13.1475
-13.1539
-13.1592
-13.1635
-13.1669
-13.1696
-13.1716
-13.173
-13.174
-13.1746
-13.175
-13.1753
-13.1755
-13.1758
-13.1762
-13.1767
-13.1775
-13.1786
-13.1801
-13.1818
-13.184
-13.1866
-13.1896
-13.193
-13.1968
-13.201
-13.2057
-13.2107
-13.2161
-13.2218
-13.2279
-13.2343
-13.241
-13.248
-13.2553
-13.2629
-13.2706
-13.2786
-13.2868
-13.2951
-13.3036
-13.3123
-13.3211
-13.3299
-13.3389
-13.348
-13.3571
-13.3663
-13.3755
-13.3847
-13.3939
-13.4032
-13.4124
-13.4216
-13.4308
-13.4399
-13.449
-13.4581
-13.4671
-13.476
-13.4848
-13.4936
-13.5023
-13.5109
-13.5194
-13.5279
-13.5362
-13.5444
-13.5525
-13.5605
-13.5684
-13.5762
-13.5839
-13.5915
-13.5989
-13.6062
-13.6135
-13.6206
-13.6276
-13.6344
-13.6412
-13.6478
-13.6544
-13.6608
-13.6671
-13.6732
-13.6793
-13.6853
-13.6911
-13.6968
-13.7024
-13.7079
-13.7132
-13.7184
-13.7235
-13.7285
-13.7332
-13.7379
-13.7424
-13.7466
-13.7507
-13.7546
-13.7582
-13.7616
-13.7647
-13.7674
-13.7698
-13.7717
-13.7732
-13.7742
-13.7745
-13.7742
-13.7731
-13.7711
-13.7681
-13.764
-13.7586
-13.7517
-13.7432
-13.7328
-13.7203
-13.7054
-13.6878
-13.6671
-13.643
-13.615
-13.5826
-13.5453
-13.5025
-13.4534
-13.3974
-13.3335
-13.2608
-13.1783
-13.0848
-12.9791
-12.8596
-12.7248
-12.5729
-12.402
-12.2099
-11.9942
-11.7523
-11.4811
-11.1776
-10.8382
-10.4588
-10.0352
-9.56265
-9.03578
-8.44882
-7.79537
-7.06838
-6.2601
-5.36198
-4.36466
-3.25782
-2.03027
-0.709884
-12.5523
-12.583
-12.6116
-12.6383
-12.6631
-12.6859
-12.7069
-12.7261
-12.7436
-12.7594
-12.7736
-12.7863
-12.7975
-12.8073
-12.8159
-12.8232
-12.8293
-12.8344
-12.8385
-12.8418
-12.8442
-12.8461
-12.8473
-12.8481
-12.8486
-12.8488
-12.8489
-12.849
-12.8491
-12.8493
-12.8497
-12.8503
-12.8513
-12.8525
-12.8541
-12.8562
-12.8585
-12.8614
-12.8646
-12.8682
-12.8722
-12.8766
-12.8814
-12.8866
-12.8921
-12.8979
-12.9041
-12.9106
-12.9174
-12.9244
-12.9317
-12.9392
-12.9469
-12.9548
-12.9629
-12.9711
-12.9795
-12.988
-12.9966
-13.0053
-13.0141
-13.0229
-13.0318
-13.0407
-13.0496
-13.0586
-13.0675
-13.0765
-13.0854
-13.0943
-13.1032
-13.112
-13.1208
-13.1295
-13.1381
-13.1467
-13.1552
-13.1636
-13.172
-13.1802
-13.1884
-13.1964
-13.2044
-13.2122
-13.22
-13.2276
-13.2352
-13.2426
-13.2499
-13.2571
-13.2642
-13.2712
-13.2781
-13.2849
-13.2915
-13.2981
-13.3045
-13.3108
-13.317
-13.3231
-13.3291
-13.335
-13.3407
-13.3464
-13.3519
-13.3574
-13.3627
-13.3679
-13.373
-13.378
-13.3828
-13.3875
-13.392
-13.3964
-13.4007
-13.4047
-13.4086
-13.4122
-13.4156
-13.4187
-13.4215
-13.424
-13.426
-13.4277
-13.4288
-13.4294
-13.4293
-13.4285
-13.4269
-13.4243
-13.4207
-13.4158
-13.4096
-13.4018
-13.3921
-13.3805
-13.3666
-13.3501
-13.3306
-13.3079
-13.2814
-13.2507
-13.2152
-13.1744
-13.1276
-13.074
-13.0129
-12.9432
-12.864
-12.7741
-12.6723
-12.5572
-12.4272
-12.2805
-12.1153
-11.9294
-11.7204
-11.4859
-11.2228
-10.9281
-10.5981
-10.2291
-9.81674
-9.35633
-8.84265
-8.26998
-7.63201
-6.92176
-6.13159
-5.25307
-4.27695
-3.19307
-1.99039
-0.696146
-12.2434
-12.2717
-12.2981
-12.3225
-12.345
-12.3657
-12.3846
-12.4018
-12.4173
-12.4312
-12.4437
-12.4546
-12.4642
-12.4725
-12.4796
-12.4855
-12.4904
-12.4943
-12.4974
-12.4997
-12.5013
-12.5024
-12.503
-12.5033
-12.5034
-12.5033
-12.5032
-12.5031
-12.5031
-12.5033
-12.5038
-12.5046
-12.5056
-12.5071
-12.5089
-12.5111
-12.5137
-12.5167
-12.5201
-12.5239
-12.5281
-12.5327
-12.5376
-12.5429
-12.5485
-12.5544
-12.5606
-12.5672
-12.5739
-12.5809
-12.5882
-12.5956
-12.6032
-12.611
-12.619
-12.627
-12.6352
-12.6436
-12.652
-12.6604
-12.669
-12.6775
-12.6862
-12.6948
-12.7034
-12.7121
-12.7207
-12.7294
-12.738
-12.7465
-12.7551
-12.7635
-12.7719
-12.7803
-12.7886
-12.7968
-12.8049
-12.813
-12.8209
-12.8288
-12.8366
-12.8443
-12.8519
-12.8593
-12.8667
-12.874
-12.8812
-12.8882
-12.8952
-12.902
-12.9088
-12.9154
-12.9219
-12.9284
-12.9347
-12.9409
-12.947
-12.953
-12.9589
-12.9646
-12.9703
-12.9759
-12.9814
-12.9867
-12.992
-12.9972
-13.0022
-13.0072
-13.012
-13.0168
-13.0213
-13.0258
-13.0301
-13.0343
-13.0383
-13.0421
-13.0458
-13.0492
-13.0523
-13.0552
-13.0578
-13.06
-13.0618
-13.0631
-13.064
-13.0642
-13.0637
-13.0625
-13.0604
-13.0572
-13.053
-13.0474
-13.0403
-13.0315
-13.0208
-13.008
-12.9926
-12.9745
-12.9532
-12.9283
-12.8993
-12.8658
-12.8272
-12.7828
-12.7318
-12.6736
-12.6071
-12.5314
-12.4454
-12.3478
-12.2373
-12.1123
-11.9711
-11.812
-11.6326
-11.4309
-11.2042
-10.9496
-10.6642
-10.3443
-9.9863
-9.58585
-9.13834
-8.63866
-8.08114
-7.45956
-6.76705
-5.99605
-5.13826
-4.18455
-3.12491
-1.94844
-0.681707
-11.9133
-11.9393
-11.9634
-11.9855
-12.0059
-12.0245
-12.0413
-12.0566
-12.0703
-12.0824
-12.0931
-12.1025
-12.1105
-12.1174
-12.1231
-12.1277
-12.1315
-12.1343
-12.1364
-12.1378
-12.1387
-12.1392
-12.1393
-12.1391
-12.1389
-12.1385
-12.1383
-12.1381
-12.1382
-12.1385
-12.139
-12.1399
-12.1412
-12.1428
-12.1448
-12.1472
-12.15
-12.1532
-12.1568
-12.1607
-12.1651
-12.1697
-12.1748
-12.1801
-12.1858
-12.1917
-12.198
-12.2044
-12.2112
-12.2181
-12.2252
-12.2326
-12.2401
-12.2477
-12.2555
-12.2634
-12.2714
-12.2795
-12.2876
-12.2958
-12.3041
-12.3124
-12.3207
-12.3291
-12.3374
-12.3457
-12.354
-12.3623
-12.3706
-12.3788
-12.3869
-12.395
-12.4031
-12.4111
-12.419
-12.4268
-12.4346
-12.4422
-12.4498
-12.4573
-12.4647
-12.472
-12.4792
-12.4863
-12.4933
-12.5002
-12.5069
-12.5136
-12.5202
-12.5267
-12.5331
-12.5394
-12.5455
-12.5516
-12.5576
-12.5634
-12.5692
-12.5749
-12.5804
-12.5859
-12.5913
-12.5966
-12.6018
-12.6069
-12.6119
-12.6168
-12.6216
-12.6263
-12.6309
-12.6354
-12.6398
-12.644
-12.6481
-12.6521
-12.6559
-12.6595
-12.663
-12.6662
-12.6691
-12.6718
-12.6742
-12.6761
-12.6777
-12.6788
-12.6793
-12.6792
-12.6784
-12.6768
-12.6742
-12.6705
-12.6656
-12.6594
-12.6515
-12.6418
-12.63
-12.6159
-12.5992
-12.5794
-12.5562
-12.5291
-12.4977
-12.4614
-12.4195
-12.3713
-12.3161
-12.253
-12.181
-12.0991
-12.0059
-11.9003
-11.7807
-11.6454
-11.4926
-11.3202
-11.1261
-10.9076
-10.6621
-10.3865
-10.0773
-9.73081
-9.34293
-8.90905
-8.42412
-7.88258
-7.27829
-6.60447
-5.85367
-5.01771
-4.08758
-3.05342
-1.90447
-0.666585
-11.537
-11.5626
-11.5863
-11.6081
-11.6281
-11.6463
-11.6629
-11.6778
-11.6912
-11.7031
-11.7135
-11.7226
-11.7304
-11.737
-11.7425
-11.7469
-11.7504
-11.7531
-11.7549
-11.7562
-11.7569
-11.7571
-11.757
-11.7567
-11.7562
-11.7557
-11.7552
-11.7549
-11.7548
-11.7548
-11.7552
-11.7559
-11.757
-11.7584
-11.7602
-11.7624
-11.765
-11.7679
-11.7713
-11.775
-11.779
-11.7835
-11.7882
-11.7933
-11.7987
-11.8044
-11.8103
-11.8165
-11.8229
-11.8296
-11.8364
-11.8434
-11.8506
-11.8579
-11.8654
-11.8729
-11.8806
-11.8884
-11.8962
-11.9041
-11.912
-11.92
-11.928
-11.936
-11.944
-11.952
-11.96
-11.9679
-11.9758
-11.9837
-11.9916
-11.9993
-12.0071
-12.0147
-12.0223
-12.0298
-12.0372
-12.0446
-12.0519
-12.059
-12.0661
-12.0731
-12.08
-12.0868
-12.0935
-12.1001
-12.1066
-12.113
-12.1193
-12.1256
-12.1317
-12.1377
-12.1436
-12.1494
-12.1551
-12.1608
-12.1663
-12.1717
-12.1771
-12.1824
-12.1875
-12.1926
-12.1976
-12.2025
-12.2074
-12.2121
-12.2168
-12.2213
-12.2258
-12.2302
-12.2345
-12.2387
-12.2427
-12.2466
-12.2504
-12.2541
-12.2575
-12.2608
-12.2638
-12.2666
-12.2691
-12.2713
-12.2731
-12.2745
-12.2753
-12.2756
-12.2752
-12.2741
-12.2721
-12.2691
-12.265
-12.2595
-12.2526
-12.2439
-12.2334
-12.2206
-12.2053
-12.1871
-12.1657
-12.1406
-12.1114
-12.0775
-12.0382
-11.993
-11.9411
-11.8815
-11.8134
-11.7357
-11.6473
-11.5468
-11.4328
-11.3036
-11.1576
-10.9925
-10.8064
-10.5967
-10.3606
-10.0953
-9.79731
-9.46302
-9.08834
-8.66878
-8.19936
-7.6746
-7.08846
-6.43426
-5.70466
-4.89159
-3.98618
-2.97869
-1.85854
-0.650797
-11.1684
-11.1917
-11.2131
-11.2328
-11.2507
-11.2669
-11.2815
-11.2946
-11.3061
-11.3163
-11.3251
-11.3327
-11.339
-11.3443
-11.3485
-11.3518
-11.3542
-11.3558
-11.3568
-11.3573
-11.3573
-11.357
-11.3565
-11.3558
-11.3551
-11.3545
-11.3539
-11.3536
-11.3535
-11.3537
-11.3542
-11.355
-11.3562
-11.3578
-11.3598
-11.3621
-11.3648
-11.3679
-11.3714
-11.3752
-11.3794
-11.3839
-11.3887
-11.3937
-11.3991
-11.4048
-11.4106
-11.4168
-11.4231
-11.4296
-11.4363
-11.4431
-11.4501
-11.4573
-11.4645
-11.4718
-11.4792
-11.4867
-11.4943
-11.5018
-11.5095
-11.5171
-11.5248
-11.5324
-11.5401
-11.5477
-11.5553
-11.5629
-11.5704
-11.5779
-11.5854
-11.5927
-11.6001
-11.6073
-11.6145
-11.6216
-11.6286
-11.6356
-11.6424
-11.6492
-11.6558
-11.6624
-11.6689
-11.6753
-11.6816
-11.6878
-11.694
-11.7
-11.7059
-11.7117
-11.7175
-11.7231
-11.7287
-11.7341
-11.7395
-11.7448
-11.75
-11.7551
-11.7602
-11.7651
-11.77
-11.7748
-11.7795
-11.7842
-11.7888
-11.7933
-11.7977
-11.8021
-11.8063
-11.8105
-11.8146
-11.8186
-11.8225
-11.8263
-11.8299
-11.8334
-11.8367
-11.8399
-11.8428
-11.8455
-11.8478
-11.8499
-11.8515
-11.8528
-11.8534
-11.8535
-11.853
-11.8516
-11.8493
-11.8459
-11.8413
-11.8354
-11.8279
-11.8185
-11.8071
-11.7933
-11.7769
-11.7573
-11.7344
-11.7074
-11.676
-11.6396
-11.5975
-11.5489
-11.4931
-11.4291
-11.3559
-11.2724
-11.1773
-11.0692
-10.9465
-10.8074
-10.6501
-10.4723
-10.2717
-10.0456
-9.79107
-9.50483
-9.18329
-8.82244
-8.41786
-7.96467
-7.45748
-6.89032
-6.25664
-5.54921
-4.76006
-3.88047
-2.90082
-1.81069
-0.634363
-10.7801
-10.8012
-10.8205
-10.838
-10.8539
-10.8681
-10.8809
-10.8922
-10.9021
-10.9106
-10.9179
-10.924
-10.929
-10.9329
-10.936
-10.9382
-10.9396
-10.9404
-10.9406
-10.9404
-10.9399
-10.9392
-10.9383
-10.9374
-10.9365
-10.9358
-10.9352
-10.9349
-10.9349
-10.9352
-10.9358
-10.9368
-10.9382
-10.9399
-10.942
-10.9445
-10.9473
-10.9505
-10.9541
-10.9579
-10.9621
-10.9667
-10.9714
-10.9765
-10.9818
-10.9874
-10.9932
-10.9992
-11.0054
-11.0117
-11.0182
-11.0249
-11.0317
-11.0385
-11.0455
-11.0526
-11.0597
-11.0669
-11.0741
-11.0814
-11.0887
-11.0959
-11.1032
-11.1105
-11.1178
-11.125
-11.1323
-11.1394
-11.1466
-11.1537
-11.1607
-11.1677
-11.1746
-11.1814
-11.1882
-11.1948
-11.2014
-11.208
-11.2144
-11.2207
-11.227
-11.2332
-11.2393
-11.2452
-11.2511
-11.257
-11.2627
-11.2683
-11.2739
-11.2793
-11.2847
-11.2899
-11.2951
-11.3003
-11.3053
-11.3103
-11.3151
-11.3199
-11.3247
-11.3293
-11.3339
-11.3385
-11.343
-11.3474
-11.3517
-11.356
-11.3602
-11.3644
-11.3684
-11.3725
-11.3764
-11.3802
-11.384
-11.3877
-11.3912
-11.3946
-11.3978
-11.4009
-11.4037
-11.4063
-11.4086
-11.4106
-11.4122
-11.4133
-11.4139
-11.4139
-11.4131
-11.4116
-11.409
-11.4054
-11.4005
-11.3941
-11.3861
-11.3761
-11.3639
-11.3493
-11.3317
-11.3109
-11.2864
-11.2577
-11.2242
-11.1853
-11.1402
-11.0883
-11.0286
-10.9601
-10.8817
-10.7923
-10.6903
-10.5743
-10.4426
-10.2933
-10.1243
-9.93321
-9.71747
-9.47421
-9.20023
-8.89199
-8.54556
-8.15662
-7.72036
-7.23148
-6.68413
-6.07185
-5.38751
-4.62328
-3.77057
-2.81989
-1.76099
-0.617299
-10.3522
-10.3728
-10.3917
-10.4088
-10.4243
-10.4383
-10.4507
-10.4617
-10.4713
-10.4795
-10.4865
-10.4923
-10.4971
-10.5008
-10.5036
-10.5056
-10.5068
-10.5073
-10.5073
-10.5069
-10.5062
-10.5052
-10.5041
-10.503
-10.5019
-10.501
-10.5002
-10.4997
-10.4994
-10.4995
-10.4999
-10.5007
-10.5018
-10.5033
-10.5052
-10.5074
-10.51
-10.5129
-10.5162
-10.5198
-10.5237
-10.5279
-10.5324
-10.5371
-10.5421
-10.5473
-10.5528
-10.5584
-10.5643
-10.5703
-10.5764
-10.5827
-10.5891
-10.5957
-10.6023
-10.609
-10.6157
-10.6225
-10.6294
-10.6363
-10.6432
-10.6501
-10.657
-10.6639
-10.6708
-10.6777
-10.6845
-10.6913
-10.6981
-10.7048
-10.7115
-10.7181
-10.7246
-10.7311
-10.7375
-10.7438
-10.7501
-10.7562
-10.7623
-10.7683
-10.7743
-10.7801
-10.7858
-10.7915
-10.7971
-10.8026
-10.808
-10.8133
-10.8186
-10.8237
-10.8288
-10.8338
-10.8387
-10.8436
-10.8483
-10.853
-10.8577
-10.8622
-10.8667
-10.8712
-10.8756
-10.8799
-10.8842
-10.8884
-10.8926
-10.8967
-10.9008
-10.9048
-10.9088
-10.9128
-10.9166
-10.9205
-10.9242
-10.9279
-10.9314
-10.9349
-10.9383
-10.9415
-10.9445
-10.9473
-10.9499
-10.9522
-10.9542
-10.9557
-10.9569
-10.9574
-10.9574
-10.9566
-10.9549
-10.9522
-10.9484
-10.9433
-10.9366
-10.9281
-10.9176
-10.9048
-10.8893
-10.8708
-10.8488
-10.8228
-10.7924
-10.7568
-10.7155
-10.6677
-10.6124
-10.5488
-10.4758
-10.3922
-10.2967
-10.1877
-10.0636
-9.92267
-9.76275
-9.58159
-9.37664
-9.14512
-8.88388
-8.58947
-8.25806
-7.88538
-7.46672
-6.99689
-6.47013
-5.88008
-5.21975
-4.48141
-3.6566
-2.736
-1.70948
-0.599624
-9.92842
-9.9469
-9.96368
-9.97885
-9.99244
-10.0045
-10.0152
-10.0244
-10.0324
-10.0391
-10.0447
-10.0492
-10.0526
-10.0552
-10.0569
-10.0578
-10.0582
-10.058
-10.0573
-10.0563
-10.0551
-10.0538
-10.0525
-10.0512
-10.05
-10.049
-10.0483
-10.0479
-10.0477
-10.0479
-10.0484
-10.0493
-10.0505
-10.0521
-10.0541
-10.0564
-10.0591
-10.062
-10.0653
-10.0689
-10.0728
-10.077
-10.0814
-10.0861
-10.091
-10.0961
-10.1014
-10.1069
-10.1125
-10.1183
-10.1242
-10.1302
-10.1364
-10.1426
-10.1489
-10.1553
-10.1617
-10.1682
-10.1747
-10.1812
-10.1877
-10.1942
-10.2008
-10.2073
-10.2138
-10.2202
-10.2266
-10.233
-10.2394
-10.2456
-10.2519
-10.258
-10.2641
-10.2702
-10.2761
-10.282
-10.2878
-10.2936
-10.2992
-10.3048
-10.3103
-10.3157
-10.321
-10.3263
-10.3314
-10.3365
-10.3415
-10.3464
-10.3513
-10.3561
-10.3608
-10.3654
-10.37
-10.3745
-10.3789
-10.3833
-10.3876
-10.3919
-10.3961
-10.4003
-10.4044
-10.4085
-10.4125
-10.4165
-10.4205
-10.4245
-10.4284
-10.4323
-10.4361
-10.4399
-10.4437
-10.4474
-10.4511
-10.4547
-10.4583
-10.4618
-10.4651
-10.4683
-10.4714
-10.4743
-10.4769
-10.4793
-10.4813
-10.483
-10.4842
-10.4848
-10.4848
-10.4841
-10.4824
-10.4797
-10.4759
-10.4706
-10.4637
-10.455
-10.4441
-10.4307
-10.4146
-10.3952
-10.3721
-10.3448
-10.3128
-10.2753
-10.2317
-10.1811
-10.1226
-10.0551
-9.97759
-9.88871
-9.78701
-9.67091
-9.53862
-9.38815
-9.21727
-9.02353
-8.80417
-8.55616
-8.27611
-7.96026
-7.60445
-7.20406
-6.75398
-6.24856
-5.68157
-5.04611
-4.33459
-3.53869
-2.64923
-1.65622
-0.581354
-9.48664
-9.50308
-9.51791
-9.53113
-9.54286
-9.55318
-9.56214
-9.56979
-9.57622
-9.5815
-9.58571
-9.58892
-9.59121
-9.59267
-9.5934
-9.59348
-9.59303
-9.59214
-9.59093
-9.5895
-9.58795
-9.58638
-9.58486
-9.58347
-9.58228
-9.58132
-9.58064
-9.58027
-9.58022
-9.58051
-9.58115
-9.58214
-9.58348
-9.58517
-9.5872
-9.58956
-9.59224
-9.59523
-9.59851
-9.60208
-9.60591
-9.61
-9.61432
-9.61886
-9.62361
-9.62854
-9.63365
-9.63891
-9.64432
-9.64985
-9.6555
-9.66125
-9.66709
-9.673
-9.67897
-9.685
-9.69106
-9.69716
-9.70327
-9.7094
-9.71553
-9.72165
-9.72776
-9.73384
-9.7399
-9.74593
-9.75191
-9.75785
-9.76374
-9.76958
-9.77535
-9.78107
-9.78672
-9.7923
-9.79781
-9.80324
-9.80861
-9.81389
-9.81911
-9.82424
-9.8293
-9.83428
-9.83918
-9.84401
-9.84876
-9.85344
-9.85805
-9.86258
-9.86705
-9.87145
-9.87579
-9.88006
-9.88428
-9.88844
-9.89255
-9.89661
-9.90063
-9.90462
-9.90856
-9.91248
-9.91637
-9.92023
-9.92407
-9.92789
-9.9317
-9.93549
-9.93927
-9.94304
-9.9468
-9.95054
-9.95427
-9.95797
-9.96165
-9.96528
-9.96887
-9.97238
-9.97582
-9.97914
-9.98232
-9.98534
-9.98814
-9.99068
-9.9929
-9.99474
-9.99612
-9.99695
-9.99712
-9.99653
-9.99503
-9.99247
-9.98866
-9.98341
-9.97648
-9.9676
-9.95648
-9.94278
-9.92611
-9.90604
-9.88207
-9.85365
-9.82016
-9.78089
-9.73508
-9.68182
-9.62015
-9.54894
-9.46695
-9.37279
-9.26492
-9.1416
-9.00091
-8.84068
-8.65853
-8.45177
-8.21745
-7.95225
-7.65251
-7.31415
-6.93265
-6.503
-6.01966
-5.47651
-4.86677
-4.18298
-3.41696
-2.55966
-1.60125
-0.562507
-9.02756
-9.04202
-9.05486
-9.06624
-9.07623
-9.08485
-9.09219
-9.09832
-9.10332
-9.10726
-9.1102
-9.11224
-9.11345
-9.11393
-9.11377
-9.11307
-9.11195
-9.11049
-9.10882
-9.10704
-9.10523
-9.10348
-9.10187
-9.10045
-9.09927
-9.09836
-9.09775
-9.09747
-9.09751
-9.0979
-9.09863
-9.0997
-9.10111
-9.10285
-9.10491
-9.10729
-9.10996
-9.11293
-9.11616
-9.11965
-9.12339
-9.12736
-9.13154
-9.13591
-9.14047
-9.1452
-9.15008
-9.15509
-9.16023
-9.16548
-9.17083
-9.17626
-9.18176
-9.18733
-9.19294
-9.19859
-9.20427
-9.20997
-9.21569
-9.2214
-9.22711
-9.2328
-9.23847
-9.24412
-9.24973
-9.25531
-9.26085
-9.26633
-9.27176
-9.27714
-9.28245
-9.28771
-9.2929
-9.29802
-9.30308
-9.30806
-9.31297
-9.31781
-9.32257
-9.32727
-9.33189
-9.33644
-9.34092
-9.34533
-9.34967
-9.35394
-9.35815
-9.3623
-9.36639
-9.37042
-9.3744
-9.37832
-9.3822
-9.38604
-9.38984
-9.39361
-9.39735
-9.40107
-9.40477
-9.40845
-9.41212
-9.41579
-9.41945
-9.42311
-9.42678
-9.43046
-9.43415
-9.43785
-9.44155
-9.44527
-9.449
-9.45273
-9.45646
-9.46017
-9.46386
-9.46751
-9.4711
-9.4746
-9.478
-9.48124
-9.48429
-9.48711
-9.48962
-9.49177
-9.49346
-9.49461
-9.49512
-9.49484
-9.49364
-9.49136
-9.4878
-9.48275
-9.47596
-9.46714
-9.45598
-9.44212
-9.42514
-9.40458
-9.37991
-9.35054
-9.3158
-9.27495
-9.22713
-9.17141
-9.10672
-9.03186
-8.94548
-8.84611
-8.73206
-8.60146
-8.45224
-8.28205
-8.0883
-7.86811
-7.61824
-7.33513
-7.01478
-6.65278
-6.24422
-5.78367
-5.26511
-4.68191
-4.02673
-3.29151
-2.46737
-1.54464
-0.543099
-8.53766
-8.55167
-8.56416
-8.57519
-8.58482
-8.59311
-8.60013
-8.60596
-8.61068
-8.61434
-8.61702
-8.61879
-8.61975
-8.61998
-8.61957
-8.61862
-8.61725
-8.61555
-8.61364
-8.61161
-8.60957
-8.60759
-8.60574
-8.60409
-8.60268
-8.60154
-8.60069
-8.60016
-8.59996
-8.60008
-8.60055
-8.60134
-8.60247
-8.60392
-8.60568
-8.60774
-8.61009
-8.61272
-8.61561
-8.61876
-8.62213
-8.62573
-8.62954
-8.63354
-8.63771
-8.64205
-8.64653
-8.65114
-8.65587
-8.66071
-8.66564
-8.67066
-8.67574
-8.68089
-8.68608
-8.69131
-8.69656
-8.70184
-8.70712
-8.71241
-8.71769
-8.72296
-8.7282
-8.73343
-8.73862
-8.74378
-8.74889
-8.75396
-8.75898
-8.76394
-8.76885
-8.7737
-8.77849
-8.78321
-8.78787
-8.79246
-8.79698
-8.80144
-8.80582
-8.81014
-8.81439
-8.81858
-8.8227
-8.82676
-8.83075
-8.83469
-8.83856
-8.84238
-8.84615
-8.84986
-8.85354
-8.85717
-8.86076
-8.86432
-8.86785
-8.87136
-8.87485
-8.87834
-8.88181
-8.88528
-8.88876
-8.89224
-8.89574
-8.89926
-8.9028
-8.90638
-8.90998
-8.91362
-8.9173
-8.92102
-8.92477
-8.92856
-8.93239
-8.93624
-8.94011
-8.94398
-8.94785
-8.95169
-8.95547
-8.95918
-8.96277
-8.96619
-8.96941
-8.97235
-8.97494
-8.9771
-8.97874
-8.97973
-8.97995
-8.97924
-8.97743
-8.97432
-8.96968
-8.96324
-8.95471
-8.94375
-8.92996
-8.91292
-8.89211
-8.86699
-8.83692
-8.80118
-8.75898
-8.7094
-8.65142
-8.5839
-8.50555
-8.41494
-8.31043
-8.19024
-8.05235
-7.89449
-7.71414
-7.5085
-7.27443
-7.00845
-6.70665
-6.36473
-5.97789
-5.5408
-5.04758
-4.49171
-3.86597
-3.16247
-2.37246
-1.48642
-0.523146
-8.04741
-8.05954
-8.07022
-8.07949
-8.08743
-8.09413
-8.09966
-8.10408
-8.10746
-8.10988
-8.11139
-8.11208
-8.11206
-8.1114
-8.1102
-8.10857
-8.10663
-8.10447
-8.1022
-8.09991
-8.09769
-8.09562
-8.09373
-8.09209
-8.09071
-8.08962
-8.08884
-8.08838
-8.08825
-8.08844
-8.08895
-8.08979
-8.09093
-8.09238
-8.09412
-8.09614
-8.09843
-8.10097
-8.10376
-8.10677
-8.10999
-8.11342
-8.11703
-8.1208
-8.12474
-8.12881
-8.13301
-8.13732
-8.14174
-8.14625
-8.15084
-8.15549
-8.1602
-8.16496
-8.16975
-8.17457
-8.17941
-8.18425
-8.1891
-8.19394
-8.19877
-8.20359
-8.20837
-8.21313
-8.21786
-8.22254
-8.22718
-8.23177
-8.23632
-8.2408
-8.24524
-8.24961
-8.25392
-8.25818
-8.26236
-8.26649
-8.27055
-8.27455
-8.27848
-8.28236
-8.28617
-8.28992
-8.29362
-8.29725
-8.30084
-8.30437
-8.30785
-8.31129
-8.31469
-8.31805
-8.32137
-8.32467
-8.32794
-8.3312
-8.33444
-8.33768
-8.34093
-8.34417
-8.34743
-8.35071
-8.35401
-8.35734
-8.36071
-8.36413
-8.3676
-8.37112
-8.3747
-8.37835
-8.38206
-8.38585
-8.38971
-8.39363
-8.39763
-8.40169
-8.4058
-8.40996
-8.41414
-8.41834
-8.42252
-8.42666
-8.43072
-8.43466
-8.43842
-8.44194
-8.44515
-8.44795
-8.45025
-8.45193
-8.45285
-8.45284
-8.45173
-8.44931
-8.44532
-8.4395
-8.43152
-8.42103
-8.4076
-8.39078
-8.37003
-8.34476
-8.31429
-8.27786
-8.23459
-8.18353
-8.12356
-8.05346
-7.97185
-7.87717
-7.76768
-7.64143
-7.49624
-7.32967
-7.13899
-6.92116
-6.67278
-6.39006
-6.06879
-5.70427
-5.2913
-4.82412
-4.29633
-3.70086
-3.02994
-2.27499
-1.42664
-0.502665
-7.54153
-7.55184
-7.56075
-7.56834
-7.57472
-7.57995
-7.58407
-7.58717
-7.58931
-7.59055
-7.59099
-7.5907
-7.58979
-7.58834
-7.58646
-7.58426
-7.58185
-7.57933
-7.5768
-7.57434
-7.57203
-7.56991
-7.56802
-7.5664
-7.56507
-7.56404
-7.56332
-7.56292
-7.56283
-7.56306
-7.5636
-7.56444
-7.56557
-7.56698
-7.56866
-7.5706
-7.57278
-7.5752
-7.57784
-7.58068
-7.58371
-7.58692
-7.59029
-7.59381
-7.59747
-7.60124
-7.60513
-7.60912
-7.61319
-7.61734
-7.62155
-7.62582
-7.63013
-7.63448
-7.63885
-7.64323
-7.64763
-7.65203
-7.65642
-7.66081
-7.66517
-7.66951
-7.67383
-7.67811
-7.68235
-7.68655
-7.69071
-7.69482
-7.69887
-7.70288
-7.70683
-7.71072
-7.71456
-7.71833
-7.72205
-7.72571
-7.72931
-7.73285
-7.73633
-7.73976
-7.74314
-7.74646
-7.74973
-7.75296
-7.75614
-7.75928
-7.76238
-7.76545
-7.76849
-7.7715
-7.77449
-7.77748
-7.78045
-7.78343
-7.78641
-7.7894
-7.79242
-7.79546
-7.79853
-7.80165
-7.80481
-7.80803
-7.81132
-7.81468
-7.81812
-7.82165
-7.82527
-7.82898
-7.8328
-7.83673
-7.84077
-7.84491
-7.84917
-7.85353
-7.85799
-7.86253
-7.86715
-7.87183
-7.87655
-7.88126
-7.88595
-7.89056
-7.89503
-7.89931
-7.90332
-7.90697
-7.91015
-7.91274
-7.9146
-7.91555
-7.9154
-7.91394
-7.9109
-7.90599
-7.89887
-7.88917
-7.87644
-7.86018
-7.83984
-7.81478
-7.78426
-7.74749
-7.70351
-7.65131
-7.58967
-7.5173
-7.43269
-7.33418
-7.21989
-7.0877
-6.93527
-6.75994
-6.55877
-6.32846
-6.06531
-5.76521
-5.4236
-5.03539
-4.59492
-4.09594
-3.53153
-2.89404
-2.17505
-1.36535
-0.481671
-7.0107
-7.02055
-7.02911
-7.03635
-7.04241
-7.04733
-7.05115
-7.05397
-7.05583
-7.05681
-7.05699
-7.05644
-7.05527
-7.05357
-7.05143
-7.04898
-7.04631
-7.04355
-7.04077
-7.03807
-7.03551
-7.03315
-7.03103
-7.02917
-7.02759
-7.0263
-7.02532
-7.02464
-7.02427
-7.02421
-7.02444
-7.02497
-7.02577
-7.02684
-7.02818
-7.02976
-7.03158
-7.03363
-7.03588
-7.03832
-7.04096
-7.04376
-7.04671
-7.04981
-7.05304
-7.05639
-7.05984
-7.06338
-7.06701
-7.07071
-7.07447
-7.07828
-7.08214
-7.08603
-7.08994
-7.09387
-7.0978
-7.10174
-7.10568
-7.1096
-7.11351
-7.11739
-7.12125
-7.12508
-7.12887
-7.13262
-7.13633
-7.13999
-7.14361
-7.14718
-7.1507
-7.15416
-7.15757
-7.16092
-7.16422
-7.16747
-7.17066
-7.1738
-7.17688
-7.17992
-7.18291
-7.18585
-7.18875
-7.19161
-7.19443
-7.19722
-7.19997
-7.20271
-7.20542
-7.20811
-7.2108
-7.21348
-7.21617
-7.21887
-7.22159
-7.22433
-7.22711
-7.22993
-7.2328
-7.23573
-7.23872
-7.24179
-7.24495
-7.2482
-7.25156
-7.25503
-7.25862
-7.26234
-7.2662
-7.2702
-7.27436
-7.27866
-7.28312
-7.28773
-7.2925
-7.29742
-7.30249
-7.30768
-7.31298
-7.31837
-7.32383
-7.32931
-7.33477
-7.34016
-7.34541
-7.35044
-7.35517
-7.35948
-7.36324
-7.3663
-7.3685
-7.36962
-7.36943
-7.36767
-7.36403
-7.35814
-7.3496
-7.33795
-7.32266
-7.30314
-7.2787
-7.24857
-7.21186
-7.16759
-7.11464
-7.05173
-6.97744
-6.89018
-6.78813
-6.66926
-6.5313
-6.3717
-6.1876
-5.97579
-5.73268
-5.45429
-5.13614
-4.77328
-4.36018
-3.89072
-3.35811
-2.75487
-2.07272
-1.30261
-0.46018
-6.47688
-6.48506
-6.49199
-6.49774
-6.50233
-6.50586
-6.50839
-6.50998
-6.51069
-6.5106
-6.5098
-6.50837
-6.50641
-6.50402
-6.50131
-6.49839
-6.49537
-6.49234
-6.4894
-6.4866
-6.484
-6.48163
-6.47953
-6.47769
-6.47615
-6.4749
-6.47395
-6.47329
-6.47293
-6.47285
-6.47306
-6.47353
-6.47426
-6.47524
-6.47647
-6.47791
-6.47957
-6.48143
-6.48348
-6.4857
-6.48808
-6.49061
-6.49328
-6.49607
-6.49898
-6.50198
-6.50508
-6.50825
-6.51149
-6.51479
-6.51814
-6.52153
-6.52495
-6.52839
-6.53185
-6.53532
-6.53879
-6.54225
-6.5457
-6.54914
-6.55256
-6.55595
-6.55932
-6.56265
-6.56594
-6.56919
-6.57241
-6.57557
-6.57869
-6.58177
-6.58479
-6.58776
-6.59068
-6.59356
-6.59638
-6.59916
-6.60188
-6.60456
-6.6072
-6.6098
-6.61235
-6.61487
-6.61735
-6.6198
-6.62223
-6.62464
-6.62703
-6.6294
-6.63178
-6.63415
-6.63653
-6.63892
-6.64134
-6.64379
-6.64628
-6.64882
-6.65141
-6.65407
-6.65681
-6.65963
-6.66255
-6.66557
-6.66872
-6.672
-6.67541
-6.67898
-6.68271
-6.68661
-6.69069
-6.69496
-6.69943
-6.7041
-6.70898
-6.71408
-6.71938
-6.7249
-6.73061
-6.73652
-6.74261
-6.74886
-6.75524
-6.76171
-6.76824
-6.77476
-6.78122
-6.78753
-6.7936
-6.79932
-6.80455
-6.80914
-6.81291
-6.81565
-6.81712
-6.81702
-6.81503
-6.81079
-6.80385
-6.79374
-6.77988
-6.76165
-6.73831
-6.70904
-6.6729
-6.62881
-6.57558
-6.51185
-6.43608
-6.34655
-6.2413
-6.11815
-5.97463
-5.80797
-5.61508
-5.39248
-5.13627
-4.84213
-4.5052
-4.12009
-3.68083
-3.18076
-2.61255
-1.96807
-1.23845
-0.438206
-5.92912
-5.93576
-5.94121
-5.94548
-5.9487
-5.95095
-5.95226
-5.9527
-5.95236
-5.95131
-5.94962
-5.9474
-5.94475
-5.94178
-5.93861
-5.93533
-5.93206
-5.92887
-5.92583
-5.92299
-5.92037
-5.91802
-5.91593
-5.91413
-5.91261
-5.91138
-5.91043
-5.90976
-5.90937
-5.90925
-5.90938
-5.90977
-5.91039
-5.91124
-5.91231
-5.91358
-5.91503
-5.91667
-5.91848
-5.92044
-5.92254
-5.92477
-5.92711
-5.92957
-5.93212
-5.93475
-5.93746
-5.94023
-5.94306
-5.94594
-5.94885
-5.95179
-5.95476
-5.95774
-5.96072
-5.96371
-5.9667
-5.96967
-5.97263
-5.97557
-5.97849
-5.98138
-5.98424
-5.98707
-5.98985
-5.9926
-5.99531
-5.99797
-6.00059
-6.00317
-6.00569
-6.00818
-6.01061
-6.01301
-6.01536
-6.01766
-6.01993
-6.02216
-6.02435
-6.02651
-6.02864
-6.03074
-6.03282
-6.03488
-6.03693
-6.03897
-6.04101
-6.04305
-6.0451
-6.04717
-6.04927
-6.0514
-6.05358
-6.05581
-6.0581
-6.06047
-6.06292
-6.06546
-6.0681
-6.07087
-6.07376
-6.0768
-6.08
-6.08336
-6.0869
-6.09064
-6.09459
-6.09875
-6.10315
-6.10779
-6.11269
-6.11784
-6.12327
-6.12897
-6.13495
-6.14121
-6.14775
-6.15455
-6.16161
-6.16891
-6.17642
-6.18411
-6.19194
-6.19985
-6.20778
-6.21566
-6.22338
-6.23083
-6.23787
-6.24436
-6.25009
-6.25484
-6.25837
-6.26038
-6.26052
-6.2584
-6.25357
-6.2455
-6.23361
-6.21721
-6.19553
-6.16768
-6.13265
-6.0893
-6.03634
-5.97231
-5.89556
-5.80421
-5.69617
-5.56907
-5.42023
-5.24666
-5.04499
-4.81144
-4.54181
-4.23136
-3.87485
-3.46643
-2.99959
-2.46717
-1.86117
-1.17291
-0.415766
-5.3682
-5.37334
-5.3773
-5.38022
-5.38218
-5.38322
-5.38339
-5.38279
-5.38148
-5.37954
-5.37706
-5.37416
-5.37093
-5.3675
-5.36397
-5.36045
-5.35701
-5.35373
-5.35064
-5.34779
-5.34518
-5.34284
-5.34077
-5.33898
-5.33746
-5.33622
-5.33524
-5.33453
-5.33408
-5.33387
-5.3339
-5.33416
-5.33463
-5.33531
-5.33618
-5.33723
-5.33846
-5.33984
-5.34136
-5.34302
-5.3448
-5.3467
-5.34869
-5.35078
-5.35294
-5.35518
-5.35747
-5.35982
-5.36221
-5.36464
-5.3671
-5.36958
-5.37207
-5.37457
-5.37707
-5.37956
-5.38205
-5.38452
-5.38698
-5.38941
-5.39182
-5.3942
-5.39654
-5.39886
-5.40113
-5.40337
-5.40557
-5.40773
-5.40985
-5.41192
-5.41396
-5.41595
-5.41791
-5.41982
-5.4217
-5.42354
-5.42536
-5.42714
-5.4289
-5.43063
-5.43234
-5.43404
-5.43573
-5.43741
-5.4391
-5.44079
-5.44249
-5.44422
-5.44598
-5.44777
-5.44961
-5.45151
-5.45348
-5.45553
-5.45766
-5.45989
-5.46224
-5.46471
-5.46732
-5.47008
-5.47301
-5.47613
-5.47944
-5.48296
-5.48671
-5.49071
-5.49496
-5.49949
-5.50431
-5.50943
-5.51487
-5.52064
-5.52675
-5.53321
-5.54003
-5.54721
-5.55474
-5.56264
-5.57088
-5.57945
-5.58833
-5.5975
-5.6069
-5.61649
-5.62621
-5.63597
-5.64569
-5.65524
-5.66449
-5.67327
-5.68139
-5.68862
-5.6947
-5.69931
-5.7021
-5.70265
-5.70049
-5.69506
-5.68574
-5.6718
-5.6524
-5.6266
-5.59332
-5.55135
-5.49928
-5.43555
-5.35838
-5.26574
-5.15537
-5.0247
-4.87082
-4.6905
-4.48006
-4.23542
-3.95198
-3.62464
-3.24768
-2.81476
-2.31884
-1.75212
-1.10606
-0.392873
-4.78988
-4.79463
-4.79829
-4.80093
-4.8026
-4.80336
-4.80327
-4.80241
-4.80085
-4.79866
-4.79593
-4.79277
-4.78929
-4.7856
-4.78181
-4.77804
-4.77435
-4.77083
-4.7675
-4.7644
-4.76155
-4.75895
-4.75661
-4.75454
-4.75274
-4.7512
-4.74991
-4.74888
-4.74809
-4.74753
-4.7472
-4.74709
-4.74718
-4.74746
-4.74793
-4.74857
-4.74936
-4.75031
-4.7514
-4.75261
-4.75394
-4.75537
-4.7569
-4.75851
-4.7602
-4.76195
-4.76376
-4.76562
-4.76752
-4.76946
-4.77142
-4.7734
-4.77539
-4.7774
-4.7794
-4.7814
-4.78338
-4.78536
-4.78732
-4.78926
-4.79118
-4.79307
-4.79493
-4.79676
-4.79856
-4.80032
-4.80204
-4.80373
-4.80538
-4.807
-4.80858
-4.81012
-4.81163
-4.8131
-4.81455
-4.81596
-4.81735
-4.81872
-4.82006
-4.82139
-4.82271
-4.82402
-4.82533
-4.82664
-4.82797
-4.82931
-4.83067
-4.83207
-4.8335
-4.83499
-4.83654
-4.83816
-4.83986
-4.84166
-4.84355
-4.84557
-4.84772
-4.85001
-4.85246
-4.8551
-4.85792
-4.86096
-4.86421
-4.86772
-4.87148
-4.87553
-4.87988
-4.88455
-4.88955
-4.89491
-4.90064
-4.90676
-4.91329
-4.92024
-4.92763
-4.93547
-4.94375
-4.9525
-4.96171
-4.97136
-4.98146
-4.99199
-5.00291
-5.0142
-5.0258
-5.03765
-5.04967
-5.06178
-5.07384
-5.08574
-5.09728
-5.10829
-5.11851
-5.12768
-5.13546
-5.1415
-5.14535
-5.1465
-5.14438
-5.13831
-5.12752
-5.11112
-5.08809
-5.05729
-5.0174
-4.96693
-4.90418
-4.82722
-4.73389
-4.6217
-4.48788
-4.32929
-4.14238
-3.92319
-3.66728
-3.36965
-3.02475
-2.62637
-2.16766
-1.64097
-1.03792
-0.369543
-4.2056
-4.20899
-4.21135
-4.21273
-4.2132
-4.21286
-4.21176
-4.20995
-4.20751
-4.20453
-4.20112
-4.19738
-4.19343
-4.18939
-4.18537
-4.18144
-4.17767
-4.17411
-4.17076
-4.16766
-4.1648
-4.1622
-4.15985
-4.15775
-4.1559
-4.1543
-4.15294
-4.15181
-4.1509
-4.15021
-4.14972
-4.14942
-4.1493
-4.14936
-4.14957
-4.14994
-4.15045
-4.15109
-4.15185
-4.15271
-4.15367
-4.15473
-4.15586
-4.15706
-4.15832
-4.15964
-4.16101
-4.16241
-4.16384
-4.1653
-4.16678
-4.16826
-4.16976
-4.17125
-4.17275
-4.17423
-4.1757
-4.17716
-4.1786
-4.18002
-4.18141
-4.18278
-4.18412
-4.18542
-4.1867
-4.18795
-4.18916
-4.19033
-4.19148
-4.19259
-4.19368
-4.19473
-4.19576
-4.19676
-4.19774
-4.1987
-4.19964
-4.20057
-4.20149
-4.20241
-4.20333
-4.20425
-4.20519
-4.20614
-4.20713
-4.20814
-4.2092
-4.21032
-4.21149
-4.21274
-4.21408
-4.21551
-4.21705
-4.21871
-4.22051
-4.22246
-4.22457
-4.22687
-4.22937
-4.23209
-4.23504
-4.23825
-4.24174
-4.24552
-4.24963
-4.25407
-4.25888
-4.26408
-4.26968
-4.27571
-4.28219
-4.28915
-4.29661
-4.30458
-4.31309
-4.32214
-4.33176
-4.34195
-4.35271
-4.36406
-4.37597
-4.38845
-4.40146
-4.41497
-4.42894
-4.44332
-4.45803
-4.47296
-4.48802
-4.50305
-4.51789
-4.53233
-4.54613
-4.559
-4.57061
-4.58057
-4.58841
-4.59361
-4.59554
-4.5935
-4.58664
-4.57403
-4.55459
-4.52708
-4.49008
-4.44199
-4.38097
-4.30495
-4.21157
-4.09814
-3.96165
-3.79867
-3.60538
-3.37746
-3.11006
-2.79779
-2.43458
-2.01375
-1.5278
-0.968542
-0.345789
-3.60992
-3.61199
-3.61309
-3.61328
-3.61269
-3.61134
-3.6093
-3.60661
-3.60339
-3.59973
-3.59573
-3.59154
-3.58724
-3.58297
-3.5788
-3.57479
-3.57099
-3.5674
-3.56404
-3.56093
-3.55805
-3.55542
-3.55303
-3.55088
-3.54896
-3.54726
-3.54579
-3.54452
-3.54346
-3.54258
-3.54189
-3.54136
-3.541
-3.54079
-3.54073
-3.54079
-3.54097
-3.54127
-3.54167
-3.54215
-3.54272
-3.54337
-3.54408
-3.54484
-3.54566
-3.54652
-3.54742
-3.54834
-3.54929
-3.55025
-3.55122
-3.5522
-3.55319
-3.55416
-3.55514
-3.5561
-3.55704
-3.55797
-3.55889
-3.55977
-3.56064
-3.56148
-3.56229
-3.56307
-3.56383
-3.56455
-3.56525
-3.56592
-3.56656
-3.56718
-3.56778
-3.56835
-3.5689
-3.56944
-3.56996
-3.57047
-3.57098
-3.57148
-3.57199
-3.57251
-3.57305
-3.5736
-3.57419
-3.57481
-3.57547
-3.5762
-3.57698
-3.57784
-3.57879
-3.57984
-3.581
-3.58228
-3.5837
-3.58528
-3.58703
-3.58896
-3.5911
-3.59347
-3.59608
-3.59895
-3.60212
-3.60559
-3.6094
-3.61356
-3.61811
-3.62306
-3.62845
-3.6343
-3.64064
-3.6475
-3.6549
-3.66287
-3.67144
-3.68063
-3.69047
-3.70097
-3.71217
-3.72406
-3.73667
-3.75
-3.76405
-3.77881
-3.79428
-3.81041
-3.82718
-3.84453
-3.86238
-3.88065
-3.89923
-3.91796
-3.93668
-3.95519
-3.97322
-3.99049
-4.00664
-4.02128
-4.0339
-4.04396
-4.05079
-4.05363
-4.05159
-4.04368
-4.02872
-4.0054
-3.97219
-3.92736
-3.86892
-3.79462
-3.7019
-3.58785
-3.44919
-3.28221
-3.08273
-2.84606
-2.56695
-2.23951
-1.85719
-1.41268
-0.897969
-0.321626
-3.00165
-3.00335
-3.00418
-3.00412
-3.00328
-3.0017
-2.99941
-2.99649
-2.99303
-2.98913
-2.98489
-2.98044
-2.97589
-2.97137
-2.96697
-2.96272
-2.95868
-2.95485
-2.95124
-2.94786
-2.94472
-2.9418
-2.93911
-2.93665
-2.93441
-2.93238
-2.93056
-2.92893
-2.92749
-2.92622
-2.92513
-2.9242
-2.92341
-2.92277
-2.92226
-2.92187
-2.9216
-2.92142
-2.92134
-2.92135
-2.92143
-2.92158
-2.92179
-2.92205
-2.92236
-2.92271
-2.92309
-2.9235
-2.92392
-2.92437
-2.92482
-2.92528
-2.92574
-2.9262
-2.92665
-2.92709
-2.92752
-2.92793
-2.92833
-2.92871
-2.92906
-2.92939
-2.9297
-2.92998
-2.93024
-2.93048
-2.93069
-2.93088
-2.93104
-2.93119
-2.93131
-2.93142
-2.93152
-2.93161
-2.93169
-2.93177
-2.93184
-2.93193
-2.93202
-2.93214
-2.93228
-2.93245
-2.93266
-2.93291
-2.93322
-2.9336
-2.93405
-2.9346
-2.93524
-2.936
-2.93688
-2.9379
-2.93909
-2.94044
-2.94198
-2.94374
-2.94572
-2.94795
-2.95046
-2.95326
-2.95637
-2.95983
-2.96366
-2.96789
-2.97254
-2.97765
-2.98324
-2.98935
-2.996
-3.00324
-3.01109
-3.01959
-3.02877
-3.03866
-3.04929
-3.0607
-3.07291
-3.08596
-3.09985
-3.11462
-3.13027
-3.14682
-3.16427
-3.18259
-3.20179
-3.22182
-3.24263
-3.26416
-3.28633
-3.30902
-3.33208
-3.35535
-3.37862
-3.40162
-3.42407
-3.44558
-3.46574
-3.48403
-3.49985
-3.51251
-3.52119
-3.52497
-3.52275
-3.51329
-3.49516
-3.46673
-3.42612
-3.37119
-3.29947
-3.20819
-3.0942
-2.95392
-2.78331
-2.57784
-2.3324
-2.04128
-1.69809
-1.29569
-0.826244
-0.297068
-2.38596
-2.38651
-2.38622
-2.38516
-2.38335
-2.38083
-2.37768
-2.37399
-2.36985
-2.36537
-2.36067
-2.35588
-2.35112
-2.34647
-2.342
-2.33772
-2.33364
-2.32979
-2.32615
-2.32273
-2.31953
-2.31654
-2.31377
-2.3112
-2.30883
-2.30665
-2.30466
-2.30284
-2.30118
-2.29968
-2.29833
-2.29712
-2.29604
-2.29508
-2.29424
-2.2935
-2.29285
-2.29228
-2.2918
-2.29139
-2.29103
-2.29074
-2.29049
-2.29028
-2.29011
-2.28997
-2.28986
-2.28976
-2.28968
-2.2896
-2.28953
-2.28946
-2.28939
-2.28932
-2.28923
-2.28913
-2.28903
-2.2889
-2.28876
-2.2886
-2.28841
-2.28821
-2.28799
-2.28775
-2.28749
-2.2872
-2.2869
-2.28658
-2.28625
-2.2859
-2.28554
-2.28518
-2.28481
-2.28444
-2.28408
-2.28373
-2.28338
-2.28306
-2.28277
-2.28251
-2.28228
-2.28211
-2.282
-2.28195
-2.28198
-2.2821
-2.28232
-2.28265
-2.28312
-2.28372
-2.28449
-2.28542
-2.28655
-2.28789
-2.28947
-2.29129
-2.29339
-2.29579
-2.29851
-2.30158
-2.30503
-2.30889
-2.31318
-2.31795
-2.32321
-2.32901
-2.33538
-2.34236
-2.34998
-2.35829
-2.36733
-2.37712
-2.38772
-2.39917
-2.4115
-2.42475
-2.43896
-2.45416
-2.47039
-2.48767
-2.50603
-2.52548
-2.54603
-2.56769
-2.59044
-2.61425
-2.63909
-2.66489
-2.69158
-2.71904
-2.74714
-2.77571
-2.80452
-2.83333
-2.86181
-2.88959
-2.91622
-2.94115
-2.96375
-2.98328
-2.99888
-3.00955
-3.01413
-3.01128
-2.99946
-2.97691
-2.94158
-2.89114
-2.82294
-2.73395
-2.62073
-2.4794
-2.30557
-2.0943
-1.84002
-1.53654
-1.17689
-0.753407
-0.272128
-1.7606
-1.76012
-1.75885
-1.75682
-1.75407
-1.75071
-1.7468
-1.74243
-1.73771
-1.73277
-1.72773
-1.72273
-1.71786
-1.71315
-1.70864
-1.70433
-1.70022
-1.69632
-1.69262
-1.68914
-1.68585
-1.68276
-1.67987
-1.67715
-1.67462
-1.67225
-1.67005
-1.66799
-1.66609
-1.66432
-1.66267
-1.66115
-1.65974
-1.65843
-1.65721
-1.65608
-1.65503
-1.65405
-1.65314
-1.65228
-1.65147
-1.65071
-1.64998
-1.64928
-1.64862
-1.64797
-1.64734
-1.64672
-1.64611
-1.64551
-1.64491
-1.6443
-1.64369
-1.64307
-1.64244
-1.6418
-1.64115
-1.64048
-1.6398
-1.6391
-1.63838
-1.63765
-1.63689
-1.63613
-1.63534
-1.63455
-1.63374
-1.63292
-1.63209
-1.63126
-1.63043
-1.6296
-1.62878
-1.62797
-1.62718
-1.62641
-1.62566
-1.62495
-1.62429
-1.62367
-1.62311
-1.62263
-1.62221
-1.62189
-1.62167
-1.62157
-1.62159
-1.62176
-1.62209
-1.62259
-1.62328
-1.62418
-1.62532
-1.62671
-1.62838
-1.63034
-1.63264
-1.63529
-1.63831
-1.64175
-1.64564
-1.65
-1.65488
-1.66031
-1.66632
-1.67296
-1.68026
-1.68828
-1.69706
-1.70664
-1.71707
-1.72839
-1.74066
-1.75392
-1.76823
-1.78362
-1.80015
-1.81786
-1.83679
-1.85698
-1.87847
-1.90127
-1.92542
-1.95092
-1.97777
-2.00595
-2.03544
-2.06617
-2.09808
-2.13107
-2.16499
-2.19968
-2.23492
-2.27045
-2.30593
-2.34098
-2.37512
-2.40777
-2.43827
-2.46584
-2.48954
-2.50832
-2.52092
-2.5259
-2.52162
-2.50613
-2.47723
-2.43238
-2.3687
-2.28288
-2.17121
-2.02943
-1.85278
-1.63586
-1.37265
-1.05636
-0.679499
-0.246819
-1.12634
-1.12487
-1.12262
-1.11966
-1.11609
-1.11198
-1.10739
-1.10244
-1.09726
-1.09199
-1.08675
-1.08165
-1.07673
-1.07198
-1.06743
-1.06307
-1.05891
-1.05494
-1.05117
-1.04758
-1.04417
-1.04094
-1.03788
-1.03499
-1.03225
-1.02965
-1.0272
-1.02488
-1.02268
-1.0206
-1.01863
-1.01676
-1.01498
-1.01329
-1.01168
-1.01013
-1.00865
-1.00723
-1.00586
-1.00453
-1.00324
-1.00199
-1.00076
-0.99956
-0.998377
-0.997209
-0.996052
-0.994903
-0.993758
-0.992613
-0.991466
-0.990315
-0.989157
-0.987992
-0.986817
-0.985631
-0.984431
-0.983218
-0.981992
-0.980752
-0.9795
-0.978235
-0.976957
-0.975668
-0.974371
-0.973067
-0.97176
-0.97045
-0.969141
-0.967838
-0.966544
-0.965265
-0.964004
-0.962767
-0.961559
-0.960388
-0.959261
-0.958187
-0.957171
-0.956225
-0.955358
-0.954581
-0.953906
-0.953345
-0.952912
-0.952623
-0.952492
-0.952536
-0.952772
-0.953219
-0.953896
-0.954827
-0.956033
-0.957541
-0.959376
-0.961566
-0.96414
-0.967127
-0.970561
-0.974478
-0.978914
-0.983908
-0.989499
-0.995728
-1.00264
-1.01028
-1.01871
-1.02796
-1.03809
-1.04916
-1.06122
-1.07433
-1.08854
-1.10391
-1.1205
-1.13837
-1.15758
-1.17818
-1.20023
-1.22377
-1.24886
-1.27552
-1.3038
-1.33372
-1.36528
-1.39849
-1.43332
-1.46972
-1.50764
-1.54697
-1.58759
-1.62933
-1.67197
-1.71524
-1.7588
-1.80223
-1.84503
-1.88661
-1.92625
-1.96313
-1.99624
-2.02445
-2.04641
-2.06059
-2.06515
-2.05802
-2.03678
-1.9987
-1.94061
-1.85894
-1.74961
-1.60801
-1.42893
-1.20651
-0.934159
-0.604561
-0.221155
-0.485461
-0.483695
-0.481267
-0.478118
-0.474372
-0.470061
-0.465259
-0.460088
-0.454682
-0.449176
-0.443714
-0.438396
-0.43325
-0.42828
-0.42349
-0.418883
-0.41446
-0.410218
-0.406151
-0.402258
-0.398532
-0.394968
-0.39156
-0.3883
-0.385181
-0.382197
-0.379339
-0.376601
-0.373974
-0.371452
-0.369028
-0.366694
-0.364444
-0.36227
-0.360165
-0.358122
-0.356136
-0.3542
-0.352309
-0.350458
-0.348642
-0.346855
-0.345093
-0.343352
-0.341627
-0.339916
-0.338214
-0.336518
-0.334826
-0.333135
-0.331441
-0.329744
-0.328042
-0.326333
-0.324617
-0.322891
-0.321154
-0.319407
-0.31765
-0.315883
-0.314107
-0.312322
-0.310529
-0.308729
-0.306927
-0.305123
-0.303321
-0.301521
-0.29973
-0.29795
-0.296187
-0.294445
-0.292728
-0.291043
-0.289396
-0.287794
-0.286246
-0.284759
-0.283341
-0.282003
-0.280755
-0.279609
-0.278577
-0.277672
-0.276908
-0.276303
-0.275872
-0.275632
-0.275602
-0.275801
-0.276251
-0.276976
-0.277999
-0.279349
-0.281052
-0.283138
-0.285638
-0.288586
-0.292016
-0.295966
-0.300479
-0.305594
-0.311353
-0.317805
-0.324998
-0.332984
-0.341818
-0.351554
-0.362249
-0.373966
-0.386769
-0.400723
-0.415891
-0.432344
-0.45015
-0.469379
-0.490103
-0.512393
-0.536315
-0.561938
-0.589326
-0.618537
-0.649627
-0.682642
-0.717617
-0.754576
-0.793531
-0.83447
-0.877363
-0.922156
-0.96876
-1.01705
-1.06686
-1.11798
-1.17012
-1.22292
-1.27597
-1.32872
-1.38055
-1.4307
-1.47829
-1.52224
-1.56135
-1.59415
-1.61897
-1.63382
-1.63643
-1.62421
-1.59414
-1.5428
-1.46628
-1.36014
-1.21934
-1.03822
-0.810356
-0.528632
-0.195149
0.164118
0.166741
0.170027
0.173929
0.178426
0.183426
0.188805
0.194433
0.200167
0.205846
0.211375
0.216735
0.221929
0.226954
0.231808
0.236493
0.241012
0.245369
0.249569
0.253617
0.257518
0.261278
0.264905
0.268405
0.271784
0.27505
0.27821
0.28127
0.284238
0.287119
0.28992
0.292648
0.295309
0.29791
0.300456
0.302953
0.305406
0.30782
0.3102
0.31255
0.314874
0.317177
0.319463
0.321735
0.323995
0.326247
0.328494
0.330738
0.332982
0.335228
0.337476
0.339729
0.341986
0.344249
0.346519
0.348798
0.351084
0.353377
0.355676
0.357981
0.360291
0.362604
0.364918
0.367231
0.36954
0.371842
0.374134
0.376413
0.378674
0.380911
0.38312
0.385296
0.387433
0.389523
0.391559
0.393533
0.395436
0.397259
0.398993
0.400624
0.402142
0.403534
0.404786
0.405881
0.406804
0.407537
0.408062
0.40836
0.40841
0.408188
0.40767
0.40683
0.405639
0.404067
0.402083
0.399655
0.396746
0.393318
0.389331
0.38474
0.379501
0.373568
0.36689
0.359412
0.351077
0.341828
0.331602
0.320336
0.307961
0.294404
0.279594
0.263455
0.24591
0.226877
0.206276
0.18402
0.160026
0.13421
0.106489
0.0767789
0.0449997
0.0110771
-0.0250607
-0.0634758
-0.10422
-0.147334
-0.192842
-0.240751
-0.291043
-0.343673
-0.398567
-0.455606
-0.514627
-0.575408
-0.637662
-0.701021
-0.765035
-0.829146
-0.892685
-0.954848
-1.01468
-1.07106
-1.12266
-1.16789
-1.20492
-1.23161
-1.24548
-1.24371
-1.223
-1.17963
-1.10932
-1.00723
-0.86787
-0.68502
-0.451751
-0.168813
0.820872
0.824259
0.828286
0.832955
0.838136
0.843711
0.849552
0.855505
0.861393
0.867124
0.872693
0.878107
0.883365
0.888466
0.893412
0.898209
0.902859
0.907367
0.911739
0.915979
0.920094
0.92409
0.927974
0.931751
0.935429
0.939014
0.942512
0.945929
0.949271
0.952544
0.955753
0.958905
0.962005
0.965059
0.968071
0.971046
0.973988
0.976901
0.979789
0.982656
0.985505
0.98834
0.991163
0.993978
0.996785
0.999588
1.00239
1.00519
1.00799
1.0108
1.0136
1.01641
1.01923
1.02205
1.02487
1.0277
1.03054
1.03337
1.03621
1.03905
1.04189
1.04472
1.04755
1.05037
1.05317
1.05596
1.05873
1.06148
1.06419
1.06687
1.06951
1.0721
1.07464
1.07711
1.07952
1.08184
1.08407
1.0862
1.08822
1.09011
1.09187
1.09347
1.0949
1.09614
1.09717
1.09799
1.09855
1.09885
1.09886
1.09855
1.09789
1.09686
1.09542
1.09354
1.09118
1.08831
1.08488
1.08085
1.07618
1.07081
1.0647
1.05779
1.05003
1.04134
1.03167
1.02095
1.0091
0.996061
0.981743
0.966065
0.948947
0.930299
0.910028
0.88804
0.86424
0.838527
0.810802
0.780966
0.748916
0.71455
0.677773
0.63849
0.596611
0.552056
0.504755
0.454648
0.401691
0.345865
0.287169
0.225632
0.16132
0.0943452
0.0248661
-0.0468924
-0.120634
-0.19598
-0.272454
-0.349469
-0.426314
-0.502134
-0.57592
-0.646444
-0.71225
-0.771627
-0.822576
-0.862775
-0.889531
-0.899737
-0.889821
-0.855701
-0.792706
-0.695554
-0.558214
-0.373954
-0.142159
1.48404
1.48818
1.493
1.49834
1.5041
1.51014
1.5163
1.52239
1.52831
1.53408
1.53972
1.54521
1.55055
1.55576
1.56084
1.56578
1.5706
1.57529
1.57988
1.58435
1.58872
1.59299
1.59717
1.60126
1.60527
1.60921
1.61308
1.61689
1.62063
1.62433
1.62798
1.63158
1.63515
1.63868
1.64218
1.64565
1.6491
1.65253
1.65595
1.65935
1.66273
1.66611
1.66949
1.67285
1.67622
1.67958
1.68294
1.68631
1.68967
1.69304
1.6964
1.69977
1.70315
1.70652
1.7099
1.71328
1.71666
1.72003
1.7234
1.72677
1.73013
1.73347
1.7368
1.74012
1.74341
1.74667
1.74991
1.7531
1.75626
1.75936
1.76241
1.7654
1.76831
1.77115
1.77389
1.77653
1.77906
1.78147
1.78374
1.78586
1.78781
1.78957
1.79114
1.79248
1.79358
1.79441
1.79496
1.7952
1.79509
1.79462
1.79375
1.79244
1.79065
1.78837
1.78553
1.7821
1.77803
1.77328
1.76778
1.76149
1.75435
1.74628
1.73724
1.72714
1.71592
1.70349
1.68978
1.67469
1.65814
1.64003
1.62027
1.59875
1.57536
1.55001
1.52256
1.49292
1.46095
1.42654
1.38957
1.34992
1.30748
1.26212
1.21373
1.16222
1.10748
1.04945
0.988063
0.923272
0.855057
0.783436
0.708466
0.630245
0.548932
0.464754
0.378013
0.289109
0.19854
0.106928
0.0150245
-0.0762701
-0.165844
-0.252359
-0.334238
-0.409622
-0.476337
-0.531847
-0.573215
-0.597042
-0.599429
-0.575898
-0.521366
-0.430003
-0.29528
-0.115199
2.1488
2.15312
2.15803
2.1635
2.16943
2.17567
2.18203
2.18829
2.1944
2.20037
2.20622
2.21194
2.21753
2.223
2.22836
2.23359
2.23872
2.24375
2.24867
2.25351
2.25825
2.26291
2.26749
2.272
2.27644
2.28083
2.28515
2.28943
2.29365
2.29784
2.30198
2.30609
2.31017
2.31423
2.31826
2.32227
2.32626
2.33024
2.3342
2.33816
2.3421
2.34604
2.34997
2.35391
2.35783
2.36176
2.36569
2.36962
2.37355
2.37748
2.38141
2.38534
2.38927
2.3932
2.39713
2.40105
2.40498
2.40889
2.4128
2.4167
2.42058
2.42445
2.4283
2.43212
2.43592
2.43968
2.4434
2.44708
2.45071
2.45429
2.4578
2.46124
2.4646
2.46786
2.47103
2.47409
2.47702
2.47982
2.48247
2.48495
2.48725
2.48935
2.49124
2.49289
2.49428
2.49538
2.49618
2.49665
2.49675
2.49646
2.49574
2.49456
2.49288
2.49066
2.48786
2.48443
2.48031
2.47547
2.46984
2.46337
2.45598
2.44762
2.43822
2.42769
2.41596
2.40294
2.38855
2.37268
2.35525
2.33614
2.31526
2.29249
2.2677
2.24077
2.21159
2.18
2.1459
2.10912
2.06954
2.027
1.98137
1.93251
1.88027
1.82453
1.76516
1.70203
1.63505
1.56414
1.48922
1.41026
1.32726
1.24027
1.14936
1.0547
0.956516
0.855124
0.750939
0.644487
0.536421
0.427526
0.3188
0.211461
0.106949
0.00697999
-0.0864231
-0.170885
-0.243639
-0.301466
-0.340655
-0.356925
-0.345397
-0.30045
-0.215762
-0.087943
2.82256
2.82754
2.8331
2.83917
2.84559
2.85213
2.85857
2.86485
2.87101
2.87707
2.88302
2.88886
2.8946
2.90023
2.90577
2.91121
2.91656
2.92183
2.92703
2.93215
2.9372
2.94219
2.94712
2.95199
2.95682
2.96161
2.96635
2.97106
2.97574
2.98038
2.985
2.9896
2.99418
2.99875
3.0033
3.00783
3.01236
3.01688
3.02139
3.0259
3.0304
3.0349
3.0394
3.04389
3.04839
3.05289
3.05738
3.06188
3.06638
3.07087
3.07536
3.07985
3.08434
3.08883
3.09331
3.09778
3.10224
3.10668
3.11112
3.11553
3.11992
3.12429
3.12863
3.13293
3.13719
3.14141
3.14558
3.14969
3.15374
3.15771
3.1616
3.16541
3.16911
3.1727
3.17617
3.17951
3.1827
3.18573
3.18858
3.19124
3.19368
3.19588
3.19784
3.19952
3.20089
3.20194
3.20264
3.20295
3.20284
3.20228
3.20123
3.19965
3.19749
3.19472
3.19129
3.18713
3.1822
3.17643
3.16977
3.16215
3.15349
3.14371
3.13275
3.1205
3.10689
3.09181
3.07517
3.05685
3.03674
3.01473
2.99069
2.96448
2.93598
2.90505
2.87152
2.83526
2.79611
2.7539
2.70846
2.65964
2.60727
2.55117
2.49118
2.42715
2.35891
2.28633
2.20928
2.12763
2.04131
1.95027
1.85447
1.75394
1.64877
1.5391
1.42518
1.30732
1.18598
1.06168
0.935111
0.80715
0.678889
0.551633
0.426952
0.306712
0.193125
0.0887862
-0.00327175
-0.0795292
-0.135907
-0.167737
-0.169616
-0.135435
-0.0604018
3.50097
3.5066
3.51279
3.51938
3.52607
3.53266
3.53912
3.54547
3.55174
3.55792
3.56401
3.57001
3.57592
3.58176
3.58751
3.5932
3.59882
3.60437
3.60987
3.61532
3.62071
3.62607
3.63138
3.63666
3.6419
3.64712
3.65231
3.65748
3.66264
3.66777
3.67289
3.678
3.6831
3.68819
3.69328
3.69835
3.70343
3.7085
3.71357
3.71864
3.72371
3.72878
3.73385
3.73891
3.74398
3.74905
3.75412
3.75918
3.76425
3.76931
3.77436
3.77941
3.78445
3.78949
3.79451
3.79951
3.8045
3.80948
3.81442
3.81934
3.82423
3.82908
3.8339
3.83866
3.84338
3.84804
3.85263
3.85715
3.86159
3.86594
3.87019
3.87433
3.87835
3.88224
3.88598
3.88956
3.89297
3.89619
3.8992
3.90198
3.90451
3.90677
3.90874
3.91039
3.91169
3.91262
3.91313
3.91321
3.9128
3.91188
3.91039
3.90831
3.90557
3.90212
3.89792
3.8929
3.88699
3.88014
3.87227
3.86331
3.85316
3.84176
3.829
3.81479
3.79902
3.78159
3.76238
3.74126
3.71811
3.6928
3.66518
3.6351
3.6024
3.56693
3.52851
3.48697
3.44212
3.39378
3.34176
3.28586
3.22589
3.16165
3.09295
3.01959
2.94139
2.85819
2.76981
2.67612
2.577
2.47238
2.36221
2.24651
2.12534
1.99885
1.86729
1.731
1.59043
1.44612
1.29886
1.1496
0.999515
0.850014
0.702813
0.559954
0.423856
0.297364
0.1838
0.0870355
0.0115228
-0.0375594
-0.0543296
-0.0325835
4.17775
4.18352
4.18977
4.19649
4.20331
4.21004
4.21666
4.22321
4.22969
4.2361
4.24243
4.2487
4.25489
4.26103
4.2671
4.27312
4.27909
4.28501
4.29088
4.29673
4.30253
4.30831
4.31406
4.31979
4.3255
4.3312
4.33688
4.34254
4.3482
4.35385
4.3595
4.36514
4.37078
4.37641
4.38205
4.38768
4.39331
4.39895
4.40459
4.41022
4.41586
4.42151
4.42715
4.43279
4.43843
4.44408
4.44972
4.45536
4.46099
4.46662
4.47224
4.47785
4.48346
4.48904
4.49462
4.50017
4.50571
4.51122
4.5167
4.52215
4.52756
4.53294
4.53826
4.54353
4.54875
4.5539
4.55897
4.56397
4.56887
4.57368
4.57838
4.58296
4.58741
4.59171
4.59586
4.59984
4.60363
4.60722
4.61058
4.61371
4.61656
4.61913
4.62139
4.62331
4.62486
4.62601
4.62674
4.62699
4.62674
4.62595
4.62456
4.62254
4.61983
4.61638
4.61212
4.60701
4.60096
4.59392
4.5858
4.57653
4.56601
4.55416
4.54089
4.52607
4.50961
4.49139
4.47128
4.44915
4.42487
4.39828
4.36923
4.33756
4.3031
4.26567
4.22509
4.18115
4.13366
4.08241
4.02719
3.96777
3.90392
3.83542
3.76204
3.68356
3.59974
3.51038
3.41526
3.31419
3.207
3.09356
2.97374
2.84749
2.71479
2.57572
2.43043
2.27918
2.12228
1.96021
1.7936
1.62329
1.45029
1.27589
1.10162
0.929371
0.761366
0.600264
0.449185
0.311786
0.192296
0.0956617
0.0275265
-0.00449409
4.86331
4.8696
4.87637
4.88329
4.89015
4.89694
4.90368
4.91037
4.91701
4.9236
4.93013
4.93661
4.94304
4.94943
4.95579
4.9621
4.96839
4.97465
4.98089
4.98711
4.99331
4.99951
5.00569
5.01187
5.01804
5.0242
5.03037
5.03654
5.0427
5.04888
5.05505
5.06123
5.06741
5.0736
5.07979
5.08599
5.09219
5.09839
5.1046
5.11082
5.11703
5.12325
5.12947
5.13569
5.14191
5.14813
5.15434
5.16055
5.16675
5.17294
5.17911
5.18528
5.19143
5.19756
5.20366
5.20975
5.2158
5.22182
5.2278
5.23374
5.23963
5.24547
5.25125
5.25696
5.2626
5.26816
5.27363
5.27901
5.28427
5.28942
5.29444
5.29932
5.30405
5.30861
5.31298
5.31715
5.32111
5.32483
5.32829
5.33147
5.33435
5.3369
5.33909
5.34089
5.34227
5.3432
5.34364
5.34354
5.34287
5.34158
5.33963
5.33694
5.33348
5.32918
5.32397
5.31778
5.31054
5.30218
5.29259
5.2817
5.26941
5.2556
5.24018
5.22303
5.20401
5.183
5.15986
5.13443
5.10656
5.07608
5.04282
5.0066
4.96721
4.92446
4.87813
4.828
4.77384
4.7154
4.65245
4.58473
4.51197
4.43392
4.35031
4.26087
4.16535
4.06349
3.95505
3.83979
3.71752
3.58805
3.45126
3.30705
3.15539
2.99635
2.83011
2.65687
2.477
2.29101
2.09961
1.90367
1.7043
1.50289
1.30114
1.10111
0.90525
0.716475
0.538224
0.374495
0.229992
0.110107
0.0238624
5.55174
5.5585
5.56546
5.57244
5.5794
5.58634
5.59325
5.60012
5.60695
5.61376
5.62052
5.62726
5.63397
5.64066
5.64733
5.65398
5.66062
5.66726
5.6739
5.68053
5.68716
5.6938
5.70044
5.70709
5.71375
5.72042
5.7271
5.73379
5.74048
5.74719
5.75392
5.76065
5.76739
5.77414
5.7809
5.78767
5.79444
5.80123
5.80802
5.81481
5.82161
5.82841
5.8352
5.842
5.84879
5.85558
5.86236
5.86914
5.8759
5.88264
5.88937
5.89608
5.90277
5.90943
5.91606
5.92265
5.92921
5.93572
5.94219
5.9486
5.95496
5.96124
5.96746
5.97359
5.97964
5.98559
5.99143
5.99716
6.00276
6.00822
6.01353
6.01867
6.02364
6.02841
6.03297
6.03729
6.04137
6.04517
6.04868
6.05186
6.0547
6.05716
6.05921
6.06083
6.06196
6.06258
6.06264
6.06209
6.0609
6.059
6.05635
6.05287
6.04852
6.04321
6.03688
6.02945
6.02083
6.01093
5.99967
5.98692
5.97259
5.95656
5.93871
5.91889
5.89698
5.87282
5.84624
5.81709
5.78519
5.75034
5.71235
5.671
5.62608
5.57736
5.52459
5.46751
5.40587
5.3394
5.2678
5.19078
5.10807
5.01933
4.92428
4.82262
4.71402
4.59821
4.47489
4.34381
4.20471
4.05738
3.90166
3.73743
3.56464
3.3834
3.19381
2.99613
2.79077
2.57825
2.35933
2.13496
1.90635
1.67504
1.44288
1.21214
0.985521
0.76623
0.558032
0.365377
0.193391
0.0524883
6.24227
6.24926
6.25638
6.26352
6.27066
6.27778
6.28489
6.29198
6.29906
6.30611
6.31315
6.32018
6.32721
6.33423
6.34125
6.34828
6.35532
6.36237
6.36943
6.37651
6.3836
6.39072
6.39785
6.405
6.41217
6.41935
6.42656
6.43379
6.44104
6.4483
6.45558
6.46288
6.47019
6.47752
6.48486
6.4922
6.49956
6.50693
6.5143
6.52168
6.52906
6.53643
6.54381
6.55118
6.55855
6.56591
6.57325
6.58058
6.5879
6.59519
6.60246
6.60971
6.61692
6.6241
6.63124
6.63834
6.64539
6.65238
6.65931
6.66618
6.67298
6.6797
6.68633
6.69286
6.69929
6.7056
6.71179
6.71784
6.72374
6.72948
6.73505
6.74042
6.74559
6.75053
6.75523
6.75966
6.7638
6.76763
6.77112
6.77425
6.77698
6.77928
6.78112
6.78246
6.78326
6.78347
6.78305
6.78195
6.78011
6.77748
6.774
6.76959
6.76418
6.75771
6.75008
6.74121
6.731
6.71935
6.70615
6.6913
6.67466
6.6561
6.63549
6.61267
6.58749
6.55978
6.52935
6.49602
6.45958
6.41982
6.37652
6.32943
6.27832
6.22291
6.16292
6.09808
6.02808
5.95261
5.87135
5.78397
5.69013
5.58948
5.48167
5.36636
5.2432
5.11184
4.97196
4.82324
4.66541
4.4982
4.32142
4.1349
3.93864
3.7327
3.51724
3.29251
3.05889
2.81698
2.56759
2.31175
2.05083
1.78648
1.52077
1.25617
0.995686
0.742822
0.501768
0.277364
0.0813921
6.92706
6.93415
6.9414
6.94874
6.95608
6.96343
6.97078
6.97813
6.98548
6.99282
7.00017
7.00752
7.01488
7.02226
7.02966
7.03707
7.04451
7.05197
7.05947
7.06699
7.07454
7.08212
7.08974
7.09738
7.10505
7.11275
7.12049
7.12824
7.13603
7.14384
7.15167
7.15953
7.1674
7.17529
7.1832
7.19112
7.19905
7.207
7.21495
7.22291
7.23086
7.23882
7.24678
7.25473
7.26268
7.27061
7.27853
7.28643
7.29432
7.30218
7.31001
7.31782
7.32558
7.33331
7.341
7.34864
7.35622
7.36374
7.3712
7.37858
7.38589
7.39311
7.40023
7.40725
7.41416
7.42094
7.42759
7.43409
7.44044
7.44661
7.4526
7.45838
7.46394
7.46926
7.47433
7.47912
7.4836
7.48775
7.49155
7.49497
7.49797
7.50052
7.50259
7.50413
7.50511
7.50547
7.50518
7.50417
7.50239
7.49979
7.49629
7.49182
7.48632
7.4797
7.47187
7.46274
7.45222
7.44019
7.42654
7.41116
7.3939
7.37465
7.35323
7.32952
7.30332
7.27446
7.24275
7.20799
7.16997
7.12845
7.08319
7.03394
6.98044
6.92239
6.8595
6.79146
6.71795
6.63862
6.55312
6.46109
6.36215
6.25591
6.14199
6.01998
5.88949
5.75011
5.60147
5.44317
5.27486
5.09621
4.90691
4.70672
4.49544
4.27318
4.03997
3.79589
3.54119
3.27632
3.0019
2.71883
2.42827
2.13169
1.83094
1.52829
1.22648
0.928787
0.639123
0.362025
0.110604
5.05331
4.81481
4.5639
4.30053
4.02479
3.73698
3.43758
3.12729
2.80709
2.47826
2.14244
1.80167
1.45845
1.1158
0.777357
0.447334
0.140136
)
;

boundaryField
{
    inlet
    {
        type            fixedValue;
        value           nonuniform List<scalar> 0();
    }
    outlet
    {
        type            fixedValue;
        value           uniform 0;
    }
    lowerWall
    {
        type            zeroGradient;
    }
    upperWall
    {
        type            zeroGradient;
    }
    frontAndBack
    {
        type            zeroGradient;
    }
    procBoundary8to2
    {
        type            processor;
        value           nonuniform List<scalar> 
85
(
-14.5745
-14.5986
-14.5986
-14.5474
-14.5245
-14.5245
-14.4752
-14.4752
-14.3997
-14.3997
-14.2513
-14.1269
-14.1269
-13.9775
-13.9775
-13.8037
-13.8037
-13.5659
-13.3467
-13.3467
-13.1044
-13.1044
-12.8048
-12.5199
-12.5199
-12.2133
-12.2133
-11.8854
-11.8854
-11.5098
-11.1434
-11.1434
-10.7573
-10.7573
-10.3302
-9.90853
-9.90853
-9.46878
-9.46878
-9.01159
-9.01159
-8.52247
-8.03406
-8.03406
-7.52989
-7.52989
-6.99986
-6.46771
-6.46771
-5.92151
-5.92151
-5.36199
-5.36199
-4.78439
-4.20146
-4.20146
-3.60695
-3.60695
-2.99941
-2.38486
-2.38486
-1.76053
-1.76053
-1.12715
-1.12715
-0.486888
0.161854
0.161854
0.817867
0.817867
1.48043
1.48043
2.14468
2.81786
2.81786
3.49581
3.49581
4.17213
4.85721
4.85721
5.54523
5.54523
6.23545
6.23545
6.92005
)
;
    }
    procBoundary8to11
    {
        type            processor;
        value           nonuniform List<scalar> 
150
(
7.61207
7.61933
7.62675
7.63429
7.64186
7.64944
7.65703
7.66464
7.67227
7.6799
7.68756
7.69523
7.70294
7.71067
7.71843
7.72624
7.73408
7.74196
7.74988
7.75785
7.76586
7.77391
7.78201
7.79014
7.79832
7.80654
7.81479
7.82308
7.8314
7.83976
7.84814
7.85655
7.86499
7.87345
7.88193
7.89042
7.89893
7.90745
7.91598
7.92452
7.93306
7.9416
7.95014
7.95867
7.96719
7.97571
7.9842
7.99268
8.00113
8.00956
8.01795
8.02631
8.03464
8.04292
8.05115
8.05932
8.06744
8.07549
8.08347
8.09138
8.09919
8.10691
8.11453
8.12204
8.12942
8.13668
8.14378
8.15074
8.15752
8.16413
8.17053
8.17672
8.18268
8.18839
8.19382
8.19896
8.20379
8.20826
8.21237
8.21607
8.21934
8.22214
8.22444
8.22618
8.22734
8.22785
8.22768
8.22676
8.22505
8.22246
8.21895
8.21443
8.20883
8.20206
8.19403
8.18465
8.17381
8.1614
8.14731
8.13139
8.11353
8.09357
8.07137
8.04674
8.01952
7.98952
7.95654
7.92035
7.88074
7.83745
7.79025
7.73884
7.68295
7.62227
7.55649
7.48527
7.40825
7.32507
7.23535
7.13869
7.03467
6.92287
6.80286
6.67418
6.53638
6.38903
6.23165
6.0638
5.88506
5.69502
5.49327
5.27948
5.27948
5.61161
5.35699
5.08846
4.80585
4.50914
4.19845
3.87411
3.53664
3.18683
2.82577
2.45487
2.07594
1.69125
1.30356
0.916195
0.533073
0.16986
)
;
    }
}


// ************************************************************************* //
