/*--------------------------------*- C++ -*----------------------------------*\
| =========                 |                                                 |
| \\      /  F ield         | OpenFOAM: The Open Source CFD Toolbox           |
|  \\    /   O peration     | Version:  2512                                  |
|   \\  /    A nd           | Website:  www.openfoam.com                      |
|    \\/     M anipulation  |                                                 |
\*---------------------------------------------------------------------------*/
FoamFile
{
    version     2.0;
    format      ascii;
    arch        "LSB;label=32;scalar=64";
    class       volScalarField;
    location    "0.1";
    object      Ux;
}
// * * * * * * * * * * * * * * * * * * * * * * * * * * * * * * * * * * * * * //

dimensions      [0 1 -1 0 0 0 0];

internalField   nonuniform List<scalar> 
8334
(
0.0275544
0.0275423
0.0275369
0.0275328
0.0275287
0.0275246
0.0275203
0.0275157
0.0275111
0.0275066
0.0275019
0.0274973
0.0274926
0.0274878
0.0274831
0.0274783
0.0274735
0.0274687
0.0274639
0.027459
0.0274541
0.0274492
0.0274443
0.0274393
0.0274344
0.0274294
0.0274244
0.0274194
0.0274144
0.0274093
0.0274043
0.0273992
0.0273941
0.027389
0.0273839
0.0273788
0.0273737
0.0273685
0.0273633
0.0273581
0.0273529
0.0273477
0.0273424
0.0273372
0.0273319
0.0273266
0.0273212
0.0273159
0.0273105
0.0273051
0.0272997
0.0272943
0.0272888
0.0272834
0.0272779
0.0272724
0.0272668
0.0272613
0.0272557
0.0272501
0.0272445
0.0272389
0.0272332
0.0272275
0.0272218
0.0272161
0.0272104
0.0272046
0.0271989
0.0271931
0.0271873
0.0271815
0.0271756
0.0271698
0.0271639
0.027158
0.0271521
0.0271462
0.0271402
0.0271343
0.0271283
0.0271223
0.0271163
0.0271103
0.0271042
0.0270982
0.0270921
0.027086
0.0270799
0.0270738
0.0270676
0.0270615
0.0270553
0.0270491
0.027043
0.0270367
0.0270305
0.0270243
0.027018
0.0270118
0.0270055
0.0269992
0.0269929
0.0269866
0.0269803
0.026974
0.0269676
0.0269612
0.0269549
0.0269485
0.0269421
0.0269357
0.0269293
0.0269229
0.0269164
0.02691
0.0269035
0.0268971
0.0268906
0.0268841
0.0268777
0.0268712
0.0268647
0.0268582
0.0268517
0.0268452
0.0268387
0.0268321
0.0268256
0.0268191
0.0268126
0.0268061
0.0267996
0.026793
0.0267865
0.02678
0.0267735
0.026767
0.0267606
0.0267541
0.0267476
0.0267412
0.0267348
0.0267284
0.026722
0.0267156
0.0267093
0.026703
0.0266968
0.0266906
0.0266844
0.0266783
0.0266722
0.0266662
0.0266603
0.0266544
0.0266486
0.0266429
0.0266374
0.0266319
0.0266265
0.0266213
0.0266162
0.0266113
0.0266066
0.0266021
0.0265977
0.0265937
0.0265898
0.0265863
0.0265831
0.0265802
0.0265777
0.0265756
0.0265741
0.0265729
0.0265726
0.0265725
0.0265738
0.0265752
0.0265776
0.0265841
0.0265833
0.0265994
0.0503739
0.0503605
0.0503514
0.0503429
0.0503352
0.0503275
0.0503194
0.0503113
0.0503033
0.0502952
0.0502871
0.0502789
0.0502707
0.0502625
0.0502543
0.0502461
0.0502378
0.0502296
0.0502213
0.050213
0.0502047
0.0501963
0.050188
0.0501796
0.0501712
0.0501629
0.0501545
0.050146
0.0501376
0.0501292
0.0501208
0.0501123
0.0501039
0.0500954
0.050087
0.0500785
0.05007
0.0500615
0.050053
0.0500445
0.050036
0.0500274
0.0500189
0.0500103
0.0500017
0.0499931
0.0499844
0.0499758
0.0499671
0.0499584
0.0499497
0.049941
0.0499322
0.0499235
0.0499147
0.0499058
0.049897
0.0498882
0.0498793
0.0498704
0.0498615
0.0498526
0.0498436
0.0498347
0.0498257
0.0498167
0.0498076
0.0497986
0.0497896
0.0497805
0.0497714
0.0497623
0.0497531
0.049744
0.0497348
0.0497256
0.0497164
0.0497072
0.049698
0.0496887
0.0496795
0.0496702
0.0496609
0.0496516
0.0496423
0.0496329
0.0496236
0.0496142
0.0496048
0.0495954
0.049586
0.0495765
0.0495671
0.0495576
0.0495482
0.0495387
0.0495292
0.0495197
0.0495101
0.0495006
0.049491
0.0494815
0.0494719
0.0494623
0.0494527
0.0494431
0.0494335
0.0494239
0.0494142
0.0494046
0.0493949
0.0493853
0.0493756
0.0493659
0.0493562
0.0493465
0.0493368
0.0493271
0.0493174
0.0493077
0.049298
0.0492883
0.0492785
0.0492688
0.0492591
0.0492494
0.0492397
0.04923
0.0492203
0.0492106
0.0492009
0.0491912
0.0491815
0.0491719
0.0491623
0.0491526
0.0491431
0.0491335
0.049124
0.0491145
0.049105
0.0490956
0.0490862
0.0490769
0.0490676
0.0490584
0.0490493
0.0490402
0.0490312
0.0490223
0.0490136
0.0490049
0.0489963
0.0489879
0.0489797
0.0489716
0.0489636
0.0489559
0.0489484
0.0489411
0.0489341
0.0489274
0.048921
0.0489149
0.0489092
0.0489039
0.0488991
0.0488948
0.048891
0.0488879
0.0488853
0.0488836
0.0488826
0.0488825
0.0488833
0.0488856
0.0488882
0.0488939
0.0488989
0.0489065
0.0489221
0.0489192
0.048958
0.0584261
0.0584058
0.0583905
0.0583766
0.0583628
0.0583493
0.0583357
0.0583221
0.0583085
0.058295
0.0582814
0.0582679
0.0582543
0.0582407
0.0582271
0.0582135
0.0581998
0.0581862
0.0581726
0.0581589
0.0581452
0.0581316
0.0581179
0.0581042
0.0580905
0.0580768
0.0580631
0.0580494
0.0580357
0.058022
0.0580083
0.0579946
0.0579809
0.0579673
0.0579536
0.0579399
0.0579262
0.0579125
0.0578988
0.0578851
0.0578714
0.0578577
0.0578439
0.0578302
0.0578164
0.0578027
0.0577889
0.0577751
0.0577613
0.0577475
0.0577336
0.0577198
0.0577059
0.057692
0.0576781
0.0576641
0.0576502
0.0576362
0.0576222
0.0576082
0.0575942
0.0575801
0.0575661
0.057552
0.0575379
0.0575238
0.0575096
0.0574955
0.0574813
0.0574671
0.0574529
0.0574387
0.0574244
0.0574102
0.0573959
0.0573816
0.0573673
0.0573529
0.0573386
0.0573242
0.0573099
0.0572955
0.0572811
0.0572666
0.0572522
0.0572377
0.0572233
0.0572088
0.0571943
0.0571798
0.0571652
0.0571507
0.0571361
0.0571215
0.057107
0.0570924
0.0570778
0.0570631
0.0570485
0.0570338
0.0570192
0.0570045
0.0569898
0.0569751
0.0569604
0.0569457
0.056931
0.0569162
0.0569015
0.0568867
0.056872
0.0568572
0.0568424
0.0568276
0.0568128
0.056798
0.0567832
0.0567684
0.0567536
0.0567388
0.056724
0.0567092
0.0566944
0.0566795
0.0566647
0.0566499
0.0566351
0.0566203
0.0566055
0.0565907
0.056576
0.0565612
0.0565465
0.0565318
0.0565171
0.0565024
0.0564877
0.0564731
0.0564585
0.056444
0.0564295
0.056415
0.0564006
0.0563863
0.056372
0.0563578
0.0563437
0.0563296
0.0563157
0.0563018
0.0562881
0.0562745
0.0562611
0.0562478
0.0562346
0.0562217
0.056209
0.0561965
0.0561842
0.0561722
0.0561605
0.0561491
0.0561381
0.0561275
0.0561173
0.0561076
0.0560984
0.0560897
0.0560817
0.0560744
0.0560678
0.056062
0.0560571
0.0560534
0.0560505
0.0560494
0.0560484
0.0560514
0.0560525
0.0560587
0.0560698
0.0560663
0.0560994
0.0606797
0.0606597
0.0606428
0.0606268
0.0606106
0.0605941
0.0605777
0.0605615
0.0605453
0.0605291
0.0605129
0.0604967
0.0604805
0.0604642
0.060448
0.0604318
0.0604155
0.0603993
0.0603831
0.0603668
0.0603505
0.0603343
0.060318
0.0603017
0.0602855
0.0602692
0.0602529
0.0602367
0.0602204
0.0602041
0.0601879
0.0601716
0.0601554
0.0601392
0.0601229
0.0601067
0.0600905
0.0600743
0.0600581
0.0600418
0.0600256
0.0600094
0.0599931
0.0599769
0.0599606
0.0599443
0.059928
0.0599117
0.0598954
0.0598791
0.0598627
0.0598464
0.05983
0.0598136
0.0597972
0.0597807
0.0597643
0.0597478
0.0597313
0.0597148
0.0596982
0.0596817
0.0596651
0.0596485
0.0596319
0.0596153
0.0595987
0.059582
0.0595654
0.0595487
0.059532
0.0595152
0.0594985
0.0594817
0.059465
0.0594482
0.0594314
0.0594145
0.0593977
0.0593808
0.059364
0.0593471
0.0593302
0.0593132
0.0592963
0.0592794
0.0592624
0.0592454
0.0592284
0.0592114
0.0591944
0.0591773
0.0591603
0.0591432
0.0591262
0.0591091
0.059092
0.0590748
0.0590577
0.0590406
0.0590234
0.0590063
0.0589891
0.0589719
0.0589547
0.0589375
0.0589203
0.0589031
0.0588858
0.0588686
0.0588513
0.0588341
0.0588168
0.0587995
0.0587823
0.058765
0.0587477
0.0587304
0.0587131
0.0586958
0.0586785
0.0586612
0.058644
0.0586267
0.0586094
0.0585921
0.0585748
0.0585576
0.0585403
0.0585231
0.0585058
0.0584886
0.0584714
0.0584543
0.0584371
0.05842
0.0584029
0.0583858
0.0583688
0.0583519
0.0583349
0.0583181
0.0583013
0.0582845
0.0582679
0.0582513
0.0582348
0.0582184
0.0582021
0.0581859
0.0581699
0.058154
0.0581383
0.0581227
0.0581073
0.0580922
0.0580772
0.0580625
0.0580481
0.058034
0.0580203
0.0580068
0.0579938
0.0579813
0.0579692
0.0579576
0.0579466
0.0579362
0.0579266
0.0579177
0.0579096
0.0579025
0.0578965
0.0578913
0.0578881
0.0578847
0.0578858
0.0578841
0.0578894
0.0578959
0.0578934
0.0579209
0.0611916
0.061172
0.0611552
0.0611382
0.061121
0.0611039
0.0610868
0.0610697
0.0610527
0.0610356
0.0610186
0.0610015
0.0609844
0.0609674
0.0609503
0.0609332
0.0609162
0.0608991
0.060882
0.0608649
0.0608478
0.0608307
0.0608136
0.0607965
0.0607794
0.0607623
0.0607452
0.0607281
0.0607111
0.060694
0.0606769
0.0606599
0.0606428
0.0606258
0.0606087
0.0605917
0.0605747
0.0605576
0.0605406
0.0605236
0.0605065
0.0604895
0.0604724
0.0604554
0.0604383
0.0604212
0.0604041
0.060387
0.0603699
0.0603527
0.0603355
0.0603184
0.0603012
0.0602839
0.0602667
0.0602494
0.0602322
0.0602149
0.0601976
0.0601802
0.0601629
0.0601455
0.0601282
0.0601108
0.0600934
0.0600759
0.0600585
0.060041
0.0600235
0.060006
0.0599885
0.059971
0.0599534
0.0599358
0.0599182
0.0599006
0.059883
0.0598654
0.0598477
0.0598301
0.0598124
0.0597947
0.059777
0.0597592
0.0597415
0.0597237
0.059706
0.0596882
0.0596704
0.0596525
0.0596347
0.0596169
0.059599
0.0595811
0.0595633
0.0595454
0.0595274
0.0595095
0.0594916
0.0594736
0.0594557
0.0594377
0.0594197
0.0594017
0.0593837
0.0593657
0.0593477
0.0593297
0.0593117
0.0592936
0.0592756
0.0592575
0.0592394
0.0592214
0.0592033
0.0591852
0.0591671
0.059149
0.059131
0.0591129
0.0590948
0.0590767
0.0590586
0.0590405
0.0590225
0.0590044
0.0589863
0.0589683
0.0589502
0.0589322
0.0589142
0.0588962
0.0588783
0.0588603
0.0588424
0.0588245
0.0588067
0.0587889
0.0587711
0.0587534
0.0587357
0.0587181
0.0587006
0.0586831
0.0586658
0.0586485
0.0586313
0.0586142
0.0585972
0.0585804
0.0585637
0.0585472
0.0585308
0.0585146
0.0584987
0.0584829
0.0584675
0.0584523
0.0584374
0.0584228
0.0584086
0.0583948
0.0583814
0.0583685
0.0583561
0.0583443
0.0583332
0.0583227
0.058313
0.0583041
0.0582961
0.0582893
0.0582833
0.0582792
0.058275
0.0582753
0.0582724
0.0582775
0.0582818
0.0582799
0.0583044
0.0612784
0.0612602
0.0612431
0.0612254
0.0612081
0.0611909
0.0611736
0.0611564
0.0611391
0.0611218
0.0611046
0.0610873
0.06107
0.0610528
0.0610355
0.0610182
0.0610009
0.0609836
0.0609663
0.060949
0.0609317
0.0609144
0.0608971
0.0608798
0.0608625
0.0608452
0.0608279
0.0608107
0.0607934
0.0607761
0.0607589
0.0607416
0.0607244
0.0607071
0.0606899
0.0606727
0.0606554
0.0606382
0.060621
0.0606037
0.0605865
0.0605692
0.060552
0.0605347
0.0605174
0.0605001
0.0604828
0.0604655
0.0604481
0.0604308
0.0604134
0.060396
0.0603786
0.0603611
0.0603437
0.0603262
0.0603087
0.0602912
0.0602737
0.0602562
0.0602386
0.060221
0.0602034
0.0601858
0.0601682
0.0601506
0.0601329
0.0601152
0.0600975
0.0600798
0.0600621
0.0600443
0.0600266
0.0600088
0.059991
0.0599732
0.0599553
0.0599375
0.0599196
0.0599017
0.0598838
0.0598659
0.059848
0.0598301
0.0598121
0.0597941
0.0597762
0.0597582
0.0597401
0.0597221
0.0597041
0.059686
0.059668
0.0596499
0.0596318
0.0596137
0.0595956
0.0595774
0.0595593
0.0595411
0.059523
0.0595048
0.0594866
0.0594684
0.0594502
0.059432
0.0594138
0.0593955
0.0593773
0.0593591
0.0593408
0.0593225
0.0593043
0.059286
0.0592677
0.0592495
0.0592312
0.0592129
0.0591946
0.0591763
0.059158
0.0591398
0.0591215
0.0591032
0.059085
0.0590667
0.0590485
0.0590302
0.059012
0.0589938
0.0589756
0.0589575
0.0589393
0.0589212
0.0589031
0.0588851
0.0588671
0.0588491
0.0588312
0.0588134
0.0587956
0.0587778
0.0587602
0.0587426
0.0587251
0.0587077
0.0586904
0.0586732
0.0586562
0.0586393
0.0586226
0.058606
0.0585896
0.0585735
0.0585575
0.0585418
0.0585264
0.0585113
0.0584965
0.0584821
0.0584681
0.0584545
0.0584413
0.0584288
0.0584167
0.0584053
0.0583946
0.0583847
0.0583756
0.0583673
0.0583602
0.0583539
0.0583496
0.058345
0.0583452
0.0583417
0.0583467
0.0583501
0.0583485
0.0583714
0.0612991
0.061278
0.0612604
0.0612433
0.0612261
0.0612087
0.0611914
0.0611742
0.0611569
0.0611395
0.0611222
0.0611049
0.0610876
0.0610703
0.061053
0.0610357
0.0610183
0.061001
0.0609837
0.0609663
0.060949
0.0609316
0.0609143
0.060897
0.0608796
0.0608623
0.060845
0.0608276
0.0608103
0.060793
0.0607757
0.0607584
0.0607411
0.0607239
0.0607066
0.0606893
0.0606721
0.0606548
0.0606375
0.0606202
0.060603
0.0605857
0.0605684
0.0605511
0.0605337
0.0605164
0.060499
0.0604817
0.0604643
0.0604469
0.0604295
0.060412
0.0603946
0.0603771
0.0603596
0.0603421
0.0603246
0.060307
0.0602895
0.0602719
0.0602543
0.0602367
0.060219
0.0602014
0.0601837
0.060166
0.0601483
0.0601306
0.0601129
0.0600951
0.0600774
0.0600596
0.0600418
0.0600239
0.0600061
0.0599882
0.0599704
0.0599525
0.0599346
0.0599167
0.0598987
0.0598808
0.0598628
0.0598448
0.0598268
0.0598088
0.0597908
0.0597728
0.0597547
0.0597367
0.0597186
0.0597005
0.0596824
0.0596643
0.0596461
0.059628
0.0596098
0.0595917
0.0595735
0.0595553
0.0595371
0.0595189
0.0595006
0.0594824
0.0594642
0.0594459
0.0594276
0.0594094
0.0593911
0.0593728
0.0593545
0.0593362
0.0593179
0.0592996
0.0592813
0.059263
0.0592447
0.0592263
0.059208
0.0591897
0.0591714
0.059153
0.0591347
0.0591164
0.0590981
0.0590798
0.0590615
0.0590433
0.059025
0.0590068
0.0589885
0.0589703
0.0589522
0.058934
0.0589159
0.0588978
0.0588797
0.0588617
0.0588438
0.0588259
0.058808
0.0587903
0.0587726
0.0587549
0.0587374
0.05872
0.0587026
0.0586854
0.0586683
0.0586514
0.0586346
0.058618
0.0586016
0.0585853
0.0585693
0.0585536
0.0585381
0.058523
0.0585081
0.0584936
0.0584795
0.0584659
0.0584527
0.05844
0.0584279
0.0584164
0.0584056
0.0583956
0.0583864
0.0583781
0.0583709
0.0583644
0.05836
0.0583552
0.0583552
0.0583515
0.0583564
0.0583591
0.0583577
0.0583793
0.0612828
0.0612627
0.0612453
0.0612287
0.0612116
0.0611942
0.0611769
0.0611596
0.0611422
0.0611249
0.0611076
0.0610903
0.061073
0.0610556
0.0610383
0.061021
0.0610036
0.0609863
0.0609689
0.0609516
0.0609342
0.0609169
0.0608995
0.0608822
0.0608649
0.0608475
0.0608302
0.0608129
0.0607956
0.0607783
0.060761
0.0607437
0.0607264
0.0607091
0.0606918
0.0606746
0.0606573
0.06064
0.0606227
0.0606054
0.0605881
0.0605708
0.0605535
0.0605362
0.0605188
0.0605015
0.0604841
0.0604667
0.0604493
0.0604319
0.0604144
0.060397
0.0603795
0.060362
0.0603445
0.0603269
0.0603094
0.0602918
0.0602742
0.0602566
0.060239
0.0602214
0.0602037
0.060186
0.0601683
0.0601506
0.0601329
0.0601152
0.0600974
0.0600796
0.0600618
0.060044
0.0600262
0.0600083
0.0599905
0.0599726
0.0599547
0.0599368
0.0599189
0.0599009
0.059883
0.059865
0.059847
0.059829
0.059811
0.059793
0.0597749
0.0597569
0.0597388
0.0597207
0.0597026
0.0596845
0.0596664
0.0596482
0.0596301
0.0596119
0.0595937
0.0595755
0.0595573
0.0595391
0.0595209
0.0595027
0.0594844
0.0594662
0.0594479
0.0594297
0.0594114
0.0593931
0.0593748
0.0593565
0.0593382
0.0593199
0.0593016
0.0592833
0.0592649
0.0592466
0.0592283
0.0592099
0.0591916
0.0591733
0.059155
0.0591366
0.0591183
0.0591
0.0590817
0.0590634
0.0590451
0.0590269
0.0590086
0.0589904
0.0589722
0.058954
0.0589358
0.0589177
0.0588996
0.0588815
0.0588635
0.0588456
0.0588276
0.0588098
0.058792
0.0587743
0.0587566
0.0587391
0.0587216
0.0587043
0.0586871
0.05867
0.058653
0.0586362
0.0586196
0.0586031
0.0585869
0.0585709
0.0585551
0.0585396
0.0585244
0.0585095
0.058495
0.0584809
0.0584672
0.0584539
0.0584412
0.0584291
0.0584175
0.0584067
0.0583966
0.0583873
0.0583789
0.0583716
0.058365
0.0583605
0.0583555
0.0583555
0.0583514
0.0583563
0.0583584
0.0583571
0.0583776
0.0612648
0.0612453
0.0612287
0.0612115
0.0611944
0.0611773
0.0611599
0.0611426
0.0611253
0.061108
0.0610906
0.0610733
0.061056
0.0610387
0.0610213
0.061004
0.0609866
0.0609693
0.0609519
0.0609346
0.0609172
0.0608999
0.0608825
0.0608652
0.0608479
0.0608305
0.0608132
0.0607959
0.0607786
0.0607613
0.060744
0.0607267
0.0607094
0.0606922
0.0606749
0.0606576
0.0606403
0.0606231
0.0606058
0.0605885
0.0605712
0.0605538
0.0605365
0.0605192
0.0605018
0.0604844
0.060467
0.0604496
0.0604322
0.0604147
0.0603973
0.0603798
0.0603623
0.0603448
0.0603273
0.0603097
0.0602921
0.0602745
0.0602569
0.0602393
0.0602217
0.060204
0.0601863
0.0601686
0.0601509
0.0601332
0.0601155
0.0600977
0.0600799
0.0600621
0.0600443
0.0600265
0.0600086
0.0599908
0.0599729
0.059955
0.0599371
0.0599192
0.0599012
0.0598833
0.0598653
0.0598473
0.0598293
0.0598113
0.0597933
0.0597752
0.0597571
0.0597391
0.059721
0.0597029
0.0596848
0.0596666
0.0596485
0.0596304
0.0596122
0.059594
0.0595758
0.0595576
0.0595394
0.0595212
0.059503
0.0594847
0.0594665
0.0594482
0.0594299
0.0594117
0.0593934
0.0593751
0.0593568
0.0593385
0.0593201
0.0593018
0.0592835
0.0592652
0.0592469
0.0592285
0.0592102
0.0591919
0.0591735
0.0591552
0.0591369
0.0591186
0.0591002
0.0590819
0.0590636
0.0590454
0.0590271
0.0590088
0.0589906
0.0589724
0.0589542
0.058936
0.0589179
0.0588998
0.0588817
0.0588637
0.0588457
0.0588278
0.05881
0.0587922
0.0587744
0.0587568
0.0587392
0.0587218
0.0587044
0.0586872
0.0586701
0.0586531
0.0586363
0.0586196
0.0586032
0.0585869
0.0585709
0.0585551
0.0585395
0.0585243
0.0585094
0.0584949
0.0584807
0.0584669
0.0584537
0.0584409
0.0584287
0.0584171
0.0584062
0.058396
0.0583867
0.0583782
0.0583708
0.0583641
0.0583595
0.0583543
0.0583541
0.0583497
0.0583546
0.0583561
0.0583549
0.0583742
0.0612466
0.0612288
0.0612117
0.0611945
0.0611773
0.0611599
0.0611425
0.0611253
0.061108
0.0610907
0.0610734
0.061056
0.0610387
0.0610214
0.061004
0.0609867
0.0609693
0.060952
0.0609346
0.0609173
0.0608999
0.0608826
0.0608652
0.0608479
0.0608306
0.0608132
0.0607959
0.0607786
0.0607613
0.060744
0.0607268
0.0607095
0.0606922
0.0606749
0.0606577
0.0606404
0.0606231
0.0606058
0.0605885
0.0605712
0.0605539
0.0605366
0.0605192
0.0605018
0.0604845
0.0604671
0.0604497
0.0604322
0.0604148
0.0603973
0.0603798
0.0603623
0.0603448
0.0603273
0.0603097
0.0602922
0.0602746
0.060257
0.0602394
0.0602217
0.0602041
0.0601864
0.0601687
0.060151
0.0601333
0.0601155
0.0600977
0.06008
0.0600622
0.0600444
0.0600265
0.0600087
0.0599908
0.0599729
0.059955
0.0599371
0.0599192
0.0599013
0.0598833
0.0598653
0.0598473
0.0598293
0.0598113
0.0597933
0.0597752
0.0597572
0.0597391
0.059721
0.0597029
0.0596848
0.0596667
0.0596485
0.0596304
0.0596122
0.059594
0.0595759
0.0595577
0.0595394
0.0595212
0.059503
0.0594847
0.0594665
0.0594482
0.05943
0.0594117
0.0593934
0.0593751
0.0593568
0.0593385
0.0593202
0.0593019
0.0592835
0.0592652
0.0592469
0.0592285
0.0592102
0.0591919
0.0591735
0.0591552
0.0591369
0.0591186
0.0591003
0.0590819
0.0590637
0.0590454
0.0590271
0.0590088
0.0589906
0.0589724
0.0589542
0.058936
0.0589179
0.0588998
0.0588817
0.0588637
0.0588457
0.0588278
0.0588099
0.0587921
0.0587744
0.0587567
0.0587392
0.0587217
0.0587043
0.0586871
0.0586699
0.058653
0.0586361
0.0586195
0.058603
0.0585867
0.0585706
0.0585548
0.0585393
0.058524
0.0585091
0.0584945
0.0584803
0.0584665
0.0584532
0.0584404
0.0584281
0.0584164
0.0584054
0.0583952
0.0583857
0.0583771
0.0583696
0.0583628
0.0583581
0.0583527
0.0583524
0.0583477
0.0583524
0.0583533
0.0583522
0.0583704
0.0612493
0.0612284
0.0612108
0.0611943
0.0611775
0.0611599
0.0611425
0.0611253
0.061108
0.0610907
0.0610734
0.061056
0.0610387
0.0610214
0.061004
0.0609867
0.0609693
0.060952
0.0609346
0.0609173
0.0608999
0.0608826
0.0608652
0.0608479
0.0608305
0.0608132
0.0607959
0.0607786
0.0607613
0.060744
0.0607267
0.0607095
0.0606922
0.0606749
0.0606577
0.0606404
0.0606231
0.0606058
0.0605885
0.0605712
0.0605539
0.0605366
0.0605192
0.0605018
0.0604845
0.0604671
0.0604497
0.0604322
0.0604148
0.0603973
0.0603798
0.0603624
0.0603448
0.0603273
0.0603098
0.0602922
0.0602746
0.060257
0.0602394
0.0602217
0.0602041
0.0601864
0.0601687
0.060151
0.0601333
0.0601155
0.0600978
0.06008
0.0600622
0.0600444
0.0600265
0.0600087
0.0599908
0.0599729
0.059955
0.0599371
0.0599192
0.0599013
0.0598833
0.0598653
0.0598474
0.0598293
0.0598113
0.0597933
0.0597753
0.0597572
0.0597391
0.059721
0.0597029
0.0596848
0.0596667
0.0596485
0.0596304
0.0596122
0.059594
0.0595759
0.0595577
0.0595394
0.0595212
0.059503
0.0594847
0.0594665
0.0594482
0.05943
0.0594117
0.0593934
0.0593751
0.0593568
0.0593385
0.0593202
0.0593019
0.0592835
0.0592652
0.0592469
0.0592285
0.0592102
0.0591919
0.0591735
0.0591552
0.0591369
0.0591186
0.0591002
0.0590819
0.0590636
0.0590453
0.0590271
0.0590088
0.0589906
0.0589723
0.0589542
0.058936
0.0589178
0.0588997
0.0588817
0.0588636
0.0588456
0.0588277
0.0588098
0.058792
0.0587743
0.0587566
0.0587391
0.0587216
0.0587042
0.0586869
0.0586698
0.0586528
0.0586359
0.0586192
0.0586027
0.0585864
0.0585704
0.0585545
0.0585389
0.0585236
0.0585087
0.058494
0.0584798
0.058466
0.0584526
0.0584397
0.0584274
0.0584157
0.0584046
0.0583942
0.0583847
0.058376
0.0583683
0.0583614
0.0583565
0.0583509
0.0583504
0.0583454
0.05835
0.0583502
0.0583491
0.0583662
0.0612304
0.0612106
0.061194
0.0611771
0.0611597
0.0611425
0.0611252
0.0611079
0.0610907
0.0610734
0.061056
0.0610387
0.0610213
0.061004
0.0609867
0.0609693
0.060952
0.0609346
0.0609173
0.0608999
0.0608825
0.0608652
0.0608479
0.0608305
0.0608132
0.0607959
0.0607786
0.0607613
0.060744
0.0607267
0.0607095
0.0606922
0.0606749
0.0606577
0.0606404
0.0606231
0.0606058
0.0605885
0.0605712
0.0605539
0.0605366
0.0605192
0.0605019
0.0604845
0.0604671
0.0604497
0.0604322
0.0604148
0.0603973
0.0603799
0.0603624
0.0603448
0.0603273
0.0603098
0.0602922
0.0602746
0.060257
0.0602394
0.0602217
0.0602041
0.0601864
0.0601687
0.060151
0.0601333
0.0601155
0.0600978
0.06008
0.0600622
0.0600444
0.0600265
0.0600087
0.0599908
0.0599729
0.0599551
0.0599371
0.0599192
0.0599013
0.0598833
0.0598653
0.0598474
0.0598294
0.0598113
0.0597933
0.0597753
0.0597572
0.0597391
0.059721
0.0597029
0.0596848
0.0596667
0.0596485
0.0596304
0.0596122
0.0595941
0.0595759
0.0595577
0.0595394
0.0595212
0.059503
0.0594847
0.0594665
0.0594482
0.05943
0.0594117
0.0593934
0.0593751
0.0593568
0.0593385
0.0593202
0.0593019
0.0592835
0.0592652
0.0592469
0.0592285
0.0592102
0.0591919
0.0591735
0.0591552
0.0591369
0.0591185
0.0591002
0.0590819
0.0590636
0.0590453
0.059027
0.0590088
0.0589905
0.0589723
0.0589541
0.0589359
0.0589178
0.0588997
0.0588816
0.0588636
0.0588456
0.0588276
0.0588098
0.0587919
0.0587742
0.0587565
0.0587389
0.0587214
0.058704
0.0586868
0.0586696
0.0586526
0.0586357
0.058619
0.0586025
0.0585862
0.05857
0.0585542
0.0585386
0.0585232
0.0585082
0.0584935
0.0584792
0.0584654
0.0584519
0.058439
0.0584266
0.0584148
0.0584036
0.0583932
0.0583835
0.0583747
0.0583669
0.0583598
0.0583547
0.058349
0.0583483
0.0583429
0.0583474
0.0583468
0.0583458
0.0583618
0.0612118
0.0611941
0.0611772
0.0611596
0.0611424
0.0611253
0.061108
0.0610907
0.0610734
0.061056
0.0610387
0.0610213
0.061004
0.0609867
0.0609693
0.0609519
0.0609346
0.0609172
0.0608999
0.0608825
0.0608652
0.0608478
0.0608305
0.0608132
0.0607959
0.0607786
0.0607613
0.060744
0.0607267
0.0607094
0.0606922
0.0606749
0.0606576
0.0606404
0.0606231
0.0606058
0.0605885
0.0605712
0.0605539
0.0605366
0.0605192
0.0605019
0.0604845
0.0604671
0.0604497
0.0604322
0.0604148
0.0603973
0.0603799
0.0603624
0.0603448
0.0603273
0.0603098
0.0602922
0.0602746
0.060257
0.0602394
0.0602217
0.0602041
0.0601864
0.0601687
0.060151
0.0601333
0.0601155
0.0600978
0.06008
0.0600622
0.0600444
0.0600265
0.0600087
0.0599908
0.059973
0.0599551
0.0599371
0.0599192
0.0599013
0.0598833
0.0598653
0.0598474
0.0598294
0.0598113
0.0597933
0.0597753
0.0597572
0.0597391
0.059721
0.0597029
0.0596848
0.0596667
0.0596485
0.0596304
0.0596122
0.0595941
0.0595759
0.0595577
0.0595394
0.0595212
0.059503
0.0594847
0.0594665
0.0594482
0.05943
0.0594117
0.0593934
0.0593751
0.0593568
0.0593385
0.0593202
0.0593018
0.0592835
0.0592652
0.0592469
0.0592285
0.0592102
0.0591919
0.0591735
0.0591552
0.0591369
0.0591185
0.0591002
0.0590819
0.0590636
0.0590453
0.059027
0.0590088
0.0589905
0.0589723
0.0589541
0.0589359
0.0589177
0.0588996
0.0588815
0.0588635
0.0588455
0.0588276
0.0588097
0.0587918
0.0587741
0.0587564
0.0587388
0.0587213
0.0587039
0.0586866
0.0586694
0.0586524
0.0586355
0.0586187
0.0586022
0.0585858
0.0585697
0.0585538
0.0585381
0.0585228
0.0585077
0.058493
0.0584786
0.0584647
0.0584512
0.0584382
0.0584257
0.0584138
0.0584026
0.058392
0.0583823
0.0583733
0.0583654
0.0583581
0.0583528
0.0583468
0.0583459
0.0583401
0.0583445
0.0583432
0.0583423
0.058357
0.0612147
0.0611938
0.0611766
0.0611595
0.0611424
0.0611251
0.0611078
0.0610906
0.0610733
0.061056
0.0610386
0.0610213
0.061004
0.0609866
0.0609693
0.0609519
0.0609346
0.0609172
0.0608999
0.0608825
0.0608652
0.0608478
0.0608305
0.0608132
0.0607958
0.0607785
0.0607612
0.060744
0.0607267
0.0607094
0.0606922
0.0606749
0.0606576
0.0606404
0.0606231
0.0606058
0.0605885
0.0605712
0.0605539
0.0605366
0.0605192
0.0605019
0.0604845
0.0604671
0.0604497
0.0604323
0.0604148
0.0603973
0.0603799
0.0603624
0.0603448
0.0603273
0.0603098
0.0602922
0.0602746
0.060257
0.0602394
0.0602217
0.0602041
0.0601864
0.0601687
0.060151
0.0601333
0.0601155
0.0600978
0.06008
0.0600622
0.0600444
0.0600265
0.0600087
0.0599908
0.059973
0.0599551
0.0599371
0.0599192
0.0599013
0.0598833
0.0598653
0.0598474
0.0598294
0.0598113
0.0597933
0.0597753
0.0597572
0.0597391
0.059721
0.0597029
0.0596848
0.0596667
0.0596486
0.0596304
0.0596122
0.0595941
0.0595759
0.0595577
0.0595394
0.0595212
0.059503
0.0594847
0.0594665
0.0594482
0.05943
0.0594117
0.0593934
0.0593751
0.0593568
0.0593385
0.0593202
0.0593018
0.0592835
0.0592652
0.0592469
0.0592285
0.0592102
0.0591918
0.0591735
0.0591552
0.0591368
0.0591185
0.0591002
0.0590819
0.0590636
0.0590453
0.059027
0.0590087
0.0589905
0.0589722
0.058954
0.0589358
0.0589177
0.0588996
0.0588815
0.0588634
0.0588454
0.0588275
0.0588096
0.0587917
0.058774
0.0587563
0.0587386
0.0587211
0.0587037
0.0586864
0.0586692
0.0586521
0.0586352
0.0586185
0.0586019
0.0585855
0.0585693
0.0585534
0.0585377
0.0585223
0.0585072
0.0584924
0.058478
0.058464
0.0584504
0.0584373
0.0584248
0.0584128
0.0584014
0.0583908
0.0583809
0.0583717
0.0583637
0.0583562
0.0583508
0.0583445
0.0583434
0.0583372
0.0583414
0.0583394
0.0583385
0.058352
0.0611958
0.0611759
0.0611589
0.0611425
0.0611253
0.0611079
0.0610907
0.0610733
0.0610559
0.0610386
0.0610213
0.061004
0.0609866
0.0609693
0.0609519
0.0609345
0.0609172
0.0608998
0.0608825
0.0608651
0.0608478
0.0608304
0.0608131
0.0607958
0.0607785
0.0607612
0.0607439
0.0607267
0.0607094
0.0606921
0.0606749
0.0606576
0.0606404
0.0606231
0.0606058
0.0605885
0.0605712
0.0605539
0.0605366
0.0605192
0.0605019
0.0604845
0.0604671
0.0604497
0.0604323
0.0604148
0.0603973
0.0603799
0.0603624
0.0603449
0.0603273
0.0603098
0.0602922
0.0602746
0.060257
0.0602394
0.0602217
0.0602041
0.0601864
0.0601687
0.060151
0.0601333
0.0601155
0.0600978
0.06008
0.0600622
0.0600444
0.0600265
0.0600087
0.0599908
0.059973
0.0599551
0.0599372
0.0599192
0.0599013
0.0598833
0.0598654
0.0598474
0.0598294
0.0598113
0.0597933
0.0597753
0.0597572
0.0597391
0.059721
0.0597029
0.0596848
0.0596667
0.0596486
0.0596304
0.0596122
0.0595941
0.0595759
0.0595577
0.0595395
0.0595212
0.059503
0.0594847
0.0594665
0.0594482
0.05943
0.0594117
0.0593934
0.0593751
0.0593568
0.0593385
0.0593202
0.0593018
0.0592835
0.0592652
0.0592468
0.0592285
0.0592102
0.0591918
0.0591735
0.0591552
0.0591368
0.0591185
0.0591002
0.0590818
0.0590635
0.0590452
0.0590269
0.0590087
0.0589904
0.0589722
0.058954
0.0589358
0.0589176
0.0588995
0.0588814
0.0588633
0.0588453
0.0588274
0.0588095
0.0587916
0.0587738
0.0587561
0.0587385
0.0587209
0.0587035
0.0586862
0.058669
0.0586519
0.0586349
0.0586182
0.0586015
0.0585851
0.0585689
0.0585529
0.0585372
0.0585217
0.0585066
0.0584918
0.0584773
0.0584632
0.0584496
0.0584364
0.0584237
0.0584117
0.0584002
0.0583894
0.0583794
0.0583701
0.0583619
0.0583542
0.0583485
0.058342
0.0583407
0.0583341
0.0583381
0.0583353
0.0583344
0.0583468
0.0611779
0.0611584
0.0611419
0.0611248
0.0611078
0.0610907
0.0610733
0.0610559
0.0610386
0.0610213
0.0610039
0.0609866
0.0609692
0.0609519
0.0609345
0.0609172
0.0608998
0.0608824
0.0608651
0.0608477
0.0608304
0.0608131
0.0607958
0.0607785
0.0607612
0.0607439
0.0607266
0.0607094
0.0606921
0.0606749
0.0606576
0.0606403
0.0606231
0.0606058
0.0605885
0.0605712
0.0605539
0.0605366
0.0605192
0.0605019
0.0604845
0.0604671
0.0604497
0.0604323
0.0604148
0.0603974
0.0603799
0.0603624
0.0603449
0.0603273
0.0603098
0.0602922
0.0602746
0.060257
0.0602394
0.0602217
0.0602041
0.0601864
0.0601687
0.060151
0.0601333
0.0601155
0.0600978
0.06008
0.0600622
0.0600444
0.0600265
0.0600087
0.0599908
0.059973
0.0599551
0.0599372
0.0599192
0.0599013
0.0598833
0.0598654
0.0598474
0.0598294
0.0598113
0.0597933
0.0597753
0.0597572
0.0597391
0.059721
0.0597029
0.0596848
0.0596667
0.0596486
0.0596304
0.0596122
0.0595941
0.0595759
0.0595577
0.0595395
0.0595212
0.059503
0.0594847
0.0594665
0.0594482
0.05943
0.0594117
0.0593934
0.0593751
0.0593568
0.0593385
0.0593202
0.0593018
0.0592835
0.0592652
0.0592468
0.0592285
0.0592102
0.0591918
0.0591735
0.0591551
0.0591368
0.0591185
0.0591001
0.0590818
0.0590635
0.0590452
0.0590269
0.0590086
0.0589904
0.0589721
0.0589539
0.0589357
0.0589175
0.0588994
0.0588813
0.0588632
0.0588452
0.0588273
0.0588093
0.0587915
0.0587737
0.058756
0.0587383
0.0587208
0.0587033
0.0586859
0.0586687
0.0586516
0.0586346
0.0586178
0.0586012
0.0585847
0.0585685
0.0585525
0.0585367
0.0585212
0.058506
0.0584911
0.0584765
0.0584624
0.0584487
0.0584354
0.0584226
0.0584105
0.0583989
0.0583879
0.0583778
0.0583683
0.0583599
0.0583521
0.0583462
0.0583394
0.0583378
0.0583308
0.0583346
0.058331
0.0583302
0.0583413
0.0611598
0.0611422
0.061125
0.0611077
0.0610906
0.0610732
0.0610558
0.0610386
0.0610213
0.0610039
0.0609866
0.0609692
0.0609518
0.0609345
0.0609171
0.0608998
0.0608824
0.0608651
0.0608477
0.0608304
0.060813
0.0607957
0.0607784
0.0607611
0.0607439
0.0607266
0.0607093
0.0606921
0.0606748
0.0606576
0.0606403
0.0606231
0.0606058
0.0605885
0.0605712
0.0605539
0.0605366
0.0605192
0.0605019
0.0604845
0.0604671
0.0604497
0.0604323
0.0604148
0.0603974
0.0603799
0.0603624
0.0603449
0.0603273
0.0603098
0.0602922
0.0602746
0.060257
0.0602394
0.0602218
0.0602041
0.0601864
0.0601687
0.060151
0.0601333
0.0601155
0.0600978
0.06008
0.0600622
0.0600444
0.0600266
0.0600087
0.0599908
0.059973
0.0599551
0.0599372
0.0599192
0.0599013
0.0598833
0.0598654
0.0598474
0.0598294
0.0598113
0.0597933
0.0597753
0.0597572
0.0597391
0.059721
0.0597029
0.0596848
0.0596667
0.0596486
0.0596304
0.0596122
0.0595941
0.0595759
0.0595577
0.0595395
0.0595212
0.059503
0.0594847
0.0594665
0.0594482
0.05943
0.0594117
0.0593934
0.0593751
0.0593568
0.0593385
0.0593201
0.0593018
0.0592835
0.0592652
0.0592468
0.0592285
0.0592101
0.0591918
0.0591735
0.0591551
0.0591368
0.0591184
0.0591001
0.0590818
0.0590635
0.0590452
0.0590269
0.0590086
0.0589903
0.0589721
0.0589539
0.0589357
0.0589175
0.0588993
0.0588812
0.0588631
0.0588451
0.0588271
0.0588092
0.0587913
0.0587735
0.0587558
0.0587381
0.0587206
0.0587031
0.0586857
0.0586684
0.0586513
0.0586343
0.0586175
0.0586008
0.0585843
0.058568
0.0585519
0.0585361
0.0585206
0.0585053
0.0584903
0.0584757
0.0584615
0.0584477
0.0584343
0.0584215
0.0584092
0.0583975
0.0583864
0.0583761
0.0583665
0.0583579
0.0583498
0.0583436
0.0583366
0.0583347
0.0583272
0.0583309
0.0583266
0.0583257
0.0583356
0.0611624
0.0611415
0.0611241
0.0611077
0.0610908
0.0610732
0.0610558
0.0610386
0.0610212
0.0610039
0.0609866
0.0609692
0.0609518
0.0609345
0.0609171
0.0608997
0.0608824
0.060865
0.0608477
0.0608303
0.060813
0.0607957
0.0607784
0.0607611
0.0607438
0.0607266
0.0607093
0.0606921
0.0606748
0.0606576
0.0606403
0.0606231
0.0606058
0.0605885
0.0605712
0.0605539
0.0605366
0.0605192
0.0605019
0.0604845
0.0604671
0.0604497
0.0604323
0.0604148
0.0603974
0.0603799
0.0603624
0.0603449
0.0603273
0.0603098
0.0602922
0.0602746
0.060257
0.0602394
0.0602218
0.0602041
0.0601864
0.0601687
0.060151
0.0601333
0.0601155
0.0600978
0.06008
0.0600622
0.0600444
0.0600266
0.0600087
0.0599908
0.059973
0.0599551
0.0599372
0.0599192
0.0599013
0.0598833
0.0598654
0.0598474
0.0598294
0.0598113
0.0597933
0.0597753
0.0597572
0.0597391
0.059721
0.0597029
0.0596848
0.0596667
0.0596486
0.0596304
0.0596122
0.0595941
0.0595759
0.0595577
0.0595394
0.0595212
0.059503
0.0594847
0.0594665
0.0594482
0.05943
0.0594117
0.0593934
0.0593751
0.0593568
0.0593385
0.0593201
0.0593018
0.0592835
0.0592651
0.0592468
0.0592285
0.0592101
0.0591918
0.0591734
0.0591551
0.0591368
0.0591184
0.0591001
0.0590818
0.0590634
0.0590451
0.0590268
0.0590085
0.0589903
0.058972
0.0589538
0.0589356
0.0589174
0.0588992
0.0588811
0.058863
0.058845
0.058827
0.0588091
0.0587912
0.0587734
0.0587556
0.0587379
0.0587203
0.0587028
0.0586854
0.0586682
0.058651
0.058634
0.0586171
0.0586004
0.0585839
0.0585675
0.0585514
0.0585355
0.0585199
0.0585046
0.0584895
0.0584749
0.0584606
0.0584467
0.0584332
0.0584202
0.0584078
0.058396
0.0583848
0.0583743
0.0583645
0.0583557
0.0583474
0.058341
0.0583336
0.0583315
0.0583236
0.0583269
0.0583219
0.0583209
0.0583296
0.0611437
0.0611238
0.0611073
0.0610904
0.0610731
0.0610557
0.0610385
0.0610212
0.0610039
0.0609865
0.0609691
0.0609518
0.0609344
0.0609171
0.0608997
0.0608823
0.060865
0.0608476
0.0608303
0.0608129
0.0607956
0.0607783
0.0607611
0.0607438
0.0607265
0.0607093
0.060692
0.0606748
0.0606576
0.0606403
0.060623
0.0606058
0.0605885
0.0605712
0.0605539
0.0605366
0.0605192
0.0605019
0.0604845
0.0604671
0.0604497
0.0604323
0.0604148
0.0603974
0.0603799
0.0603624
0.0603449
0.0603273
0.0603098
0.0602922
0.0602746
0.060257
0.0602394
0.0602218
0.0602041
0.0601864
0.0601687
0.060151
0.0601333
0.0601155
0.0600978
0.06008
0.0600622
0.0600444
0.0600266
0.0600087
0.0599908
0.059973
0.0599551
0.0599372
0.0599192
0.0599013
0.0598833
0.0598654
0.0598474
0.0598294
0.0598114
0.0597933
0.0597753
0.0597572
0.0597391
0.059721
0.0597029
0.0596848
0.0596667
0.0596486
0.0596304
0.0596122
0.0595941
0.0595759
0.0595577
0.0595394
0.0595212
0.059503
0.0594847
0.0594665
0.0594482
0.0594299
0.0594117
0.0593934
0.0593751
0.0593568
0.0593384
0.0593201
0.0593018
0.0592835
0.0592651
0.0592468
0.0592285
0.0592101
0.0591918
0.0591734
0.0591551
0.0591367
0.0591184
0.0591
0.0590817
0.0590634
0.0590451
0.0590268
0.0590085
0.0589902
0.058972
0.0589537
0.0589355
0.0589173
0.0588992
0.058881
0.0588629
0.0588449
0.0588269
0.0588089
0.058791
0.0587732
0.0587554
0.0587377
0.0587201
0.0587026
0.0586852
0.0586679
0.0586507
0.0586336
0.0586167
0.0586
0.0585834
0.058567
0.0585508
0.0585349
0.0585192
0.0585038
0.0584887
0.058474
0.0584596
0.0584456
0.058432
0.0584189
0.0584064
0.0583944
0.058383
0.0583724
0.0583624
0.0583534
0.0583448
0.0583382
0.0583305
0.0583281
0.0583197
0.0583229
0.058317
0.058316
0.0583235
0.0611252
0.0611075
0.0610905
0.0610729
0.0610557
0.0610385
0.0610212
0.0610039
0.0609865
0.0609691
0.0609517
0.0609344
0.060917
0.0608997
0.0608823
0.0608649
0.0608476
0.0608302
0.0608129
0.0607956
0.0607783
0.060761
0.0607437
0.0607265
0.0607092
0.060692
0.0606748
0.0606575
0.0606403
0.060623
0.0606058
0.0605885
0.0605712
0.0605539
0.0605366
0.0605192
0.0605019
0.0604845
0.0604671
0.0604497
0.0604323
0.0604148
0.0603974
0.0603799
0.0603624
0.0603449
0.0603273
0.0603098
0.0602922
0.0602746
0.060257
0.0602394
0.0602218
0.0602041
0.0601864
0.0601687
0.060151
0.0601333
0.0601155
0.0600978
0.06008
0.0600622
0.0600444
0.0600266
0.0600087
0.0599909
0.059973
0.0599551
0.0599372
0.0599192
0.0599013
0.0598833
0.0598654
0.0598474
0.0598294
0.0598114
0.0597933
0.0597753
0.0597572
0.0597391
0.059721
0.0597029
0.0596848
0.0596667
0.0596486
0.0596304
0.0596122
0.0595941
0.0595759
0.0595577
0.0595394
0.0595212
0.059503
0.0594847
0.0594665
0.0594482
0.0594299
0.0594117
0.0593934
0.0593751
0.0593568
0.0593384
0.0593201
0.0593018
0.0592835
0.0592651
0.0592468
0.0592284
0.0592101
0.0591917
0.0591734
0.059155
0.0591367
0.0591184
0.0591
0.0590817
0.0590634
0.059045
0.0590267
0.0590084
0.0589902
0.0589719
0.0589536
0.0589354
0.0589172
0.0588991
0.0588809
0.0588628
0.0588448
0.0588267
0.0588088
0.0587909
0.058773
0.0587552
0.0587375
0.0587199
0.0587023
0.0586849
0.0586675
0.0586503
0.0586332
0.0586163
0.0585995
0.0585829
0.0585665
0.0585502
0.0585342
0.0585185
0.058503
0.0584879
0.058473
0.0584585
0.0584444
0.0584308
0.0584176
0.0584049
0.0583927
0.0583812
0.0583704
0.0583602
0.0583509
0.0583422
0.0583353
0.0583273
0.0583245
0.0583157
0.0583186
0.0583119
0.0583109
0.0583171
0.0611279
0.0611071
0.06109
0.0610728
0.0610556
0.0610383
0.0610211
0.0610038
0.0609865
0.0609691
0.0609517
0.0609343
0.060917
0.0608996
0.0608822
0.0608649
0.0608475
0.0608302
0.0608128
0.0607955
0.0607782
0.0607609
0.0607437
0.0607264
0.0607092
0.060692
0.0606747
0.0606575
0.0606403
0.060623
0.0606057
0.0605885
0.0605712
0.0605539
0.0605366
0.0605192
0.0605019
0.0604845
0.0604671
0.0604497
0.0604323
0.0604148
0.0603974
0.0603799
0.0603624
0.0603449
0.0603273
0.0603098
0.0602922
0.0602746
0.060257
0.0602394
0.0602218
0.0602041
0.0601864
0.0601687
0.060151
0.0601333
0.0601155
0.0600978
0.06008
0.0600622
0.0600444
0.0600266
0.0600087
0.0599909
0.059973
0.0599551
0.0599372
0.0599192
0.0599013
0.0598833
0.0598654
0.0598474
0.0598294
0.0598114
0.0597933
0.0597753
0.0597572
0.0597391
0.059721
0.0597029
0.0596848
0.0596667
0.0596486
0.0596304
0.0596122
0.0595941
0.0595759
0.0595577
0.0595394
0.0595212
0.059503
0.0594847
0.0594665
0.0594482
0.0594299
0.0594117
0.0593934
0.0593751
0.0593567
0.0593384
0.0593201
0.0593018
0.0592834
0.0592651
0.0592468
0.0592284
0.0592101
0.0591917
0.0591734
0.059155
0.0591367
0.0591183
0.0591
0.0590816
0.0590633
0.059045
0.0590267
0.0590084
0.0589901
0.0589718
0.0589536
0.0589353
0.0589171
0.058899
0.0588808
0.0588627
0.0588446
0.0588266
0.0588086
0.0587907
0.0587728
0.058755
0.0587373
0.0587196
0.058702
0.0586846
0.0586672
0.05865
0.0586328
0.0586158
0.058599
0.0585824
0.0585659
0.0585496
0.0585335
0.0585177
0.0585022
0.0584869
0.058472
0.0584574
0.0584432
0.0584294
0.0584161
0.0584033
0.058391
0.0583793
0.0583683
0.0583579
0.0583484
0.0583394
0.0583322
0.0583239
0.0583208
0.0583115
0.0583141
0.0583066
0.0583056
0.0583106
0.061109
0.0610892
0.0610724
0.0610557
0.0610385
0.0610211
0.0610038
0.0609864
0.060969
0.0609517
0.0609343
0.0609169
0.0608996
0.0608822
0.0608648
0.0608475
0.0608301
0.0608128
0.0607955
0.0607782
0.0607609
0.0607436
0.0607264
0.0607092
0.0606919
0.0606747
0.0606575
0.0606402
0.060623
0.0606057
0.0605885
0.0605712
0.0605539
0.0605365
0.0605192
0.0605019
0.0604845
0.0604671
0.0604497
0.0604323
0.0604148
0.0603974
0.0603799
0.0603624
0.0603449
0.0603273
0.0603098
0.0602922
0.0602746
0.060257
0.0602394
0.0602218
0.0602041
0.0601864
0.0601687
0.060151
0.0601333
0.0601156
0.0600978
0.06008
0.0600622
0.0600444
0.0600266
0.0600087
0.0599909
0.059973
0.0599551
0.0599372
0.0599192
0.0599013
0.0598833
0.0598654
0.0598474
0.0598294
0.0598114
0.0597933
0.0597753
0.0597572
0.0597391
0.0597211
0.0597029
0.0596848
0.0596667
0.0596486
0.0596304
0.0596122
0.0595941
0.0595759
0.0595577
0.0595394
0.0595212
0.059503
0.0594847
0.0594665
0.0594482
0.0594299
0.0594116
0.0593934
0.0593751
0.0593567
0.0593384
0.0593201
0.0593018
0.0592834
0.0592651
0.0592467
0.0592284
0.0592101
0.0591917
0.0591733
0.059155
0.0591366
0.0591183
0.0590999
0.0590816
0.0590633
0.0590449
0.0590266
0.0590083
0.05899
0.0589718
0.0589535
0.0589353
0.058917
0.0588989
0.0588807
0.0588626
0.0588445
0.0588264
0.0588084
0.0587905
0.0587726
0.0587548
0.058737
0.0587194
0.0587018
0.0586843
0.0586669
0.0586496
0.0586324
0.0586154
0.0585985
0.0585818
0.0585653
0.0585489
0.0585328
0.0585169
0.0585013
0.058486
0.058471
0.0584563
0.058442
0.0584281
0.0584146
0.0584016
0.0583892
0.0583773
0.0583661
0.0583555
0.0583458
0.0583365
0.058329
0.0583203
0.058317
0.0583071
0.0583095
0.0583012
0.0583001
0.0583038
0.0610912
0.0610715
0.0610551
0.0610381
0.061021
0.0610038
0.0609864
0.060969
0.0609516
0.0609343
0.0609169
0.0608995
0.0608821
0.0608648
0.0608474
0.06083
0.0608127
0.0607954
0.0607781
0.0607608
0.0607436
0.0607263
0.0607091
0.0606919
0.0606747
0.0606574
0.0606402
0.060623
0.0606057
0.0605884
0.0605712
0.0605539
0.0605365
0.0605192
0.0605019
0.0604845
0.0604671
0.0604497
0.0604323
0.0604148
0.0603974
0.0603799
0.0603624
0.0603449
0.0603273
0.0603098
0.0602922
0.0602746
0.060257
0.0602394
0.0602218
0.0602041
0.0601864
0.0601687
0.060151
0.0601333
0.0601156
0.0600978
0.06008
0.0600622
0.0600444
0.0600266
0.0600087
0.0599909
0.059973
0.0599551
0.0599372
0.0599192
0.0599013
0.0598833
0.0598654
0.0598474
0.0598294
0.0598114
0.0597933
0.0597753
0.0597572
0.0597391
0.0597211
0.0597029
0.0596848
0.0596667
0.0596486
0.0596304
0.0596122
0.0595941
0.0595759
0.0595577
0.0595394
0.0595212
0.059503
0.0594847
0.0594665
0.0594482
0.0594299
0.0594116
0.0593933
0.059375
0.0593567
0.0593384
0.0593201
0.0593018
0.0592834
0.0592651
0.0592467
0.0592284
0.05921
0.0591917
0.0591733
0.059155
0.0591366
0.0591183
0.0590999
0.0590816
0.0590632
0.0590449
0.0590266
0.0590083
0.05899
0.0589717
0.0589534
0.0589352
0.0589169
0.0588987
0.0588806
0.0588624
0.0588443
0.0588263
0.0588083
0.0587903
0.0587724
0.0587546
0.0587368
0.0587191
0.0587015
0.0586839
0.0586665
0.0586492
0.058632
0.0586149
0.058598
0.0585812
0.0585646
0.0585483
0.0585321
0.0585161
0.0585004
0.058485
0.0584699
0.0584551
0.0584407
0.0584266
0.058413
0.0583999
0.0583873
0.0583752
0.0583638
0.058353
0.058343
0.0583335
0.0583257
0.0583167
0.058313
0.0583027
0.0583048
0.0582956
0.0582945
0.0582969
0.0610732
0.0610555
0.0610381
0.0610209
0.0610037
0.0609863
0.0609689
0.0609516
0.0609342
0.0609168
0.0608995
0.0608821
0.0608647
0.0608473
0.06083
0.0608126
0.0607953
0.060778
0.0607607
0.0607435
0.0607263
0.060709
0.0606918
0.0606746
0.0606574
0.0606402
0.060623
0.0606057
0.0605884
0.0605712
0.0605539
0.0605365
0.0605192
0.0605019
0.0604845
0.0604671
0.0604497
0.0604323
0.0604148
0.0603974
0.0603799
0.0603624
0.0603449
0.0603273
0.0603098
0.0602922
0.0602746
0.060257
0.0602394
0.0602218
0.0602041
0.0601864
0.0601687
0.060151
0.0601333
0.0601156
0.0600978
0.06008
0.0600622
0.0600444
0.0600266
0.0600087
0.0599909
0.059973
0.0599551
0.0599372
0.0599192
0.0599013
0.0598833
0.0598654
0.0598474
0.0598294
0.0598114
0.0597933
0.0597753
0.0597572
0.0597391
0.0597211
0.059703
0.0596848
0.0596667
0.0596486
0.0596304
0.0596122
0.0595941
0.0595759
0.0595577
0.0595394
0.0595212
0.059503
0.0594847
0.0594665
0.0594482
0.0594299
0.0594116
0.0593933
0.059375
0.0593567
0.0593384
0.0593201
0.0593017
0.0592834
0.0592651
0.0592467
0.0592284
0.05921
0.0591917
0.0591733
0.0591549
0.0591366
0.0591182
0.0590999
0.0590815
0.0590632
0.0590448
0.0590265
0.0590082
0.0589899
0.0589716
0.0589533
0.0589351
0.0589168
0.0588986
0.0588805
0.0588623
0.0588442
0.0588261
0.0588081
0.0587901
0.0587722
0.0587543
0.0587365
0.0587188
0.0587011
0.0586836
0.0586661
0.0586488
0.0586315
0.0586144
0.0585974
0.0585806
0.058564
0.0585475
0.0585313
0.0585153
0.0584995
0.058484
0.0584687
0.0584538
0.0584393
0.0584251
0.0584114
0.0583981
0.0583853
0.0583731
0.0583615
0.0583504
0.0583402
0.0583303
0.0583223
0.0583129
0.0583089
0.058298
0.0582999
0.0582898
0.0582887
0.0582898
0.0610756
0.0610547
0.0610375
0.0610209
0.0610038
0.0609863
0.0609688
0.0609515
0.0609342
0.0609168
0.0608994
0.060882
0.0608646
0.0608472
0.0608299
0.0608125
0.0607952
0.0607779
0.0607607
0.0607434
0.0607262
0.060709
0.0606918
0.0606746
0.0606574
0.0606402
0.0606229
0.0606057
0.0605884
0.0605711
0.0605538
0.0605365
0.0605192
0.0605018
0.0604845
0.0604671
0.0604497
0.0604323
0.0604148
0.0603974
0.0603799
0.0603624
0.0603449
0.0603273
0.0603098
0.0602922
0.0602746
0.060257
0.0602394
0.0602218
0.0602041
0.0601864
0.0601687
0.060151
0.0601333
0.0601156
0.0600978
0.06008
0.0600622
0.0600444
0.0600266
0.0600087
0.0599909
0.059973
0.0599551
0.0599372
0.0599193
0.0599013
0.0598834
0.0598654
0.0598474
0.0598294
0.0598114
0.0597933
0.0597753
0.0597572
0.0597391
0.0597211
0.059703
0.0596848
0.0596667
0.0596486
0.0596304
0.0596122
0.0595941
0.0595759
0.0595577
0.0595394
0.0595212
0.059503
0.0594847
0.0594665
0.0594482
0.0594299
0.0594116
0.0593933
0.059375
0.0593567
0.0593384
0.0593201
0.0593017
0.0592834
0.059265
0.0592467
0.0592283
0.05921
0.0591916
0.0591733
0.0591549
0.0591365
0.0591182
0.0590998
0.0590815
0.0590631
0.0590448
0.0590264
0.0590081
0.0589898
0.0589715
0.0589532
0.058935
0.0589167
0.0588985
0.0588803
0.0588622
0.058844
0.0588259
0.0588079
0.0587899
0.058772
0.0587541
0.0587362
0.0587185
0.0587008
0.0586832
0.0586657
0.0586483
0.0586311
0.0586139
0.0585969
0.05858
0.0585633
0.0585468
0.0585305
0.0585144
0.0584985
0.0584829
0.0584676
0.0584526
0.0584379
0.0584236
0.0584097
0.0583963
0.0583833
0.0583709
0.058359
0.0583477
0.0583373
0.0583271
0.0583187
0.058309
0.0583046
0.0582932
0.0582948
0.0582839
0.0582827
0.0582825
0.061057
0.0610368
0.0610204
0.0610036
0.0609861
0.0609687
0.0609514
0.0609341
0.0609167
0.0608993
0.0608819
0.0608645
0.0608472
0.0608298
0.0608125
0.0607951
0.0607778
0.0607606
0.0607433
0.0607261
0.0607089
0.0606917
0.0606745
0.0606573
0.0606401
0.0606229
0.0606057
0.0605884
0.0605711
0.0605538
0.0605365
0.0605192
0.0605018
0.0604845
0.0604671
0.0604497
0.0604323
0.0604148
0.0603974
0.0603799
0.0603624
0.0603449
0.0603273
0.0603098
0.0602922
0.0602746
0.060257
0.0602394
0.0602218
0.0602041
0.0601864
0.0601687
0.060151
0.0601333
0.0601156
0.0600978
0.06008
0.0600622
0.0600444
0.0600266
0.0600087
0.0599909
0.059973
0.0599551
0.0599372
0.0599193
0.0599013
0.0598834
0.0598654
0.0598474
0.0598294
0.0598114
0.0597933
0.0597753
0.0597572
0.0597391
0.0597211
0.059703
0.0596848
0.0596667
0.0596486
0.0596304
0.0596122
0.0595941
0.0595759
0.0595577
0.0595394
0.0595212
0.059503
0.0594847
0.0594665
0.0594482
0.0594299
0.0594116
0.0593933
0.059375
0.0593567
0.0593384
0.0593201
0.0593017
0.0592834
0.059265
0.0592467
0.0592283
0.05921
0.0591916
0.0591732
0.0591549
0.0591365
0.0591181
0.0590998
0.0590814
0.0590631
0.0590447
0.0590264
0.0590081
0.0589897
0.0589714
0.0589531
0.0589349
0.0589166
0.0588984
0.0588802
0.058862
0.0588439
0.0588258
0.0588077
0.0587897
0.0587717
0.0587538
0.058736
0.0587182
0.0587005
0.0586829
0.0586653
0.0586479
0.0586306
0.0586134
0.0585963
0.0585794
0.0585626
0.058546
0.0585296
0.0585134
0.0584975
0.0584818
0.0584664
0.0584512
0.0584364
0.058422
0.058408
0.0583944
0.0583812
0.0583686
0.0583565
0.058345
0.0583342
0.0583238
0.0583151
0.058305
0.0583002
0.0582883
0.0582896
0.0582779
0.0582766
0.0582751
0.0610384
0.0610208
0.0610035
0.0609859
0.0609687
0.0609514
0.0609341
0.0609167
0.0608993
0.0608819
0.0608645
0.0608471
0.0608297
0.0608124
0.060795
0.0607778
0.0607605
0.0607433
0.0607261
0.0607089
0.0606917
0.0606745
0.0606573
0.0606401
0.0606229
0.0606056
0.0605884
0.0605711
0.0605538
0.0605365
0.0605192
0.0605018
0.0604845
0.0604671
0.0604497
0.0604323
0.0604148
0.0603974
0.0603799
0.0603624
0.0603449
0.0603273
0.0603098
0.0602922
0.0602746
0.060257
0.0602394
0.0602218
0.0602041
0.0601864
0.0601688
0.060151
0.0601333
0.0601156
0.0600978
0.06008
0.0600622
0.0600444
0.0600266
0.0600087
0.0599909
0.059973
0.0599551
0.0599372
0.0599193
0.0599013
0.0598834
0.0598654
0.0598474
0.0598294
0.0598114
0.0597933
0.0597753
0.0597572
0.0597391
0.0597211
0.059703
0.0596848
0.0596667
0.0596486
0.0596304
0.0596122
0.0595941
0.0595759
0.0595577
0.0595394
0.0595212
0.059503
0.0594847
0.0594665
0.0594482
0.0594299
0.0594116
0.0593933
0.059375
0.0593567
0.0593384
0.05932
0.0593017
0.0592834
0.059265
0.0592467
0.0592283
0.0592099
0.0591916
0.0591732
0.0591548
0.0591365
0.0591181
0.0590997
0.0590814
0.059063
0.0590447
0.0590263
0.059008
0.0589897
0.0589713
0.058953
0.0589348
0.0589165
0.0588983
0.05888
0.0588619
0.0588437
0.0588256
0.0588075
0.0587895
0.0587715
0.0587535
0.0587357
0.0587179
0.0587001
0.0586825
0.0586649
0.0586474
0.0586301
0.0586128
0.0585957
0.0585787
0.0585619
0.0585452
0.0585288
0.0585125
0.0584964
0.0584806
0.0584651
0.0584499
0.0584349
0.0584204
0.0584062
0.0583924
0.058379
0.0583662
0.0583539
0.0583421
0.0583311
0.0583204
0.0583113
0.0583008
0.0582958
0.0582833
0.0582843
0.0582717
0.0582703
0.0582676
0.0610411
0.0610201
0.0610031
0.0609858
0.0609686
0.0609513
0.0609339
0.0609166
0.0608992
0.0608818
0.0608644
0.060847
0.0608296
0.0608123
0.0607949
0.0607777
0.0607604
0.0607432
0.060726
0.0607088
0.0606916
0.0606745
0.0606573
0.0606401
0.0606229
0.0606056
0.0605884
0.0605711
0.0605538
0.0605365
0.0605192
0.0605018
0.0604845
0.0604671
0.0604497
0.0604323
0.0604148
0.0603974
0.0603799
0.0603624
0.0603449
0.0603273
0.0603098
0.0602922
0.0602746
0.060257
0.0602394
0.0602218
0.0602041
0.0601864
0.0601688
0.060151
0.0601333
0.0601156
0.0600978
0.06008
0.0600622
0.0600444
0.0600266
0.0600087
0.0599909
0.059973
0.0599551
0.0599372
0.0599193
0.0599013
0.0598834
0.0598654
0.0598474
0.0598294
0.0598114
0.0597933
0.0597753
0.0597572
0.0597391
0.0597211
0.059703
0.0596848
0.0596667
0.0596486
0.0596304
0.0596122
0.0595941
0.0595759
0.0595577
0.0595394
0.0595212
0.059503
0.0594847
0.0594665
0.0594482
0.0594299
0.0594116
0.0593933
0.059375
0.0593567
0.0593384
0.05932
0.0593017
0.0592833
0.059265
0.0592466
0.0592283
0.0592099
0.0591915
0.0591732
0.0591548
0.0591364
0.0591181
0.0590997
0.0590813
0.059063
0.0590446
0.0590262
0.0590079
0.0589896
0.0589713
0.0589529
0.0589347
0.0589164
0.0588981
0.0588799
0.0588617
0.0588435
0.0588254
0.0588073
0.0587892
0.0587712
0.0587533
0.0587354
0.0587175
0.0586998
0.0586821
0.0586645
0.058647
0.0586295
0.0586122
0.0585951
0.058578
0.0585611
0.0585444
0.0585279
0.0585115
0.0584954
0.0584795
0.0584638
0.0584484
0.0584334
0.0584187
0.0584043
0.0583903
0.0583768
0.0583638
0.0583512
0.0583392
0.0583279
0.0583168
0.0583075
0.0582966
0.0582911
0.0582782
0.0582788
0.0582654
0.0582639
0.0582599
0.0610223
0.0610022
0.0609853
0.0609686
0.0609514
0.0609339
0.0609166
0.0608992
0.0608817
0.0608643
0.0608469
0.0608295
0.0608121
0.0607948
0.0607775
0.0607603
0.0607431
0.0607259
0.0607087
0.0606916
0.0606744
0.0606572
0.06064
0.0606228
0.0606056
0.0605884
0.0605711
0.0605538
0.0605365
0.0605192
0.0605018
0.0604845
0.0604671
0.0604497
0.0604323
0.0604148
0.0603974
0.0603799
0.0603624
0.0603449
0.0603274
0.0603098
0.0602922
0.0602746
0.060257
0.0602394
0.0602218
0.0602041
0.0601864
0.0601688
0.060151
0.0601333
0.0601156
0.0600978
0.06008
0.0600622
0.0600444
0.0600266
0.0600087
0.0599909
0.059973
0.0599551
0.0599372
0.0599193
0.0599013
0.0598834
0.0598654
0.0598474
0.0598294
0.0598114
0.0597933
0.0597753
0.0597572
0.0597392
0.0597211
0.059703
0.0596848
0.0596667
0.0596486
0.0596304
0.0596122
0.0595941
0.0595759
0.0595577
0.0595394
0.0595212
0.059503
0.0594847
0.0594664
0.0594482
0.0594299
0.0594116
0.0593933
0.059375
0.0593567
0.0593383
0.05932
0.0593017
0.0592833
0.059265
0.0592466
0.0592283
0.0592099
0.0591915
0.0591731
0.0591548
0.0591364
0.059118
0.0590996
0.0590813
0.0590629
0.0590445
0.0590262
0.0590078
0.0589895
0.0589712
0.0589528
0.0589345
0.0589163
0.058898
0.0588798
0.0588615
0.0588434
0.0588252
0.0588071
0.058789
0.058771
0.058753
0.0587351
0.0587172
0.0586994
0.0586817
0.058664
0.0586465
0.058629
0.0586117
0.0585944
0.0585773
0.0585604
0.0585436
0.0585269
0.0585105
0.0584943
0.0584782
0.0584625
0.058447
0.0584318
0.0584169
0.0584024
0.0583882
0.0583745
0.0583613
0.0583485
0.0583362
0.0583246
0.0583132
0.0583036
0.0582923
0.0582864
0.0582729
0.0582732
0.0582589
0.0582574
0.058252
0.0610043
0.0609845
0.060968
0.0609509
0.0609337
0.0609165
0.0608991
0.0608816
0.0608642
0.0608468
0.0608294
0.060812
0.0607947
0.0607774
0.0607602
0.060743
0.0607258
0.0607087
0.0606915
0.0606744
0.0606572
0.06064
0.0606228
0.0606056
0.0605883
0.0605711
0.0605538
0.0605365
0.0605192
0.0605018
0.0604845
0.0604671
0.0604497
0.0604323
0.0604148
0.0603974
0.0603799
0.0603624
0.0603449
0.0603274
0.0603098
0.0602922
0.0602746
0.060257
0.0602394
0.0602218
0.0602041
0.0601865
0.0601688
0.060151
0.0601333
0.0601156
0.0600978
0.06008
0.0600622
0.0600444
0.0600266
0.0600087
0.0599909
0.059973
0.0599551
0.0599372
0.0599193
0.0599013
0.0598834
0.0598654
0.0598474
0.0598294
0.0598114
0.0597933
0.0597753
0.0597572
0.0597392
0.0597211
0.059703
0.0596848
0.0596667
0.0596486
0.0596304
0.0596122
0.0595941
0.0595759
0.0595576
0.0595394
0.0595212
0.059503
0.0594847
0.0594664
0.0594482
0.0594299
0.0594116
0.0593933
0.059375
0.0593567
0.0593383
0.05932
0.0593017
0.0592833
0.059265
0.0592466
0.0592282
0.0592099
0.0591915
0.0591731
0.0591547
0.0591364
0.059118
0.0590996
0.0590812
0.0590628
0.0590445
0.0590261
0.0590077
0.0589894
0.0589711
0.0589527
0.0589344
0.0589161
0.0588979
0.0588796
0.0588614
0.0588432
0.058825
0.0588069
0.0587888
0.0587707
0.0587527
0.0587347
0.0587168
0.058699
0.0586812
0.0586636
0.058646
0.0586285
0.0586111
0.0585938
0.0585766
0.0585596
0.0585427
0.058526
0.0585095
0.0584931
0.058477
0.0584611
0.0584455
0.0584301
0.0584151
0.0584004
0.0583861
0.0583722
0.0583587
0.0583457
0.0583331
0.0583212
0.0583095
0.0582995
0.0582878
0.0582816
0.0582675
0.0582676
0.0582524
0.0582507
0.0582441
0.0609862
0.0609684
0.060951
0.0609337
0.0609164
0.060899
0.0608815
0.0608641
0.0608467
0.0608293
0.0608119
0.0607946
0.0607773
0.0607601
0.0607429
0.0607257
0.0607086
0.0606915
0.0606743
0.0606572
0.06064
0.0606228
0.0606056
0.0605883
0.0605711
0.0605538
0.0605365
0.0605192
0.0605018
0.0604845
0.0604671
0.0604497
0.0604323
0.0604148
0.0603974
0.0603799
0.0603624
0.0603449
0.0603274
0.0603098
0.0602922
0.0602746
0.060257
0.0602394
0.0602218
0.0602041
0.0601865
0.0601688
0.060151
0.0601333
0.0601156
0.0600978
0.06008
0.0600622
0.0600444
0.0600266
0.0600087
0.0599909
0.059973
0.0599551
0.0599372
0.0599193
0.0599013
0.0598834
0.0598654
0.0598474
0.0598294
0.0598114
0.0597933
0.0597753
0.0597572
0.0597392
0.0597211
0.059703
0.0596848
0.0596667
0.0596486
0.0596304
0.0596122
0.059594
0.0595759
0.0595576
0.0595394
0.0595212
0.059503
0.0594847
0.0594664
0.0594482
0.0594299
0.0594116
0.0593933
0.059375
0.0593567
0.0593383
0.05932
0.0593016
0.0592833
0.0592649
0.0592466
0.0592282
0.0592098
0.0591915
0.0591731
0.0591547
0.0591363
0.0591179
0.0590995
0.0590812
0.0590628
0.0590444
0.059026
0.0590077
0.0589893
0.058971
0.0589526
0.0589343
0.058916
0.0588977
0.0588794
0.0588612
0.058843
0.0588248
0.0588066
0.0587885
0.0587704
0.0587524
0.0587344
0.0587165
0.0586986
0.0586808
0.0586631
0.0586455
0.0586279
0.0586104
0.0585931
0.0585759
0.0585588
0.0585418
0.058525
0.0585084
0.058492
0.0584757
0.0584597
0.058444
0.0584285
0.0584133
0.0583984
0.0583839
0.0583698
0.0583561
0.0583428
0.05833
0.0583178
0.0583058
0.0582954
0.0582833
0.0582767
0.0582621
0.0582618
0.0582457
0.0582439
0.058236
0.0609887
0.0609675
0.0609502
0.0609336
0.0609165
0.0608989
0.0608814
0.060864
0.0608466
0.0608292
0.0608118
0.0607945
0.0607772
0.0607599
0.0607428
0.0607256
0.0607085
0.0606914
0.0606743
0.0606571
0.0606399
0.0606228
0.0606055
0.0605883
0.060571
0.0605538
0.0605365
0.0605191
0.0605018
0.0604844
0.0604671
0.0604497
0.0604323
0.0604148
0.0603974
0.0603799
0.0603624
0.0603449
0.0603274
0.0603098
0.0602922
0.0602747
0.060257
0.0602394
0.0602218
0.0602041
0.0601865
0.0601688
0.0601511
0.0601333
0.0601156
0.0600978
0.06008
0.0600622
0.0600444
0.0600266
0.0600087
0.0599909
0.059973
0.0599551
0.0599372
0.0599193
0.0599013
0.0598834
0.0598654
0.0598474
0.0598294
0.0598114
0.0597933
0.0597753
0.0597572
0.0597392
0.0597211
0.059703
0.0596848
0.0596667
0.0596486
0.0596304
0.0596122
0.059594
0.0595759
0.0595576
0.0595394
0.0595212
0.0595029
0.0594847
0.0594664
0.0594482
0.0594299
0.0594116
0.0593933
0.059375
0.0593566
0.0593383
0.05932
0.0593016
0.0592833
0.0592649
0.0592465
0.0592282
0.0592098
0.0591914
0.059173
0.0591547
0.0591363
0.0591179
0.0590995
0.0590811
0.0590627
0.0590443
0.059026
0.0590076
0.0589892
0.0589709
0.0589525
0.0589342
0.0589159
0.0588976
0.0588793
0.058861
0.0588428
0.0588246
0.0588064
0.0587883
0.0587702
0.0587521
0.0587341
0.0587161
0.0586982
0.0586804
0.0586626
0.0586449
0.0586273
0.0586098
0.0585924
0.0585751
0.0585579
0.0585409
0.058524
0.0585073
0.0584908
0.0584744
0.0584583
0.0584424
0.0584268
0.0584114
0.0583964
0.0583817
0.0583673
0.0583534
0.0583399
0.0583267
0.0583143
0.0583019
0.0582912
0.0582787
0.0582717
0.0582565
0.0582558
0.0582389
0.0582371
0.0582278
0.0609698
0.0609497
0.0609331
0.0609162
0.0608987
0.0608812
0.0608639
0.0608465
0.060829
0.0608116
0.0607943
0.060777
0.0607598
0.0607426
0.0607255
0.0607084
0.0606913
0.0606742
0.0606571
0.0606399
0.0606227
0.0606055
0.0605883
0.060571
0.0605538
0.0605365
0.0605191
0.0605018
0.0604844
0.0604671
0.0604497
0.0604322
0.0604148
0.0603974
0.0603799
0.0603624
0.0603449
0.0603274
0.0603098
0.0602922
0.0602747
0.060257
0.0602394
0.0602218
0.0602041
0.0601865
0.0601688
0.0601511
0.0601333
0.0601156
0.0600978
0.06008
0.0600622
0.0600444
0.0600266
0.0600087
0.0599909
0.059973
0.0599551
0.0599372
0.0599193
0.0599013
0.0598834
0.0598654
0.0598474
0.0598294
0.0598114
0.0597933
0.0597753
0.0597572
0.0597392
0.0597211
0.059703
0.0596848
0.0596667
0.0596486
0.0596304
0.0596122
0.059594
0.0595758
0.0595576
0.0595394
0.0595212
0.0595029
0.0594847
0.0594664
0.0594482
0.0594299
0.0594116
0.0593933
0.0593749
0.0593566
0.0593383
0.05932
0.0593016
0.0592833
0.0592649
0.0592465
0.0592281
0.0592098
0.0591914
0.059173
0.0591546
0.0591362
0.0591178
0.0590994
0.059081
0.0590627
0.0590443
0.0590259
0.0590075
0.0589891
0.0589708
0.0589524
0.0589341
0.0589157
0.0588974
0.0588791
0.0588608
0.0588426
0.0588244
0.0588062
0.058788
0.0587699
0.0587518
0.0587337
0.0587157
0.0586978
0.0586799
0.0586621
0.0586444
0.0586267
0.0586092
0.0585917
0.0585743
0.0585571
0.05854
0.058523
0.0585062
0.0584895
0.0584731
0.0584568
0.0584408
0.058425
0.0584095
0.0583943
0.0583794
0.0583648
0.0583506
0.0583369
0.0583235
0.0583107
0.058298
0.0582869
0.058274
0.0582666
0.0582508
0.0582498
0.058232
0.0582301
0.0582195
0.0609513
0.0609334
0.0609161
0.0608985
0.0608811
0.0608639
0.0608464
0.0608289
0.0608115
0.0607942
0.0607769
0.0607597
0.0607425
0.0607254
0.0607083
0.0606913
0.0606742
0.060657
0.0606399
0.0606227
0.0606055
0.0605883
0.060571
0.0605537
0.0605364
0.0605191
0.0605018
0.0604844
0.0604671
0.0604497
0.0604322
0.0604148
0.0603974
0.0603799
0.0603624
0.0603449
0.0603273
0.0603098
0.0602922
0.0602747
0.060257
0.0602394
0.0602218
0.0602041
0.0601865
0.0601688
0.0601511
0.0601333
0.0601156
0.0600978
0.06008
0.0600622
0.0600444
0.0600266
0.0600088
0.0599909
0.059973
0.0599551
0.0599372
0.0599193
0.0599013
0.0598834
0.0598654
0.0598474
0.0598294
0.0598114
0.0597933
0.0597753
0.0597572
0.0597392
0.0597211
0.059703
0.0596848
0.0596667
0.0596486
0.0596304
0.0596122
0.059594
0.0595758
0.0595576
0.0595394
0.0595212
0.0595029
0.0594847
0.0594664
0.0594481
0.0594299
0.0594116
0.0593933
0.0593749
0.0593566
0.0593383
0.0593199
0.0593016
0.0592832
0.0592649
0.0592465
0.0592281
0.0592097
0.0591914
0.059173
0.0591546
0.0591362
0.0591178
0.0590994
0.059081
0.0590626
0.0590442
0.0590258
0.0590074
0.058989
0.0589707
0.0589523
0.0589339
0.0589156
0.0588973
0.058879
0.0588607
0.0588424
0.0588241
0.0588059
0.0587877
0.0587696
0.0587515
0.0587334
0.0587154
0.0586974
0.0586795
0.0586616
0.0586438
0.0586261
0.0586085
0.058591
0.0585736
0.0585562
0.058539
0.058522
0.0585051
0.0584883
0.0584717
0.0584553
0.0584392
0.0584232
0.0584075
0.0583921
0.058377
0.0583623
0.0583478
0.0583338
0.0583201
0.058307
0.058294
0.0582825
0.0582692
0.0582614
0.0582451
0.0582438
0.058225
0.058223
0.0582111
0.060954
0.0609328
0.0609156
0.0608984
0.060881
0.0608637
0.0608462
0.0608287
0.0608113
0.060794
0.0607767
0.0607595
0.0607424
0.0607253
0.0607083
0.0606912
0.0606741
0.060657
0.0606398
0.0606227
0.0606055
0.0605882
0.060571
0.0605537
0.0605364
0.0605191
0.0605018
0.0604844
0.060467
0.0604497
0.0604322
0.0604148
0.0603974
0.0603799
0.0603624
0.0603449
0.0603273
0.0603098
0.0602922
0.0602747
0.060257
0.0602394
0.0602218
0.0602041
0.0601865
0.0601688
0.0601511
0.0601333
0.0601156
0.0600978
0.06008
0.0600622
0.0600444
0.0600266
0.0600088
0.0599909
0.059973
0.0599551
0.0599372
0.0599193
0.0599013
0.0598834
0.0598654
0.0598474
0.0598294
0.0598114
0.0597933
0.0597753
0.0597572
0.0597392
0.0597211
0.059703
0.0596848
0.0596667
0.0596486
0.0596304
0.0596122
0.059594
0.0595758
0.0595576
0.0595394
0.0595212
0.0595029
0.0594847
0.0594664
0.0594481
0.0594298
0.0594116
0.0593932
0.0593749
0.0593566
0.0593383
0.0593199
0.0593016
0.0592832
0.0592648
0.0592465
0.0592281
0.0592097
0.0591913
0.0591729
0.0591545
0.0591361
0.0591177
0.0590993
0.0590809
0.0590625
0.0590441
0.0590257
0.0590073
0.0589889
0.0589705
0.0589522
0.0589338
0.0589154
0.0588971
0.0588788
0.0588605
0.0588422
0.0588239
0.0588057
0.0587875
0.0587693
0.0587511
0.058733
0.058715
0.058697
0.058679
0.0586611
0.0586433
0.0586255
0.0586078
0.0585902
0.0585727
0.0585554
0.0585381
0.0585209
0.0585039
0.058487
0.0584703
0.0584538
0.0584375
0.0584214
0.0584055
0.0583899
0.0583746
0.0583597
0.058345
0.0583307
0.0583167
0.0583033
0.0582899
0.0582781
0.0582643
0.0582561
0.0582392
0.0582376
0.0582179
0.0582158
0.0582025
0.060935
0.0609148
0.0608978
0.0608809
0.0608637
0.060846
0.0608285
0.0608112
0.0607938
0.0607766
0.0607594
0.0607422
0.0607252
0.0607082
0.0606911
0.0606741
0.0606569
0.0606398
0.0606226
0.0606055
0.0605882
0.060571
0.0605537
0.0605364
0.0605191
0.0605018
0.0604844
0.060467
0.0604496
0.0604322
0.0604148
0.0603973
0.0603799
0.0603624
0.0603449
0.0603273
0.0603098
0.0602922
0.0602747
0.060257
0.0602394
0.0602218
0.0602041
0.0601865
0.0601688
0.0601511
0.0601333
0.0601156
0.0600978
0.06008
0.0600622
0.0600444
0.0600266
0.0600088
0.0599909
0.059973
0.0599551
0.0599372
0.0599193
0.0599013
0.0598834
0.0598654
0.0598474
0.0598294
0.0598114
0.0597933
0.0597753
0.0597572
0.0597392
0.0597211
0.059703
0.0596848
0.0596667
0.0596486
0.0596304
0.0596122
0.059594
0.0595758
0.0595576
0.0595394
0.0595212
0.0595029
0.0594847
0.0594664
0.0594481
0.0594298
0.0594115
0.0593932
0.0593749
0.0593566
0.0593382
0.0593199
0.0593016
0.0592832
0.0592648
0.0592464
0.0592281
0.0592097
0.0591913
0.0591729
0.0591545
0.0591361
0.0591177
0.0590993
0.0590809
0.0590624
0.059044
0.0590256
0.0590072
0.0589888
0.0589704
0.0589521
0.0589337
0.0589153
0.0588969
0.0588786
0.0588603
0.058842
0.0588237
0.0588054
0.0587872
0.058769
0.0587508
0.0587327
0.0587146
0.0586965
0.0586785
0.0586606
0.0586427
0.0586249
0.0586072
0.0585895
0.0585719
0.0585545
0.0585371
0.0585199
0.0585027
0.0584858
0.0584689
0.0584523
0.0584358
0.0584195
0.0584035
0.0583877
0.0583722
0.058357
0.0583421
0.0583275
0.0583133
0.0582996
0.0582858
0.0582736
0.0582594
0.0582508
0.0582333
0.0582313
0.0582108
0.0582085
0.058194
0.0609169
0.060897
0.0608804
0.0608633
0.0608458
0.0608283
0.060811
0.0607936
0.0607764
0.0607592
0.060742
0.060725
0.0607081
0.0606911
0.060674
0.0606569
0.0606398
0.0606226
0.0606054
0.0605882
0.060571
0.0605537
0.0605364
0.0605191
0.0605018
0.0604844
0.060467
0.0604496
0.0604322
0.0604148
0.0603973
0.0603799
0.0603624
0.0603449
0.0603273
0.0603098
0.0602922
0.0602747
0.060257
0.0602394
0.0602218
0.0602041
0.0601865
0.0601688
0.0601511
0.0601333
0.0601156
0.0600978
0.06008
0.0600622
0.0600444
0.0600266
0.0600088
0.0599909
0.059973
0.0599551
0.0599372
0.0599193
0.0599013
0.0598834
0.0598654
0.0598474
0.0598294
0.0598114
0.0597933
0.0597753
0.0597572
0.0597392
0.0597211
0.059703
0.0596848
0.0596667
0.0596486
0.0596304
0.0596122
0.059594
0.0595758
0.0595576
0.0595394
0.0595212
0.0595029
0.0594847
0.0594664
0.0594481
0.0594298
0.0594115
0.0593932
0.0593749
0.0593566
0.0593382
0.0593199
0.0593015
0.0592832
0.0592648
0.0592464
0.059228
0.0592096
0.0591913
0.0591729
0.0591544
0.059136
0.0591176
0.0590992
0.0590808
0.0590624
0.059044
0.0590255
0.0590071
0.0589887
0.0589703
0.0589519
0.0589335
0.0589152
0.0588968
0.0588784
0.0588601
0.0588418
0.0588235
0.0588052
0.0587869
0.0587687
0.0587505
0.0587323
0.0587142
0.0586961
0.0586781
0.0586601
0.0586421
0.0586243
0.0586065
0.0585887
0.0585711
0.0585535
0.0585361
0.0585188
0.0585015
0.0584844
0.0584675
0.0584507
0.0584341
0.0584177
0.0584014
0.0583855
0.0583698
0.0583543
0.0583392
0.0583243
0.0583098
0.0582957
0.0582817
0.0582691
0.0582544
0.0582454
0.0582273
0.058225
0.0582036
0.0582012
0.0581853
0.0608987
0.0608806
0.0608633
0.0608455
0.0608282
0.0608108
0.0607934
0.0607762
0.060759
0.0607419
0.0607249
0.060708
0.060691
0.060674
0.0606569
0.0606397
0.0606226
0.0606054
0.0605882
0.060571
0.0605537
0.0605364
0.0605191
0.0605018
0.0604844
0.060467
0.0604496
0.0604322
0.0604148
0.0603973
0.0603799
0.0603624
0.0603449
0.0603273
0.0603098
0.0602922
0.0602747
0.060257
0.0602394
0.0602218
0.0602041
0.0601865
0.0601688
0.0601511
0.0601333
0.0601156
0.0600978
0.06008
0.0600622
0.0600444
0.0600266
0.0600088
0.0599909
0.059973
0.0599551
0.0599372
0.0599193
0.0599013
0.0598834
0.0598654
0.0598474
0.0598294
0.0598114
0.0597933
0.0597753
0.0597572
0.0597392
0.0597211
0.059703
0.0596848
0.0596667
0.0596486
0.0596304
0.0596122
0.059594
0.0595758
0.0595576
0.0595394
0.0595212
0.0595029
0.0594847
0.0594664
0.0594481
0.0594298
0.0594115
0.0593932
0.0593749
0.0593566
0.0593382
0.0593199
0.0593015
0.0592831
0.0592648
0.0592464
0.059228
0.0592096
0.0591912
0.0591728
0.0591544
0.059136
0.0591176
0.0590992
0.0590807
0.0590623
0.0590439
0.0590255
0.059007
0.0589886
0.0589702
0.0589518
0.0589334
0.058915
0.0588966
0.0588783
0.0588599
0.0588415
0.0588232
0.0588049
0.0587866
0.0587684
0.0587501
0.0587319
0.0587138
0.0586956
0.0586776
0.0586595
0.0586415
0.0586236
0.0586058
0.058588
0.0585703
0.0585526
0.0585351
0.0585177
0.0585003
0.0584831
0.058466
0.0584491
0.0584323
0.0584158
0.0583994
0.0583832
0.0583673
0.0583516
0.0583362
0.0583211
0.0583062
0.0582919
0.0582774
0.0582644
0.0582494
0.0582399
0.0582213
0.0582186
0.0581963
0.0581938
0.0581765
0.0609012
0.06088
0.0608626
0.0608453
0.060828
0.0608106
0.0607932
0.060776
0.0607588
0.0607417
0.0607248
0.0607079
0.060691
0.0606739
0.0606568
0.0606397
0.0606226
0.0606054
0.0605882
0.0605709
0.0605537
0.0605364
0.0605191
0.0605017
0.0604844
0.060467
0.0604496
0.0604322
0.0604148
0.0603973
0.0603799
0.0603624
0.0603449
0.0603273
0.0603098
0.0602922
0.0602747
0.060257
0.0602394
0.0602218
0.0602041
0.0601865
0.0601688
0.0601511
0.0601333
0.0601156
0.0600978
0.06008
0.0600623
0.0600444
0.0600266
0.0600088
0.0599909
0.059973
0.0599551
0.0599372
0.0599193
0.0599013
0.0598834
0.0598654
0.0598474
0.0598294
0.0598114
0.0597934
0.0597753
0.0597572
0.0597392
0.0597211
0.059703
0.0596848
0.0596667
0.0596486
0.0596304
0.0596122
0.059594
0.0595758
0.0595576
0.0595394
0.0595212
0.0595029
0.0594847
0.0594664
0.0594481
0.0594298
0.0594115
0.0593932
0.0593749
0.0593565
0.0593382
0.0593199
0.0593015
0.0592831
0.0592647
0.0592464
0.059228
0.0592096
0.0591912
0.0591728
0.0591544
0.0591359
0.0591175
0.0590991
0.0590807
0.0590622
0.0590438
0.0590254
0.0590069
0.0589885
0.0589701
0.0589517
0.0589333
0.0589149
0.0588965
0.0588781
0.0588597
0.0588413
0.058823
0.0588046
0.0587863
0.0587681
0.0587498
0.0587316
0.0587134
0.0586952
0.0586771
0.058659
0.0586409
0.058623
0.058605
0.0585872
0.0585694
0.0585517
0.0585341
0.0585165
0.0584991
0.0584818
0.0584646
0.0584475
0.0584306
0.0584138
0.0583972
0.0583809
0.0583647
0.0583489
0.0583332
0.0583178
0.0583026
0.058288
0.0582731
0.0582598
0.0582443
0.0582344
0.0582152
0.0582121
0.0581889
0.0581863
0.0581677
0.0608823
0.0608618
0.0608446
0.0608279
0.0608105
0.0607929
0.0607758
0.0607586
0.0607414
0.0607246
0.0607079
0.0606909
0.0606739
0.0606568
0.0606397
0.0606225
0.0606054
0.0605882
0.0605709
0.0605537
0.0605364
0.0605191
0.0605017
0.0604844
0.060467
0.0604496
0.0604322
0.0604148
0.0603973
0.0603799
0.0603624
0.0603449
0.0603273
0.0603098
0.0602922
0.0602747
0.060257
0.0602394
0.0602218
0.0602041
0.0601865
0.0601688
0.0601511
0.0601333
0.0601156
0.0600978
0.06008
0.0600623
0.0600444
0.0600266
0.0600088
0.0599909
0.059973
0.0599551
0.0599372
0.0599193
0.0599013
0.0598834
0.0598654
0.0598474
0.0598294
0.0598114
0.0597934
0.0597753
0.0597572
0.0597392
0.0597211
0.059703
0.0596848
0.0596667
0.0596486
0.0596304
0.0596122
0.059594
0.0595758
0.0595576
0.0595394
0.0595212
0.0595029
0.0594846
0.0594664
0.0594481
0.0594298
0.0594115
0.0593932
0.0593749
0.0593565
0.0593382
0.0593198
0.0593015
0.0592831
0.0592647
0.0592463
0.0592279
0.0592095
0.0591911
0.0591727
0.0591543
0.0591359
0.0591175
0.059099
0.0590806
0.0590622
0.0590437
0.0590253
0.0590069
0.0589884
0.05897
0.0589515
0.0589331
0.0589147
0.0588963
0.0588779
0.0588595
0.0588411
0.0588227
0.0588044
0.058786
0.0587677
0.0587494
0.0587312
0.0587129
0.0586947
0.0586766
0.0586584
0.0586403
0.0586223
0.0586043
0.0585864
0.0585685
0.0585507
0.058533
0.0585154
0.0584979
0.0584804
0.0584631
0.0584459
0.0584288
0.0584119
0.0583951
0.0583785
0.0583622
0.0583461
0.0583302
0.0583145
0.058299
0.058284
0.0582688
0.0582551
0.0582391
0.0582288
0.058209
0.0582056
0.0581815
0.0581788
0.0581588
0.0608638
0.0608437
0.0608272
0.06081
0.0607927
0.0607756
0.0607583
0.0607412
0.0607245
0.0607078
0.0606909
0.0606738
0.0606568
0.0606397
0.0606225
0.0606053
0.0605881
0.0605709
0.0605536
0.0605364
0.0605191
0.0605017
0.0604844
0.060467
0.0604496
0.0604322
0.0604148
0.0603973
0.0603799
0.0603624
0.0603449
0.0603273
0.0603098
0.0602922
0.0602746
0.060257
0.0602394
0.0602218
0.0602041
0.0601865
0.0601688
0.0601511
0.0601333
0.0601156
0.0600978
0.0600801
0.0600623
0.0600444
0.0600266
0.0600088
0.0599909
0.059973
0.0599551
0.0599372
0.0599193
0.0599013
0.0598834
0.0598654
0.0598474
0.0598294
0.0598114
0.0597934
0.0597753
0.0597572
0.0597392
0.0597211
0.059703
0.0596848
0.0596667
0.0596486
0.0596304
0.0596122
0.059594
0.0595758
0.0595576
0.0595394
0.0595212
0.0595029
0.0594846
0.0594664
0.0594481
0.0594298
0.0594115
0.0593932
0.0593748
0.0593565
0.0593382
0.0593198
0.0593015
0.0592831
0.0592647
0.0592463
0.0592279
0.0592095
0.0591911
0.0591727
0.0591543
0.0591358
0.0591174
0.059099
0.0590805
0.0590621
0.0590436
0.0590252
0.0590068
0.0589883
0.0589699
0.0589514
0.058933
0.0589145
0.0588961
0.0588777
0.0588593
0.0588409
0.0588225
0.0588041
0.0587858
0.0587674
0.0587491
0.0587308
0.0587125
0.0586943
0.0586761
0.0586579
0.0586397
0.0586216
0.0586036
0.0585856
0.0585677
0.0585498
0.058532
0.0585143
0.0584966
0.058479
0.0584616
0.0584442
0.058427
0.0584099
0.0583929
0.0583761
0.0583596
0.0583433
0.0583271
0.0583111
0.0582954
0.05828
0.0582645
0.0582503
0.0582339
0.0582232
0.0582028
0.058199
0.058174
0.0581711
0.0581499
0.0608455
0.0608273
0.0608097
0.0607923
0.0607752
0.060758
0.0607409
0.0607244
0.0607077
0.0606908
0.0606738
0.0606567
0.0606396
0.0606225
0.0606053
0.0605881
0.0605709
0.0605536
0.0605363
0.060519
0.0605017
0.0604844
0.060467
0.0604496
0.0604322
0.0604148
0.0603973
0.0603799
0.0603624
0.0603449
0.0603273
0.0603098
0.0602922
0.0602746
0.060257
0.0602394
0.0602218
0.0602041
0.0601865
0.0601688
0.0601511
0.0601333
0.0601156
0.0600978
0.0600801
0.0600623
0.0600444
0.0600266
0.0600088
0.0599909
0.059973
0.0599551
0.0599372
0.0599193
0.0599013
0.0598834
0.0598654
0.0598474
0.0598294
0.0598114
0.0597934
0.0597753
0.0597572
0.0597392
0.0597211
0.059703
0.0596848
0.0596667
0.0596486
0.0596304
0.0596122
0.059594
0.0595758
0.0595576
0.0595394
0.0595211
0.0595029
0.0594846
0.0594664
0.0594481
0.0594298
0.0594115
0.0593932
0.0593748
0.0593565
0.0593381
0.0593198
0.0593014
0.0592831
0.0592647
0.0592463
0.0592279
0.0592095
0.0591911
0.0591726
0.0591542
0.0591358
0.0591173
0.0590989
0.0590805
0.059062
0.0590436
0.0590251
0.0590067
0.0589882
0.0589697
0.0589513
0.0589328
0.0589144
0.0588959
0.0588775
0.0588591
0.0588406
0.0588222
0.0588038
0.0587855
0.0587671
0.0587487
0.0587304
0.0587121
0.0586938
0.0586755
0.0586573
0.0586391
0.058621
0.0586029
0.0585848
0.0585668
0.0585488
0.0585309
0.0585131
0.0584953
0.0584777
0.0584601
0.0584426
0.0584251
0.0584079
0.0583907
0.0583737
0.058357
0.0583404
0.058324
0.0583077
0.0582917
0.058276
0.05826
0.0582455
0.0582287
0.0582175
0.0581965
0.0581924
0.0581664
0.0581635
0.0581409
0.0608478
0.0608264
0.0608089
0.0607921
0.0607752
0.0607577
0.0607407
0.0607243
0.0607077
0.0606908
0.0606737
0.0606567
0.0606396
0.0606225
0.0606053
0.0605881
0.0605709
0.0605536
0.0605363
0.060519
0.0605017
0.0604844
0.060467
0.0604496
0.0604322
0.0604148
0.0603973
0.0603799
0.0603624
0.0603449
0.0603273
0.0603098
0.0602922
0.0602746
0.060257
0.0602394
0.0602218
0.0602041
0.0601865
0.0601688
0.0601511
0.0601333
0.0601156
0.0600978
0.0600801
0.0600623
0.0600444
0.0600266
0.0600088
0.0599909
0.059973
0.0599551
0.0599372
0.0599193
0.0599013
0.0598834
0.0598654
0.0598474
0.0598294
0.0598114
0.0597934
0.0597753
0.0597572
0.0597392
0.0597211
0.059703
0.0596848
0.0596667
0.0596485
0.0596304
0.0596122
0.059594
0.0595758
0.0595576
0.0595394
0.0595211
0.0595029
0.0594846
0.0594664
0.0594481
0.0594298
0.0594115
0.0593931
0.0593748
0.0593565
0.0593381
0.0593198
0.0593014
0.059283
0.0592646
0.0592463
0.0592279
0.0592094
0.059191
0.0591726
0.0591542
0.0591357
0.0591173
0.0590988
0.0590804
0.059062
0.0590435
0.059025
0.0590066
0.0589881
0.0589696
0.0589512
0.0589327
0.0589142
0.0588958
0.0588773
0.0588589
0.0588404
0.058822
0.0588036
0.0587852
0.0587668
0.0587484
0.05873
0.0587117
0.0586933
0.058675
0.0586567
0.0586385
0.0586203
0.0586021
0.058584
0.0585659
0.0585478
0.0585299
0.0585119
0.0584941
0.0584763
0.0584585
0.0584409
0.0584233
0.0584058
0.0583885
0.0583713
0.0583544
0.0583376
0.0583209
0.0583043
0.0582879
0.0582719
0.0582556
0.0582407
0.0582234
0.0582118
0.0581902
0.0581857
0.0581589
0.0581558
0.0581319
0.0608287
0.060808
0.0607913
0.0607745
0.0607572
0.0607403
0.0607242
0.0607077
0.0606907
0.0606737
0.0606567
0.0606396
0.0606225
0.0606053
0.0605881
0.0605709
0.0605536
0.0605363
0.060519
0.0605017
0.0604843
0.060467
0.0604496
0.0604322
0.0604148
0.0603973
0.0603798
0.0603624
0.0603449
0.0603273
0.0603098
0.0602922
0.0602746
0.060257
0.0602394
0.0602218
0.0602041
0.0601865
0.0601688
0.0601511
0.0601333
0.0601156
0.0600978
0.0600801
0.0600623
0.0600444
0.0600266
0.0600088
0.0599909
0.059973
0.0599551
0.0599372
0.0599193
0.0599013
0.0598834
0.0598654
0.0598474
0.0598294
0.0598114
0.0597934
0.0597753
0.0597572
0.0597392
0.0597211
0.059703
0.0596848
0.0596667
0.0596485
0.0596304
0.0596122
0.059594
0.0595758
0.0595576
0.0595394
0.0595211
0.0595029
0.0594846
0.0594663
0.0594481
0.0594298
0.0594115
0.0593931
0.0593748
0.0593565
0.0593381
0.0593198
0.0593014
0.059283
0.0592646
0.0592462
0.0592278
0.0592094
0.059191
0.0591726
0.0591541
0.0591357
0.0591172
0.0590988
0.0590803
0.0590619
0.0590434
0.0590249
0.0590064
0.058988
0.0589695
0.058951
0.0589326
0.0589141
0.0588956
0.0588771
0.0588587
0.0588402
0.0588217
0.0588033
0.0587848
0.0587664
0.058748
0.0587296
0.0587112
0.0586928
0.0586745
0.0586562
0.0586379
0.0586196
0.0586013
0.0585831
0.058565
0.0585469
0.0585288
0.0585107
0.0584928
0.0584748
0.058457
0.0584392
0.0584214
0.0584038
0.0583862
0.0583689
0.0583518
0.0583347
0.0583177
0.0583009
0.0582842
0.0582678
0.0582511
0.0582358
0.0582181
0.0582061
0.0581839
0.058179
0.0581512
0.058148
0.0581228
0.0608097
0.0607913
0.0607743
0.0607567
0.0607401
0.0607242
0.0607077
0.0606907
0.0606737
0.0606567
0.0606396
0.0606224
0.0606053
0.0605881
0.0605708
0.0605536
0.0605363
0.060519
0.0605017
0.0604843
0.060467
0.0604496
0.0604322
0.0604148
0.0603973
0.0603798
0.0603624
0.0603449
0.0603273
0.0603098
0.0602922
0.0602746
0.060257
0.0602394
0.0602218
0.0602041
0.0601865
0.0601688
0.0601511
0.0601333
0.0601156
0.0600978
0.0600801
0.0600623
0.0600444
0.0600266
0.0600088
0.0599909
0.059973
0.0599551
0.0599372
0.0599193
0.0599013
0.0598834
0.0598654
0.0598474
0.0598294
0.0598114
0.0597934
0.0597753
0.0597572
0.0597392
0.0597211
0.059703
0.0596848
0.0596667
0.0596485
0.0596304
0.0596122
0.059594
0.0595758
0.0595576
0.0595394
0.0595211
0.0595029
0.0594846
0.0594663
0.0594481
0.0594298
0.0594114
0.0593931
0.0593748
0.0593564
0.0593381
0.0593197
0.0593014
0.059283
0.0592646
0.0592462
0.0592278
0.0592094
0.0591909
0.0591725
0.0591541
0.0591356
0.0591172
0.0590987
0.0590803
0.0590618
0.0590433
0.0590248
0.0590064
0.0589879
0.0589694
0.0589509
0.0589324
0.0589139
0.0588954
0.0588769
0.0588584
0.05884
0.0588215
0.058803
0.0587846
0.0587661
0.0587476
0.0587292
0.0587108
0.0586924
0.058674
0.0586556
0.0586372
0.0586189
0.0586006
0.0585824
0.0585641
0.0585459
0.0585277
0.0585096
0.0584915
0.0584734
0.0584555
0.0584375
0.0584196
0.0584017
0.0583839
0.0583664
0.0583491
0.0583318
0.0583146
0.0582975
0.0582804
0.0582637
0.0582467
0.0582309
0.0582127
0.0582003
0.0581775
0.0581723
0.0581436
0.0581403
0.0581137
0.060812
0.0607903
0.0607733
0.060756
0.0607397
0.0607241
0.0607077
0.0606907
0.0606736
0.0606566
0.0606396
0.0606224
0.0606053
0.0605881
0.0605708
0.0605536
0.0605363
0.060519
0.0605017
0.0604843
0.060467
0.0604496
0.0604322
0.0604147
0.0603973
0.0603798
0.0603624
0.0603448
0.0603273
0.0603098
0.0602922
0.0602746
0.060257
0.0602394
0.0602218
0.0602041
0.0601865
0.0601688
0.0601511
0.0601333
0.0601156
0.0600978
0.0600801
0.0600623
0.0600444
0.0600266
0.0600088
0.0599909
0.059973
0.0599551
0.0599372
0.0599193
0.0599013
0.0598834
0.0598654
0.0598474
0.0598294
0.0598114
0.0597934
0.0597753
0.0597572
0.0597392
0.0597211
0.059703
0.0596848
0.0596667
0.0596485
0.0596304
0.0596122
0.059594
0.0595758
0.0595576
0.0595394
0.0595211
0.0595029
0.0594846
0.0594663
0.059448
0.0594297
0.0594114
0.0593931
0.0593748
0.0593564
0.0593381
0.0593197
0.0593013
0.059283
0.0592646
0.0592462
0.0592278
0.0592093
0.0591909
0.0591725
0.059154
0.0591356
0.0591171
0.0590987
0.0590802
0.0590617
0.0590432
0.0590248
0.0590062
0.0589877
0.0589692
0.0589508
0.0589323
0.0589138
0.0588953
0.0588768
0.0588582
0.0588397
0.0588212
0.0588027
0.0587842
0.0587657
0.0587473
0.0587288
0.0587103
0.0586918
0.0586734
0.058655
0.0586366
0.0586182
0.0585998
0.0585815
0.0585631
0.0585449
0.0585266
0.0585084
0.0584902
0.058472
0.0584539
0.0584358
0.0584177
0.0583996
0.0583815
0.0583639
0.0583464
0.0583289
0.0583114
0.058294
0.0582766
0.0582596
0.0582421
0.058226
0.0582074
0.0581945
0.0581711
0.0581655
0.0581359
0.0581325
0.0581045
0.0607925
0.0607722
0.060755
0.0607396
0.0607243
0.0607077
0.0606907
0.0606736
0.0606566
0.0606395
0.0606224
0.0606052
0.060588
0.0605708
0.0605536
0.0605363
0.060519
0.0605017
0.0604843
0.060467
0.0604496
0.0604322
0.0604147
0.0603973
0.0603798
0.0603623
0.0603448
0.0603273
0.0603098
0.0602922
0.0602746
0.060257
0.0602394
0.0602218
0.0602041
0.0601865
0.0601688
0.0601511
0.0601333
0.0601156
0.0600978
0.0600801
0.0600623
0.0600445
0.0600266
0.0600088
0.0599909
0.059973
0.0599551
0.0599372
0.0599193
0.0599013
0.0598834
0.0598654
0.0598474
0.0598294
0.0598114
0.0597934
0.0597753
0.0597572
0.0597392
0.0597211
0.059703
0.0596848
0.0596667
0.0596485
0.0596304
0.0596122
0.059594
0.0595758
0.0595576
0.0595394
0.0595211
0.0595029
0.0594846
0.0594663
0.059448
0.0594297
0.0594114
0.0593931
0.0593748
0.0593564
0.0593381
0.0593197
0.0593013
0.0592829
0.0592645
0.0592461
0.0592277
0.0592093
0.0591909
0.0591724
0.059154
0.0591355
0.059117
0.0590986
0.0590801
0.0590616
0.0590431
0.0590246
0.0590061
0.0589876
0.0589692
0.0589507
0.0589321
0.0589136
0.058895
0.0588765
0.058858
0.0588395
0.058821
0.0588025
0.058784
0.0587654
0.0587469
0.0587284
0.0587099
0.0586914
0.058673
0.0586545
0.058636
0.0586175
0.0585991
0.0585807
0.0585623
0.0585439
0.0585255
0.0585072
0.0584889
0.0584706
0.0584524
0.0584341
0.0584158
0.0583975
0.0583792
0.0583615
0.0583439
0.058326
0.0583082
0.0582905
0.0582728
0.0582554
0.0582376
0.0582211
0.058202
0.0581887
0.0581647
0.0581587
0.0581282
0.0581246
0.0580953
0.0607736
0.0607533
0.0607389
0.0607242
0.0607077
0.0606906
0.0606736
0.0606566
0.0606395
0.0606224
0.0606052
0.060588
0.0605708
0.0605536
0.0605363
0.060519
0.0605017
0.0604843
0.060467
0.0604496
0.0604322
0.0604147
0.0603973
0.0603798
0.0603624
0.0603448
0.0603273
0.0603098
0.0602922
0.0602746
0.060257
0.0602394
0.0602218
0.0602041
0.0601865
0.0601688
0.0601511
0.0601333
0.0601156
0.0600978
0.0600801
0.0600623
0.0600445
0.0600266
0.0600088
0.0599909
0.059973
0.0599551
0.0599372
0.0599193
0.0599014
0.0598834
0.0598654
0.0598474
0.0598294
0.0598114
0.0597934
0.0597753
0.0597572
0.0597392
0.0597211
0.059703
0.0596848
0.0596667
0.0596485
0.0596304
0.0596122
0.059594
0.0595758
0.0595576
0.0595394
0.0595211
0.0595029
0.0594846
0.0594663
0.059448
0.0594297
0.0594114
0.0593931
0.0593748
0.0593564
0.0593381
0.0593197
0.0593013
0.0592829
0.0592645
0.0592461
0.0592277
0.0592093
0.0591909
0.0591724
0.059154
0.0591355
0.059117
0.0590986
0.0590801
0.0590616
0.0590431
0.0590246
0.0590061
0.0589876
0.058969
0.0589504
0.0589319
0.0589134
0.0588949
0.0588764
0.0588578
0.0588393
0.0588207
0.0588021
0.0587836
0.058765
0.0587465
0.058728
0.0587094
0.0586909
0.0586723
0.0586538
0.0586353
0.0586168
0.0585983
0.0585798
0.0585613
0.0585428
0.0585244
0.058506
0.0584876
0.0584691
0.0584508
0.0584323
0.0584139
0.0583953
0.0583767
0.0583588
0.058341
0.058323
0.058305
0.058287
0.058269
0.0582513
0.0582331
0.0582162
0.0581966
0.0581829
0.0581583
0.0581519
0.0581205
0.0581168
0.0580862
0.0607546
0.060739
0.0607242
0.0607078
0.0606907
0.0606736
0.0606566
0.0606395
0.0606224
0.0606052
0.060588
0.0605708
0.0605535
0.0605363
0.060519
0.0605016
0.0604843
0.0604669
0.0604496
0.0604322
0.0604147
0.0603973
0.0603798
0.0603624
0.0603449
0.0603273
0.0603098
0.0602922
0.0602747
0.0602571
0.0602394
0.0602218
0.0602042
0.0601865
0.0601688
0.0601511
0.0601334
0.0601156
0.0600979
0.0600801
0.0600623
0.0600445
0.0600266
0.0600088
0.0599909
0.0599731
0.0599552
0.0599372
0.0599193
0.0599014
0.0598834
0.0598654
0.0598474
0.0598294
0.0598114
0.0597934
0.0597753
0.0597573
0.0597392
0.0597211
0.059703
0.0596848
0.0596667
0.0596486
0.0596304
0.0596122
0.059594
0.0595758
0.0595576
0.0595394
0.0595211
0.0595029
0.0594846
0.0594663
0.059448
0.0594297
0.0594114
0.0593931
0.0593747
0.0593564
0.059338
0.0593197
0.0593013
0.0592829
0.0592645
0.0592461
0.0592277
0.0592092
0.0591908
0.0591723
0.0591539
0.0591354
0.0591169
0.0590984
0.05908
0.0590615
0.059043
0.0590244
0.0590059
0.0589874
0.0589689
0.0589504
0.0589319
0.0589134
0.0588948
0.0588762
0.0588576
0.0588391
0.0588205
0.058802
0.0587834
0.0587648
0.0587462
0.0587276
0.058709
0.0586905
0.0586719
0.0586533
0.0586347
0.0586161
0.0585976
0.058579
0.0585605
0.0585419
0.0585234
0.0585048
0.0584863
0.0584678
0.0584493
0.0584307
0.0584122
0.0583931
0.0583745
0.0583569
0.0583387
0.0583202
0.0583018
0.0582835
0.0582652
0.0582471
0.0582285
0.0582112
0.0581912
0.058177
0.0581518
0.0581451
0.0581127
0.0581089
0.058077
0.060756
0.060739
0.060724
0.0607078
0.0606907
0.0606736
0.0606566
0.0606395
0.0606224
0.0606052
0.060588
0.0605708
0.0605535
0.0605363
0.060519
0.0605017
0.0604843
0.060467
0.0604496
0.0604322
0.0604148
0.0603973
0.0603798
0.0603624
0.0603449
0.0603273
0.0603098
0.0602922
0.0602747
0.0602571
0.0602395
0.0602218
0.0602042
0.0601865
0.0601688
0.0601511
0.0601334
0.0601156
0.0600979
0.0600801
0.0600623
0.0600445
0.0600267
0.0600088
0.0599909
0.0599731
0.0599552
0.0599373
0.0599193
0.0599014
0.0598834
0.0598655
0.0598475
0.0598295
0.0598114
0.0597934
0.0597753
0.0597573
0.0597392
0.0597211
0.059703
0.0596849
0.0596667
0.0596486
0.0596304
0.0596122
0.059594
0.0595758
0.0595576
0.0595394
0.0595211
0.0595029
0.0594846
0.0594663
0.059448
0.0594297
0.0594114
0.0593931
0.0593748
0.0593564
0.0593381
0.0593197
0.0593013
0.0592829
0.0592645
0.0592461
0.0592277
0.0592092
0.0591908
0.0591724
0.0591539
0.0591354
0.0591169
0.0590985
0.05908
0.0590614
0.0590429
0.0590244
0.0590059
0.0589873
0.0589688
0.0589502
0.0589316
0.0589131
0.0588945
0.058876
0.0588574
0.0588388
0.0588202
0.0588016
0.0587829
0.0587643
0.0587457
0.0587271
0.0587085
0.0586899
0.0586712
0.0586526
0.058634
0.0586154
0.0585967
0.0585781
0.0585594
0.0585408
0.0585222
0.0585035
0.0584849
0.0584663
0.0584477
0.058429
0.0584103
0.0583906
0.0583713
0.0583537
0.0583356
0.0583171
0.0582986
0.05828
0.0582614
0.0582429
0.058224
0.0582063
0.0581858
0.0581712
0.0581454
0.0581383
0.058105
0.0581012
0.0580677
0.0583714
0.0583521
0.0583332
0.0583143
0.0582954
0.0582765
0.0582575
0.0582387
0.0582194
0.0582013
0.0581803
0.0581653
0.0581389
0.0581315
0.0580972
0.0580934
0.0580584
)
;

boundaryField
{
    inlet
    {
        type            calculated;
        value           nonuniform List<scalar> 0();
    }
    outlet
    {
        type            calculated;
        value           nonuniform List<scalar> 
51
(
0.0265994
0.048958
0.0560994
0.0579209
0.0583044
0.0583714
0.0583793
0.0583776
0.0583742
0.0583704
0.0583662
0.0583618
0.058357
0.058352
0.0583468
0.0583413
0.0583356
0.0583296
0.0583235
0.0583171
0.0583106
0.0583038
0.0582969
0.0582898
0.0582825
0.0582751
0.0582676
0.0582599
0.058252
0.0582441
0.058236
0.0582278
0.0582195
0.0582111
0.0582025
0.058194
0.0581853
0.0581765
0.0581677
0.0581588
0.0581499
0.0581409
0.0581319
0.0581228
0.0581137
0.0581045
0.0580953
0.0580862
0.058077
0.0580677
0.0580584
)
;
    }
    lowerWall
    {
        type            calculated;
        value           uniform 0;
    }
    upperWall
    {
        type            calculated;
        value           nonuniform List<scalar> 0();
    }
    frontAndBack
    {
        type            calculated;
        value           uniform 0;
    }
    procBoundary8to2
    {
        type            processor;
        value           nonuniform List<scalar> 
85
(
0.0275583
0.0503878
0.0503878
0.0584422
0.0607011
0.0607011
0.0612132
0.0612132
0.0612991
0.0612991
0.0613191
0.061304
0.061304
0.061286
0.061286
0.061267
0.061267
0.0612692
0.0612517
0.0612517
0.0612325
0.0612325
0.0612348
0.061217
0.061217
0.061199
0.061199
0.06118
0.06118
0.0611825
0.061165
0.061165
0.0611458
0.0611458
0.0611483
0.0611305
0.0611305
0.0611125
0.0611125
0.0610933
0.0610933
0.0610959
0.0610785
0.0610785
0.0610589
0.0610589
0.0610617
0.0610438
0.0610438
0.0610257
0.0610257
0.0610064
0.0610064
0.061009
0.0609915
0.0609915
0.0609719
0.0609719
0.0609745
0.0609566
0.0609566
0.0609383
0.0609383
0.060919
0.060919
0.0609216
0.0609039
0.0609039
0.0608855
0.0608855
0.0608661
0.0608661
0.0608684
0.0608507
0.0608507
0.0608307
0.0608307
0.0608332
0.0608146
0.0608146
0.0607954
0.0607954
0.0607754
0.0607754
0.0607761
)
;
    }
    procBoundary8to11
    {
        type            processor;
        value           nonuniform List<scalar> 
150
(
0.0607569
0.0607397
0.0607241
0.0607078
0.0606907
0.0606736
0.0606566
0.0606395
0.0606224
0.0606052
0.060588
0.0605708
0.0605535
0.0605362
0.060519
0.0605016
0.0604843
0.0604669
0.0604496
0.0604322
0.0604147
0.0603973
0.0603798
0.0603624
0.0603449
0.0603273
0.0603098
0.0602922
0.0602747
0.0602571
0.0602394
0.0602218
0.0602042
0.0601865
0.0601688
0.0601511
0.0601334
0.0601156
0.0600979
0.0600801
0.0600623
0.0600445
0.0600267
0.0600088
0.0599909
0.0599731
0.0599552
0.0599373
0.0599193
0.0599014
0.0598834
0.0598654
0.0598475
0.0598294
0.0598114
0.0597934
0.0597753
0.0597573
0.0597392
0.0597211
0.059703
0.0596849
0.0596667
0.0596486
0.0596304
0.0596122
0.059594
0.0595758
0.0595576
0.0595394
0.0595211
0.0595029
0.0594846
0.0594663
0.059448
0.0594297
0.0594114
0.0593931
0.0593747
0.0593564
0.059338
0.0593196
0.0593013
0.0592829
0.0592645
0.059246
0.0592276
0.0592092
0.0591907
0.0591723
0.0591538
0.0591353
0.0591168
0.0590984
0.0590799
0.0590614
0.0590429
0.0590243
0.0590058
0.0589872
0.0589687
0.0589501
0.0589315
0.0589129
0.0588944
0.0588758
0.0588572
0.0588386
0.05882
0.0588013
0.0587827
0.0587641
0.0587454
0.0587268
0.0587081
0.0586894
0.0586708
0.0586521
0.0586334
0.0586147
0.058596
0.0585773
0.0585586
0.0585399
0.0585211
0.0585024
0.0584836
0.0584649
0.0584461
0.0584274
0.0584088
0.0583904
0.0583904
0.0583697
0.0583493
0.0583301
0.0583112
0.0582922
0.058273
0.0582537
0.0582346
0.0582149
0.0581964
0.0581749
0.0581595
0.0581325
0.0581247
0.0580895
0.0580856
0.0580493
)
;
    }
}


// ************************************************************************* //
