/*--------------------------------*- C++ -*----------------------------------*\
| =========                 |                                                 |
| \\      /  F ield         | OpenFOAM: The Open Source CFD Toolbox           |
|  \\    /   O peration     | Version:  2512                                  |
|   \\  /    A nd           | Website:  www.openfoam.com                      |
|    \\/     M anipulation  |                                                 |
\*---------------------------------------------------------------------------*/
FoamFile
{
    version     2.0;
    format      ascii;
    arch        "LSB;label=32;scalar=64";
    note        "nPoints:17138  nCells:8333  nFaces:33567  nInternalFaces:16431";
    class       labelList;
    location    "constant/polyMesh";
    object      neighbour;
}
// * * * * * * * * * * * * * * * * * * * * * * * * * * * * * * * * * * * * * //


16431
(
1
149
2
150
3
151
4
152
5
153
6
154
7
155
8
156
9
157
10
158
11
159
12
160
13
161
14
162
15
163
16
164
17
165
18
166
19
167
20
168
21
169
22
170
23
171
24
172
25
173
26
174
27
175
28
176
29
177
30
178
31
179
32
180
33
181
34
182
35
183
36
184
37
185
38
186
39
187
40
188
41
189
42
190
43
191
44
192
45
193
46
194
47
195
48
196
49
197
50
198
51
199
52
200
53
201
54
202
55
203
56
204
57
205
58
206
59
207
60
208
61
209
62
210
63
211
64
212
65
213
66
214
67
215
68
216
69
217
70
218
71
219
72
220
73
221
74
222
75
223
76
224
77
225
78
226
79
227
80
228
81
229
82
230
83
231
84
232
85
233
86
234
87
235
88
236
89
237
90
238
91
239
92
240
93
241
94
242
95
243
96
244
97
245
98
246
99
247
100
248
101
249
102
250
103
251
104
252
105
253
106
254
107
255
108
256
109
257
110
258
111
259
112
260
113
261
114
262
115
263
116
264
117
265
118
266
119
267
120
268
121
269
122
270
123
271
124
272
125
273
126
274
127
275
128
276
129
277
130
278
131
279
132
280
133
281
134
282
135
283
136
284
137
285
138
286
139
287
140
288
141
289
142
290
143
291
144
292
145
293
146
294
147
295
148
296
297
150
299
151
300
152
301
153
302
154
303
155
304
156
305
157
306
158
307
159
308
160
309
161
310
162
311
163
312
164
313
165
314
166
315
167
316
168
317
169
318
170
319
171
320
172
321
173
322
174
323
175
324
176
325
177
326
178
327
179
328
180
329
181
330
182
331
183
332
184
333
185
334
186
335
187
336
188
337
189
338
190
339
191
340
192
341
193
342
194
343
195
344
196
345
197
346
198
347
199
348
200
349
201
350
202
351
203
352
204
353
205
354
206
355
207
356
208
357
209
358
210
359
211
360
212
361
213
362
214
363
215
364
216
365
217
366
218
367
219
368
220
369
221
370
222
371
223
372
224
373
225
374
226
375
227
376
228
377
229
378
230
379
231
380
232
381
233
382
234
383
235
384
236
385
237
386
238
387
239
388
240
389
241
390
242
391
243
392
244
393
245
394
246
395
247
396
248
397
249
398
250
399
251
400
252
401
253
402
254
403
255
404
256
405
257
406
258
407
259
408
260
409
261
410
262
411
263
412
264
413
265
414
266
415
267
416
268
417
269
418
270
419
271
420
272
421
273
422
274
423
275
424
276
425
277
426
278
427
279
428
280
429
281
430
282
431
283
432
284
433
285
434
286
435
287
436
288
437
289
438
290
439
291
440
292
441
293
442
294
443
295
444
296
445
297
446
298
447
448
300
450
301
451
302
452
303
453
304
454
305
455
306
456
307
457
308
458
309
459
310
460
311
461
312
462
313
463
314
464
315
465
316
466
317
467
318
468
319
469
320
470
321
471
322
472
323
473
324
474
325
475
326
476
327
477
328
478
329
479
330
480
331
481
332
482
333
483
334
484
335
485
336
486
337
487
338
488
339
489
340
490
341
491
342
492
343
493
344
494
345
495
346
496
347
497
348
498
349
499
350
500
351
501
352
502
353
503
354
504
355
505
356
506
357
507
358
508
359
509
360
510
361
511
362
512
363
513
364
514
365
515
366
516
367
517
368
518
369
519
370
520
371
521
372
522
373
523
374
524
375
525
376
526
377
527
378
528
379
529
380
530
381
531
382
532
383
533
384
534
385
535
386
536
387
537
388
538
389
539
390
540
391
541
392
542
393
543
394
544
395
545
396
546
397
547
398
548
399
549
400
550
401
551
402
552
403
553
404
554
405
555
406
556
407
557
408
558
409
559
410
560
411
561
412
562
413
563
414
564
415
565
416
566
417
567
418
568
419
569
420
570
421
571
422
572
423
573
424
574
425
575
426
576
427
577
428
578
429
579
430
580
431
581
432
582
433
583
434
584
435
585
436
586
437
587
438
588
439
589
440
590
441
591
442
592
443
593
444
594
445
595
446
596
447
597
448
598
449
599
600
451
602
452
603
453
604
454
605
455
606
456
607
457
608
458
609
459
610
460
611
461
612
462
613
463
614
464
615
465
616
466
617
467
618
468
619
469
620
470
621
471
622
472
623
473
624
474
625
475
626
476
627
477
628
478
629
479
630
480
631
481
632
482
633
483
634
484
635
485
636
486
637
487
638
488
639
489
640
490
641
491
642
492
643
493
644
494
645
495
646
496
647
497
648
498
649
499
650
500
651
501
652
502
653
503
654
504
655
505
656
506
657
507
658
508
659
509
660
510
661
511
662
512
663
513
664
514
665
515
666
516
667
517
668
518
669
519
670
520
671
521
672
522
673
523
674
524
675
525
676
526
677
527
678
528
679
529
680
530
681
531
682
532
683
533
684
534
685
535
686
536
687
537
688
538
689
539
690
540
691
541
692
542
693
543
694
544
695
545
696
546
697
547
698
548
699
549
700
550
701
551
702
552
703
553
704
554
705
555
706
556
707
557
708
558
709
559
710
560
711
561
712
562
713
563
714
564
715
565
716
566
717
567
718
568
719
569
720
570
721
571
722
572
723
573
724
574
725
575
726
576
727
577
728
578
729
579
730
580
731
581
732
582
733
583
734
584
735
585
736
586
737
587
738
588
739
589
740
590
741
591
742
592
743
593
744
594
745
595
746
596
747
597
748
598
749
599
750
600
751
601
752
753
603
754
604
755
605
756
606
757
607
758
608
759
609
760
610
761
611
762
612
763
613
764
614
765
615
766
616
767
617
768
618
769
619
770
620
771
621
772
622
773
623
774
624
775
625
776
626
777
627
778
628
779
629
780
630
781
631
782
632
783
633
784
634
785
635
786
636
787
637
788
638
789
639
790
640
791
641
792
642
793
643
794
644
795
645
796
646
797
647
798
648
799
649
800
650
801
651
802
652
803
653
804
654
805
655
806
656
807
657
808
658
809
659
810
660
811
661
812
662
813
663
814
664
815
665
816
666
817
667
818
668
819
669
820
670
821
671
822
672
823
673
824
674
825
675
826
676
827
677
828
678
829
679
830
680
831
681
832
682
833
683
834
684
835
685
836
686
837
687
838
688
839
689
840
690
841
691
842
692
843
693
844
694
845
695
846
696
847
697
848
698
849
699
850
700
851
701
852
702
853
703
854
704
855
705
856
706
857
707
858
708
859
709
860
710
861
711
862
712
863
713
864
714
865
715
866
716
867
717
868
718
869
719
870
720
871
721
872
722
873
723
874
724
875
725
876
726
877
727
878
728
879
729
880
730
881
731
882
732
883
733
884
734
885
735
886
736
887
737
888
738
889
739
890
740
891
741
892
742
893
743
894
744
895
745
896
746
897
747
898
748
899
749
900
750
901
751
902
752
903
753
904
905
755
907
756
908
757
909
758
910
759
911
760
912
761
913
762
914
763
915
764
916
765
917
766
918
767
919
768
920
769
921
770
922
771
923
772
924
773
925
774
926
775
927
776
928
777
929
778
930
779
931
780
932
781
933
782
934
783
935
784
936
785
937
786
938
787
939
788
940
789
941
790
942
791
943
792
944
793
945
794
946
795
947
796
948
797
949
798
950
799
951
800
952
801
953
802
954
803
955
804
956
805
957
806
958
807
959
808
960
809
961
810
962
811
963
812
964
813
965
814
966
815
967
816
968
817
969
818
970
819
971
820
972
821
973
822
974
823
975
824
976
825
977
826
978
827
979
828
980
829
981
830
982
831
983
832
984
833
985
834
986
835
987
836
988
837
989
838
990
839
991
840
992
841
993
842
994
843
995
844
996
845
997
846
998
847
999
848
1000
849
1001
850
1002
851
1003
852
1004
853
1005
854
1006
855
1007
856
1008
857
1009
858
1010
859
1011
860
1012
861
1013
862
1014
863
1015
864
1016
865
1017
866
1018
867
1019
868
1020
869
1021
870
1022
871
1023
872
1024
873
1025
874
1026
875
1027
876
1028
877
1029
878
1030
879
1031
880
1032
881
1033
882
1034
883
1035
884
1036
885
1037
886
1038
887
1039
888
1040
889
1041
890
1042
891
1043
892
1044
893
1045
894
1046
895
1047
896
1048
897
1049
898
1050
899
1051
900
1052
901
1053
902
1054
903
1055
904
1056
905
1057
906
1058
1059
908
1061
909
1062
910
1063
911
1064
912
1065
913
1066
914
1067
915
1068
916
1069
917
1070
918
1071
919
1072
920
1073
921
1074
922
1075
923
1076
924
1077
925
1078
926
1079
927
1080
928
1081
929
1082
930
1083
931
1084
932
1085
933
1086
934
1087
935
1088
936
1089
937
1090
938
1091
939
1092
940
1093
941
1094
942
1095
943
1096
944
1097
945
1098
946
1099
947
1100
948
1101
949
1102
950
1103
951
1104
952
1105
953
1106
954
1107
955
1108
956
1109
957
1110
958
1111
959
1112
960
1113
961
1114
962
1115
963
1116
964
1117
965
1118
966
1119
967
1120
968
1121
969
1122
970
1123
971
1124
972
1125
973
1126
974
1127
975
1128
976
1129
977
1130
978
1131
979
1132
980
1133
981
1134
982
1135
983
1136
984
1137
985
1138
986
1139
987
1140
988
1141
989
1142
990
1143
991
1144
992
1145
993
1146
994
1147
995
1148
996
1149
997
1150
998
1151
999
1152
1000
1153
1001
1154
1002
1155
1003
1156
1004
1157
1005
1158
1006
1159
1007
1160
1008
1161
1009
1162
1010
1163
1011
1164
1012
1165
1013
1166
1014
1167
1015
1168
1016
1169
1017
1170
1018
1171
1019
1172
1020
1173
1021
1174
1022
1175
1023
1176
1024
1177
1025
1178
1026
1179
1027
1180
1028
1181
1029
1182
1030
1183
1031
1184
1032
1185
1033
1186
1034
1187
1035
1188
1036
1189
1037
1190
1038
1191
1039
1192
1040
1193
1041
1194
1042
1195
1043
1196
1044
1197
1045
1198
1046
1199
1047
1200
1048
1201
1049
1202
1050
1203
1051
1204
1052
1205
1053
1206
1054
1207
1055
1208
1056
1209
1057
1210
1058
1211
1059
1212
1060
1213
1214
1062
1215
1063
1216
1064
1217
1065
1218
1066
1219
1067
1220
1068
1221
1069
1222
1070
1223
1071
1224
1072
1225
1073
1226
1074
1227
1075
1228
1076
1229
1077
1230
1078
1231
1079
1232
1080
1233
1081
1234
1082
1235
1083
1236
1084
1237
1085
1238
1086
1239
1087
1240
1088
1241
1089
1242
1090
1243
1091
1244
1092
1245
1093
1246
1094
1247
1095
1248
1096
1249
1097
1250
1098
1251
1099
1252
1100
1253
1101
1254
1102
1255
1103
1256
1104
1257
1105
1258
1106
1259
1107
1260
1108
1261
1109
1262
1110
1263
1111
1264
1112
1265
1113
1266
1114
1267
1115
1268
1116
1269
1117
1270
1118
1271
1119
1272
1120
1273
1121
1274
1122
1275
1123
1276
1124
1277
1125
1278
1126
1279
1127
1280
1128
1281
1129
1282
1130
1283
1131
1284
1132
1285
1133
1286
1134
1287
1135
1288
1136
1289
1137
1290
1138
1291
1139
1292
1140
1293
1141
1294
1142
1295
1143
1296
1144
1297
1145
1298
1146
1299
1147
1300
1148
1301
1149
1302
1150
1303
1151
1304
1152
1305
1153
1306
1154
1307
1155
1308
1156
1309
1157
1310
1158
1311
1159
1312
1160
1313
1161
1314
1162
1315
1163
1316
1164
1317
1165
1318
1166
1319
1167
1320
1168
1321
1169
1322
1170
1323
1171
1324
1172
1325
1173
1326
1174
1327
1175
1328
1176
1329
1177
1330
1178
1331
1179
1332
1180
1333
1181
1334
1182
1335
1183
1336
1184
1337
1185
1338
1186
1339
1187
1340
1188
1341
1189
1342
1190
1343
1191
1344
1192
1345
1193
1346
1194
1347
1195
1348
1196
1349
1197
1350
1198
1351
1199
1352
1200
1353
1201
1354
1202
1355
1203
1356
1204
1357
1205
1358
1206
1359
1207
1360
1208
1361
1209
1362
1210
1363
1211
1364
1212
1365
1213
1366
1214
1367
1368
1216
1370
1217
1371
1218
1372
1219
1373
1220
1374
1221
1375
1222
1376
1223
1377
1224
1378
1225
1379
1226
1380
1227
1381
1228
1382
1229
1383
1230
1384
1231
1385
1232
1386
1233
1387
1234
1388
1235
1389
1236
1390
1237
1391
1238
1392
1239
1393
1240
1394
1241
1395
1242
1396
1243
1397
1244
1398
1245
1399
1246
1400
1247
1401
1248
1402
1249
1403
1250
1404
1251
1405
1252
1406
1253
1407
1254
1408
1255
1409
1256
1410
1257
1411
1258
1412
1259
1413
1260
1414
1261
1415
1262
1416
1263
1417
1264
1418
1265
1419
1266
1420
1267
1421
1268
1422
1269
1423
1270
1424
1271
1425
1272
1426
1273
1427
1274
1428
1275
1429
1276
1430
1277
1431
1278
1432
1279
1433
1280
1434
1281
1435
1282
1436
1283
1437
1284
1438
1285
1439
1286
1440
1287
1441
1288
1442
1289
1443
1290
1444
1291
1445
1292
1446
1293
1447
1294
1448
1295
1449
1296
1450
1297
1451
1298
1452
1299
1453
1300
1454
1301
1455
1302
1456
1303
1457
1304
1458
1305
1459
1306
1460
1307
1461
1308
1462
1309
1463
1310
1464
1311
1465
1312
1466
1313
1467
1314
1468
1315
1469
1316
1470
1317
1471
1318
1472
1319
1473
1320
1474
1321
1475
1322
1476
1323
1477
1324
1478
1325
1479
1326
1480
1327
1481
1328
1482
1329
1483
1330
1484
1331
1485
1332
1486
1333
1487
1334
1488
1335
1489
1336
1490
1337
1491
1338
1492
1339
1493
1340
1494
1341
1495
1342
1496
1343
1497
1344
1498
1345
1499
1346
1500
1347
1501
1348
1502
1349
1503
1350
1504
1351
1505
1352
1506
1353
1507
1354
1508
1355
1509
1356
1510
1357
1511
1358
1512
1359
1513
1360
1514
1361
1515
1362
1516
1363
1517
1364
1518
1365
1519
1366
1520
1367
1521
1368
1522
1369
1523
1524
1371
1526
1372
1527
1373
1528
1374
1529
1375
1530
1376
1531
1377
1532
1378
1533
1379
1534
1380
1535
1381
1536
1382
1537
1383
1538
1384
1539
1385
1540
1386
1541
1387
1542
1388
1543
1389
1544
1390
1545
1391
1546
1392
1547
1393
1548
1394
1549
1395
1550
1396
1551
1397
1552
1398
1553
1399
1554
1400
1555
1401
1556
1402
1557
1403
1558
1404
1559
1405
1560
1406
1561
1407
1562
1408
1563
1409
1564
1410
1565
1411
1566
1412
1567
1413
1568
1414
1569
1415
1570
1416
1571
1417
1572
1418
1573
1419
1574
1420
1575
1421
1576
1422
1577
1423
1578
1424
1579
1425
1580
1426
1581
1427
1582
1428
1583
1429
1584
1430
1585
1431
1586
1432
1587
1433
1588
1434
1589
1435
1590
1436
1591
1437
1592
1438
1593
1439
1594
1440
1595
1441
1596
1442
1597
1443
1598
1444
1599
1445
1600
1446
1601
1447
1602
1448
1603
1449
1604
1450
1605
1451
1606
1452
1607
1453
1608
1454
1609
1455
1610
1456
1611
1457
1612
1458
1613
1459
1614
1460
1615
1461
1616
1462
1617
1463
1618
1464
1619
1465
1620
1466
1621
1467
1622
1468
1623
1469
1624
1470
1625
1471
1626
1472
1627
1473
1628
1474
1629
1475
1630
1476
1631
1477
1632
1478
1633
1479
1634
1480
1635
1481
1636
1482
1637
1483
1638
1484
1639
1485
1640
1486
1641
1487
1642
1488
1643
1489
1644
1490
1645
1491
1646
1492
1647
1493
1648
1494
1649
1495
1650
1496
1651
1497
1652
1498
1653
1499
1654
1500
1655
1501
1656
1502
1657
1503
1658
1504
1659
1505
1660
1506
1661
1507
1662
1508
1663
1509
1664
1510
1665
1511
1666
1512
1667
1513
1668
1514
1669
1515
1670
1516
1671
1517
1672
1518
1673
1519
1674
1520
1675
1521
1676
1522
1677
1523
1678
1524
1679
1525
1680
1681
1527
1683
1528
1684
1529
1685
1530
1686
1531
1687
1532
1688
1533
1689
1534
1690
1535
1691
1536
1692
1537
1693
1538
1694
1539
1695
1540
1696
1541
1697
1542
1698
1543
1699
1544
1700
1545
1701
1546
1702
1547
1703
1548
1704
1549
1705
1550
1706
1551
1707
1552
1708
1553
1709
1554
1710
1555
1711
1556
1712
1557
1713
1558
1714
1559
1715
1560
1716
1561
1717
1562
1718
1563
1719
1564
1720
1565
1721
1566
1722
1567
1723
1568
1724
1569
1725
1570
1726
1571
1727
1572
1728
1573
1729
1574
1730
1575
1731
1576
1732
1577
1733
1578
1734
1579
1735
1580
1736
1581
1737
1582
1738
1583
1739
1584
1740
1585
1741
1586
1742
1587
1743
1588
1744
1589
1745
1590
1746
1591
1747
1592
1748
1593
1749
1594
1750
1595
1751
1596
1752
1597
1753
1598
1754
1599
1755
1600
1756
1601
1757
1602
1758
1603
1759
1604
1760
1605
1761
1606
1762
1607
1763
1608
1764
1609
1765
1610
1766
1611
1767
1612
1768
1613
1769
1614
1770
1615
1771
1616
1772
1617
1773
1618
1774
1619
1775
1620
1776
1621
1777
1622
1778
1623
1779
1624
1780
1625
1781
1626
1782
1627
1783
1628
1784
1629
1785
1630
1786
1631
1787
1632
1788
1633
1789
1634
1790
1635
1791
1636
1792
1637
1793
1638
1794
1639
1795
1640
1796
1641
1797
1642
1798
1643
1799
1644
1800
1645
1801
1646
1802
1647
1803
1648
1804
1649
1805
1650
1806
1651
1807
1652
1808
1653
1809
1654
1810
1655
1811
1656
1812
1657
1813
1658
1814
1659
1815
1660
1816
1661
1817
1662
1818
1663
1819
1664
1820
1665
1821
1666
1822
1667
1823
1668
1824
1669
1825
1670
1826
1671
1827
1672
1828
1673
1829
1674
1830
1675
1831
1676
1832
1677
1833
1678
1834
1679
1835
1680
1836
1681
1837
1682
1838
1839
1684
1840
1685
1841
1686
1842
1687
1843
1688
1844
1689
1845
1690
1846
1691
1847
1692
1848
1693
1849
1694
1850
1695
1851
1696
1852
1697
1853
1698
1854
1699
1855
1700
1856
1701
1857
1702
1858
1703
1859
1704
1860
1705
1861
1706
1862
1707
1863
1708
1864
1709
1865
1710
1866
1711
1867
1712
1868
1713
1869
1714
1870
1715
1871
1716
1872
1717
1873
1718
1874
1719
1875
1720
1876
1721
1877
1722
1878
1723
1879
1724
1880
1725
1881
1726
1882
1727
1883
1728
1884
1729
1885
1730
1886
1731
1887
1732
1888
1733
1889
1734
1890
1735
1891
1736
1892
1737
1893
1738
1894
1739
1895
1740
1896
1741
1897
1742
1898
1743
1899
1744
1900
1745
1901
1746
1902
1747
1903
1748
1904
1749
1905
1750
1906
1751
1907
1752
1908
1753
1909
1754
1910
1755
1911
1756
1912
1757
1913
1758
1914
1759
1915
1760
1916
1761
1917
1762
1918
1763
1919
1764
1920
1765
1921
1766
1922
1767
1923
1768
1924
1769
1925
1770
1926
1771
1927
1772
1928
1773
1929
1774
1930
1775
1931
1776
1932
1777
1933
1778
1934
1779
1935
1780
1936
1781
1937
1782
1938
1783
1939
1784
1940
1785
1941
1786
1942
1787
1943
1788
1944
1789
1945
1790
1946
1791
1947
1792
1948
1793
1949
1794
1950
1795
1951
1796
1952
1797
1953
1798
1954
1799
1955
1800
1956
1801
1957
1802
1958
1803
1959
1804
1960
1805
1961
1806
1962
1807
1963
1808
1964
1809
1965
1810
1966
1811
1967
1812
1968
1813
1969
1814
1970
1815
1971
1816
1972
1817
1973
1818
1974
1819
1975
1820
1976
1821
1977
1822
1978
1823
1979
1824
1980
1825
1981
1826
1982
1827
1983
1828
1984
1829
1985
1830
1986
1831
1987
1832
1988
1833
1989
1834
1990
1835
1991
1836
1992
1837
1993
1838
1994
1839
1995
1996
1841
1998
1842
1999
1843
2000
1844
2001
1845
2002
1846
2003
1847
2004
1848
2005
1849
2006
1850
2007
1851
2008
1852
2009
1853
2010
1854
2011
1855
2012
1856
2013
1857
2014
1858
2015
1859
2016
1860
2017
1861
2018
1862
2019
1863
2020
1864
2021
1865
2022
1866
2023
1867
2024
1868
2025
1869
2026
1870
2027
1871
2028
1872
2029
1873
2030
1874
2031
1875
2032
1876
2033
1877
2034
1878
2035
1879
2036
1880
2037
1881
2038
1882
2039
1883
2040
1884
2041
1885
2042
1886
2043
1887
2044
1888
2045
1889
2046
1890
2047
1891
2048
1892
2049
1893
2050
1894
2051
1895
2052
1896
2053
1897
2054
1898
2055
1899
2056
1900
2057
1901
2058
1902
2059
1903
2060
1904
2061
1905
2062
1906
2063
1907
2064
1908
2065
1909
2066
1910
2067
1911
2068
1912
2069
1913
2070
1914
2071
1915
2072
1916
2073
1917
2074
1918
2075
1919
2076
1920
2077
1921
2078
1922
2079
1923
2080
1924
2081
1925
2082
1926
2083
1927
2084
1928
2085
1929
2086
1930
2087
1931
2088
1932
2089
1933
2090
1934
2091
1935
2092
1936
2093
1937
2094
1938
2095
1939
2096
1940
2097
1941
2098
1942
2099
1943
2100
1944
2101
1945
2102
1946
2103
1947
2104
1948
2105
1949
2106
1950
2107
1951
2108
1952
2109
1953
2110
1954
2111
1955
2112
1956
2113
1957
2114
1958
2115
1959
2116
1960
2117
1961
2118
1962
2119
1963
2120
1964
2121
1965
2122
1966
2123
1967
2124
1968
2125
1969
2126
1970
2127
1971
2128
1972
2129
1973
2130
1974
2131
1975
2132
1976
2133
1977
2134
1978
2135
1979
2136
1980
2137
1981
2138
1982
2139
1983
2140
1984
2141
1985
2142
1986
2143
1987
2144
1988
2145
1989
2146
1990
2147
1991
2148
1992
2149
1993
2150
1994
2151
1995
2152
1996
2153
1997
2154
2155
1999
2157
2000
2158
2001
2159
2002
2160
2003
2161
2004
2162
2005
2163
2006
2164
2007
2165
2008
2166
2009
2167
2010
2168
2011
2169
2012
2170
2013
2171
2014
2172
2015
2173
2016
2174
2017
2175
2018
2176
2019
2177
2020
2178
2021
2179
2022
2180
2023
2181
2024
2182
2025
2183
2026
2184
2027
2185
2028
2186
2029
2187
2030
2188
2031
2189
2032
2190
2033
2191
2034
2192
2035
2193
2036
2194
2037
2195
2038
2196
2039
2197
2040
2198
2041
2199
2042
2200
2043
2201
2044
2202
2045
2203
2046
2204
2047
2205
2048
2206
2049
2207
2050
2208
2051
2209
2052
2210
2053
2211
2054
2212
2055
2213
2056
2214
2057
2215
2058
2216
2059
2217
2060
2218
2061
2219
2062
2220
2063
2221
2064
2222
2065
2223
2066
2224
2067
2225
2068
2226
2069
2227
2070
2228
2071
2229
2072
2230
2073
2231
2074
2232
2075
2233
2076
2234
2077
2235
2078
2236
2079
2237
2080
2238
2081
2239
2082
2240
2083
2241
2084
2242
2085
2243
2086
2244
2087
2245
2088
2246
2089
2247
2090
2248
2091
2249
2092
2250
2093
2251
2094
2252
2095
2253
2096
2254
2097
2255
2098
2256
2099
2257
2100
2258
2101
2259
2102
2260
2103
2261
2104
2262
2105
2263
2106
2264
2107
2265
2108
2266
2109
2267
2110
2268
2111
2269
2112
2270
2113
2271
2114
2272
2115
2273
2116
2274
2117
2275
2118
2276
2119
2277
2120
2278
2121
2279
2122
2280
2123
2281
2124
2282
2125
2283
2126
2284
2127
2285
2128
2286
2129
2287
2130
2288
2131
2289
2132
2290
2133
2291
2134
2292
2135
2293
2136
2294
2137
2295
2138
2296
2139
2297
2140
2298
2141
2299
2142
2300
2143
2301
2144
2302
2145
2303
2146
2304
2147
2305
2148
2306
2149
2307
2150
2308
2151
2309
2152
2310
2153
2311
2154
2312
2155
2313
2156
2314
2315
2158
2316
2159
2317
2160
2318
2161
2319
2162
2320
2163
2321
2164
2322
2165
2323
2166
2324
2167
2325
2168
2326
2169
2327
2170
2328
2171
2329
2172
2330
2173
2331
2174
2332
2175
2333
2176
2334
2177
2335
2178
2336
2179
2337
2180
2338
2181
2339
2182
2340
2183
2341
2184
2342
2185
2343
2186
2344
2187
2345
2188
2346
2189
2347
2190
2348
2191
2349
2192
2350
2193
2351
2194
2352
2195
2353
2196
2354
2197
2355
2198
2356
2199
2357
2200
2358
2201
2359
2202
2360
2203
2361
2204
2362
2205
2363
2206
2364
2207
2365
2208
2366
2209
2367
2210
2368
2211
2369
2212
2370
2213
2371
2214
2372
2215
2373
2216
2374
2217
2375
2218
2376
2219
2377
2220
2378
2221
2379
2222
2380
2223
2381
2224
2382
2225
2383
2226
2384
2227
2385
2228
2386
2229
2387
2230
2388
2231
2389
2232
2390
2233
2391
2234
2392
2235
2393
2236
2394
2237
2395
2238
2396
2239
2397
2240
2398
2241
2399
2242
2400
2243
2401
2244
2402
2245
2403
2246
2404
2247
2405
2248
2406
2249
2407
2250
2408
2251
2409
2252
2410
2253
2411
2254
2412
2255
2413
2256
2414
2257
2415
2258
2416
2259
2417
2260
2418
2261
2419
2262
2420
2263
2421
2264
2422
2265
2423
2266
2424
2267
2425
2268
2426
2269
2427
2270
2428
2271
2429
2272
2430
2273
2431
2274
2432
2275
2433
2276
2434
2277
2435
2278
2436
2279
2437
2280
2438
2281
2439
2282
2440
2283
2441
2284
2442
2285
2443
2286
2444
2287
2445
2288
2446
2289
2447
2290
2448
2291
2449
2292
2450
2293
2451
2294
2452
2295
2453
2296
2454
2297
2455
2298
2456
2299
2457
2300
2458
2301
2459
2302
2460
2303
2461
2304
2462
2305
2463
2306
2464
2307
2465
2308
2466
2309
2467
2310
2468
2311
2469
2312
2470
2313
2471
2314
2472
2315
2473
2474
2317
2476
2318
2477
2319
2478
2320
2479
2321
2480
2322
2481
2323
2482
2324
2483
2325
2484
2326
2485
2327
2486
2328
2487
2329
2488
2330
2489
2331
2490
2332
2491
2333
2492
2334
2493
2335
2494
2336
2495
2337
2496
2338
2497
2339
2498
2340
2499
2341
2500
2342
2501
2343
2502
2344
2503
2345
2504
2346
2505
2347
2506
2348
2507
2349
2508
2350
2509
2351
2510
2352
2511
2353
2512
2354
2513
2355
2514
2356
2515
2357
2516
2358
2517
2359
2518
2360
2519
2361
2520
2362
2521
2363
2522
2364
2523
2365
2524
2366
2525
2367
2526
2368
2527
2369
2528
2370
2529
2371
2530
2372
2531
2373
2532
2374
2533
2375
2534
2376
2535
2377
2536
2378
2537
2379
2538
2380
2539
2381
2540
2382
2541
2383
2542
2384
2543
2385
2544
2386
2545
2387
2546
2388
2547
2389
2548
2390
2549
2391
2550
2392
2551
2393
2552
2394
2553
2395
2554
2396
2555
2397
2556
2398
2557
2399
2558
2400
2559
2401
2560
2402
2561
2403
2562
2404
2563
2405
2564
2406
2565
2407
2566
2408
2567
2409
2568
2410
2569
2411
2570
2412
2571
2413
2572
2414
2573
2415
2574
2416
2575
2417
2576
2418
2577
2419
2578
2420
2579
2421
2580
2422
2581
2423
2582
2424
2583
2425
2584
2426
2585
2427
2586
2428
2587
2429
2588
2430
2589
2431
2590
2432
2591
2433
2592
2434
2593
2435
2594
2436
2595
2437
2596
2438
2597
2439
2598
2440
2599
2441
2600
2442
2601
2443
2602
2444
2603
2445
2604
2446
2605
2447
2606
2448
2607
2449
2608
2450
2609
2451
2610
2452
2611
2453
2612
2454
2613
2455
2614
2456
2615
2457
2616
2458
2617
2459
2618
2460
2619
2461
2620
2462
2621
2463
2622
2464
2623
2465
2624
2466
2625
2467
2626
2468
2627
2469
2628
2470
2629
2471
2630
2472
2631
2473
2632
2474
2633
2475
2634
2635
2477
2637
2478
2638
2479
2639
2480
2640
2481
2641
2482
2642
2483
2643
2484
2644
2485
2645
2486
2646
2487
2647
2488
2648
2489
2649
2490
2650
2491
2651
2492
2652
2493
2653
2494
2654
2495
2655
2496
2656
2497
2657
2498
2658
2499
2659
2500
2660
2501
2661
2502
2662
2503
2663
2504
2664
2505
2665
2506
2666
2507
2667
2508
2668
2509
2669
2510
2670
2511
2671
2512
2672
2513
2673
2514
2674
2515
2675
2516
2676
2517
2677
2518
2678
2519
2679
2520
2680
2521
2681
2522
2682
2523
2683
2524
2684
2525
2685
2526
2686
2527
2687
2528
2688
2529
2689
2530
2690
2531
2691
2532
2692
2533
2693
2534
2694
2535
2695
2536
2696
2537
2697
2538
2698
2539
2699
2540
2700
2541
2701
2542
2702
2543
2703
2544
2704
2545
2705
2546
2706
2547
2707
2548
2708
2549
2709
2550
2710
2551
2711
2552
2712
2553
2713
2554
2714
2555
2715
2556
2716
2557
2717
2558
2718
2559
2719
2560
2720
2561
2721
2562
2722
2563
2723
2564
2724
2565
2725
2566
2726
2567
2727
2568
2728
2569
2729
2570
2730
2571
2731
2572
2732
2573
2733
2574
2734
2575
2735
2576
2736
2577
2737
2578
2738
2579
2739
2580
2740
2581
2741
2582
2742
2583
2743
2584
2744
2585
2745
2586
2746
2587
2747
2588
2748
2589
2749
2590
2750
2591
2751
2592
2752
2593
2753
2594
2754
2595
2755
2596
2756
2597
2757
2598
2758
2599
2759
2600
2760
2601
2761
2602
2762
2603
2763
2604
2764
2605
2765
2606
2766
2607
2767
2608
2768
2609
2769
2610
2770
2611
2771
2612
2772
2613
2773
2614
2774
2615
2775
2616
2776
2617
2777
2618
2778
2619
2779
2620
2780
2621
2781
2622
2782
2623
2783
2624
2784
2625
2785
2626
2786
2627
2787
2628
2788
2629
2789
2630
2790
2631
2791
2632
2792
2633
2793
2634
2794
2635
2795
2636
2796
2797
2638
2799
2639
2800
2640
2801
2641
2802
2642
2803
2643
2804
2644
2805
2645
2806
2646
2807
2647
2808
2648
2809
2649
2810
2650
2811
2651
2812
2652
2813
2653
2814
2654
2815
2655
2816
2656
2817
2657
2818
2658
2819
2659
2820
2660
2821
2661
2822
2662
2823
2663
2824
2664
2825
2665
2826
2666
2827
2667
2828
2668
2829
2669
2830
2670
2831
2671
2832
2672
2833
2673
2834
2674
2835
2675
2836
2676
2837
2677
2838
2678
2839
2679
2840
2680
2841
2681
2842
2682
2843
2683
2844
2684
2845
2685
2846
2686
2847
2687
2848
2688
2849
2689
2850
2690
2851
2691
2852
2692
2853
2693
2854
2694
2855
2695
2856
2696
2857
2697
2858
2698
2859
2699
2860
2700
2861
2701
2862
2702
2863
2703
2864
2704
2865
2705
2866
2706
2867
2707
2868
2708
2869
2709
2870
2710
2871
2711
2872
2712
2873
2713
2874
2714
2875
2715
2876
2716
2877
2717
2878
2718
2879
2719
2880
2720
2881
2721
2882
2722
2883
2723
2884
2724
2885
2725
2886
2726
2887
2727
2888
2728
2889
2729
2890
2730
2891
2731
2892
2732
2893
2733
2894
2734
2895
2735
2896
2736
2897
2737
2898
2738
2899
2739
2900
2740
2901
2741
2902
2742
2903
2743
2904
2744
2905
2745
2906
2746
2907
2747
2908
2748
2909
2749
2910
2750
2911
2751
2912
2752
2913
2753
2914
2754
2915
2755
2916
2756
2917
2757
2918
2758
2919
2759
2920
2760
2921
2761
2922
2762
2923
2763
2924
2764
2925
2765
2926
2766
2927
2767
2928
2768
2929
2769
2930
2770
2931
2771
2932
2772
2933
2773
2934
2774
2935
2775
2936
2776
2937
2777
2938
2778
2939
2779
2940
2780
2941
2781
2942
2782
2943
2783
2944
2784
2945
2785
2946
2786
2947
2787
2948
2788
2949
2789
2950
2790
2951
2791
2952
2792
2953
2793
2954
2794
2955
2795
2956
2796
2957
2797
2958
2798
2959
2960
2800
2961
2801
2962
2802
2963
2803
2964
2804
2965
2805
2966
2806
2967
2807
2968
2808
2969
2809
2970
2810
2971
2811
2972
2812
2973
2813
2974
2814
2975
2815
2976
2816
2977
2817
2978
2818
2979
2819
2980
2820
2981
2821
2982
2822
2983
2823
2984
2824
2985
2825
2986
2826
2987
2827
2988
2828
2989
2829
2990
2830
2991
2831
2992
2832
2993
2833
2994
2834
2995
2835
2996
2836
2997
2837
2998
2838
2999
2839
3000
2840
3001
2841
3002
2842
3003
2843
3004
2844
3005
2845
3006
2846
3007
2847
3008
2848
3009
2849
3010
2850
3011
2851
3012
2852
3013
2853
3014
2854
3015
2855
3016
2856
3017
2857
3018
2858
3019
2859
3020
2860
3021
2861
3022
2862
3023
2863
3024
2864
3025
2865
3026
2866
3027
2867
3028
2868
3029
2869
3030
2870
3031
2871
3032
2872
3033
2873
3034
2874
3035
2875
3036
2876
3037
2877
3038
2878
3039
2879
3040
2880
3041
2881
3042
2882
3043
2883
3044
2884
3045
2885
3046
2886
3047
2887
3048
2888
3049
2889
3050
2890
3051
2891
3052
2892
3053
2893
3054
2894
3055
2895
3056
2896
3057
2897
3058
2898
3059
2899
3060
2900
3061
2901
3062
2902
3063
2903
3064
2904
3065
2905
3066
2906
3067
2907
3068
2908
3069
2909
3070
2910
3071
2911
3072
2912
3073
2913
3074
2914
3075
2915
3076
2916
3077
2917
3078
2918
3079
2919
3080
2920
3081
2921
3082
2922
3083
2923
3084
2924
3085
2925
3086
2926
3087
2927
3088
2928
3089
2929
3090
2930
3091
2931
3092
2932
3093
2933
3094
2934
3095
2935
3096
2936
3097
2937
3098
2938
3099
2939
3100
2940
3101
2941
3102
2942
3103
2943
3104
2944
3105
2945
3106
2946
3107
2947
3108
2948
3109
2949
3110
2950
3111
2951
3112
2952
3113
2953
3114
2954
3115
2955
3116
2956
3117
2957
3118
2958
3119
2959
3120
2960
3121
3122
2962
3124
2963
3125
2964
3126
2965
3127
2966
3128
2967
3129
2968
3130
2969
3131
2970
3132
2971
3133
2972
3134
2973
3135
2974
3136
2975
3137
2976
3138
2977
3139
2978
3140
2979
3141
2980
3142
2981
3143
2982
3144
2983
3145
2984
3146
2985
3147
2986
3148
2987
3149
2988
3150
2989
3151
2990
3152
2991
3153
2992
3154
2993
3155
2994
3156
2995
3157
2996
3158
2997
3159
2998
3160
2999
3161
3000
3162
3001
3163
3002
3164
3003
3165
3004
3166
3005
3167
3006
3168
3007
3169
3008
3170
3009
3171
3010
3172
3011
3173
3012
3174
3013
3175
3014
3176
3015
3177
3016
3178
3017
3179
3018
3180
3019
3181
3020
3182
3021
3183
3022
3184
3023
3185
3024
3186
3025
3187
3026
3188
3027
3189
3028
3190
3029
3191
3030
3192
3031
3193
3032
3194
3033
3195
3034
3196
3035
3197
3036
3198
3037
3199
3038
3200
3039
3201
3040
3202
3041
3203
3042
3204
3043
3205
3044
3206
3045
3207
3046
3208
3047
3209
3048
3210
3049
3211
3050
3212
3051
3213
3052
3214
3053
3215
3054
3216
3055
3217
3056
3218
3057
3219
3058
3220
3059
3221
3060
3222
3061
3223
3062
3224
3063
3225
3064
3226
3065
3227
3066
3228
3067
3229
3068
3230
3069
3231
3070
3232
3071
3233
3072
3234
3073
3235
3074
3236
3075
3237
3076
3238
3077
3239
3078
3240
3079
3241
3080
3242
3081
3243
3082
3244
3083
3245
3084
3246
3085
3247
3086
3248
3087
3249
3088
3250
3089
3251
3090
3252
3091
3253
3092
3254
3093
3255
3094
3256
3095
3257
3096
3258
3097
3259
3098
3260
3099
3261
3100
3262
3101
3263
3102
3264
3103
3265
3104
3266
3105
3267
3106
3268
3107
3269
3108
3270
3109
3271
3110
3272
3111
3273
3112
3274
3113
3275
3114
3276
3115
3277
3116
3278
3117
3279
3118
3280
3119
3281
3120
3282
3121
3283
3122
3284
3123
3285
3286
3125
3288
3126
3289
3127
3290
3128
3291
3129
3292
3130
3293
3131
3294
3132
3295
3133
3296
3134
3297
3135
3298
3136
3299
3137
3300
3138
3301
3139
3302
3140
3303
3141
3304
3142
3305
3143
3306
3144
3307
3145
3308
3146
3309
3147
3310
3148
3311
3149
3312
3150
3313
3151
3314
3152
3315
3153
3316
3154
3317
3155
3318
3156
3319
3157
3320
3158
3321
3159
3322
3160
3323
3161
3324
3162
3325
3163
3326
3164
3327
3165
3328
3166
3329
3167
3330
3168
3331
3169
3332
3170
3333
3171
3334
3172
3335
3173
3336
3174
3337
3175
3338
3176
3339
3177
3340
3178
3341
3179
3342
3180
3343
3181
3344
3182
3345
3183
3346
3184
3347
3185
3348
3186
3349
3187
3350
3188
3351
3189
3352
3190
3353
3191
3354
3192
3355
3193
3356
3194
3357
3195
3358
3196
3359
3197
3360
3198
3361
3199
3362
3200
3363
3201
3364
3202
3365
3203
3366
3204
3367
3205
3368
3206
3369
3207
3370
3208
3371
3209
3372
3210
3373
3211
3374
3212
3375
3213
3376
3214
3377
3215
3378
3216
3379
3217
3380
3218
3381
3219
3382
3220
3383
3221
3384
3222
3385
3223
3386
3224
3387
3225
3388
3226
3389
3227
3390
3228
3391
3229
3392
3230
3393
3231
3394
3232
3395
3233
3396
3234
3397
3235
3398
3236
3399
3237
3400
3238
3401
3239
3402
3240
3403
3241
3404
3242
3405
3243
3406
3244
3407
3245
3408
3246
3409
3247
3410
3248
3411
3249
3412
3250
3413
3251
3414
3252
3415
3253
3416
3254
3417
3255
3418
3256
3419
3257
3420
3258
3421
3259
3422
3260
3423
3261
3424
3262
3425
3263
3426
3264
3427
3265
3428
3266
3429
3267
3430
3268
3431
3269
3432
3270
3433
3271
3434
3272
3435
3273
3436
3274
3437
3275
3438
3276
3439
3277
3440
3278
3441
3279
3442
3280
3443
3281
3444
3282
3445
3283
3446
3284
3447
3285
3448
3286
3449
3287
3450
3451
3289
3452
3290
3453
3291
3454
3292
3455
3293
3456
3294
3457
3295
3458
3296
3459
3297
3460
3298
3461
3299
3462
3300
3463
3301
3464
3302
3465
3303
3466
3304
3467
3305
3468
3306
3469
3307
3470
3308
3471
3309
3472
3310
3473
3311
3474
3312
3475
3313
3476
3314
3477
3315
3478
3316
3479
3317
3480
3318
3481
3319
3482
3320
3483
3321
3484
3322
3485
3323
3486
3324
3487
3325
3488
3326
3489
3327
3490
3328
3491
3329
3492
3330
3493
3331
3494
3332
3495
3333
3496
3334
3497
3335
3498
3336
3499
3337
3500
3338
3501
3339
3502
3340
3503
3341
3504
3342
3505
3343
3506
3344
3507
3345
3508
3346
3509
3347
3510
3348
3511
3349
3512
3350
3513
3351
3514
3352
3515
3353
3516
3354
3517
3355
3518
3356
3519
3357
3520
3358
3521
3359
3522
3360
3523
3361
3524
3362
3525
3363
3526
3364
3527
3365
3528
3366
3529
3367
3530
3368
3531
3369
3532
3370
3533
3371
3534
3372
3535
3373
3536
3374
3537
3375
3538
3376
3539
3377
3540
3378
3541
3379
3542
3380
3543
3381
3544
3382
3545
3383
3546
3384
3547
3385
3548
3386
3549
3387
3550
3388
3551
3389
3552
3390
3553
3391
3554
3392
3555
3393
3556
3394
3557
3395
3558
3396
3559
3397
3560
3398
3561
3399
3562
3400
3563
3401
3564
3402
3565
3403
3566
3404
3567
3405
3568
3406
3569
3407
3570
3408
3571
3409
3572
3410
3573
3411
3574
3412
3575
3413
3576
3414
3577
3415
3578
3416
3579
3417
3580
3418
3581
3419
3582
3420
3583
3421
3584
3422
3585
3423
3586
3424
3587
3425
3588
3426
3589
3427
3590
3428
3591
3429
3592
3430
3593
3431
3594
3432
3595
3433
3596
3434
3597
3435
3598
3436
3599
3437
3600
3438
3601
3439
3602
3440
3603
3441
3604
3442
3605
3443
3606
3444
3607
3445
3608
3446
3609
3447
3610
3448
3611
3449
3612
3450
3613
3451
3614
3615
3453
3617
3454
3618
3455
3619
3456
3620
3457
3621
3458
3622
3459
3623
3460
3624
3461
3625
3462
3626
3463
3627
3464
3628
3465
3629
3466
3630
3467
3631
3468
3632
3469
3633
3470
3634
3471
3635
3472
3636
3473
3637
3474
3638
3475
3639
3476
3640
3477
3641
3478
3642
3479
3643
3480
3644
3481
3645
3482
3646
3483
3647
3484
3648
3485
3649
3486
3650
3487
3651
3488
3652
3489
3653
3490
3654
3491
3655
3492
3656
3493
3657
3494
3658
3495
3659
3496
3660
3497
3661
3498
3662
3499
3663
3500
3664
3501
3665
3502
3666
3503
3667
3504
3668
3505
3669
3506
3670
3507
3671
3508
3672
3509
3673
3510
3674
3511
3675
3512
3676
3513
3677
3514
3678
3515
3679
3516
3680
3517
3681
3518
3682
3519
3683
3520
3684
3521
3685
3522
3686
3523
3687
3524
3688
3525
3689
3526
3690
3527
3691
3528
3692
3529
3693
3530
3694
3531
3695
3532
3696
3533
3697
3534
3698
3535
3699
3536
3700
3537
3701
3538
3702
3539
3703
3540
3704
3541
3705
3542
3706
3543
3707
3544
3708
3545
3709
3546
3710
3547
3711
3548
3712
3549
3713
3550
3714
3551
3715
3552
3716
3553
3717
3554
3718
3555
3719
3556
3720
3557
3721
3558
3722
3559
3723
3560
3724
3561
3725
3562
3726
3563
3727
3564
3728
3565
3729
3566
3730
3567
3731
3568
3732
3569
3733
3570
3734
3571
3735
3572
3736
3573
3737
3574
3738
3575
3739
3576
3740
3577
3741
3578
3742
3579
3743
3580
3744
3581
3745
3582
3746
3583
3747
3584
3748
3585
3749
3586
3750
3587
3751
3588
3752
3589
3753
3590
3754
3591
3755
3592
3756
3593
3757
3594
3758
3595
3759
3596
3760
3597
3761
3598
3762
3599
3763
3600
3764
3601
3765
3602
3766
3603
3767
3604
3768
3605
3769
3606
3770
3607
3771
3608
3772
3609
3773
3610
3774
3611
3775
3612
3776
3613
3777
3614
3778
3615
3779
3616
3780
3781
3618
3783
3619
3784
3620
3785
3621
3786
3622
3787
3623
3788
3624
3789
3625
3790
3626
3791
3627
3792
3628
3793
3629
3794
3630
3795
3631
3796
3632
3797
3633
3798
3634
3799
3635
3800
3636
3801
3637
3802
3638
3803
3639
3804
3640
3805
3641
3806
3642
3807
3643
3808
3644
3809
3645
3810
3646
3811
3647
3812
3648
3813
3649
3814
3650
3815
3651
3816
3652
3817
3653
3818
3654
3819
3655
3820
3656
3821
3657
3822
3658
3823
3659
3824
3660
3825
3661
3826
3662
3827
3663
3828
3664
3829
3665
3830
3666
3831
3667
3832
3668
3833
3669
3834
3670
3835
3671
3836
3672
3837
3673
3838
3674
3839
3675
3840
3676
3841
3677
3842
3678
3843
3679
3844
3680
3845
3681
3846
3682
3847
3683
3848
3684
3849
3685
3850
3686
3851
3687
3852
3688
3853
3689
3854
3690
3855
3691
3856
3692
3857
3693
3858
3694
3859
3695
3860
3696
3861
3697
3862
3698
3863
3699
3864
3700
3865
3701
3866
3702
3867
3703
3868
3704
3869
3705
3870
3706
3871
3707
3872
3708
3873
3709
3874
3710
3875
3711
3876
3712
3877
3713
3878
3714
3879
3715
3880
3716
3881
3717
3882
3718
3883
3719
3884
3720
3885
3721
3886
3722
3887
3723
3888
3724
3889
3725
3890
3726
3891
3727
3892
3728
3893
3729
3894
3730
3895
3731
3896
3732
3897
3733
3898
3734
3899
3735
3900
3736
3901
3737
3902
3738
3903
3739
3904
3740
3905
3741
3906
3742
3907
3743
3908
3744
3909
3745
3910
3746
3911
3747
3912
3748
3913
3749
3914
3750
3915
3751
3916
3752
3917
3753
3918
3754
3919
3755
3920
3756
3921
3757
3922
3758
3923
3759
3924
3760
3925
3761
3926
3762
3927
3763
3928
3764
3929
3765
3930
3766
3931
3767
3932
3768
3933
3769
3934
3770
3935
3771
3936
3772
3937
3773
3938
3774
3939
3775
3940
3776
3941
3777
3942
3778
3943
3779
3944
3780
3945
3781
3946
3782
3947
3948
3784
3950
3785
3951
3786
3952
3787
3953
3788
3954
3789
3955
3790
3956
3791
3957
3792
3958
3793
3959
3794
3960
3795
3961
3796
3962
3797
3963
3798
3964
3799
3965
3800
3966
3801
3967
3802
3968
3803
3969
3804
3970
3805
3971
3806
3972
3807
3973
3808
3974
3809
3975
3810
3976
3811
3977
3812
3978
3813
3979
3814
3980
3815
3981
3816
3982
3817
3983
3818
3984
3819
3985
3820
3986
3821
3987
3822
3988
3823
3989
3824
3990
3825
3991
3826
3992
3827
3993
3828
3994
3829
3995
3830
3996
3831
3997
3832
3998
3833
3999
3834
4000
3835
4001
3836
4002
3837
4003
3838
4004
3839
4005
3840
4006
3841
4007
3842
4008
3843
4009
3844
4010
3845
4011
3846
4012
3847
4013
3848
4014
3849
4015
3850
4016
3851
4017
3852
4018
3853
4019
3854
4020
3855
4021
3856
4022
3857
4023
3858
4024
3859
4025
3860
4026
3861
4027
3862
4028
3863
4029
3864
4030
3865
4031
3866
4032
3867
4033
3868
4034
3869
4035
3870
4036
3871
4037
3872
4038
3873
4039
3874
4040
3875
4041
3876
4042
3877
4043
3878
4044
3879
4045
3880
4046
3881
4047
3882
4048
3883
4049
3884
4050
3885
4051
3886
4052
3887
4053
3888
4054
3889
4055
3890
4056
3891
4057
3892
4058
3893
4059
3894
4060
3895
4061
3896
4062
3897
4063
3898
4064
3899
4065
3900
4066
3901
4067
3902
4068
3903
4069
3904
4070
3905
4071
3906
4072
3907
4073
3908
4074
3909
4075
3910
4076
3911
4077
3912
4078
3913
4079
3914
4080
3915
4081
3916
4082
3917
4083
3918
4084
3919
4085
3920
4086
3921
4087
3922
4088
3923
4089
3924
4090
3925
4091
3926
4092
3927
4093
3928
4094
3929
4095
3930
4096
3931
4097
3932
4098
3933
4099
3934
4100
3935
4101
3936
4102
3937
4103
3938
4104
3939
4105
3940
4106
3941
4107
3942
4108
3943
4109
3944
4110
3945
4111
3946
4112
3947
4113
3948
4114
3949
4115
4116
3951
4117
3952
4118
3953
4119
3954
4120
3955
4121
3956
4122
3957
4123
3958
4124
3959
4125
3960
4126
3961
4127
3962
4128
3963
4129
3964
4130
3965
4131
3966
4132
3967
4133
3968
4134
3969
4135
3970
4136
3971
4137
3972
4138
3973
4139
3974
4140
3975
4141
3976
4142
3977
4143
3978
4144
3979
4145
3980
4146
3981
4147
3982
4148
3983
4149
3984
4150
3985
4151
3986
4152
3987
4153
3988
4154
3989
4155
3990
4156
3991
4157
3992
4158
3993
4159
3994
4160
3995
4161
3996
4162
3997
4163
3998
4164
3999
4165
4000
4166
4001
4167
4002
4168
4003
4169
4004
4170
4005
4171
4006
4172
4007
4173
4008
4174
4009
4175
4010
4176
4011
4177
4012
4178
4013
4179
4014
4180
4015
4181
4016
4182
4017
4183
4018
4184
4019
4185
4020
4186
4021
4187
4022
4188
4023
4189
4024
4190
4025
4191
4026
4192
4027
4193
4028
4194
4029
4195
4030
4196
4031
4197
4032
4198
4033
4199
4034
4200
4035
4201
4036
4202
4037
4203
4038
4204
4039
4205
4040
4206
4041
4207
4042
4208
4043
4209
4044
4210
4045
4211
4046
4212
4047
4213
4048
4214
4049
4215
4050
4216
4051
4217
4052
4218
4053
4219
4054
4220
4055
4221
4056
4222
4057
4223
4058
4224
4059
4225
4060
4226
4061
4227
4062
4228
4063
4229
4064
4230
4065
4231
4066
4232
4067
4233
4068
4234
4069
4235
4070
4236
4071
4237
4072
4238
4073
4239
4074
4240
4075
4241
4076
4242
4077
4243
4078
4244
4079
4245
4080
4246
4081
4247
4082
4248
4083
4249
4084
4250
4085
4251
4086
4252
4087
4253
4088
4254
4089
4255
4090
4256
4091
4257
4092
4258
4093
4259
4094
4260
4095
4261
4096
4262
4097
4263
4098
4264
4099
4265
4100
4266
4101
4267
4102
4268
4103
4269
4104
4270
4105
4271
4106
4272
4107
4273
4108
4274
4109
4275
4110
4276
4111
4277
4112
4278
4113
4279
4114
4280
4115
4281
4116
4282
4283
4118
4285
4119
4286
4120
4287
4121
4288
4122
4289
4123
4290
4124
4291
4125
4292
4126
4293
4127
4294
4128
4295
4129
4296
4130
4297
4131
4298
4132
4299
4133
4300
4134
4301
4135
4302
4136
4303
4137
4304
4138
4305
4139
4306
4140
4307
4141
4308
4142
4309
4143
4310
4144
4311
4145
4312
4146
4313
4147
4314
4148
4315
4149
4316
4150
4317
4151
4318
4152
4319
4153
4320
4154
4321
4155
4322
4156
4323
4157
4324
4158
4325
4159
4326
4160
4327
4161
4328
4162
4329
4163
4330
4164
4331
4165
4332
4166
4333
4167
4334
4168
4335
4169
4336
4170
4337
4171
4338
4172
4339
4173
4340
4174
4341
4175
4342
4176
4343
4177
4344
4178
4345
4179
4346
4180
4347
4181
4348
4182
4349
4183
4350
4184
4351
4185
4352
4186
4353
4187
4354
4188
4355
4189
4356
4190
4357
4191
4358
4192
4359
4193
4360
4194
4361
4195
4362
4196
4363
4197
4364
4198
4365
4199
4366
4200
4367
4201
4368
4202
4369
4203
4370
4204
4371
4205
4372
4206
4373
4207
4374
4208
4375
4209
4376
4210
4377
4211
4378
4212
4379
4213
4380
4214
4381
4215
4382
4216
4383
4217
4384
4218
4385
4219
4386
4220
4387
4221
4388
4222
4389
4223
4390
4224
4391
4225
4392
4226
4393
4227
4394
4228
4395
4229
4396
4230
4397
4231
4398
4232
4399
4233
4400
4234
4401
4235
4402
4236
4403
4237
4404
4238
4405
4239
4406
4240
4407
4241
4408
4242
4409
4243
4410
4244
4411
4245
4412
4246
4413
4247
4414
4248
4415
4249
4416
4250
4417
4251
4418
4252
4419
4253
4420
4254
4421
4255
4422
4256
4423
4257
4424
4258
4425
4259
4426
4260
4427
4261
4428
4262
4429
4263
4430
4264
4431
4265
4432
4266
4433
4267
4434
4268
4435
4269
4436
4270
4437
4271
4438
4272
4439
4273
4440
4274
4441
4275
4442
4276
4443
4277
4444
4278
4445
4279
4446
4280
4447
4281
4448
4282
4449
4283
4450
4284
4451
4452
4286
4454
4287
4455
4288
4456
4289
4457
4290
4458
4291
4459
4292
4460
4293
4461
4294
4462
4295
4463
4296
4464
4297
4465
4298
4466
4299
4467
4300
4468
4301
4469
4302
4470
4303
4471
4304
4472
4305
4473
4306
4474
4307
4475
4308
4476
4309
4477
4310
4478
4311
4479
4312
4480
4313
4481
4314
4482
4315
4483
4316
4484
4317
4485
4318
4486
4319
4487
4320
4488
4321
4489
4322
4490
4323
4491
4324
4492
4325
4493
4326
4494
4327
4495
4328
4496
4329
4497
4330
4498
4331
4499
4332
4500
4333
4501
4334
4502
4335
4503
4336
4504
4337
4505
4338
4506
4339
4507
4340
4508
4341
4509
4342
4510
4343
4511
4344
4512
4345
4513
4346
4514
4347
4515
4348
4516
4349
4517
4350
4518
4351
4519
4352
4520
4353
4521
4354
4522
4355
4523
4356
4524
4357
4525
4358
4526
4359
4527
4360
4528
4361
4529
4362
4530
4363
4531
4364
4532
4365
4533
4366
4534
4367
4535
4368
4536
4369
4537
4370
4538
4371
4539
4372
4540
4373
4541
4374
4542
4375
4543
4376
4544
4377
4545
4378
4546
4379
4547
4380
4548
4381
4549
4382
4550
4383
4551
4384
4552
4385
4553
4386
4554
4387
4555
4388
4556
4389
4557
4390
4558
4391
4559
4392
4560
4393
4561
4394
4562
4395
4563
4396
4564
4397
4565
4398
4566
4399
4567
4400
4568
4401
4569
4402
4570
4403
4571
4404
4572
4405
4573
4406
4574
4407
4575
4408
4576
4409
4577
4410
4578
4411
4579
4412
4580
4413
4581
4414
4582
4415
4583
4416
4584
4417
4585
4418
4586
4419
4587
4420
4588
4421
4589
4422
4590
4423
4591
4424
4592
4425
4593
4426
4594
4427
4595
4428
4596
4429
4597
4430
4598
4431
4599
4432
4600
4433
4601
4434
4602
4435
4603
4436
4604
4437
4605
4438
4606
4439
4607
4440
4608
4441
4609
4442
4610
4443
4611
4444
4612
4445
4613
4446
4614
4447
4615
4448
4616
4449
4617
4450
4618
4451
4619
4452
4620
4453
4621
4622
4455
4624
4456
4625
4457
4626
4458
4627
4459
4628
4460
4629
4461
4630
4462
4631
4463
4632
4464
4633
4465
4634
4466
4635
4467
4636
4468
4637
4469
4638
4470
4639
4471
4640
4472
4641
4473
4642
4474
4643
4475
4644
4476
4645
4477
4646
4478
4647
4479
4648
4480
4649
4481
4650
4482
4651
4483
4652
4484
4653
4485
4654
4486
4655
4487
4656
4488
4657
4489
4658
4490
4659
4491
4660
4492
4661
4493
4662
4494
4663
4495
4664
4496
4665
4497
4666
4498
4667
4499
4668
4500
4669
4501
4670
4502
4671
4503
4672
4504
4673
4505
4674
4506
4675
4507
4676
4508
4677
4509
4678
4510
4679
4511
4680
4512
4681
4513
4682
4514
4683
4515
4684
4516
4685
4517
4686
4518
4687
4519
4688
4520
4689
4521
4690
4522
4691
4523
4692
4524
4693
4525
4694
4526
4695
4527
4696
4528
4697
4529
4698
4530
4699
4531
4700
4532
4701
4533
4702
4534
4703
4535
4704
4536
4705
4537
4706
4538
4707
4539
4708
4540
4709
4541
4710
4542
4711
4543
4712
4544
4713
4545
4714
4546
4715
4547
4716
4548
4717
4549
4718
4550
4719
4551
4720
4552
4721
4553
4722
4554
4723
4555
4724
4556
4725
4557
4726
4558
4727
4559
4728
4560
4729
4561
4730
4562
4731
4563
4732
4564
4733
4565
4734
4566
4735
4567
4736
4568
4737
4569
4738
4570
4739
4571
4740
4572
4741
4573
4742
4574
4743
4575
4744
4576
4745
4577
4746
4578
4747
4579
4748
4580
4749
4581
4750
4582
4751
4583
4752
4584
4753
4585
4754
4586
4755
4587
4756
4588
4757
4589
4758
4590
4759
4591
4760
4592
4761
4593
4762
4594
4763
4595
4764
4596
4765
4597
4766
4598
4767
4599
4768
4600
4769
4601
4770
4602
4771
4603
4772
4604
4773
4605
4774
4606
4775
4607
4776
4608
4777
4609
4778
4610
4779
4611
4780
4612
4781
4613
4782
4614
4783
4615
4784
4616
4785
4617
4786
4618
4787
4619
4788
4620
4789
4621
4790
4622
4791
4623
4792
4793
4625
4794
4626
4795
4627
4796
4628
4797
4629
4798
4630
4799
4631
4800
4632
4801
4633
4802
4634
4803
4635
4804
4636
4805
4637
4806
4638
4807
4639
4808
4640
4809
4641
4810
4642
4811
4643
4812
4644
4813
4645
4814
4646
4815
4647
4816
4648
4817
4649
4818
4650
4819
4651
4820
4652
4821
4653
4822
4654
4823
4655
4824
4656
4825
4657
4826
4658
4827
4659
4828
4660
4829
4661
4830
4662
4831
4663
4832
4664
4833
4665
4834
4666
4835
4667
4836
4668
4837
4669
4838
4670
4839
4671
4840
4672
4841
4673
4842
4674
4843
4675
4844
4676
4845
4677
4846
4678
4847
4679
4848
4680
4849
4681
4850
4682
4851
4683
4852
4684
4853
4685
4854
4686
4855
4687
4856
4688
4857
4689
4858
4690
4859
4691
4860
4692
4861
4693
4862
4694
4863
4695
4864
4696
4865
4697
4866
4698
4867
4699
4868
4700
4869
4701
4870
4702
4871
4703
4872
4704
4873
4705
4874
4706
4875
4707
4876
4708
4877
4709
4878
4710
4879
4711
4880
4712
4881
4713
4882
4714
4883
4715
4884
4716
4885
4717
4886
4718
4887
4719
4888
4720
4889
4721
4890
4722
4891
4723
4892
4724
4893
4725
4894
4726
4895
4727
4896
4728
4897
4729
4898
4730
4899
4731
4900
4732
4901
4733
4902
4734
4903
4735
4904
4736
4905
4737
4906
4738
4907
4739
4908
4740
4909
4741
4910
4742
4911
4743
4912
4744
4913
4745
4914
4746
4915
4747
4916
4748
4917
4749
4918
4750
4919
4751
4920
4752
4921
4753
4922
4754
4923
4755
4924
4756
4925
4757
4926
4758
4927
4759
4928
4760
4929
4761
4930
4762
4931
4763
4932
4764
4933
4765
4934
4766
4935
4767
4936
4768
4937
4769
4938
4770
4939
4771
4940
4772
4941
4773
4942
4774
4943
4775
4944
4776
4945
4777
4946
4778
4947
4779
4948
4780
4949
4781
4950
4782
4951
4783
4952
4784
4953
4785
4954
4786
4955
4787
4956
4788
4957
4789
4958
4790
4959
4791
4960
4792
4961
4793
4962
4963
4795
4965
4796
4966
4797
4967
4798
4968
4799
4969
4800
4970
4801
4971
4802
4972
4803
4973
4804
4974
4805
4975
4806
4976
4807
4977
4808
4978
4809
4979
4810
4980
4811
4981
4812
4982
4813
4983
4814
4984
4815
4985
4816
4986
4817
4987
4818
4988
4819
4989
4820
4990
4821
4991
4822
4992
4823
4993
4824
4994
4825
4995
4826
4996
4827
4997
4828
4998
4829
4999
4830
5000
4831
5001
4832
5002
4833
5003
4834
5004
4835
5005
4836
5006
4837
5007
4838
5008
4839
5009
4840
5010
4841
5011
4842
5012
4843
5013
4844
5014
4845
5015
4846
5016
4847
5017
4848
5018
4849
5019
4850
5020
4851
5021
4852
5022
4853
5023
4854
5024
4855
5025
4856
5026
4857
5027
4858
5028
4859
5029
4860
5030
4861
5031
4862
5032
4863
5033
4864
5034
4865
5035
4866
5036
4867
5037
4868
5038
4869
5039
4870
5040
4871
5041
4872
5042
4873
5043
4874
5044
4875
5045
4876
5046
4877
5047
4878
5048
4879
5049
4880
5050
4881
5051
4882
5052
4883
5053
4884
5054
4885
5055
4886
5056
4887
5057
4888
5058
4889
5059
4890
5060
4891
5061
4892
5062
4893
5063
4894
5064
4895
5065
4896
5066
4897
5067
4898
5068
4899
5069
4900
5070
4901
5071
4902
5072
4903
5073
4904
5074
4905
5075
4906
5076
4907
5077
4908
5078
4909
5079
4910
5080
4911
5081
4912
5082
4913
5083
4914
5084
4915
5085
4916
5086
4917
5087
4918
5088
4919
5089
4920
5090
4921
5091
4922
5092
4923
5093
4924
5094
4925
5095
4926
5096
4927
5097
4928
5098
4929
5099
4930
5100
4931
5101
4932
5102
4933
5103
4934
5104
4935
5105
4936
5106
4937
5107
4938
5108
4939
5109
4940
5110
4941
5111
4942
5112
4943
5113
4944
5114
4945
5115
4946
5116
4947
5117
4948
5118
4949
5119
4950
5120
4951
5121
4952
5122
4953
5123
4954
5124
4955
5125
4956
5126
4957
5127
4958
5128
4959
5129
4960
5130
4961
5131
4962
5132
4963
5133
4964
5134
5135
4966
5137
4967
5138
4968
5139
4969
5140
4970
5141
4971
5142
4972
5143
4973
5144
4974
5145
4975
5146
4976
5147
4977
5148
4978
5149
4979
5150
4980
5151
4981
5152
4982
5153
4983
5154
4984
5155
4985
5156
4986
5157
4987
5158
4988
5159
4989
5160
4990
5161
4991
5162
4992
5163
4993
5164
4994
5165
4995
5166
4996
5167
4997
5168
4998
5169
4999
5170
5000
5171
5001
5172
5002
5173
5003
5174
5004
5175
5005
5176
5006
5177
5007
5178
5008
5179
5009
5180
5010
5181
5011
5182
5012
5183
5013
5184
5014
5185
5015
5186
5016
5187
5017
5188
5018
5189
5019
5190
5020
5191
5021
5192
5022
5193
5023
5194
5024
5195
5025
5196
5026
5197
5027
5198
5028
5199
5029
5200
5030
5201
5031
5202
5032
5203
5033
5204
5034
5205
5035
5206
5036
5207
5037
5208
5038
5209
5039
5210
5040
5211
5041
5212
5042
5213
5043
5214
5044
5215
5045
5216
5046
5217
5047
5218
5048
5219
5049
5220
5050
5221
5051
5222
5052
5223
5053
5224
5054
5225
5055
5226
5056
5227
5057
5228
5058
5229
5059
5230
5060
5231
5061
5232
5062
5233
5063
5234
5064
5235
5065
5236
5066
5237
5067
5238
5068
5239
5069
5240
5070
5241
5071
5242
5072
5243
5073
5244
5074
5245
5075
5246
5076
5247
5077
5248
5078
5249
5079
5250
5080
5251
5081
5252
5082
5253
5083
5254
5084
5255
5085
5256
5086
5257
5087
5258
5088
5259
5089
5260
5090
5261
5091
5262
5092
5263
5093
5264
5094
5265
5095
5266
5096
5267
5097
5268
5098
5269
5099
5270
5100
5271
5101
5272
5102
5273
5103
5274
5104
5275
5105
5276
5106
5277
5107
5278
5108
5279
5109
5280
5110
5281
5111
5282
5112
5283
5113
5284
5114
5285
5115
5286
5116
5287
5117
5288
5118
5289
5119
5290
5120
5291
5121
5292
5122
5293
5123
5294
5124
5295
5125
5296
5126
5297
5127
5298
5128
5299
5129
5300
5130
5301
5131
5302
5132
5303
5133
5304
5134
5305
5135
5306
5136
5307
5308
5138
5309
5139
5310
5140
5311
5141
5312
5142
5313
5143
5314
5144
5315
5145
5316
5146
5317
5147
5318
5148
5319
5149
5320
5150
5321
5151
5322
5152
5323
5153
5324
5154
5325
5155
5326
5156
5327
5157
5328
5158
5329
5159
5330
5160
5331
5161
5332
5162
5333
5163
5334
5164
5335
5165
5336
5166
5337
5167
5338
5168
5339
5169
5340
5170
5341
5171
5342
5172
5343
5173
5344
5174
5345
5175
5346
5176
5347
5177
5348
5178
5349
5179
5350
5180
5351
5181
5352
5182
5353
5183
5354
5184
5355
5185
5356
5186
5357
5187
5358
5188
5359
5189
5360
5190
5361
5191
5362
5192
5363
5193
5364
5194
5365
5195
5366
5196
5367
5197
5368
5198
5369
5199
5370
5200
5371
5201
5372
5202
5373
5203
5374
5204
5375
5205
5376
5206
5377
5207
5378
5208
5379
5209
5380
5210
5381
5211
5382
5212
5383
5213
5384
5214
5385
5215
5386
5216
5387
5217
5388
5218
5389
5219
5390
5220
5391
5221
5392
5222
5393
5223
5394
5224
5395
5225
5396
5226
5397
5227
5398
5228
5399
5229
5400
5230
5401
5231
5402
5232
5403
5233
5404
5234
5405
5235
5406
5236
5407
5237
5408
5238
5409
5239
5410
5240
5411
5241
5412
5242
5413
5243
5414
5244
5415
5245
5416
5246
5417
5247
5418
5248
5419
5249
5420
5250
5421
5251
5422
5252
5423
5253
5424
5254
5425
5255
5426
5256
5427
5257
5428
5258
5429
5259
5430
5260
5431
5261
5432
5262
5433
5263
5434
5264
5435
5265
5436
5266
5437
5267
5438
5268
5439
5269
5440
5270
5441
5271
5442
5272
5443
5273
5444
5274
5445
5275
5446
5276
5447
5277
5448
5278
5449
5279
5450
5280
5451
5281
5452
5282
5453
5283
5454
5284
5455
5285
5456
5286
5457
5287
5458
5288
5459
5289
5460
5290
5461
5291
5462
5292
5463
5293
5464
5294
5465
5295
5466
5296
5467
5297
5468
5298
5469
5299
5470
5300
5471
5301
5472
5302
5473
5303
5474
5304
5475
5305
5476
5306
5477
5307
5478
5308
5479
5480
5310
5482
5311
5483
5312
5484
5313
5485
5314
5486
5315
5487
5316
5488
5317
5489
5318
5490
5319
5491
5320
5492
5321
5493
5322
5494
5323
5495
5324
5496
5325
5497
5326
5498
5327
5499
5328
5500
5329
5501
5330
5502
5331
5503
5332
5504
5333
5505
5334
5506
5335
5507
5336
5508
5337
5509
5338
5510
5339
5511
5340
5512
5341
5513
5342
5514
5343
5515
5344
5516
5345
5517
5346
5518
5347
5519
5348
5520
5349
5521
5350
5522
5351
5523
5352
5524
5353
5525
5354
5526
5355
5527
5356
5528
5357
5529
5358
5530
5359
5531
5360
5532
5361
5533
5362
5534
5363
5535
5364
5536
5365
5537
5366
5538
5367
5539
5368
5540
5369
5541
5370
5542
5371
5543
5372
5544
5373
5545
5374
5546
5375
5547
5376
5548
5377
5549
5378
5550
5379
5551
5380
5552
5381
5553
5382
5554
5383
5555
5384
5556
5385
5557
5386
5558
5387
5559
5388
5560
5389
5561
5390
5562
5391
5563
5392
5564
5393
5565
5394
5566
5395
5567
5396
5568
5397
5569
5398
5570
5399
5571
5400
5572
5401
5573
5402
5574
5403
5575
5404
5576
5405
5577
5406
5578
5407
5579
5408
5580
5409
5581
5410
5582
5411
5583
5412
5584
5413
5585
5414
5586
5415
5587
5416
5588
5417
5589
5418
5590
5419
5591
5420
5592
5421
5593
5422
5594
5423
5595
5424
5596
5425
5597
5426
5598
5427
5599
5428
5600
5429
5601
5430
5602
5431
5603
5432
5604
5433
5605
5434
5606
5435
5607
5436
5608
5437
5609
5438
5610
5439
5611
5440
5612
5441
5613
5442
5614
5443
5615
5444
5616
5445
5617
5446
5618
5447
5619
5448
5620
5449
5621
5450
5622
5451
5623
5452
5624
5453
5625
5454
5626
5455
5627
5456
5628
5457
5629
5458
5630
5459
5631
5460
5632
5461
5633
5462
5634
5463
5635
5464
5636
5465
5637
5466
5638
5467
5639
5468
5640
5469
5641
5470
5642
5471
5643
5472
5644
5473
5645
5474
5646
5475
5647
5476
5648
5477
5649
5478
5650
5479
5651
5480
5652
5481
5653
5654
5483
5656
5484
5657
5485
5658
5486
5659
5487
5660
5488
5661
5489
5662
5490
5663
5491
5664
5492
5665
5493
5666
5494
5667
5495
5668
5496
5669
5497
5670
5498
5671
5499
5672
5500
5673
5501
5674
5502
5675
5503
5676
5504
5677
5505
5678
5506
5679
5507
5680
5508
5681
5509
5682
5510
5683
5511
5684
5512
5685
5513
5686
5514
5687
5515
5688
5516
5689
5517
5690
5518
5691
5519
5692
5520
5693
5521
5694
5522
5695
5523
5696
5524
5697
5525
5698
5526
5699
5527
5700
5528
5701
5529
5702
5530
5703
5531
5704
5532
5705
5533
5706
5534
5707
5535
5708
5536
5709
5537
5710
5538
5711
5539
5712
5540
5713
5541
5714
5542
5715
5543
5716
5544
5717
5545
5718
5546
5719
5547
5720
5548
5721
5549
5722
5550
5723
5551
5724
5552
5725
5553
5726
5554
5727
5555
5728
5556
5729
5557
5730
5558
5731
5559
5732
5560
5733
5561
5734
5562
5735
5563
5736
5564
5737
5565
5738
5566
5739
5567
5740
5568
5741
5569
5742
5570
5743
5571
5744
5572
5745
5573
5746
5574
5747
5575
5748
5576
5749
5577
5750
5578
5751
5579
5752
5580
5753
5581
5754
5582
5755
5583
5756
5584
5757
5585
5758
5586
5759
5587
5760
5588
5761
5589
5762
5590
5763
5591
5764
5592
5765
5593
5766
5594
5767
5595
5768
5596
5769
5597
5770
5598
5771
5599
5772
5600
5773
5601
5774
5602
5775
5603
5776
5604
5777
5605
5778
5606
5779
5607
5780
5608
5781
5609
5782
5610
5783
5611
5784
5612
5785
5613
5786
5614
5787
5615
5788
5616
5789
5617
5790
5618
5791
5619
5792
5620
5793
5621
5794
5622
5795
5623
5796
5624
5797
5625
5798
5626
5799
5627
5800
5628
5801
5629
5802
5630
5803
5631
5804
5632
5805
5633
5806
5634
5807
5635
5808
5636
5809
5637
5810
5638
5811
5639
5812
5640
5813
5641
5814
5642
5815
5643
5816
5644
5817
5645
5818
5646
5819
5647
5820
5648
5821
5649
5822
5650
5823
5651
5824
5652
5825
5653
5826
5654
5827
5655
5828
5829
5657
5831
5658
5832
5659
5833
5660
5834
5661
5835
5662
5836
5663
5837
5664
5838
5665
5839
5666
5840
5667
5841
5668
5842
5669
5843
5670
5844
5671
5845
5672
5846
5673
5847
5674
5848
5675
5849
5676
5850
5677
5851
5678
5852
5679
5853
5680
5854
5681
5855
5682
5856
5683
5857
5684
5858
5685
5859
5686
5860
5687
5861
5688
5862
5689
5863
5690
5864
5691
5865
5692
5866
5693
5867
5694
5868
5695
5869
5696
5870
5697
5871
5698
5872
5699
5873
5700
5874
5701
5875
5702
5876
5703
5877
5704
5878
5705
5879
5706
5880
5707
5881
5708
5882
5709
5883
5710
5884
5711
5885
5712
5886
5713
5887
5714
5888
5715
5889
5716
5890
5717
5891
5718
5892
5719
5893
5720
5894
5721
5895
5722
5896
5723
5897
5724
5898
5725
5899
5726
5900
5727
5901
5728
5902
5729
5903
5730
5904
5731
5905
5732
5906
5733
5907
5734
5908
5735
5909
5736
5910
5737
5911
5738
5912
5739
5913
5740
5914
5741
5915
5742
5916
5743
5917
5744
5918
5745
5919
5746
5920
5747
5921
5748
5922
5749
5923
5750
5924
5751
5925
5752
5926
5753
5927
5754
5928
5755
5929
5756
5930
5757
5931
5758
5932
5759
5933
5760
5934
5761
5935
5762
5936
5763
5937
5764
5938
5765
5939
5766
5940
5767
5941
5768
5942
5769
5943
5770
5944
5771
5945
5772
5946
5773
5947
5774
5948
5775
5949
5776
5950
5777
5951
5778
5952
5779
5953
5780
5954
5781
5955
5782
5956
5783
5957
5784
5958
5785
5959
5786
5960
5787
5961
5788
5962
5789
5963
5790
5964
5791
5965
5792
5966
5793
5967
5794
5968
5795
5969
5796
5970
5797
5971
5798
5972
5799
5973
5800
5974
5801
5975
5802
5976
5803
5977
5804
5978
5805
5979
5806
5980
5807
5981
5808
5982
5809
5983
5810
5984
5811
5985
5812
5986
5813
5987
5814
5988
5815
5989
5816
5990
5817
5991
5818
5992
5819
5993
5820
5994
5821
5995
5822
5996
5823
5997
5824
5998
5825
5999
5826
6000
5827
6001
5828
6002
5829
6003
5830
6004
6005
5832
6006
5833
6007
5834
6008
5835
6009
5836
6010
5837
6011
5838
6012
5839
6013
5840
6014
5841
6015
5842
6016
5843
6017
5844
6018
5845
6019
5846
6020
5847
6021
5848
6022
5849
6023
5850
6024
5851
6025
5852
6026
5853
6027
5854
6028
5855
6029
5856
6030
5857
6031
5858
6032
5859
6033
5860
6034
5861
6035
5862
6036
5863
6037
5864
6038
5865
6039
5866
6040
5867
6041
5868
6042
5869
6043
5870
6044
5871
6045
5872
6046
5873
6047
5874
6048
5875
6049
5876
6050
5877
6051
5878
6052
5879
6053
5880
6054
5881
6055
5882
6056
5883
6057
5884
6058
5885
6059
5886
6060
5887
6061
5888
6062
5889
6063
5890
6064
5891
6065
5892
6066
5893
6067
5894
6068
5895
6069
5896
6070
5897
6071
5898
6072
5899
6073
5900
6074
5901
6075
5902
6076
5903
6077
5904
6078
5905
6079
5906
6080
5907
6081
5908
6082
5909
6083
5910
6084
5911
6085
5912
6086
5913
6087
5914
6088
5915
6089
5916
6090
5917
6091
5918
6092
5919
6093
5920
6094
5921
6095
5922
6096
5923
6097
5924
6098
5925
6099
5926
6100
5927
6101
5928
6102
5929
6103
5930
6104
5931
6105
5932
6106
5933
6107
5934
6108
5935
6109
5936
6110
5937
6111
5938
6112
5939
6113
5940
6114
5941
6115
5942
6116
5943
6117
5944
6118
5945
6119
5946
6120
5947
6121
5948
6122
5949
6123
5950
6124
5951
6125
5952
6126
5953
6127
5954
6128
5955
6129
5956
6130
5957
6131
5958
6132
5959
6133
5960
6134
5961
6135
5962
6136
5963
6137
5964
6138
5965
6139
5966
6140
5967
6141
5968
6142
5969
6143
5970
6144
5971
6145
5972
6146
5973
6147
5974
6148
5975
6149
5976
6150
5977
6151
5978
6152
5979
6153
5980
6154
5981
6155
5982
6156
5983
6157
5984
6158
5985
6159
5986
6160
5987
6161
5988
6162
5989
6163
5990
6164
5991
6165
5992
6166
5993
6167
5994
6168
5995
6169
5996
6170
5997
6171
5998
6172
5999
6173
6000
6174
6001
6175
6002
6176
6003
6177
6004
6178
6005
6179
6180
6007
6182
6008
6183
6009
6184
6010
6185
6011
6186
6012
6187
6013
6188
6014
6189
6015
6190
6016
6191
6017
6192
6018
6193
6019
6194
6020
6195
6021
6196
6022
6197
6023
6198
6024
6199
6025
6200
6026
6201
6027
6202
6028
6203
6029
6204
6030
6205
6031
6206
6032
6207
6033
6208
6034
6209
6035
6210
6036
6211
6037
6212
6038
6213
6039
6214
6040
6215
6041
6216
6042
6217
6043
6218
6044
6219
6045
6220
6046
6221
6047
6222
6048
6223
6049
6224
6050
6225
6051
6226
6052
6227
6053
6228
6054
6229
6055
6230
6056
6231
6057
6232
6058
6233
6059
6234
6060
6235
6061
6236
6062
6237
6063
6238
6064
6239
6065
6240
6066
6241
6067
6242
6068
6243
6069
6244
6070
6245
6071
6246
6072
6247
6073
6248
6074
6249
6075
6250
6076
6251
6077
6252
6078
6253
6079
6254
6080
6255
6081
6256
6082
6257
6083
6258
6084
6259
6085
6260
6086
6261
6087
6262
6088
6263
6089
6264
6090
6265
6091
6266
6092
6267
6093
6268
6094
6269
6095
6270
6096
6271
6097
6272
6098
6273
6099
6274
6100
6275
6101
6276
6102
6277
6103
6278
6104
6279
6105
6280
6106
6281
6107
6282
6108
6283
6109
6284
6110
6285
6111
6286
6112
6287
6113
6288
6114
6289
6115
6290
6116
6291
6117
6292
6118
6293
6119
6294
6120
6295
6121
6296
6122
6297
6123
6298
6124
6299
6125
6300
6126
6301
6127
6302
6128
6303
6129
6304
6130
6305
6131
6306
6132
6307
6133
6308
6134
6309
6135
6310
6136
6311
6137
6312
6138
6313
6139
6314
6140
6315
6141
6316
6142
6317
6143
6318
6144
6319
6145
6320
6146
6321
6147
6322
6148
6323
6149
6324
6150
6325
6151
6326
6152
6327
6153
6328
6154
6329
6155
6330
6156
6331
6157
6332
6158
6333
6159
6334
6160
6335
6161
6336
6162
6337
6163
6338
6164
6339
6165
6340
6166
6341
6167
6342
6168
6343
6169
6344
6170
6345
6171
6346
6172
6347
6173
6348
6174
6349
6175
6350
6176
6351
6177
6352
6178
6353
6179
6354
6180
6355
6181
6356
6357
6183
6359
6184
6360
6185
6361
6186
6362
6187
6363
6188
6364
6189
6365
6190
6366
6191
6367
6192
6368
6193
6369
6194
6370
6195
6371
6196
6372
6197
6373
6198
6374
6199
6375
6200
6376
6201
6377
6202
6378
6203
6379
6204
6380
6205
6381
6206
6382
6207
6383
6208
6384
6209
6385
6210
6386
6211
6387
6212
6388
6213
6389
6214
6390
6215
6391
6216
6392
6217
6393
6218
6394
6219
6395
6220
6396
6221
6397
6222
6398
6223
6399
6224
6400
6225
6401
6226
6402
6227
6403
6228
6404
6229
6405
6230
6406
6231
6407
6232
6408
6233
6409
6234
6410
6235
6411
6236
6412
6237
6413
6238
6414
6239
6415
6240
6416
6241
6417
6242
6418
6243
6419
6244
6420
6245
6421
6246
6422
6247
6423
6248
6424
6249
6425
6250
6426
6251
6427
6252
6428
6253
6429
6254
6430
6255
6431
6256
6432
6257
6433
6258
6434
6259
6435
6260
6436
6261
6437
6262
6438
6263
6439
6264
6440
6265
6441
6266
6442
6267
6443
6268
6444
6269
6445
6270
6446
6271
6447
6272
6448
6273
6449
6274
6450
6275
6451
6276
6452
6277
6453
6278
6454
6279
6455
6280
6456
6281
6457
6282
6458
6283
6459
6284
6460
6285
6461
6286
6462
6287
6463
6288
6464
6289
6465
6290
6466
6291
6467
6292
6468
6293
6469
6294
6470
6295
6471
6296
6472
6297
6473
6298
6474
6299
6475
6300
6476
6301
6477
6302
6478
6303
6479
6304
6480
6305
6481
6306
6482
6307
6483
6308
6484
6309
6485
6310
6486
6311
6487
6312
6488
6313
6489
6314
6490
6315
6491
6316
6492
6317
6493
6318
6494
6319
6495
6320
6496
6321
6497
6322
6498
6323
6499
6324
6500
6325
6501
6326
6502
6327
6503
6328
6504
6329
6505
6330
6506
6331
6507
6332
6508
6333
6509
6334
6510
6335
6511
6336
6512
6337
6513
6338
6514
6339
6515
6340
6516
6341
6517
6342
6518
6343
6519
6344
6520
6345
6521
6346
6522
6347
6523
6348
6524
6349
6525
6350
6526
6351
6527
6352
6528
6353
6529
6354
6530
6355
6531
6356
6532
6357
6533
6358
6534
6535
6360
6536
6361
6537
6362
6538
6363
6539
6364
6540
6365
6541
6366
6542
6367
6543
6368
6544
6369
6545
6370
6546
6371
6547
6372
6548
6373
6549
6374
6550
6375
6551
6376
6552
6377
6553
6378
6554
6379
6555
6380
6556
6381
6557
6382
6558
6383
6559
6384
6560
6385
6561
6386
6562
6387
6563
6388
6564
6389
6565
6390
6566
6391
6567
6392
6568
6393
6569
6394
6570
6395
6571
6396
6572
6397
6573
6398
6574
6399
6575
6400
6576
6401
6577
6402
6578
6403
6579
6404
6580
6405
6581
6406
6582
6407
6583
6408
6584
6409
6585
6410
6586
6411
6587
6412
6588
6413
6589
6414
6590
6415
6591
6416
6592
6417
6593
6418
6594
6419
6595
6420
6596
6421
6597
6422
6598
6423
6599
6424
6600
6425
6601
6426
6602
6427
6603
6428
6604
6429
6605
6430
6606
6431
6607
6432
6608
6433
6609
6434
6610
6435
6611
6436
6612
6437
6613
6438
6614
6439
6615
6440
6616
6441
6617
6442
6618
6443
6619
6444
6620
6445
6621
6446
6622
6447
6623
6448
6624
6449
6625
6450
6626
6451
6627
6452
6628
6453
6629
6454
6630
6455
6631
6456
6632
6457
6633
6458
6634
6459
6635
6460
6636
6461
6637
6462
6638
6463
6639
6464
6640
6465
6641
6466
6642
6467
6643
6468
6644
6469
6645
6470
6646
6471
6647
6472
6648
6473
6649
6474
6650
6475
6651
6476
6652
6477
6653
6478
6654
6479
6655
6480
6656
6481
6657
6482
6658
6483
6659
6484
6660
6485
6661
6486
6662
6487
6663
6488
6664
6489
6665
6490
6666
6491
6667
6492
6668
6493
6669
6494
6670
6495
6671
6496
6672
6497
6673
6498
6674
6499
6675
6500
6676
6501
6677
6502
6678
6503
6679
6504
6680
6505
6681
6506
6682
6507
6683
6508
6684
6509
6685
6510
6686
6511
6687
6512
6688
6513
6689
6514
6690
6515
6691
6516
6692
6517
6693
6518
6694
6519
6695
6520
6696
6521
6697
6522
6698
6523
6699
6524
6700
6525
6701
6526
6702
6527
6703
6528
6704
6529
6705
6530
6706
6531
6707
6532
6708
6533
6709
6534
6710
6535
6711
6712
6537
6714
6538
6715
6539
6716
6540
6717
6541
6718
6542
6719
6543
6720
6544
6721
6545
6722
6546
6723
6547
6724
6548
6725
6549
6726
6550
6727
6551
6728
6552
6729
6553
6730
6554
6731
6555
6732
6556
6733
6557
6734
6558
6735
6559
6736
6560
6737
6561
6738
6562
6739
6563
6740
6564
6741
6565
6742
6566
6743
6567
6744
6568
6745
6569
6746
6570
6747
6571
6748
6572
6749
6573
6750
6574
6751
6575
6752
6576
6753
6577
6754
6578
6755
6579
6756
6580
6757
6581
6758
6582
6759
6583
6760
6584
6761
6585
6762
6586
6763
6587
6764
6588
6765
6589
6766
6590
6767
6591
6768
6592
6769
6593
6770
6594
6771
6595
6772
6596
6773
6597
6774
6598
6775
6599
6776
6600
6777
6601
6778
6602
6779
6603
6780
6604
6781
6605
6782
6606
6783
6607
6784
6608
6785
6609
6786
6610
6787
6611
6788
6612
6789
6613
6790
6614
6791
6615
6792
6616
6793
6617
6794
6618
6795
6619
6796
6620
6797
6621
6798
6622
6799
6623
6800
6624
6801
6625
6802
6626
6803
6627
6804
6628
6805
6629
6806
6630
6807
6631
6808
6632
6809
6633
6810
6634
6811
6635
6812
6636
6813
6637
6814
6638
6815
6639
6816
6640
6817
6641
6818
6642
6819
6643
6820
6644
6821
6645
6822
6646
6823
6647
6824
6648
6825
6649
6826
6650
6827
6651
6828
6652
6829
6653
6830
6654
6831
6655
6832
6656
6833
6657
6834
6658
6835
6659
6836
6660
6837
6661
6838
6662
6839
6663
6840
6664
6841
6665
6842
6666
6843
6667
6844
6668
6845
6669
6846
6670
6847
6671
6848
6672
6849
6673
6850
6674
6851
6675
6852
6676
6853
6677
6854
6678
6855
6679
6856
6680
6857
6681
6858
6682
6859
6683
6860
6684
6861
6685
6862
6686
6863
6687
6864
6688
6865
6689
6866
6690
6867
6691
6868
6692
6869
6693
6870
6694
6871
6695
6872
6696
6873
6697
6874
6698
6875
6699
6876
6700
6877
6701
6878
6702
6879
6703
6880
6704
6881
6705
6882
6706
6883
6707
6884
6708
6885
6709
6886
6710
6887
6711
6888
6712
6889
6713
6890
6891
6715
6893
6716
6894
6717
6895
6718
6896
6719
6897
6720
6898
6721
6899
6722
6900
6723
6901
6724
6902
6725
6903
6726
6904
6727
6905
6728
6906
6729
6907
6730
6908
6731
6909
6732
6910
6733
6911
6734
6912
6735
6913
6736
6914
6737
6915
6738
6916
6739
6917
6740
6918
6741
6919
6742
6920
6743
6921
6744
6922
6745
6923
6746
6924
6747
6925
6748
6926
6749
6927
6750
6928
6751
6929
6752
6930
6753
6931
6754
6932
6755
6933
6756
6934
6757
6935
6758
6936
6759
6937
6760
6938
6761
6939
6762
6940
6763
6941
6764
6942
6765
6943
6766
6944
6767
6945
6768
6946
6769
6947
6770
6948
6771
6949
6772
6950
6773
6951
6774
6952
6775
6953
6776
6954
6777
6955
6778
6956
6779
6957
6780
6958
6781
6959
6782
6960
6783
6961
6784
6962
6785
6963
6786
6964
6787
6965
6788
6966
6789
6967
6790
6968
6791
6969
6792
6970
6793
6971
6794
6972
6795
6973
6796
6974
6797
6975
6798
6976
6799
6977
6800
6978
6801
6979
6802
6980
6803
6981
6804
6982
6805
6983
6806
6984
6807
6985
6808
6986
6809
6987
6810
6988
6811
6989
6812
6990
6813
6991
6814
6992
6815
6993
6816
6994
6817
6995
6818
6996
6819
6997
6820
6998
6821
6999
6822
7000
6823
7001
6824
7002
6825
7003
6826
7004
6827
7005
6828
7006
6829
7007
6830
7008
6831
7009
6832
7010
6833
7011
6834
7012
6835
7013
6836
7014
6837
7015
6838
7016
6839
7017
6840
7018
6841
7019
6842
7020
6843
7021
6844
7022
6845
7023
6846
7024
6847
7025
6848
7026
6849
7027
6850
7028
6851
7029
6852
7030
6853
7031
6854
7032
6855
7033
6856
7034
6857
7035
6858
7036
6859
7037
6860
7038
6861
7039
6862
7040
6863
7041
6864
7042
6865
7043
6866
7044
6867
7045
6868
7046
6869
7047
6870
7048
6871
7049
6872
7050
6873
7051
6874
7052
6875
7053
6876
7054
6877
7055
6878
7056
6879
7057
6880
7058
6881
7059
6882
7060
6883
7061
6884
7062
6885
7063
6886
7064
6887
7065
6888
7066
6889
7067
6890
7068
6891
7069
6892
7070
7071
6894
7073
6895
7074
6896
7075
6897
7076
6898
7077
6899
7078
6900
7079
6901
7080
6902
7081
6903
7082
6904
7083
6905
7084
6906
7085
6907
7086
6908
7087
6909
7088
6910
7089
6911
7090
6912
7091
6913
7092
6914
7093
6915
7094
6916
7095
6917
7096
6918
7097
6919
7098
6920
7099
6921
7100
6922
7101
6923
7102
6924
7103
6925
7104
6926
7105
6927
7106
6928
7107
6929
7108
6930
7109
6931
7110
6932
7111
6933
7112
6934
7113
6935
7114
6936
7115
6937
7116
6938
7117
6939
7118
6940
7119
6941
7120
6942
7121
6943
7122
6944
7123
6945
7124
6946
7125
6947
7126
6948
7127
6949
7128
6950
7129
6951
7130
6952
7131
6953
7132
6954
7133
6955
7134
6956
7135
6957
7136
6958
7137
6959
7138
6960
7139
6961
7140
6962
7141
6963
7142
6964
7143
6965
7144
6966
7145
6967
7146
6968
7147
6969
7148
6970
7149
6971
7150
6972
7151
6973
7152
6974
7153
6975
7154
6976
7155
6977
7156
6978
7157
6979
7158
6980
7159
6981
7160
6982
7161
6983
7162
6984
7163
6985
7164
6986
7165
6987
7166
6988
7167
6989
7168
6990
7169
6991
7170
6992
7171
6993
7172
6994
7173
6995
7174
6996
7175
6997
7176
6998
7177
6999
7178
7000
7179
7001
7180
7002
7181
7003
7182
7004
7183
7005
7184
7006
7185
7007
7186
7008
7187
7009
7188
7010
7189
7011
7190
7012
7191
7013
7192
7014
7193
7015
7194
7016
7195
7017
7196
7018
7197
7019
7198
7020
7199
7021
7200
7022
7201
7023
7202
7024
7203
7025
7204
7026
7205
7027
7206
7028
7207
7029
7208
7030
7209
7031
7210
7032
7211
7033
7212
7034
7213
7035
7214
7036
7215
7037
7216
7038
7217
7039
7218
7040
7219
7041
7220
7042
7221
7043
7222
7044
7223
7045
7224
7046
7225
7047
7226
7048
7227
7049
7228
7050
7229
7051
7230
7052
7231
7053
7232
7054
7233
7055
7234
7056
7235
7057
7236
7058
7237
7059
7238
7060
7239
7061
7240
7062
7241
7063
7242
7064
7243
7065
7244
7066
7245
7067
7246
7068
7247
7069
7248
7070
7249
7071
7250
7072
7251
7252
7074
7253
7075
7254
7076
7255
7077
7256
7078
7257
7079
7258
7080
7259
7081
7260
7082
7261
7083
7262
7084
7263
7085
7264
7086
7265
7087
7266
7088
7267
7089
7268
7090
7269
7091
7270
7092
7271
7093
7272
7094
7273
7095
7274
7096
7275
7097
7276
7098
7277
7099
7278
7100
7279
7101
7280
7102
7281
7103
7282
7104
7283
7105
7284
7106
7285
7107
7286
7108
7287
7109
7288
7110
7289
7111
7290
7112
7291
7113
7292
7114
7293
7115
7294
7116
7295
7117
7296
7118
7297
7119
7298
7120
7299
7121
7300
7122
7301
7123
7302
7124
7303
7125
7304
7126
7305
7127
7306
7128
7307
7129
7308
7130
7309
7131
7310
7132
7311
7133
7312
7134
7313
7135
7314
7136
7315
7137
7316
7138
7317
7139
7318
7140
7319
7141
7320
7142
7321
7143
7322
7144
7323
7145
7324
7146
7325
7147
7326
7148
7327
7149
7328
7150
7329
7151
7330
7152
7331
7153
7332
7154
7333
7155
7334
7156
7335
7157
7336
7158
7337
7159
7338
7160
7339
7161
7340
7162
7341
7163
7342
7164
7343
7165
7344
7166
7345
7167
7346
7168
7347
7169
7348
7170
7349
7171
7350
7172
7351
7173
7352
7174
7353
7175
7354
7176
7355
7177
7356
7178
7357
7179
7358
7180
7359
7181
7360
7182
7361
7183
7362
7184
7363
7185
7364
7186
7365
7187
7366
7188
7367
7189
7368
7190
7369
7191
7370
7192
7371
7193
7372
7194
7373
7195
7374
7196
7375
7197
7376
7198
7377
7199
7378
7200
7379
7201
7380
7202
7381
7203
7382
7204
7383
7205
7384
7206
7385
7207
7386
7208
7387
7209
7388
7210
7389
7211
7390
7212
7391
7213
7392
7214
7393
7215
7394
7216
7395
7217
7396
7218
7397
7219
7398
7220
7399
7221
7400
7222
7401
7223
7402
7224
7403
7225
7404
7226
7405
7227
7406
7228
7407
7229
7408
7230
7409
7231
7410
7232
7411
7233
7412
7234
7413
7235
7414
7236
7415
7237
7416
7238
7417
7239
7418
7240
7419
7241
7420
7242
7421
7243
7422
7244
7423
7245
7424
7246
7425
7247
7426
7248
7427
7249
7428
7250
7429
7251
7430
7252
7431
7432
7254
7434
7255
7435
7256
7436
7257
7437
7258
7438
7259
7439
7260
7440
7261
7441
7262
7442
7263
7443
7264
7444
7265
7445
7266
7446
7267
7447
7268
7448
7269
7449
7270
7450
7271
7451
7272
7452
7273
7453
7274
7454
7275
7455
7276
7456
7277
7457
7278
7458
7279
7459
7280
7460
7281
7461
7282
7462
7283
7463
7284
7464
7285
7465
7286
7466
7287
7467
7288
7468
7289
7469
7290
7470
7291
7471
7292
7472
7293
7473
7294
7474
7295
7475
7296
7476
7297
7477
7298
7478
7299
7479
7300
7480
7301
7481
7302
7482
7303
7483
7304
7484
7305
7485
7306
7486
7307
7487
7308
7488
7309
7489
7310
7490
7311
7491
7312
7492
7313
7493
7314
7494
7315
7495
7316
7496
7317
7497
7318
7498
7319
7499
7320
7500
7321
7501
7322
7502
7323
7503
7324
7504
7325
7505
7326
7506
7327
7507
7328
7508
7329
7509
7330
7510
7331
7511
7332
7512
7333
7513
7334
7514
7335
7515
7336
7516
7337
7517
7338
7518
7339
7519
7340
7520
7341
7521
7342
7522
7343
7523
7344
7524
7345
7525
7346
7526
7347
7527
7348
7528
7349
7529
7350
7530
7351
7531
7352
7532
7353
7533
7354
7534
7355
7535
7356
7536
7357
7537
7358
7538
7359
7539
7360
7540
7361
7541
7362
7542
7363
7543
7364
7544
7365
7545
7366
7546
7367
7547
7368
7548
7369
7549
7370
7550
7371
7551
7372
7552
7373
7553
7374
7554
7375
7555
7376
7556
7377
7557
7378
7558
7379
7559
7380
7560
7381
7561
7382
7562
7383
7563
7384
7564
7385
7565
7386
7566
7387
7567
7388
7568
7389
7569
7390
7570
7391
7571
7392
7572
7393
7573
7394
7574
7395
7575
7396
7576
7397
7577
7398
7578
7399
7579
7400
7580
7401
7581
7402
7582
7403
7583
7404
7584
7405
7585
7406
7586
7407
7587
7408
7588
7409
7589
7410
7590
7411
7591
7412
7592
7413
7593
7414
7594
7415
7595
7416
7596
7417
7597
7418
7598
7419
7599
7420
7600
7421
7601
7422
7602
7423
7603
7424
7604
7425
7605
7426
7606
7427
7607
7428
7608
7429
7609
7430
7610
7431
7611
7432
7612
7433
7613
7614
7435
7616
7436
7617
7437
7618
7438
7619
7439
7620
7440
7621
7441
7622
7442
7623
7443
7624
7444
7625
7445
7626
7446
7627
7447
7628
7448
7629
7449
7630
7450
7631
7451
7632
7452
7633
7453
7634
7454
7635
7455
7636
7456
7637
7457
7638
7458
7639
7459
7640
7460
7641
7461
7642
7462
7643
7463
7644
7464
7645
7465
7646
7466
7647
7467
7648
7468
7649
7469
7650
7470
7651
7471
7652
7472
7653
7473
7654
7474
7655
7475
7656
7476
7657
7477
7658
7478
7659
7479
7660
7480
7661
7481
7662
7482
7663
7483
7664
7484
7665
7485
7666
7486
7667
7487
7668
7488
7669
7489
7670
7490
7671
7491
7672
7492
7673
7493
7674
7494
7675
7495
7676
7496
7677
7497
7678
7498
7679
7499
7680
7500
7681
7501
7682
7502
7683
7503
7684
7504
7685
7505
7686
7506
7687
7507
7688
7508
7689
7509
7690
7510
7691
7511
7692
7512
7693
7513
7694
7514
7695
7515
7696
7516
7697
7517
7698
7518
7699
7519
7700
7520
7701
7521
7702
7522
7703
7523
7704
7524
7705
7525
7706
7526
7707
7527
7708
7528
7709
7529
7710
7530
7711
7531
7712
7532
7713
7533
7714
7534
7715
7535
7716
7536
7717
7537
7718
7538
7719
7539
7720
7540
7721
7541
7722
7542
7723
7543
7724
7544
7725
7545
7726
7546
7727
7547
7728
7548
7729
7549
7730
7550
7731
7551
7732
7552
7733
7553
7734
7554
7735
7555
7736
7556
7737
7557
7738
7558
7739
7559
7740
7560
7741
7561
7742
7562
7743
7563
7744
7564
7745
7565
7746
7566
7747
7567
7748
7568
7749
7569
7750
7570
7751
7571
7752
7572
7753
7573
7754
7574
7755
7575
7756
7576
7757
7577
7758
7578
7759
7579
7760
7580
7761
7581
7762
7582
7763
7583
7764
7584
7765
7585
7766
7586
7767
7587
7768
7588
7769
7589
7770
7590
7771
7591
7772
7592
7773
7593
7774
7594
7775
7595
7776
7596
7777
7597
7778
7598
7779
7599
7780
7600
7781
7601
7782
7602
7783
7603
7784
7604
7785
7605
7786
7606
7787
7607
7788
7608
7789
7609
7790
7610
7791
7611
7792
7612
7793
7613
7794
7614
7795
7615
7796
7797
7617
7798
7618
7799
7619
7800
7620
7801
7621
7802
7622
7803
7623
7804
7624
7805
7625
7806
7626
7807
7627
7808
7628
7809
7629
7810
7630
7811
7631
7812
7632
7813
7633
7814
7634
7815
7635
7816
7636
7817
7637
7818
7638
7819
7639
7820
7640
7821
7641
7822
7642
7823
7643
7824
7644
7825
7645
7826
7646
7827
7647
7828
7648
7829
7649
7830
7650
7831
7651
7832
7652
7833
7653
7834
7654
7835
7655
7836
7656
7837
7657
7838
7658
7839
7659
7840
7660
7841
7661
7842
7662
7843
7663
7844
7664
7845
7665
7846
7666
7847
7667
7848
7668
7849
7669
7850
7670
7851
7671
7852
7672
7853
7673
7854
7674
7855
7675
7856
7676
7857
7677
7858
7678
7859
7679
7860
7680
7861
7681
7862
7682
7863
7683
7864
7684
7865
7685
7866
7686
7867
7687
7868
7688
7869
7689
7870
7690
7871
7691
7872
7692
7873
7693
7874
7694
7875
7695
7876
7696
7877
7697
7878
7698
7879
7699
7880
7700
7881
7701
7882
7702
7883
7703
7884
7704
7885
7705
7886
7706
7887
7707
7888
7708
7889
7709
7890
7710
7891
7711
7892
7712
7893
7713
7894
7714
7895
7715
7896
7716
7897
7717
7898
7718
7899
7719
7900
7720
7901
7721
7902
7722
7903
7723
7904
7724
7905
7725
7906
7726
7907
7727
7908
7728
7909
7729
7910
7730
7911
7731
7912
7732
7913
7733
7914
7734
7915
7735
7916
7736
7917
7737
7918
7738
7919
7739
7920
7740
7921
7741
7922
7742
7923
7743
7924
7744
7925
7745
7926
7746
7927
7747
7928
7748
7929
7749
7930
7750
7931
7751
7932
7752
7933
7753
7934
7754
7935
7755
7936
7756
7937
7757
7938
7758
7939
7759
7940
7760
7941
7761
7942
7762
7943
7763
7944
7764
7945
7765
7946
7766
7947
7767
7948
7768
7949
7769
7950
7770
7951
7771
7952
7772
7953
7773
7954
7774
7955
7775
7956
7776
7957
7777
7958
7778
7959
7779
7960
7780
7961
7781
7962
7782
7963
7783
7964
7784
7965
7785
7966
7786
7967
7787
7968
7788
7969
7789
7970
7790
7971
7791
7972
7792
7973
7793
7974
7794
7975
7795
7976
7796
7977
7797
7978
7979
7799
7981
7800
7982
7801
7983
7802
7984
7803
7985
7804
7986
7805
7987
7806
7988
7807
7989
7808
7990
7809
7991
7810
7992
7811
7993
7812
7994
7813
7995
7814
7996
7815
7997
7816
7998
7817
7999
7818
8000
7819
8001
7820
8002
7821
8003
7822
8004
7823
8005
7824
8006
7825
8007
7826
8008
7827
8009
7828
8010
7829
8011
7830
8012
7831
8013
7832
8014
7833
8015
7834
8016
7835
8017
7836
8018
7837
8019
7838
8020
7839
8021
7840
8022
7841
8023
7842
8024
7843
8025
7844
8026
7845
8027
7846
8028
7847
8029
7848
8030
7849
8031
7850
8032
7851
8033
7852
8034
7853
8035
7854
8036
7855
8037
7856
8038
7857
8039
7858
8040
7859
8041
7860
8042
7861
8043
7862
8044
7863
8045
7864
8046
7865
8047
7866
8048
7867
8049
7868
8050
7869
8051
7870
8052
7871
8053
7872
8054
7873
8055
7874
8056
7875
8057
7876
8058
7877
8059
7878
8060
7879
8061
7880
8062
7881
8063
7882
8064
7883
8065
7884
8066
7885
8067
7886
8068
7887
8069
7888
8070
7889
8071
7890
8072
7891
8073
7892
8074
7893
8075
7894
8076
7895
8077
7896
8078
7897
8079
7898
8080
7899
8081
7900
8082
7901
8083
7902
8084
7903
8085
7904
8086
7905
8087
7906
8088
7907
8089
7908
8090
7909
8091
7910
8092
7911
8093
7912
8094
7913
8095
7914
8096
7915
8097
7916
8098
7917
8099
7918
8100
7919
8101
7920
8102
7921
8103
7922
8104
7923
8105
7924
8106
7925
8107
7926
8108
7927
8109
7928
8110
7929
8111
7930
8112
7931
8113
7932
8114
7933
8115
7934
8116
7935
8117
7936
8118
7937
8119
7938
8120
7939
8121
7940
8122
7941
8123
7942
8124
7943
8125
7944
8126
7945
8127
7946
8128
7947
8129
7948
8130
7949
8131
7950
8132
7951
8133
7952
8134
7953
8135
7954
8136
7955
8137
7956
8138
7957
8139
7958
8140
7959
8141
7960
8142
7961
8143
7962
8144
7963
8145
7964
8146
7965
8147
7966
8148
7967
8149
7968
8150
7969
8151
7970
8152
7971
8153
7972
8154
7973
8155
7974
8156
7975
8157
7976
8158
7977
8159
7978
8160
7979
8161
7980
8162
8163
7982
7983
7984
7985
7986
7987
7988
7989
7990
7991
7992
7993
7994
7995
7996
7997
7998
7999
8165
8000
8166
8001
8167
8002
8168
8003
8169
8004
8170
8005
8171
8006
8172
8007
8173
8008
8174
8009
8175
8010
8176
8011
8177
8012
8178
8013
8179
8014
8180
8015
8181
8016
8182
8017
8183
8018
8184
8019
8185
8020
8186
8021
8187
8022
8188
8023
8189
8024
8190
8025
8191
8026
8192
8027
8193
8028
8194
8029
8195
8030
8196
8031
8197
8032
8198
8033
8199
8034
8200
8035
8201
8036
8202
8037
8203
8038
8204
8039
8205
8040
8206
8041
8207
8042
8208
8043
8209
8044
8210
8045
8211
8046
8212
8047
8213
8048
8214
8049
8215
8050
8216
8051
8217
8052
8218
8053
8219
8054
8220
8055
8221
8056
8222
8057
8223
8058
8224
8059
8225
8060
8226
8061
8227
8062
8228
8063
8229
8064
8230
8065
8231
8066
8232
8067
8233
8068
8234
8069
8235
8070
8236
8071
8237
8072
8238
8073
8239
8074
8240
8075
8241
8076
8242
8077
8243
8078
8244
8079
8245
8080
8246
8081
8247
8082
8248
8083
8249
8084
8250
8085
8251
8086
8252
8087
8253
8088
8254
8089
8255
8090
8256
8091
8257
8092
8258
8093
8259
8094
8260
8095
8261
8096
8262
8097
8263
8098
8264
8099
8265
8100
8266
8101
8267
8102
8268
8103
8269
8104
8270
8105
8271
8106
8272
8107
8273
8108
8274
8109
8275
8110
8276
8111
8277
8112
8278
8113
8279
8114
8280
8115
8281
8116
8282
8117
8283
8118
8284
8119
8285
8120
8286
8121
8287
8122
8288
8123
8289
8124
8290
8125
8291
8126
8292
8127
8293
8128
8294
8129
8295
8130
8296
8131
8297
8132
8298
8133
8299
8134
8300
8135
8301
8136
8302
8137
8303
8138
8304
8139
8305
8140
8306
8141
8307
8142
8308
8143
8309
8144
8310
8145
8311
8146
8312
8147
8313
8148
8314
8149
8315
8150
8316
8151
8317
8152
8318
8153
8319
8154
8320
8155
8321
8156
8322
8157
8323
8158
8324
8159
8325
8160
8326
8161
8327
8162
8328
8163
8329
8164
8330
8331
8166
8167
8168
8169
8170
8171
8172
8173
8174
8175
8176
8177
8178
8179
8180
8181
8182
8183
8184
8185
8186
8187
8188
8189
8190
8191
8192
8193
8194
8195
8196
8197
8198
8199
8200
8201
8202
8203
8204
8205
8206
8207
8208
8209
8210
8211
8212
8213
8214
8215
8216
8217
8218
8219
8220
8221
8222
8223
8224
8225
8226
8227
8228
8229
8230
8231
8232
8233
8234
8235
8236
8237
8238
8239
8240
8241
8242
8243
8244
8245
8246
8247
8248
8249
8250
8251
8252
8253
8254
8255
8256
8257
8258
8259
8260
8261
8262
8263
8264
8265
8266
8267
8268
8269
8270
8271
8272
8273
8274
8275
8276
8277
8278
8279
8280
8281
8282
8283
8284
8285
8286
8287
8288
8289
8290
8291
8292
8293
8294
8295
8296
8297
8298
8299
8300
8301
8302
8303
8304
8305
8306
8307
8308
8309
8310
8311
8312
8313
8314
8315
8316
8317
8318
8319
8320
8321
8322
8323
8324
8325
8326
8327
8328
8329
8330
8331
8332
)


// ************************************************************************* //
