/*--------------------------------*- C++ -*----------------------------------*\
| =========                 |                                                 |
| \\      /  F ield         | OpenFOAM: The Open Source CFD Toolbox           |
|  \\    /   O peration     | Version:  2512                                  |
|   \\  /    A nd           | Website:  www.openfoam.com                      |
|    \\/     M anipulation  |                                                 |
\*---------------------------------------------------------------------------*/
FoamFile
{
    version     2.0;
    format      ascii;
    arch        "LSB;label=32;scalar=64";
    class       volScalarField;
    location    "0.1";
    object      p;
}
// * * * * * * * * * * * * * * * * * * * * * * * * * * * * * * * * * * * * * //

dimensions      [1 -1 -2 0 0 0 0];

internalField   nonuniform List<scalar> 
8333
(
-208.732
-208.753
-208.759
-208.758
-208.774
-208.792
-208.804
-208.82
-208.842
-208.865
-208.888
-208.914
-208.941
-208.97
-209.001
-209.034
-209.068
-212.971
-212.991
-212.997
-212.997
-213.013
-213.03
-213.042
-213.058
-213.08
-213.103
-213.126
-213.152
-213.179
-213.209
-213.24
-213.272
-213.306
-213.342
-213.379
-213.417
-213.458
-213.499
-213.542
-213.587
-213.633
-213.68
-213.729
-213.78
-213.832
-213.885
-213.94
-213.996
-214.054
-214.113
-214.173
-214.235
-214.299
-214.364
-214.43
-214.498
-214.568
-214.639
-214.711
-214.785
-214.86
-214.937
-215.015
-215.094
-215.175
-215.258
-215.342
-215.427
-215.514
-215.602
-215.692
-215.783
-215.876
-215.97
-216.066
-216.163
-216.262
-216.362
-216.463
-216.566
-216.67
-216.776
-216.884
-216.992
-217.103
-217.214
-217.328
-217.442
-217.558
-217.676
-217.795
-217.915
-218.037
-218.161
-218.285
-218.412
-218.539
-218.669
-218.799
-218.931
-219.065
-219.2
-219.337
-219.475
-219.614
-219.755
-219.897
-220.041
-220.186
-220.333
-220.481
-220.631
-220.782
-220.934
-221.088
-221.244
-221.401
-221.559
-221.719
-221.88
-222.043
-222.207
-222.373
-222.54
-222.709
-222.879
-223.05
-223.223
-223.398
-223.574
-223.751
-223.93
-224.11
-224.292
-224.475
-224.66
-224.846
-225.033
-225.222
-225.413
-225.605
-225.798
-225.993
-226.189
-226.387
-226.586
-226.787
-226.989
-227.192
-227.398
-227.604
-227.812
-228.021
-228.232
-228.444
-228.658
-228.873
-229.09
-229.308
-229.528
-229.749
-229.971
-230.195
-230.42
-230.647
-217.209
-217.229
-217.235
-217.235
-217.251
-217.268
-217.28
-217.296
-217.318
-217.341
-217.364
-217.39
-217.418
-217.447
-217.478
-217.51
-217.544
-217.58
-217.617
-217.656
-217.696
-217.737
-217.78
-217.825
-217.871
-217.918
-217.967
-218.018
-218.07
-218.123
-218.178
-218.234
-218.292
-218.351
-218.412
-218.474
-218.537
-218.602
-218.669
-218.737
-218.806
-218.877
-218.949
-219.023
-219.098
-219.175
-219.253
-219.332
-219.413
-219.496
-219.58
-219.665
-219.752
-219.841
-219.93
-220.022
-220.114
-220.209
-220.304
-220.401
-220.5
-220.6
-220.701
-220.804
-220.909
-221.015
-221.122
-221.231
-221.341
-221.453
-221.566
-221.68
-221.796
-221.914
-222.033
-222.153
-222.275
-222.399
-222.524
-222.65
-222.778
-222.907
-223.037
-223.17
-223.303
-223.438
-223.575
-223.713
-223.852
-223.993
-224.135
-224.279
-224.424
-224.571
-224.719
-224.869
-225.02
-225.173
-225.327
-225.482
-225.639
-225.797
-225.957
-226.119
-226.281
-226.446
-226.611
-226.778
-226.947
-227.117
-227.289
-227.462
-227.636
-227.812
-227.989
-228.168
-228.348
-228.53
-228.713
-228.898
-229.084
-229.272
-229.461
-229.651
-229.843
-230.036
-230.231
-230.427
-230.625
-230.824
-231.025
-231.227
-231.431
-231.636
-231.842
-232.05
-232.259
-232.47
-232.683
-232.896
-233.112
-233.328
-233.546
-233.766
-233.987
-234.209
-234.433
-234.658
-234.885
-221.447
-221.467
-221.473
-221.473
-221.488
-221.506
-221.518
-221.534
-221.556
-221.579
-221.603
-221.628
-221.656
-221.685
-221.716
-221.748
-221.782
-221.818
-221.855
-221.894
-221.934
-221.975
-222.018
-222.063
-222.109
-222.157
-222.205
-222.256
-222.308
-222.361
-222.416
-222.472
-222.53
-222.589
-222.65
-222.712
-222.775
-222.84
-222.907
-222.975
-223.044
-223.115
-223.187
-223.261
-223.336
-223.413
-223.491
-223.571
-223.652
-223.734
-223.818
-223.903
-223.99
-224.079
-224.168
-224.26
-224.352
-224.447
-224.542
-224.639
-224.738
-224.838
-224.939
-225.042
-225.147
-225.253
-225.36
-225.469
-225.579
-225.691
-225.804
-225.918
-226.035
-226.152
-226.271
-226.392
-226.513
-226.637
-226.762
-226.888
-227.016
-227.145
-227.276
-227.408
-227.541
-227.676
-227.813
-227.951
-228.09
-228.231
-228.373
-228.517
-228.663
-228.809
-228.957
-229.107
-229.258
-229.411
-229.565
-229.72
-229.877
-230.036
-230.195
-230.357
-230.52
-230.684
-230.849
-231.017
-231.185
-231.355
-231.527
-231.7
-231.874
-232.05
-232.227
-232.406
-232.586
-232.768
-232.951
-233.136
-233.322
-233.51
-233.699
-233.889
-234.081
-234.274
-234.469
-234.666
-234.863
-235.062
-235.263
-235.465
-235.669
-235.874
-236.08
-236.288
-236.498
-236.708
-236.921
-237.135
-237.35
-237.566
-237.784
-238.004
-238.225
-238.447
-238.671
-238.896
-239.123
-239.351
-225.684
-225.705
-225.711
-225.71
-225.726
-225.744
-225.756
-225.772
-225.794
-225.817
-225.841
-225.866
-225.894
-225.923
-225.954
-225.986
-226.02
-226.056
-226.093
-226.132
-226.172
-226.214
-226.257
-226.301
-226.347
-226.395
-226.444
-226.494
-226.546
-226.599
-226.654
-226.71
-226.768
-226.827
-226.888
-226.95
-227.013
-227.078
-227.145
-227.213
-227.282
-227.353
-227.425
-227.499
-227.574
-227.651
-227.729
-227.809
-227.89
-227.972
-228.056
-228.142
-228.228
-228.317
-228.407
-228.498
-228.591
-228.685
-228.78
-228.878
-228.976
-229.076
-229.178
-229.281
-229.385
-229.491
-229.598
-229.707
-229.817
-229.929
-230.042
-230.157
-230.273
-230.39
-230.509
-230.63
-230.752
-230.875
-231
-231.126
-231.254
-231.383
-231.514
-231.646
-231.779
-231.915
-232.051
-232.189
-232.328
-232.469
-232.612
-232.755
-232.901
-233.047
-233.196
-233.345
-233.496
-233.649
-233.803
-233.958
-234.115
-234.274
-234.434
-234.595
-234.758
-234.922
-235.088
-235.255
-235.423
-235.593
-235.765
-235.938
-236.112
-236.288
-236.466
-236.644
-236.825
-237.006
-237.19
-237.374
-237.56
-237.748
-237.937
-238.127
-238.319
-238.513
-238.707
-238.904
-239.101
-239.301
-239.501
-239.703
-239.907
-240.112
-240.318
-240.526
-240.736
-240.947
-241.159
-241.373
-241.588
-241.805
-242.023
-242.242
-242.463
-242.686
-242.909
-243.135
-243.361
-243.589
-243.819
-229.922
-229.943
-229.948
-229.948
-229.964
-229.982
-229.994
-230.01
-230.032
-230.055
-230.078
-230.104
-230.132
-230.161
-230.192
-230.224
-230.258
-230.294
-230.331
-230.37
-230.41
-230.452
-230.495
-230.539
-230.585
-230.633
-230.682
-230.732
-230.784
-230.837
-230.892
-230.948
-231.006
-231.065
-231.126
-231.188
-231.252
-231.317
-231.383
-231.451
-231.52
-231.591
-231.663
-231.737
-231.812
-231.889
-231.967
-232.047
-232.128
-232.21
-232.294
-232.38
-232.467
-232.555
-232.645
-232.736
-232.829
-232.923
-233.019
-233.116
-233.214
-233.314
-233.416
-233.519
-233.623
-233.729
-233.836
-233.945
-234.055
-234.167
-234.28
-234.395
-234.511
-234.628
-234.747
-234.868
-234.99
-235.113
-235.238
-235.364
-235.492
-235.621
-235.752
-235.884
-236.018
-236.153
-236.289
-236.427
-236.567
-236.707
-236.85
-236.994
-237.139
-237.286
-237.434
-237.583
-237.734
-237.887
-238.041
-238.197
-238.353
-238.512
-238.672
-238.833
-238.996
-239.16
-239.326
-239.493
-239.661
-239.832
-240.003
-240.176
-240.35
-240.526
-240.704
-240.882
-241.063
-241.244
-241.428
-241.612
-241.798
-241.986
-242.175
-242.365
-242.557
-242.751
-242.946
-243.142
-243.34
-243.539
-243.739
-243.942
-244.145
-244.35
-244.557
-244.765
-244.974
-245.185
-245.397
-245.611
-245.826
-246.043
-246.261
-246.48
-246.701
-246.924
-247.148
-247.373
-247.599
-247.827
-248.057
-248.288
-234.159
-234.18
-234.186
-234.186
-234.201
-234.219
-234.232
-234.248
-234.27
-234.293
-234.316
-234.342
-234.37
-234.399
-234.43
-234.462
-234.497
-234.532
-234.569
-234.608
-234.648
-234.69
-234.733
-234.777
-234.823
-234.871
-234.92
-234.97
-235.022
-235.076
-235.13
-235.187
-235.244
-235.303
-235.364
-235.426
-235.49
-235.555
-235.621
-235.689
-235.758
-235.829
-235.902
-235.975
-236.051
-236.127
-236.205
-236.285
-236.366
-236.448
-236.532
-236.618
-236.705
-236.793
-236.883
-236.974
-237.067
-237.161
-237.257
-237.354
-237.452
-237.552
-237.654
-237.757
-237.861
-237.967
-238.074
-238.183
-238.293
-238.405
-238.518
-238.633
-238.749
-238.866
-238.985
-239.106
-239.228
-239.351
-239.476
-239.602
-239.73
-239.859
-239.99
-240.122
-240.256
-240.391
-240.527
-240.665
-240.805
-240.946
-241.088
-241.232
-241.377
-241.524
-241.672
-241.822
-241.973
-242.125
-242.279
-242.435
-242.592
-242.75
-242.91
-243.071
-243.234
-243.398
-243.564
-243.731
-243.9
-244.07
-244.241
-244.414
-244.589
-244.764
-244.942
-245.121
-245.301
-245.483
-245.666
-245.85
-246.036
-246.224
-246.413
-246.604
-246.795
-246.989
-247.184
-247.38
-247.578
-247.777
-247.978
-248.18
-248.383
-248.588
-248.795
-249.003
-249.212
-249.423
-249.635
-249.849
-250.064
-250.281
-250.499
-250.718
-250.939
-251.162
-251.386
-251.611
-251.838
-252.066
-252.295
-252.526
-238.397
-238.417
-238.423
-238.423
-238.439
-238.457
-238.469
-238.486
-238.507
-238.53
-238.554
-238.58
-238.608
-238.637
-238.668
-238.7
-238.735
-238.77
-238.807
-238.846
-238.886
-238.928
-238.971
-239.016
-239.062
-239.109
-239.158
-239.208
-239.26
-239.314
-239.368
-239.425
-239.482
-239.542
-239.602
-239.664
-239.728
-239.793
-239.859
-239.927
-239.997
-240.067
-240.14
-240.213
-240.289
-240.365
-240.443
-240.523
-240.604
-240.687
-240.771
-240.856
-240.943
-241.031
-241.121
-241.212
-241.305
-241.399
-241.495
-241.592
-241.69
-241.79
-241.892
-241.995
-242.099
-242.205
-242.312
-242.421
-242.531
-242.643
-242.756
-242.871
-242.987
-243.105
-243.224
-243.344
-243.466
-243.589
-243.714
-243.84
-243.968
-244.097
-244.228
-244.36
-244.494
-244.629
-244.765
-244.903
-245.043
-245.184
-245.326
-245.47
-245.615
-245.762
-245.91
-246.06
-246.211
-246.363
-246.517
-246.673
-246.83
-246.988
-247.148
-247.309
-247.472
-247.636
-247.802
-247.969
-248.138
-248.308
-248.479
-248.652
-248.827
-249.003
-249.18
-249.359
-249.539
-249.721
-249.904
-250.089
-250.275
-250.462
-250.651
-250.842
-251.034
-251.227
-251.422
-251.618
-251.816
-252.015
-252.216
-252.418
-252.621
-252.826
-253.033
-253.241
-253.45
-253.661
-253.873
-254.087
-254.302
-254.519
-254.737
-254.957
-255.178
-255.4
-255.624
-255.849
-256.076
-256.304
-256.534
-256.765
-256.997
-242.634
-242.654
-242.66
-242.66
-242.676
-242.694
-242.707
-242.723
-242.745
-242.768
-242.792
-242.818
-242.846
-242.875
-242.906
-242.939
-242.973
-243.008
-243.045
-243.084
-243.124
-243.166
-243.209
-243.254
-243.3
-243.347
-243.396
-243.447
-243.498
-243.552
-243.607
-243.663
-243.721
-243.78
-243.84
-243.902
-243.966
-244.031
-244.097
-244.165
-244.235
-244.306
-244.378
-244.452
-244.527
-244.603
-244.682
-244.761
-244.842
-244.925
-245.009
-245.094
-245.181
-245.269
-245.359
-245.45
-245.543
-245.637
-245.733
-245.83
-245.929
-246.029
-246.13
-246.233
-246.337
-246.443
-246.551
-246.659
-246.77
-246.881
-246.994
-247.109
-247.225
-247.343
-247.462
-247.582
-247.704
-247.827
-247.952
-248.079
-248.206
-248.336
-248.466
-248.598
-248.732
-248.867
-249.003
-249.141
-249.281
-249.422
-249.564
-249.708
-249.853
-250
-250.148
-250.298
-250.449
-250.601
-250.755
-250.911
-251.068
-251.226
-251.386
-251.547
-251.71
-251.874
-252.04
-252.207
-252.376
-252.546
-252.717
-252.89
-253.065
-253.241
-253.418
-253.597
-253.777
-253.959
-254.142
-254.327
-254.513
-254.7
-254.889
-255.08
-255.272
-255.465
-255.66
-255.856
-256.054
-256.253
-256.454
-256.656
-256.86
-257.065
-257.271
-257.479
-257.688
-257.899
-258.112
-258.325
-258.54
-258.757
-258.975
-259.195
-259.416
-259.638
-259.862
-260.087
-260.314
-260.542
-260.772
-261.003
-261.236
-261.47
-246.871
-246.891
-246.897
-246.897
-246.913
-246.931
-246.944
-246.961
-246.983
-247.006
-247.03
-247.056
-247.083
-247.113
-247.144
-247.177
-247.211
-247.246
-247.284
-247.322
-247.362
-247.404
-247.447
-247.492
-247.538
-247.585
-247.634
-247.685
-247.737
-247.79
-247.845
-247.901
-247.959
-248.018
-248.078
-248.14
-248.204
-248.269
-248.335
-248.403
-248.473
-248.544
-248.616
-248.69
-248.765
-248.842
-248.92
-248.999
-249.08
-249.163
-249.247
-249.332
-249.419
-249.507
-249.597
-249.688
-249.781
-249.875
-249.971
-250.068
-250.167
-250.267
-250.368
-250.471
-250.576
-250.681
-250.789
-250.897
-251.008
-251.119
-251.233
-251.347
-251.463
-251.581
-251.7
-251.82
-251.942
-252.066
-252.19
-252.317
-252.444
-252.574
-252.704
-252.836
-252.97
-253.105
-253.242
-253.38
-253.519
-253.66
-253.802
-253.946
-254.091
-254.238
-254.386
-254.536
-254.687
-254.84
-254.994
-255.149
-255.306
-255.464
-255.624
-255.785
-255.948
-256.112
-256.278
-256.445
-256.614
-256.784
-256.955
-257.128
-257.303
-257.479
-257.656
-257.835
-258.015
-258.197
-258.38
-258.565
-258.751
-258.938
-259.127
-259.318
-259.51
-259.703
-259.898
-260.094
-260.292
-260.491
-260.692
-260.894
-261.098
-261.303
-261.509
-261.717
-261.926
-262.137
-262.35
-262.563
-262.779
-262.995
-263.213
-263.433
-263.654
-263.876
-264.1
-264.326
-264.552
-264.78
-265.01
-265.241
-265.474
-265.708
-251.107
-251.128
-251.134
-251.134
-251.151
-251.169
-251.181
-251.198
-251.22
-251.244
-251.268
-251.293
-251.321
-251.351
-251.382
-251.415
-251.449
-251.484
-251.522
-251.56
-251.6
-251.642
-251.685
-251.73
-251.776
-251.823
-251.872
-251.923
-251.975
-252.028
-252.083
-252.139
-252.197
-252.256
-252.317
-252.379
-252.442
-252.507
-252.574
-252.642
-252.711
-252.782
-252.854
-252.928
-253.003
-253.08
-253.158
-253.237
-253.318
-253.401
-253.485
-253.57
-253.657
-253.745
-253.835
-253.927
-254.019
-254.113
-254.209
-254.306
-254.405
-254.505
-254.606
-254.709
-254.814
-254.919
-255.027
-255.136
-255.246
-255.357
-255.471
-255.585
-255.701
-255.819
-255.938
-256.058
-256.18
-256.304
-256.428
-256.555
-256.683
-256.812
-256.942
-257.075
-257.208
-257.343
-257.48
-257.618
-257.757
-257.898
-258.04
-258.184
-258.329
-258.476
-258.624
-258.774
-258.925
-259.078
-259.232
-259.387
-259.544
-259.702
-259.862
-260.024
-260.186
-260.351
-260.516
-260.683
-260.852
-261.022
-261.194
-261.367
-261.541
-261.717
-261.894
-262.073
-262.253
-262.435
-262.618
-262.803
-262.989
-263.177
-263.366
-263.556
-263.748
-263.941
-264.136
-264.332
-264.53
-264.729
-264.93
-265.132
-265.336
-265.541
-265.747
-265.955
-266.165
-266.375
-266.588
-266.802
-267.017
-267.233
-267.452
-267.671
-267.892
-268.115
-268.338
-268.564
-268.79
-269.019
-269.248
-269.48
-269.712
-269.946
-270.182
-255.344
-255.365
-255.371
-255.371
-255.388
-255.406
-255.419
-255.436
-255.458
-255.481
-255.505
-255.531
-255.559
-255.589
-255.62
-255.653
-255.687
-255.722
-255.76
-255.798
-255.839
-255.88
-255.923
-255.968
-256.014
-256.061
-256.11
-256.161
-256.213
-256.266
-256.321
-256.377
-256.435
-256.494
-256.555
-256.617
-256.68
-256.745
-256.812
-256.88
-256.949
-257.02
-257.092
-257.166
-257.241
-257.318
-257.396
-257.475
-257.556
-257.639
-257.723
-257.808
-257.895
-257.984
-258.073
-258.165
-258.257
-258.352
-258.447
-258.544
-258.643
-258.743
-258.844
-258.947
-259.052
-259.158
-259.265
-259.374
-259.484
-259.596
-259.709
-259.823
-259.939
-260.057
-260.176
-260.296
-260.418
-260.542
-260.667
-260.793
-260.921
-261.05
-261.18
-261.313
-261.446
-261.581
-261.718
-261.856
-261.995
-262.136
-262.278
-262.422
-262.567
-262.714
-262.862
-263.012
-263.163
-263.316
-263.47
-263.625
-263.782
-263.941
-264.1
-264.262
-264.424
-264.589
-264.754
-264.922
-265.09
-265.26
-265.432
-265.605
-265.779
-265.955
-266.132
-266.311
-266.491
-266.673
-266.856
-267.041
-267.227
-267.415
-267.604
-267.794
-267.986
-268.179
-268.374
-268.571
-268.768
-268.967
-269.168
-269.37
-269.574
-269.779
-269.985
-270.193
-270.403
-270.614
-270.826
-271.04
-271.255
-271.472
-271.69
-271.909
-272.13
-272.353
-272.577
-272.802
-273.029
-273.257
-273.487
-273.718
-273.951
-274.185
-274.42
-274.658
-259.581
-259.601
-259.608
-259.608
-259.624
-259.643
-259.656
-259.673
-259.695
-259.719
-259.743
-259.769
-259.797
-259.827
-259.858
-259.89
-259.925
-259.96
-259.998
-260.036
-260.077
-260.118
-260.161
-260.206
-260.252
-260.3
-260.348
-260.399
-260.451
-260.504
-260.559
-260.615
-260.673
-260.732
-260.793
-260.855
-260.918
-260.983
-261.05
-261.118
-261.187
-261.258
-261.33
-261.404
-261.479
-261.556
-261.634
-261.714
-261.795
-261.877
-261.961
-262.046
-262.133
-262.222
-262.311
-262.403
-262.495
-262.59
-262.685
-262.782
-262.881
-262.981
-263.082
-263.185
-263.29
-263.396
-263.503
-263.612
-263.722
-263.834
-263.947
-264.061
-264.178
-264.295
-264.414
-264.535
-264.656
-264.78
-264.905
-265.031
-265.159
-265.288
-265.419
-265.551
-265.684
-265.819
-265.956
-266.094
-266.233
-266.374
-266.517
-266.66
-266.806
-266.952
-267.1
-267.25
-267.401
-267.554
-267.708
-267.863
-268.02
-268.179
-268.338
-268.5
-268.663
-268.827
-268.992
-269.16
-269.328
-269.498
-269.67
-269.843
-270.017
-270.193
-270.37
-270.549
-270.73
-270.911
-271.094
-271.279
-271.465
-271.653
-271.842
-272.032
-272.224
-272.417
-272.612
-272.809
-273.006
-273.206
-273.406
-273.608
-273.812
-274.017
-274.223
-274.431
-274.641
-274.852
-275.064
-275.278
-275.493
-275.71
-275.928
-276.147
-276.368
-276.591
-276.815
-277.04
-277.267
-277.495
-277.725
-277.956
-278.189
-278.423
-278.659
-278.896
-279.135
-263.817
-263.838
-263.844
-263.844
-263.861
-263.88
-263.893
-263.91
-263.933
-263.956
-263.981
-264.007
-264.035
-264.065
-264.096
-264.128
-264.163
-264.198
-264.236
-264.274
-264.315
-264.356
-264.399
-264.444
-264.49
-264.538
-264.587
-264.637
-264.689
-264.742
-264.797
-264.853
-264.911
-264.97
-265.031
-265.093
-265.156
-265.221
-265.288
-265.356
-265.425
-265.496
-265.568
-265.642
-265.717
-265.794
-265.872
-265.952
-266.033
-266.115
-266.199
-266.285
-266.371
-266.46
-266.55
-266.641
-266.734
-266.828
-266.923
-267.02
-267.119
-267.219
-267.321
-267.423
-267.528
-267.634
-267.741
-267.85
-267.96
-268.072
-268.185
-268.3
-268.416
-268.533
-268.652
-268.773
-268.895
-269.018
-269.143
-269.269
-269.397
-269.526
-269.657
-269.789
-269.922
-270.057
-270.194
-270.332
-270.471
-270.612
-270.755
-270.898
-271.044
-271.19
-271.339
-271.488
-271.639
-271.792
-271.946
-272.101
-272.258
-272.417
-272.577
-272.738
-272.901
-273.065
-273.231
-273.398
-273.566
-273.736
-273.908
-274.081
-274.255
-274.431
-274.609
-274.787
-274.968
-275.149
-275.333
-275.517
-275.703
-275.891
-276.08
-276.27
-276.462
-276.656
-276.85
-277.047
-277.244
-277.444
-277.644
-277.846
-278.05
-278.255
-278.462
-278.67
-278.879
-279.09
-279.302
-279.516
-279.731
-279.948
-280.166
-280.385
-280.607
-280.829
-281.053
-281.278
-281.505
-281.733
-281.963
-282.194
-282.427
-282.661
-282.897
-283.134
-283.373
-268.053
-268.074
-268.08
-268.081
-268.098
-268.116
-268.13
-268.147
-268.17
-268.194
-268.218
-268.244
-268.273
-268.302
-268.334
-268.366
-268.401
-268.436
-268.474
-268.512
-268.553
-268.594
-268.638
-268.682
-268.728
-268.776
-268.825
-268.875
-268.927
-268.98
-269.035
-269.091
-269.149
-269.208
-269.269
-269.331
-269.394
-269.459
-269.526
-269.594
-269.663
-269.734
-269.806
-269.88
-269.955
-270.032
-270.11
-270.19
-270.271
-270.353
-270.437
-270.523
-270.609
-270.698
-270.788
-270.879
-270.972
-271.066
-271.161
-271.259
-271.357
-271.457
-271.559
-271.662
-271.766
-271.872
-271.979
-272.088
-272.198
-272.31
-272.423
-272.538
-272.654
-272.771
-272.89
-273.011
-273.133
-273.256
-273.381
-273.507
-273.635
-273.764
-273.895
-274.027
-274.16
-274.296
-274.432
-274.57
-274.709
-274.85
-274.993
-275.136
-275.282
-275.428
-275.577
-275.726
-275.877
-276.03
-276.184
-276.339
-276.496
-276.655
-276.815
-276.976
-277.139
-277.303
-277.469
-277.636
-277.804
-277.974
-278.146
-278.319
-278.493
-278.669
-278.847
-279.025
-279.206
-279.387
-279.571
-279.755
-279.941
-280.129
-280.318
-280.508
-280.7
-280.894
-281.089
-281.285
-281.483
-281.682
-281.882
-282.085
-282.288
-282.493
-282.7
-282.908
-283.117
-283.328
-283.54
-283.754
-283.969
-284.186
-284.404
-284.624
-284.845
-285.067
-285.291
-285.516
-285.743
-285.972
-286.201
-286.433
-286.665
-286.9
-287.135
-287.373
-287.611
-287.852
-272.289
-272.31
-272.316
-272.317
-272.334
-272.353
-272.367
-272.384
-272.407
-272.431
-272.456
-272.482
-272.51
-272.54
-272.572
-272.604
-272.639
-272.674
-272.712
-272.751
-272.791
-272.832
-272.876
-272.92
-272.966
-273.014
-273.063
-273.113
-273.165
-273.218
-273.273
-273.329
-273.387
-273.446
-273.507
-273.569
-273.633
-273.698
-273.764
-273.832
-273.901
-273.972
-274.044
-274.118
-274.193
-274.27
-274.348
-274.428
-274.509
-274.591
-274.675
-274.761
-274.848
-274.936
-275.026
-275.117
-275.21
-275.304
-275.4
-275.497
-275.595
-275.695
-275.797
-275.9
-276.004
-276.11
-276.217
-276.326
-276.436
-276.548
-276.661
-276.776
-276.892
-277.009
-277.128
-277.249
-277.371
-277.494
-277.619
-277.745
-277.873
-278.002
-278.133
-278.265
-278.399
-278.534
-278.67
-278.808
-278.947
-279.088
-279.231
-279.375
-279.52
-279.667
-279.815
-279.964
-280.115
-280.268
-280.422
-280.578
-280.734
-280.893
-281.053
-281.214
-281.377
-281.541
-281.707
-281.874
-282.042
-282.212
-282.384
-282.557
-282.731
-282.907
-283.085
-283.263
-283.444
-283.625
-283.809
-283.993
-284.179
-284.367
-284.556
-284.746
-284.938
-285.132
-285.327
-285.523
-285.721
-285.92
-286.121
-286.323
-286.526
-286.731
-286.938
-287.146
-287.355
-287.566
-287.778
-287.992
-288.207
-288.424
-288.642
-288.862
-289.083
-289.305
-289.529
-289.755
-289.981
-290.21
-290.44
-290.671
-290.904
-291.138
-291.374
-291.611
-291.85
-292.09
-292.332
-276.524
-276.546
-276.552
-276.553
-276.57
-276.59
-276.604
-276.621
-276.644
-276.669
-276.693
-276.72
-276.748
-276.778
-276.809
-276.842
-276.877
-276.912
-276.95
-276.989
-277.029
-277.07
-277.114
-277.158
-277.204
-277.252
-277.301
-277.351
-277.403
-277.456
-277.511
-277.567
-277.625
-277.684
-277.745
-277.807
-277.871
-277.936
-278.002
-278.07
-278.139
-278.21
-278.282
-278.356
-278.431
-278.508
-278.586
-278.666
-278.747
-278.829
-278.913
-278.999
-279.086
-279.174
-279.264
-279.355
-279.448
-279.542
-279.638
-279.735
-279.833
-279.933
-280.035
-280.138
-280.242
-280.348
-280.455
-280.564
-280.674
-280.786
-280.899
-281.014
-281.13
-281.247
-281.366
-281.487
-281.609
-281.732
-281.857
-281.983
-282.111
-282.24
-282.371
-282.503
-282.637
-282.772
-282.908
-283.046
-283.186
-283.326
-283.469
-283.613
-283.758
-283.905
-284.053
-284.202
-284.354
-284.506
-284.66
-284.816
-284.973
-285.131
-285.291
-285.452
-285.615
-285.779
-285.945
-286.112
-286.281
-286.451
-286.622
-286.795
-286.969
-287.145
-287.323
-287.502
-287.682
-287.864
-288.047
-288.231
-288.417
-288.605
-288.794
-288.984
-289.176
-289.37
-289.565
-289.761
-289.959
-290.158
-290.359
-290.561
-290.764
-290.969
-291.176
-291.384
-291.593
-291.804
-292.016
-292.23
-292.445
-292.662
-292.88
-293.1
-293.321
-293.543
-293.767
-293.993
-294.22
-294.448
-294.678
-294.909
-295.142
-295.376
-295.612
-295.849
-296.088
-296.328
-296.57
-280.76
-280.781
-280.788
-280.789
-280.807
-280.826
-280.84
-280.858
-280.882
-280.906
-280.931
-280.957
-280.986
-281.016
-281.047
-281.08
-281.115
-281.15
-281.188
-281.227
-281.267
-281.309
-281.352
-281.396
-281.442
-281.49
-281.539
-281.589
-281.641
-281.694
-281.749
-281.806
-281.863
-281.922
-281.983
-282.045
-282.109
-282.174
-282.24
-282.308
-282.377
-282.448
-282.521
-282.594
-282.669
-282.746
-282.824
-282.904
-282.985
-283.067
-283.151
-283.237
-283.324
-283.412
-283.502
-283.593
-283.686
-283.78
-283.876
-283.973
-284.071
-284.171
-284.273
-284.376
-284.48
-284.586
-284.693
-284.802
-284.912
-285.024
-285.137
-285.252
-285.368
-285.485
-285.604
-285.725
-285.847
-285.97
-286.095
-286.221
-286.349
-286.478
-286.609
-286.741
-286.875
-287.01
-287.146
-287.284
-287.424
-287.565
-287.707
-287.851
-287.996
-288.143
-288.291
-288.44
-288.592
-288.744
-288.898
-289.054
-289.211
-289.369
-289.529
-289.69
-289.853
-290.017
-290.183
-290.35
-290.519
-290.689
-290.86
-291.033
-291.208
-291.383
-291.561
-291.74
-291.92
-292.102
-292.285
-292.469
-292.656
-292.843
-293.032
-293.223
-293.414
-293.608
-293.803
-293.999
-294.197
-294.396
-294.597
-294.799
-295.002
-295.207
-295.414
-295.622
-295.831
-296.042
-296.254
-296.468
-296.684
-296.9
-297.118
-297.338
-297.559
-297.782
-298.005
-298.231
-298.458
-298.686
-298.916
-299.147
-299.38
-299.614
-299.85
-300.088
-300.326
-300.567
-300.809
-301.052
-284.995
-285.016
-285.024
-285.025
-285.043
-285.063
-285.077
-285.095
-285.119
-285.143
-285.168
-285.195
-285.224
-285.254
-285.285
-285.318
-285.353
-285.388
-285.426
-285.465
-285.505
-285.547
-285.59
-285.634
-285.68
-285.728
-285.777
-285.827
-285.879
-285.933
-285.987
-286.044
-286.101
-286.16
-286.221
-286.283
-286.347
-286.412
-286.478
-286.546
-286.615
-286.686
-286.759
-286.832
-286.908
-286.984
-287.062
-287.142
-287.223
-287.305
-287.389
-287.475
-287.562
-287.65
-287.74
-287.831
-287.924
-288.018
-288.114
-288.211
-288.309
-288.409
-288.511
-288.614
-288.718
-288.824
-288.931
-289.04
-289.15
-289.262
-289.375
-289.49
-289.606
-289.723
-289.842
-289.963
-290.085
-290.208
-290.333
-290.459
-290.587
-290.716
-290.847
-290.979
-291.113
-291.248
-291.384
-291.522
-291.662
-291.803
-291.945
-292.089
-292.234
-292.381
-292.529
-292.679
-292.83
-292.982
-293.136
-293.292
-293.449
-293.607
-293.767
-293.928
-294.091
-294.255
-294.421
-294.588
-294.757
-294.927
-295.098
-295.271
-295.446
-295.622
-295.799
-295.978
-296.158
-296.34
-296.523
-296.707
-296.894
-297.081
-297.27
-297.461
-297.653
-297.846
-298.041
-298.237
-298.435
-298.634
-298.835
-299.037
-299.24
-299.445
-299.652
-299.86
-300.069
-300.28
-300.493
-300.706
-300.922
-301.138
-301.356
-301.576
-301.797
-302.02
-302.244
-302.469
-302.696
-302.924
-303.154
-303.385
-303.618
-303.853
-304.088
-304.326
-304.565
-304.805
-305.047
-305.29
-305.535
-289.23
-289.252
-289.259
-289.261
-289.279
-289.299
-289.314
-289.332
-289.356
-289.381
-289.406
-289.433
-289.461
-289.491
-289.523
-289.556
-289.59
-289.626
-289.664
-289.703
-289.743
-289.785
-289.828
-289.872
-289.918
-289.966
-290.015
-290.065
-290.117
-290.171
-290.225
-290.282
-290.339
-290.399
-290.459
-290.521
-290.585
-290.65
-290.716
-290.784
-290.854
-290.924
-290.997
-291.07
-291.146
-291.222
-291.3
-291.38
-291.461
-291.544
-291.627
-291.713
-291.8
-291.888
-291.978
-292.069
-292.162
-292.256
-292.352
-292.449
-292.547
-292.647
-292.749
-292.852
-292.956
-293.062
-293.169
-293.278
-293.388
-293.5
-293.613
-293.728
-293.844
-293.962
-294.081
-294.201
-294.323
-294.446
-294.571
-294.697
-294.825
-294.954
-295.085
-295.217
-295.351
-295.486
-295.622
-295.76
-295.9
-296.041
-296.183
-296.327
-296.472
-296.619
-296.767
-296.917
-297.068
-297.22
-297.374
-297.53
-297.687
-297.845
-298.005
-298.166
-298.329
-298.493
-298.659
-298.826
-298.995
-299.165
-299.336
-299.509
-299.684
-299.86
-300.037
-300.216
-300.396
-300.578
-300.761
-300.946
-301.132
-301.319
-301.508
-301.699
-301.891
-302.084
-302.279
-302.475
-302.673
-302.872
-303.073
-303.275
-303.479
-303.684
-303.89
-304.098
-304.307
-304.518
-304.731
-304.944
-305.16
-305.376
-305.595
-305.814
-306.035
-306.258
-306.482
-306.707
-306.934
-307.162
-307.392
-307.624
-307.857
-308.091
-308.327
-308.564
-308.803
-309.043
-309.285
-309.528
-309.773
-310.02
-293.465
-293.486
-293.494
-293.496
-293.515
-293.535
-293.55
-293.569
-293.593
-293.618
-293.643
-293.67
-293.699
-293.729
-293.761
-293.794
-293.828
-293.864
-293.902
-293.941
-293.981
-294.023
-294.066
-294.11
-294.156
-294.204
-294.253
-294.303
-294.355
-294.409
-294.463
-294.52
-294.577
-294.637
-294.697
-294.759
-294.823
-294.888
-294.954
-295.022
-295.092
-295.162
-295.235
-295.308
-295.384
-295.46
-295.538
-295.618
-295.699
-295.782
-295.866
-295.951
-296.038
-296.126
-296.216
-296.307
-296.4
-296.494
-296.59
-296.687
-296.785
-296.885
-296.987
-297.09
-297.194
-297.3
-297.407
-297.516
-297.626
-297.738
-297.851
-297.966
-298.082
-298.2
-298.319
-298.439
-298.561
-298.684
-298.809
-298.935
-299.063
-299.192
-299.323
-299.455
-299.589
-299.724
-299.86
-299.998
-300.138
-300.279
-300.421
-300.565
-300.71
-300.857
-301.005
-301.155
-301.306
-301.458
-301.612
-301.768
-301.925
-302.083
-302.243
-302.404
-302.567
-302.731
-302.897
-303.064
-303.233
-303.403
-303.574
-303.747
-303.922
-304.098
-304.275
-304.454
-304.634
-304.816
-304.999
-305.184
-305.37
-305.557
-305.746
-305.937
-306.129
-306.322
-306.517
-306.713
-306.911
-307.11
-307.311
-307.513
-307.717
-307.922
-308.128
-308.336
-308.545
-308.756
-308.969
-309.182
-309.398
-309.614
-309.833
-310.052
-310.273
-310.496
-310.72
-310.945
-311.172
-311.401
-311.63
-311.862
-312.095
-312.329
-312.565
-312.802
-313.041
-313.281
-313.523
-313.767
-314.012
-314.258
-297.699
-297.721
-297.729
-297.731
-297.75
-297.771
-297.787
-297.806
-297.83
-297.855
-297.881
-297.908
-297.937
-297.967
-297.999
-298.032
-298.066
-298.102
-298.14
-298.179
-298.219
-298.261
-298.304
-298.348
-298.395
-298.442
-298.491
-298.541
-298.593
-298.647
-298.701
-298.758
-298.815
-298.875
-298.935
-298.997
-299.061
-299.126
-299.192
-299.26
-299.33
-299.4
-299.473
-299.546
-299.622
-299.698
-299.776
-299.856
-299.937
-300.02
-300.104
-300.189
-300.276
-300.364
-300.454
-300.545
-300.638
-300.732
-300.828
-300.925
-301.023
-301.123
-301.225
-301.328
-301.432
-301.538
-301.645
-301.754
-301.864
-301.976
-302.089
-302.204
-302.32
-302.438
-302.557
-302.677
-302.799
-302.922
-303.047
-303.173
-303.301
-303.43
-303.561
-303.693
-303.827
-303.962
-304.098
-304.236
-304.376
-304.517
-304.659
-304.803
-304.948
-305.095
-305.243
-305.393
-305.544
-305.696
-305.85
-306.006
-306.163
-306.321
-306.481
-306.642
-306.805
-306.969
-307.135
-307.302
-307.471
-307.641
-307.812
-307.985
-308.16
-308.336
-308.513
-308.692
-308.872
-309.054
-309.237
-309.422
-309.608
-309.795
-309.984
-310.175
-310.367
-310.56
-310.755
-310.951
-311.149
-311.348
-311.549
-311.751
-311.955
-312.16
-312.366
-312.574
-312.784
-312.994
-313.207
-313.421
-313.636
-313.853
-314.071
-314.29
-314.511
-314.734
-314.958
-315.183
-315.41
-315.639
-315.869
-316.1
-316.333
-316.567
-316.803
-317.04
-317.279
-317.52
-317.762
-318.005
-318.25
-318.496
-318.744
-301.933
-301.955
-301.964
-301.966
-301.986
-302.007
-302.023
-302.043
-302.067
-302.092
-302.118
-302.145
-302.174
-302.205
-302.237
-302.27
-302.304
-302.34
-302.378
-302.417
-302.457
-302.499
-302.542
-302.586
-302.633
-302.68
-302.729
-302.779
-302.831
-302.885
-302.94
-302.996
-303.053
-303.113
-303.173
-303.235
-303.299
-303.364
-303.43
-303.498
-303.568
-303.638
-303.711
-303.784
-303.86
-303.936
-304.014
-304.094
-304.175
-304.258
-304.342
-304.427
-304.514
-304.602
-304.692
-304.783
-304.876
-304.97
-305.066
-305.163
-305.261
-305.362
-305.463
-305.566
-305.67
-305.776
-305.884
-305.992
-306.103
-306.214
-306.327
-306.442
-306.558
-306.676
-306.795
-306.915
-307.037
-307.16
-307.285
-307.411
-307.539
-307.668
-307.799
-307.931
-308.065
-308.2
-308.336
-308.474
-308.614
-308.755
-308.897
-309.041
-309.186
-309.333
-309.481
-309.631
-309.782
-309.934
-310.088
-310.244
-310.401
-310.559
-310.719
-310.88
-311.043
-311.207
-311.373
-311.54
-311.709
-311.879
-312.05
-312.223
-312.398
-312.574
-312.751
-312.93
-313.11
-313.292
-313.475
-313.66
-313.846
-314.033
-314.222
-314.413
-314.605
-314.798
-314.993
-315.189
-315.387
-315.586
-315.787
-315.989
-316.193
-316.398
-316.604
-316.812
-317.022
-317.232
-317.445
-317.659
-317.874
-318.091
-318.309
-318.528
-318.749
-318.972
-319.196
-319.422
-319.648
-319.877
-320.107
-320.338
-320.571
-320.805
-321.041
-321.279
-321.518
-321.758
-322
-322.243
-322.488
-322.734
-322.982
-323.232
-306.167
-306.189
-306.198
-306.201
-306.221
-306.243
-306.259
-306.279
-306.304
-306.33
-306.356
-306.383
-306.412
-306.443
-306.474
-306.508
-306.542
-306.578
-306.616
-306.655
-306.695
-306.737
-306.78
-306.824
-306.871
-306.918
-306.967
-307.018
-307.069
-307.123
-307.178
-307.234
-307.292
-307.351
-307.411
-307.473
-307.537
-307.602
-307.668
-307.736
-307.806
-307.876
-307.949
-308.023
-308.098
-308.174
-308.252
-308.332
-308.413
-308.496
-308.58
-308.665
-308.752
-308.84
-308.93
-309.021
-309.114
-309.208
-309.304
-309.401
-309.5
-309.6
-309.701
-309.804
-309.908
-310.014
-310.122
-310.23
-310.341
-310.452
-310.565
-310.68
-310.796
-310.914
-311.033
-311.153
-311.275
-311.398
-311.523
-311.65
-311.777
-311.906
-312.037
-312.169
-312.303
-312.438
-312.574
-312.712
-312.852
-312.993
-313.135
-313.279
-313.424
-313.571
-313.719
-313.869
-314.02
-314.172
-314.326
-314.482
-314.639
-314.797
-314.957
-315.118
-315.281
-315.445
-315.611
-315.778
-315.947
-316.117
-316.288
-316.461
-316.636
-316.812
-316.989
-317.168
-317.348
-317.53
-317.713
-317.898
-318.084
-318.271
-318.46
-318.651
-318.843
-319.036
-319.231
-319.427
-319.625
-319.824
-320.025
-320.227
-320.431
-320.636
-320.842
-321.05
-321.26
-321.471
-321.683
-321.897
-322.112
-322.329
-322.547
-322.766
-322.988
-323.21
-323.434
-323.66
-323.887
-324.115
-324.345
-324.576
-324.809
-325.044
-325.279
-325.517
-325.756
-325.996
-326.238
-326.481
-326.726
-326.973
-327.221
-327.47
-327.721
-310.401
-310.423
-310.432
-310.436
-310.457
-310.479
-310.496
-310.516
-310.541
-310.567
-310.593
-310.621
-310.65
-310.68
-310.712
-310.745
-310.78
-310.816
-310.854
-310.893
-310.933
-310.975
-311.018
-311.062
-311.109
-311.156
-311.205
-311.256
-311.307
-311.361
-311.416
-311.472
-311.53
-311.589
-311.649
-311.711
-311.775
-311.84
-311.906
-311.974
-312.044
-312.114
-312.187
-312.261
-312.336
-312.412
-312.491
-312.57
-312.651
-312.734
-312.818
-312.903
-312.99
-313.078
-313.168
-313.259
-313.352
-313.446
-313.542
-313.639
-313.738
-313.838
-313.939
-314.042
-314.146
-314.252
-314.36
-314.468
-314.579
-314.69
-314.803
-314.918
-315.034
-315.152
-315.271
-315.391
-315.513
-315.636
-315.761
-315.888
-316.015
-316.144
-316.275
-316.407
-316.541
-316.676
-316.812
-316.95
-317.09
-317.231
-317.373
-317.517
-317.662
-317.809
-317.957
-318.107
-318.258
-318.41
-318.564
-318.72
-318.877
-319.035
-319.195
-319.356
-319.519
-319.683
-319.849
-320.016
-320.185
-320.355
-320.526
-320.699
-320.874
-321.05
-321.227
-321.406
-321.586
-321.768
-321.951
-322.136
-322.322
-322.509
-322.698
-322.889
-323.081
-323.274
-323.469
-323.665
-323.863
-324.062
-324.263
-324.465
-324.669
-324.874
-325.08
-325.288
-325.498
-325.709
-325.921
-326.135
-326.35
-326.567
-326.785
-327.005
-327.226
-327.448
-327.672
-327.898
-328.125
-328.353
-328.583
-328.814
-329.047
-329.282
-329.518
-329.755
-329.994
-330.234
-330.476
-330.72
-330.965
-331.211
-331.459
-331.708
-331.959
-314.634
-314.657
-314.666
-314.671
-314.692
-314.715
-314.732
-314.753
-314.778
-314.804
-314.831
-314.858
-314.888
-314.918
-314.95
-314.983
-315.018
-315.054
-315.092
-315.131
-315.171
-315.213
-315.256
-315.3
-315.347
-315.394
-315.443
-315.494
-315.545
-315.599
-315.654
-315.71
-315.768
-315.827
-315.887
-315.949
-316.013
-316.078
-316.144
-316.212
-316.282
-316.352
-316.425
-316.499
-316.574
-316.65
-316.729
-316.808
-316.889
-316.972
-317.056
-317.141
-317.228
-317.316
-317.406
-317.497
-317.59
-317.684
-317.78
-317.877
-317.976
-318.076
-318.177
-318.28
-318.384
-318.49
-318.598
-318.706
-318.817
-318.928
-319.041
-319.156
-319.272
-319.39
-319.509
-319.629
-319.751
-319.874
-319.999
-320.126
-320.253
-320.383
-320.513
-320.645
-320.779
-320.914
-321.05
-321.188
-321.328
-321.469
-321.611
-321.755
-321.9
-322.047
-322.195
-322.345
-322.496
-322.648
-322.802
-322.958
-323.115
-323.273
-323.433
-323.594
-323.757
-323.921
-324.087
-324.254
-324.423
-324.593
-324.764
-324.937
-325.112
-325.288
-325.465
-325.644
-325.824
-326.006
-326.189
-326.374
-326.56
-326.747
-326.936
-327.127
-327.319
-327.512
-327.707
-327.903
-328.101
-328.3
-328.501
-328.703
-328.907
-329.112
-329.318
-329.526
-329.736
-329.947
-330.159
-330.373
-330.588
-330.805
-331.023
-331.243
-331.464
-331.686
-331.91
-332.136
-332.363
-332.591
-332.821
-333.053
-333.285
-333.52
-333.756
-333.993
-334.232
-334.472
-334.714
-334.958
-335.203
-335.449
-335.697
-335.947
-336.198
-336.45
-318.867
-318.89
-318.9
-318.905
-318.927
-318.951
-318.968
-318.989
-319.015
-319.042
-319.068
-319.096
-319.125
-319.156
-319.188
-319.221
-319.256
-319.292
-319.33
-319.369
-319.409
-319.451
-319.494
-319.539
-319.585
-319.632
-319.681
-319.732
-319.783
-319.837
-319.892
-319.948
-320.006
-320.065
-320.125
-320.187
-320.251
-320.316
-320.382
-320.45
-320.52
-320.59
-320.663
-320.737
-320.812
-320.888
-320.967
-321.046
-321.127
-321.21
-321.294
-321.379
-321.466
-321.554
-321.644
-321.735
-321.828
-321.922
-322.018
-322.115
-322.214
-322.314
-322.415
-322.518
-322.622
-322.728
-322.836
-322.944
-323.055
-323.166
-323.279
-323.394
-323.51
-323.628
-323.747
-323.867
-323.989
-324.112
-324.237
-324.364
-324.491
-324.621
-324.751
-324.883
-325.017
-325.152
-325.288
-325.426
-325.566
-325.707
-325.849
-325.993
-326.138
-326.285
-326.433
-326.583
-326.734
-326.886
-327.04
-327.196
-327.353
-327.511
-327.671
-327.832
-327.995
-328.159
-328.325
-328.492
-328.661
-328.831
-329.002
-329.175
-329.35
-329.526
-329.703
-329.882
-330.062
-330.244
-330.427
-330.612
-330.798
-330.985
-331.174
-331.365
-331.557
-331.75
-331.945
-332.141
-332.339
-332.538
-332.739
-332.941
-333.145
-333.35
-333.556
-333.764
-333.974
-334.185
-334.397
-334.611
-334.826
-335.043
-335.261
-335.481
-335.702
-335.924
-336.148
-336.374
-336.601
-336.829
-337.059
-337.291
-337.524
-337.758
-337.994
-338.231
-338.47
-338.711
-338.953
-339.196
-339.441
-339.687
-339.935
-340.185
-340.436
-340.688
-340.942
-323.099
-323.122
-323.133
-323.139
-323.162
-323.186
-323.205
-323.226
-323.252
-323.279
-323.306
-323.334
-323.363
-323.394
-323.426
-323.459
-323.494
-323.53
-323.568
-323.607
-323.647
-323.689
-323.732
-323.777
-323.823
-323.87
-323.919
-323.97
-324.021
-324.075
-324.13
-324.186
-324.244
-324.303
-324.363
-324.425
-324.489
-324.554
-324.62
-324.688
-324.758
-324.828
-324.901
-324.975
-325.05
-325.126
-325.205
-325.284
-325.365
-325.448
-325.532
-325.617
-325.704
-325.792
-325.882
-325.973
-326.066
-326.16
-326.256
-326.353
-326.452
-326.552
-326.653
-326.756
-326.86
-326.966
-327.074
-327.182
-327.293
-327.404
-327.517
-327.632
-327.748
-327.866
-327.985
-328.105
-328.227
-328.35
-328.475
-328.602
-328.729
-328.859
-328.989
-329.121
-329.255
-329.39
-329.526
-329.664
-329.804
-329.945
-330.087
-330.231
-330.376
-330.523
-330.671
-330.821
-330.972
-331.124
-331.278
-331.434
-331.591
-331.749
-331.909
-332.07
-332.233
-332.397
-332.563
-332.73
-332.899
-333.069
-333.24
-333.413
-333.588
-333.764
-333.941
-334.12
-334.3
-334.482
-334.665
-334.85
-335.036
-335.223
-335.412
-335.603
-335.795
-335.988
-336.183
-336.379
-336.577
-336.776
-336.977
-337.179
-337.383
-337.588
-337.794
-338.002
-338.212
-338.423
-338.635
-338.849
-339.064
-339.281
-339.499
-339.719
-339.94
-340.162
-340.386
-340.612
-340.839
-341.067
-341.297
-341.529
-341.762
-341.996
-342.232
-342.469
-342.708
-342.949
-343.191
-343.434
-343.679
-343.926
-344.173
-344.423
-344.674
-344.926
-345.18
-327.331
-327.355
-327.366
-327.373
-327.397
-327.422
-327.441
-327.463
-327.489
-327.516
-327.543
-327.571
-327.601
-327.632
-327.664
-327.697
-327.732
-327.768
-327.806
-327.845
-327.885
-327.927
-327.97
-328.015
-328.061
-328.108
-328.157
-328.208
-328.259
-328.313
-328.368
-328.424
-328.482
-328.541
-328.601
-328.663
-328.727
-328.792
-328.858
-328.926
-328.996
-329.066
-329.139
-329.213
-329.288
-329.364
-329.443
-329.522
-329.603
-329.686
-329.77
-329.855
-329.942
-330.03
-330.12
-330.211
-330.304
-330.398
-330.494
-330.591
-330.69
-330.79
-330.891
-330.994
-331.098
-331.204
-331.312
-331.42
-331.531
-331.642
-331.755
-331.87
-331.986
-332.104
-332.223
-332.343
-332.465
-332.588
-332.713
-332.84
-332.967
-333.096
-333.227
-333.359
-333.493
-333.628
-333.764
-333.902
-334.042
-334.183
-334.325
-334.469
-334.614
-334.761
-334.909
-335.059
-335.21
-335.362
-335.516
-335.672
-335.829
-335.987
-336.147
-336.308
-336.471
-336.635
-336.801
-336.968
-337.137
-337.307
-337.478
-337.651
-337.826
-338.002
-338.179
-338.358
-338.538
-338.72
-338.903
-339.088
-339.274
-339.461
-339.65
-339.841
-340.033
-340.226
-340.421
-340.617
-340.815
-341.014
-341.215
-341.417
-341.621
-341.826
-342.032
-342.24
-342.45
-342.661
-342.873
-343.087
-343.302
-343.519
-343.737
-343.957
-344.178
-344.4
-344.624
-344.85
-345.077
-345.305
-345.535
-345.767
-346
-346.234
-346.47
-346.708
-346.947
-347.187
-347.429
-347.672
-347.917
-348.164
-348.412
-348.661
-348.912
-349.165
-349.419
-349.674
-331.562
-331.586
-331.599
-331.607
-331.631
-331.658
-331.677
-331.7
-331.727
-331.754
-331.781
-331.809
-331.839
-331.87
-331.902
-331.935
-331.97
-332.006
-332.044
-332.082
-332.123
-332.165
-332.208
-332.253
-332.299
-332.346
-332.395
-332.446
-332.497
-332.551
-332.606
-332.662
-332.72
-332.779
-332.839
-332.901
-332.965
-333.03
-333.096
-333.164
-333.234
-333.304
-333.377
-333.451
-333.526
-333.602
-333.68
-333.76
-333.841
-333.924
-334.008
-334.093
-334.18
-334.268
-334.358
-334.449
-334.542
-334.636
-334.732
-334.829
-334.927
-335.028
-335.129
-335.232
-335.336
-335.442
-335.55
-335.658
-335.769
-335.88
-335.993
-336.108
-336.224
-336.342
-336.461
-336.581
-336.703
-336.826
-336.951
-337.078
-337.205
-337.334
-337.465
-337.597
-337.731
-337.866
-338.002
-338.14
-338.28
-338.421
-338.563
-338.707
-338.852
-338.999
-339.147
-339.297
-339.448
-339.6
-339.754
-339.91
-340.067
-340.225
-340.385
-340.546
-340.709
-340.873
-341.039
-341.206
-341.375
-341.545
-341.716
-341.889
-342.064
-342.24
-342.417
-342.596
-342.776
-342.958
-343.141
-343.326
-343.512
-343.699
-343.888
-344.079
-344.271
-344.464
-344.659
-344.855
-345.053
-345.252
-345.453
-345.655
-345.859
-346.064
-346.27
-346.478
-346.688
-346.899
-347.111
-347.325
-347.54
-347.757
-347.975
-348.195
-348.416
-348.638
-348.863
-349.088
-349.315
-349.544
-349.774
-350.005
-350.238
-350.472
-350.708
-350.946
-351.185
-351.425
-351.667
-351.91
-352.155
-352.402
-352.65
-352.899
-353.15
-353.403
-353.657
-353.912
-354.169
-335.792
-335.818
-335.831
-335.84
-335.866
-335.893
-335.914
-335.937
-335.964
-335.991
-336.018
-336.047
-336.076
-336.107
-336.14
-336.173
-336.208
-336.244
-336.282
-336.32
-336.361
-336.403
-336.446
-336.49
-336.537
-336.584
-336.633
-336.684
-336.735
-336.789
-336.844
-336.9
-336.958
-337.017
-337.077
-337.139
-337.203
-337.268
-337.334
-337.402
-337.472
-337.542
-337.615
-337.688
-337.764
-337.84
-337.918
-337.998
-338.079
-338.162
-338.246
-338.331
-338.418
-338.506
-338.596
-338.687
-338.78
-338.874
-338.97
-339.067
-339.165
-339.265
-339.367
-339.47
-339.574
-339.68
-339.787
-339.896
-340.007
-340.118
-340.231
-340.346
-340.462
-340.58
-340.699
-340.819
-340.941
-341.064
-341.189
-341.315
-341.443
-341.572
-341.703
-341.835
-341.969
-342.104
-342.24
-342.378
-342.518
-342.659
-342.801
-342.945
-343.09
-343.237
-343.385
-343.535
-343.686
-343.838
-343.992
-344.148
-344.305
-344.463
-344.623
-344.784
-344.947
-345.111
-345.277
-345.444
-345.613
-345.783
-345.954
-346.127
-346.302
-346.478
-346.655
-346.834
-347.014
-347.196
-347.379
-347.564
-347.75
-347.937
-348.126
-348.317
-348.509
-348.702
-348.897
-349.093
-349.291
-349.49
-349.691
-349.893
-350.097
-350.302
-350.508
-350.716
-350.926
-351.137
-351.349
-351.563
-351.778
-351.995
-352.213
-352.433
-352.654
-352.876
-353.101
-353.326
-353.553
-353.782
-354.012
-354.243
-354.476
-354.71
-354.946
-355.184
-355.423
-355.663
-355.905
-356.149
-356.393
-356.64
-356.888
-357.137
-357.388
-357.641
-357.895
-358.15
-358.408
-358.666
-340.022
-340.048
-340.063
-340.074
-340.101
-340.129
-340.15
-340.174
-340.201
-340.229
-340.256
-340.285
-340.314
-340.345
-340.377
-340.411
-340.446
-340.482
-340.52
-340.558
-340.599
-340.641
-340.684
-340.728
-340.775
-340.822
-340.871
-340.922
-340.973
-341.027
-341.082
-341.138
-341.195
-341.255
-341.315
-341.377
-341.441
-341.506
-341.572
-341.64
-341.71
-341.78
-341.853
-341.926
-342.002
-342.078
-342.156
-342.236
-342.317
-342.4
-342.484
-342.569
-342.656
-342.744
-342.834
-342.925
-343.018
-343.112
-343.208
-343.305
-343.403
-343.503
-343.605
-343.708
-343.812
-343.918
-344.025
-344.134
-344.244
-344.356
-344.469
-344.584
-344.7
-344.818
-344.937
-345.057
-345.179
-345.302
-345.427
-345.553
-345.681
-345.81
-345.941
-346.073
-346.207
-346.342
-346.478
-346.616
-346.756
-346.897
-347.039
-347.183
-347.328
-347.475
-347.623
-347.773
-347.924
-348.076
-348.23
-348.386
-348.543
-348.701
-348.861
-349.022
-349.185
-349.349
-349.515
-349.682
-349.851
-350.021
-350.192
-350.365
-350.54
-350.716
-350.893
-351.072
-351.252
-351.434
-351.617
-351.802
-351.988
-352.175
-352.364
-352.555
-352.747
-352.94
-353.135
-353.331
-353.529
-353.728
-353.929
-354.131
-354.335
-354.54
-354.746
-354.954
-355.164
-355.375
-355.587
-355.801
-356.016
-356.233
-356.451
-356.671
-356.892
-357.115
-357.339
-357.564
-357.791
-358.02
-358.25
-358.481
-358.714
-358.949
-359.184
-359.422
-359.661
-359.901
-360.143
-360.387
-360.632
-360.878
-361.126
-361.376
-361.627
-361.879
-362.133
-362.389
-362.646
-362.904
-344.251
-344.278
-344.295
-344.307
-344.336
-344.365
-344.387
-344.411
-344.439
-344.466
-344.494
-344.522
-344.552
-344.583
-344.615
-344.649
-344.684
-344.72
-344.757
-344.796
-344.837
-344.879
-344.922
-344.966
-345.013
-345.06
-345.109
-345.16
-345.211
-345.265
-345.32
-345.376
-345.433
-345.493
-345.553
-345.615
-345.679
-345.744
-345.81
-345.878
-345.948
-346.018
-346.091
-346.164
-346.24
-346.316
-346.394
-346.474
-346.555
-346.638
-346.722
-346.807
-346.894
-346.982
-347.072
-347.163
-347.256
-347.35
-347.446
-347.543
-347.641
-347.741
-347.843
-347.946
-348.05
-348.156
-348.263
-348.372
-348.482
-348.594
-348.707
-348.822
-348.938
-349.056
-349.175
-349.295
-349.417
-349.54
-349.665
-349.791
-349.919
-350.048
-350.179
-350.311
-350.445
-350.58
-350.716
-350.854
-350.994
-351.135
-351.277
-351.421
-351.566
-351.713
-351.861
-352.011
-352.162
-352.314
-352.468
-352.624
-352.781
-352.939
-353.099
-353.26
-353.423
-353.587
-353.753
-353.92
-354.089
-354.259
-354.43
-354.603
-354.778
-354.954
-355.131
-355.31
-355.49
-355.672
-355.855
-356.04
-356.226
-356.413
-356.602
-356.793
-356.985
-357.178
-357.373
-357.569
-357.767
-357.966
-358.167
-358.369
-358.573
-358.778
-358.984
-359.192
-359.402
-359.613
-359.825
-360.039
-360.254
-360.471
-360.689
-360.909
-361.13
-361.353
-361.577
-361.802
-362.029
-362.258
-362.488
-362.719
-362.952
-363.187
-363.423
-363.66
-363.899
-364.139
-364.381
-364.625
-364.87
-365.116
-365.364
-365.614
-365.865
-366.117
-366.371
-366.627
-366.884
-367.142
-367.402
-348.479
-348.508
-348.526
-348.54
-348.57
-348.601
-348.624
-348.648
-348.676
-348.704
-348.732
-348.76
-348.79
-348.821
-348.853
-348.887
-348.922
-348.958
-348.995
-349.034
-349.075
-349.117
-349.16
-349.204
-349.251
-349.298
-349.347
-349.397
-349.449
-349.503
-349.557
-349.614
-349.671
-349.731
-349.791
-349.853
-349.917
-349.982
-350.048
-350.116
-350.186
-350.256
-350.329
-350.402
-350.478
-350.554
-350.632
-350.712
-350.793
-350.876
-350.959
-351.045
-351.132
-351.22
-351.31
-351.401
-351.494
-351.588
-351.684
-351.781
-351.879
-351.979
-352.081
-352.184
-352.288
-352.394
-352.501
-352.61
-352.72
-352.832
-352.945
-353.06
-353.176
-353.294
-353.413
-353.533
-353.655
-353.778
-353.903
-354.029
-354.157
-354.286
-354.417
-354.549
-354.683
-354.818
-354.954
-355.092
-355.232
-355.373
-355.515
-355.659
-355.804
-355.951
-356.099
-356.249
-356.4
-356.552
-356.706
-356.862
-357.019
-357.177
-357.337
-357.498
-357.661
-357.825
-357.991
-358.158
-358.327
-358.497
-358.668
-358.841
-359.016
-359.192
-359.369
-359.548
-359.728
-359.91
-360.093
-360.278
-360.464
-360.651
-360.84
-361.031
-361.223
-361.416
-361.611
-361.807
-362.005
-362.204
-362.405
-362.607
-362.811
-363.016
-363.222
-363.43
-363.64
-363.851
-364.063
-364.277
-364.492
-364.709
-364.927
-365.147
-365.368
-365.591
-365.815
-366.04
-366.267
-366.496
-366.726
-366.957
-367.19
-367.425
-367.661
-367.898
-368.137
-368.377
-368.619
-368.863
-369.108
-369.354
-369.602
-369.852
-370.103
-370.355
-370.609
-370.865
-371.122
-371.38
-371.641
-371.902
-352.706
-352.736
-352.757
-352.773
-352.805
-352.837
-352.861
-352.885
-352.914
-352.942
-352.97
-352.998
-353.028
-353.059
-353.091
-353.125
-353.16
-353.196
-353.233
-353.272
-353.313
-353.355
-353.398
-353.442
-353.488
-353.536
-353.585
-353.635
-353.687
-353.741
-353.795
-353.852
-353.909
-353.969
-354.029
-354.091
-354.155
-354.22
-354.286
-354.354
-354.423
-354.494
-354.567
-354.64
-354.716
-354.792
-354.87
-354.95
-355.031
-355.113
-355.197
-355.283
-355.37
-355.458
-355.548
-355.639
-355.732
-355.826
-355.922
-356.019
-356.117
-356.217
-356.319
-356.422
-356.526
-356.632
-356.739
-356.848
-356.958
-357.07
-357.183
-357.298
-357.414
-357.531
-357.65
-357.771
-357.893
-358.016
-358.141
-358.267
-358.395
-358.524
-358.655
-358.787
-358.921
-359.056
-359.192
-359.33
-359.47
-359.611
-359.753
-359.897
-360.042
-360.189
-360.337
-360.487
-360.638
-360.79
-360.944
-361.1
-361.257
-361.415
-361.575
-361.736
-361.899
-362.063
-362.229
-362.396
-362.565
-362.735
-362.906
-363.079
-363.254
-363.43
-363.607
-363.786
-363.966
-364.148
-364.331
-364.516
-364.702
-364.889
-365.078
-365.269
-365.461
-365.654
-365.849
-366.045
-366.243
-366.442
-366.643
-366.845
-367.049
-367.254
-367.46
-367.668
-367.878
-368.089
-368.301
-368.515
-368.73
-368.947
-369.165
-369.385
-369.606
-369.829
-370.053
-370.278
-370.505
-370.734
-370.964
-371.195
-371.428
-371.663
-371.899
-372.136
-372.375
-372.616
-372.857
-373.101
-373.346
-373.592
-373.84
-374.09
-374.341
-374.593
-374.847
-375.103
-375.36
-375.619
-375.879
-376.14
-356.932
-356.964
-356.988
-357.006
-357.04
-357.073
-357.098
-357.123
-357.152
-357.18
-357.208
-357.236
-357.266
-357.297
-357.329
-357.363
-357.398
-357.434
-357.471
-357.51
-357.551
-357.593
-357.636
-357.68
-357.726
-357.774
-357.823
-357.873
-357.925
-357.979
-358.033
-358.09
-358.147
-358.207
-358.267
-358.329
-358.393
-358.458
-358.524
-358.592
-358.661
-358.732
-358.805
-358.878
-358.953
-359.03
-359.108
-359.188
-359.269
-359.351
-359.435
-359.521
-359.608
-359.696
-359.786
-359.877
-359.97
-360.064
-360.16
-360.257
-360.355
-360.455
-360.557
-360.66
-360.764
-360.87
-360.977
-361.086
-361.196
-361.308
-361.421
-361.536
-361.652
-361.769
-361.888
-362.009
-362.131
-362.254
-362.379
-362.505
-362.633
-362.762
-362.893
-363.025
-363.159
-363.294
-363.43
-363.568
-363.708
-363.849
-363.991
-364.135
-364.28
-364.427
-364.575
-364.724
-364.876
-365.028
-365.182
-365.338
-365.495
-365.653
-365.813
-365.974
-366.137
-366.301
-366.467
-366.634
-366.803
-366.973
-367.144
-367.317
-367.492
-367.667
-367.845
-368.024
-368.204
-368.386
-368.569
-368.754
-368.94
-369.127
-369.316
-369.507
-369.699
-369.892
-370.087
-370.283
-370.481
-370.68
-370.881
-371.083
-371.287
-371.492
-371.698
-371.906
-372.116
-372.327
-372.539
-372.753
-372.968
-373.185
-373.403
-373.623
-373.844
-374.067
-374.291
-374.516
-374.743
-374.972
-375.202
-375.433
-375.666
-375.901
-376.137
-376.374
-376.613
-376.854
-377.096
-377.339
-377.584
-377.83
-378.078
-378.328
-378.579
-378.831
-379.085
-379.341
-379.598
-379.857
-380.117
-380.378
-380.641
-361.156
-361.191
-361.218
-361.239
-361.276
-361.31
-361.335
-361.361
-361.39
-361.418
-361.446
-361.474
-361.504
-361.535
-361.567
-361.601
-361.636
-361.672
-361.709
-361.748
-361.789
-361.83
-361.874
-361.918
-361.964
-362.012
-362.061
-362.111
-362.163
-362.217
-362.271
-362.328
-362.385
-362.444
-362.505
-362.567
-362.631
-362.696
-362.762
-362.83
-362.899
-362.97
-363.042
-363.116
-363.191
-363.268
-363.346
-363.426
-363.507
-363.589
-363.673
-363.759
-363.846
-363.934
-364.024
-364.115
-364.208
-364.302
-364.398
-364.495
-364.593
-364.693
-364.795
-364.898
-365.002
-365.108
-365.215
-365.324
-365.434
-365.546
-365.659
-365.774
-365.89
-366.007
-366.126
-366.247
-366.369
-366.492
-366.617
-366.743
-366.871
-367
-367.131
-367.263
-367.397
-367.532
-367.668
-367.806
-367.946
-368.086
-368.229
-368.373
-368.518
-368.665
-368.813
-368.962
-369.114
-369.266
-369.42
-369.576
-369.733
-369.891
-370.051
-370.212
-370.375
-370.539
-370.705
-370.872
-371.041
-371.211
-371.382
-371.555
-371.73
-371.905
-372.083
-372.262
-372.442
-372.624
-372.807
-372.991
-373.178
-373.365
-373.554
-373.745
-373.937
-374.13
-374.325
-374.521
-374.719
-374.918
-375.119
-375.321
-375.525
-375.73
-375.936
-376.144
-376.354
-376.565
-376.777
-376.991
-377.206
-377.423
-377.641
-377.861
-378.082
-378.304
-378.529
-378.754
-378.981
-379.21
-379.44
-379.671
-379.904
-380.139
-380.375
-380.612
-380.851
-381.092
-381.334
-381.577
-381.822
-382.068
-382.316
-382.566
-382.817
-383.07
-383.324
-383.579
-383.836
-384.095
-384.355
-384.617
-384.88
-385.144
-365.378
-365.416
-365.447
-365.472
-365.511
-365.547
-365.573
-365.599
-365.628
-365.656
-365.684
-365.712
-365.742
-365.773
-365.805
-365.839
-365.874
-365.91
-365.947
-365.986
-366.027
-366.068
-366.112
-366.156
-366.202
-366.25
-366.299
-366.349
-366.401
-366.455
-366.509
-366.566
-366.623
-366.682
-366.743
-366.805
-366.869
-366.934
-367
-367.068
-367.137
-367.208
-367.28
-367.354
-367.429
-367.506
-367.584
-367.664
-367.745
-367.827
-367.911
-367.997
-368.084
-368.172
-368.262
-368.353
-368.446
-368.54
-368.635
-368.733
-368.831
-368.931
-369.033
-369.136
-369.24
-369.346
-369.453
-369.562
-369.672
-369.784
-369.897
-370.012
-370.128
-370.245
-370.364
-370.485
-370.607
-370.73
-370.855
-370.981
-371.109
-371.238
-371.369
-371.501
-371.635
-371.77
-371.906
-372.044
-372.184
-372.324
-372.467
-372.611
-372.756
-372.903
-373.051
-373.2
-373.351
-373.504
-373.658
-373.814
-373.97
-374.129
-374.289
-374.45
-374.613
-374.777
-374.943
-375.11
-375.278
-375.449
-375.62
-375.793
-375.967
-376.143
-376.321
-376.5
-376.68
-376.862
-377.045
-377.229
-377.415
-377.603
-377.792
-377.983
-378.174
-378.368
-378.563
-378.759
-378.957
-379.156
-379.357
-379.559
-379.763
-379.968
-380.174
-380.382
-380.592
-380.802
-381.015
-381.229
-381.444
-381.661
-381.879
-382.099
-382.32
-382.542
-382.767
-382.992
-383.219
-383.448
-383.678
-383.909
-384.142
-384.377
-384.613
-384.85
-385.089
-385.33
-385.572
-385.815
-386.06
-386.307
-386.555
-386.804
-387.055
-387.308
-387.562
-387.817
-388.074
-388.333
-388.593
-388.855
-389.118
-389.383
-389.649
-369.598
-369.641
-369.677
-369.706
-369.747
-369.785
-369.811
-369.837
-369.866
-369.894
-369.922
-369.951
-369.98
-370.011
-370.044
-370.077
-370.112
-370.148
-370.185
-370.224
-370.265
-370.306
-370.35
-370.394
-370.44
-370.488
-370.537
-370.587
-370.639
-370.692
-370.747
-370.803
-370.861
-370.92
-370.981
-371.043
-371.107
-371.172
-371.238
-371.306
-371.375
-371.446
-371.518
-371.592
-371.667
-371.744
-371.822
-371.902
-371.983
-372.065
-372.149
-372.235
-372.321
-372.41
-372.5
-372.591
-372.684
-372.778
-372.873
-372.971
-373.069
-373.169
-373.271
-373.374
-373.478
-373.584
-373.691
-373.8
-373.91
-374.022
-374.135
-374.25
-374.366
-374.483
-374.602
-374.723
-374.845
-374.968
-375.093
-375.219
-375.347
-375.476
-375.607
-375.739
-375.872
-376.008
-376.144
-376.282
-376.421
-376.562
-376.705
-376.848
-376.994
-377.14
-377.289
-377.438
-377.589
-377.742
-377.896
-378.051
-378.208
-378.367
-378.527
-378.688
-378.851
-379.015
-379.181
-379.348
-379.516
-379.686
-379.858
-380.031
-380.205
-380.381
-380.559
-380.737
-380.918
-381.099
-381.283
-381.467
-381.653
-381.841
-382.03
-382.22
-382.412
-382.606
-382.801
-382.997
-383.195
-383.394
-383.595
-383.797
-384
-384.206
-384.412
-384.62
-384.829
-385.04
-385.253
-385.467
-385.682
-385.899
-386.117
-386.337
-386.558
-386.78
-387.005
-387.23
-387.457
-387.686
-387.916
-388.147
-388.38
-388.615
-388.851
-389.088
-389.327
-389.568
-389.81
-390.053
-390.298
-390.545
-390.793
-391.042
-391.293
-391.546
-391.8
-392.055
-392.312
-392.571
-392.831
-393.093
-393.356
-393.621
-393.887
-373.815
-373.864
-373.906
-373.94
-373.984
-374.023
-374.05
-374.076
-374.105
-374.133
-374.16
-374.189
-374.219
-374.249
-374.282
-374.315
-374.35
-374.386
-374.423
-374.462
-374.503
-374.544
-374.588
-374.632
-374.678
-374.726
-374.775
-374.825
-374.877
-374.93
-374.985
-375.041
-375.099
-375.158
-375.219
-375.281
-375.344
-375.409
-375.476
-375.544
-375.613
-375.684
-375.756
-375.83
-375.905
-375.982
-376.06
-376.14
-376.221
-376.303
-376.387
-376.473
-376.559
-376.648
-376.738
-376.829
-376.922
-377.016
-377.111
-377.208
-377.307
-377.407
-377.509
-377.611
-377.716
-377.822
-377.929
-378.038
-378.148
-378.26
-378.373
-378.488
-378.604
-378.721
-378.84
-378.961
-379.083
-379.206
-379.331
-379.457
-379.585
-379.714
-379.845
-379.977
-380.11
-380.245
-380.382
-380.52
-380.659
-380.8
-380.943
-381.086
-381.232
-381.378
-381.527
-381.676
-381.827
-381.98
-382.134
-382.289
-382.446
-382.605
-382.765
-382.926
-383.089
-383.253
-383.419
-383.586
-383.754
-383.924
-384.096
-384.269
-384.443
-384.619
-384.797
-384.975
-385.156
-385.337
-385.521
-385.705
-385.891
-386.079
-386.268
-386.458
-386.65
-386.844
-387.039
-387.235
-387.433
-387.632
-387.833
-388.035
-388.238
-388.443
-388.65
-388.858
-389.067
-389.278
-389.491
-389.705
-389.92
-390.137
-390.355
-390.575
-390.796
-391.018
-391.243
-391.468
-391.695
-391.924
-392.154
-392.385
-392.618
-392.853
-393.089
-393.326
-393.565
-393.806
-394.048
-394.291
-394.536
-394.783
-395.031
-395.28
-395.531
-395.784
-396.038
-396.293
-396.55
-396.809
-397.069
-397.331
-397.594
-397.859
-398.125
-398.392
-378.029
-378.086
-378.135
-378.174
-378.222
-378.262
-378.289
-378.315
-378.344
-378.372
-378.399
-378.427
-378.457
-378.488
-378.52
-378.553
-378.588
-378.624
-378.661
-378.7
-378.741
-378.782
-378.826
-378.87
-378.916
-378.964
-379.013
-379.063
-379.115
-379.168
-379.223
-379.279
-379.337
-379.396
-379.457
-379.519
-379.582
-379.647
-379.714
-379.782
-379.851
-379.922
-379.994
-380.068
-380.143
-380.22
-380.298
-380.378
-380.459
-380.541
-380.625
-380.71
-380.797
-380.886
-380.975
-381.067
-381.159
-381.254
-381.349
-381.446
-381.545
-381.645
-381.746
-381.849
-381.954
-382.06
-382.167
-382.276
-382.386
-382.498
-382.611
-382.725
-382.842
-382.959
-383.078
-383.199
-383.32
-383.444
-383.569
-383.695
-383.823
-383.952
-384.083
-384.215
-384.348
-384.483
-384.62
-384.758
-384.897
-385.038
-385.181
-385.324
-385.47
-385.616
-385.764
-385.914
-386.065
-386.218
-386.372
-386.527
-386.684
-386.843
-387.002
-387.164
-387.327
-387.491
-387.656
-387.824
-387.992
-388.162
-388.334
-388.507
-388.681
-388.857
-389.035
-389.213
-389.394
-389.575
-389.759
-389.943
-390.129
-390.317
-390.506
-390.696
-390.888
-391.082
-391.277
-391.473
-391.671
-391.87
-392.071
-392.273
-392.476
-392.681
-392.888
-393.096
-393.305
-393.516
-393.729
-393.942
-394.158
-394.375
-394.593
-394.813
-395.034
-395.256
-395.48
-395.706
-395.933
-396.162
-396.392
-396.623
-396.856
-397.091
-397.327
-397.564
-397.803
-398.044
-398.286
-398.529
-398.774
-399.021
-399.269
-399.518
-399.769
-400.022
-400.276
-400.531
-400.788
-401.047
-401.307
-401.569
-401.832
-402.097
-402.363
-402.631
-402.9
-382.239
-382.307
-382.364
-382.409
-382.46
-382.502
-382.529
-382.554
-382.583
-382.61
-382.637
-382.665
-382.695
-382.726
-382.758
-382.791
-382.826
-382.862
-382.899
-382.938
-382.979
-383.02
-383.063
-383.108
-383.154
-383.202
-383.251
-383.301
-383.353
-383.406
-383.461
-383.517
-383.575
-383.634
-383.695
-383.757
-383.82
-383.885
-383.952
-384.02
-384.089
-384.16
-384.232
-384.306
-384.381
-384.458
-384.536
-384.615
-384.696
-384.779
-384.863
-384.948
-385.035
-385.124
-385.213
-385.305
-385.397
-385.492
-385.587
-385.684
-385.783
-385.883
-385.984
-386.087
-386.192
-386.298
-386.405
-386.514
-386.624
-386.736
-386.849
-386.963
-387.079
-387.197
-387.316
-387.436
-387.558
-387.682
-387.807
-387.933
-388.061
-388.19
-388.32
-388.453
-388.586
-388.721
-388.858
-388.996
-389.135
-389.276
-389.418
-389.562
-389.707
-389.854
-390.002
-390.152
-390.303
-390.456
-390.61
-390.765
-390.922
-391.081
-391.24
-391.402
-391.564
-391.729
-391.894
-392.062
-392.23
-392.4
-392.572
-392.745
-392.919
-393.095
-393.272
-393.451
-393.632
-393.813
-393.996
-394.181
-394.367
-394.555
-394.744
-394.934
-395.126
-395.32
-395.514
-395.711
-395.909
-396.108
-396.308
-396.511
-396.714
-396.919
-397.126
-397.334
-397.543
-397.754
-397.967
-398.18
-398.396
-398.613
-398.831
-399.05
-399.272
-399.494
-399.718
-399.944
-400.171
-400.4
-400.63
-400.861
-401.094
-401.329
-401.565
-401.802
-402.041
-402.282
-402.524
-402.767
-403.012
-403.259
-403.507
-403.756
-404.007
-404.26
-404.514
-404.769
-405.026
-405.285
-405.545
-405.807
-406.07
-406.335
-406.601
-406.869
-407.138
-386.444
-386.526
-386.594
-386.645
-386.7
-386.743
-386.769
-386.794
-386.822
-386.849
-386.876
-386.904
-386.933
-386.964
-386.996
-387.029
-387.064
-387.1
-387.137
-387.176
-387.217
-387.258
-387.301
-387.346
-387.392
-387.44
-387.489
-387.539
-387.591
-387.644
-387.699
-387.755
-387.813
-387.872
-387.933
-387.995
-388.058
-388.123
-388.19
-388.258
-388.327
-388.398
-388.47
-388.544
-388.619
-388.696
-388.774
-388.853
-388.934
-389.017
-389.101
-389.186
-389.273
-389.361
-389.451
-389.543
-389.635
-389.729
-389.825
-389.922
-390.021
-390.121
-390.222
-390.325
-390.43
-390.535
-390.643
-390.752
-390.862
-390.973
-391.087
-391.201
-391.317
-391.435
-391.554
-391.674
-391.796
-391.92
-392.044
-392.171
-392.299
-392.428
-392.558
-392.691
-392.824
-392.959
-393.096
-393.234
-393.373
-393.514
-393.656
-393.8
-393.945
-394.092
-394.24
-394.39
-394.541
-394.694
-394.848
-395.003
-395.16
-395.318
-395.478
-395.64
-395.802
-395.967
-396.132
-396.299
-396.468
-396.638
-396.81
-396.983
-397.157
-397.333
-397.51
-397.689
-397.869
-398.051
-398.234
-398.419
-398.605
-398.793
-398.982
-399.172
-399.364
-399.558
-399.752
-399.949
-400.146
-400.346
-400.546
-400.749
-400.952
-401.157
-401.364
-401.572
-401.781
-401.992
-402.205
-402.418
-402.634
-402.85
-403.069
-403.288
-403.51
-403.732
-403.956
-404.182
-404.409
-404.638
-404.868
-405.099
-405.332
-405.567
-405.803
-406.04
-406.279
-406.52
-406.762
-407.005
-407.25
-407.497
-407.745
-407.994
-408.245
-408.498
-408.752
-409.007
-409.264
-409.523
-409.783
-410.045
-410.308
-410.573
-410.839
-411.107
-411.376
-411.647
-390.643
-390.744
-390.824
-390.883
-390.942
-390.985
-391.01
-391.035
-391.061
-391.088
-391.115
-391.142
-391.172
-391.202
-391.234
-391.267
-391.302
-391.338
-391.375
-391.414
-391.454
-391.496
-391.539
-391.584
-391.63
-391.678
-391.726
-391.777
-391.829
-391.882
-391.937
-391.993
-392.051
-392.11
-392.171
-392.233
-392.296
-392.361
-392.428
-392.495
-392.565
-392.636
-392.708
-392.782
-392.857
-392.934
-393.012
-393.091
-393.172
-393.255
-393.339
-393.424
-393.511
-393.599
-393.689
-393.78
-393.873
-393.967
-394.063
-394.16
-394.259
-394.359
-394.46
-394.563
-394.667
-394.773
-394.881
-394.989
-395.1
-395.211
-395.325
-395.439
-395.555
-395.673
-395.792
-395.912
-396.034
-396.158
-396.282
-396.409
-396.536
-396.666
-396.796
-396.928
-397.062
-397.197
-397.334
-397.472
-397.611
-397.752
-397.894
-398.038
-398.183
-398.33
-398.478
-398.628
-398.779
-398.932
-399.086
-399.241
-399.398
-399.556
-399.716
-399.878
-400.04
-400.205
-400.37
-400.537
-400.706
-400.876
-401.048
-401.221
-401.395
-401.571
-401.748
-401.927
-402.107
-402.289
-402.472
-402.657
-402.843
-403.031
-403.22
-403.41
-403.602
-403.795
-403.99
-404.187
-404.384
-404.584
-404.784
-404.986
-405.19
-405.395
-405.602
-405.81
-406.019
-406.23
-406.442
-406.656
-406.872
-407.088
-407.307
-407.526
-407.747
-407.97
-408.194
-408.42
-408.647
-408.875
-409.106
-409.337
-409.57
-409.805
-410.041
-410.278
-410.517
-410.758
-411
-411.243
-411.488
-411.734
-411.982
-412.232
-412.483
-412.736
-412.99
-413.245
-413.502
-413.761
-414.021
-414.283
-414.546
-414.811
-415.077
-415.345
-415.614
-415.885
-416.157
-394.833
-394.96
-395.056
-395.124
-395.185
-395.228
-395.253
-395.275
-395.301
-395.327
-395.353
-395.381
-395.41
-395.44
-395.472
-395.505
-395.54
-395.576
-395.613
-395.652
-395.692
-395.734
-395.777
-395.822
-395.868
-395.915
-395.964
-396.015
-396.067
-396.12
-396.175
-396.231
-396.289
-396.348
-396.408
-396.47
-396.534
-396.599
-396.665
-396.733
-396.803
-396.874
-396.946
-397.02
-397.095
-397.171
-397.25
-397.329
-397.41
-397.493
-397.577
-397.662
-397.749
-397.837
-397.927
-398.018
-398.111
-398.205
-398.301
-398.398
-398.497
-398.597
-398.698
-398.801
-398.905
-399.011
-399.119
-399.227
-399.338
-399.449
-399.562
-399.677
-399.793
-399.911
-400.03
-400.15
-400.272
-400.395
-400.52
-400.647
-400.774
-400.904
-401.034
-401.166
-401.3
-401.435
-401.571
-401.709
-401.849
-401.99
-402.132
-402.276
-402.421
-402.568
-402.716
-402.866
-403.017
-403.169
-403.323
-403.479
-403.636
-403.794
-403.954
-404.115
-404.278
-404.442
-404.608
-404.775
-404.944
-405.114
-405.285
-405.458
-405.633
-405.809
-405.986
-406.165
-406.345
-406.527
-406.71
-406.895
-407.081
-407.268
-407.457
-407.648
-407.84
-408.033
-408.228
-408.424
-408.622
-408.821
-409.022
-409.224
-409.428
-409.633
-409.84
-410.048
-410.257
-410.468
-410.68
-410.894
-411.109
-411.326
-411.544
-411.764
-411.985
-412.208
-412.432
-412.658
-412.885
-413.113
-413.343
-413.575
-413.808
-414.042
-414.278
-414.516
-414.755
-414.995
-415.237
-415.481
-415.726
-415.972
-416.22
-416.47
-416.721
-416.974
-417.228
-417.483
-417.74
-417.999
-418.259
-418.521
-418.784
-419.049
-419.315
-419.583
-419.852
-420.123
-420.395
-420.669
-399.014
-399.176
-399.289
-399.367
-399.432
-399.473
-399.495
-399.517
-399.541
-399.566
-399.592
-399.619
-399.648
-399.678
-399.71
-399.743
-399.778
-399.814
-399.851
-399.89
-399.93
-399.972
-400.015
-400.06
-400.106
-400.153
-400.202
-400.253
-400.305
-400.358
-400.413
-400.469
-400.527
-400.586
-400.646
-400.708
-400.772
-400.837
-400.903
-400.971
-401.041
-401.111
-401.184
-401.257
-401.333
-401.409
-401.487
-401.567
-401.648
-401.731
-401.815
-401.9
-401.987
-402.075
-402.165
-402.256
-402.349
-402.443
-402.539
-402.636
-402.734
-402.834
-402.936
-403.039
-403.143
-403.249
-403.356
-403.465
-403.575
-403.687
-403.8
-403.915
-404.031
-404.149
-404.268
-404.388
-404.51
-404.633
-404.758
-404.884
-405.012
-405.141
-405.272
-405.404
-405.538
-405.673
-405.809
-405.947
-406.087
-406.228
-406.37
-406.514
-406.659
-406.806
-406.954
-407.104
-407.255
-407.407
-407.561
-407.717
-407.874
-408.032
-408.192
-408.353
-408.516
-408.68
-408.846
-409.013
-409.182
-409.352
-409.523
-409.696
-409.871
-410.047
-410.224
-410.403
-410.583
-410.765
-410.948
-411.133
-411.319
-411.506
-411.695
-411.886
-412.078
-412.271
-412.466
-412.662
-412.86
-413.059
-413.26
-413.462
-413.666
-413.871
-414.077
-414.285
-414.495
-414.706
-414.918
-415.132
-415.347
-415.564
-415.782
-416.002
-416.223
-416.446
-416.67
-416.896
-417.123
-417.351
-417.581
-417.813
-418.046
-418.28
-418.516
-418.754
-418.993
-419.233
-419.475
-419.719
-419.964
-420.21
-420.458
-420.708
-420.959
-421.211
-421.466
-421.721
-421.978
-422.237
-422.497
-422.759
-423.022
-423.287
-423.553
-423.821
-424.09
-424.361
-424.633
-424.907
-403.182
-403.393
-403.526
-403.615
-403.682
-403.72
-403.739
-403.758
-403.781
-403.805
-403.831
-403.858
-403.886
-403.917
-403.948
-403.981
-404.016
-404.052
-404.089
-404.128
-404.168
-404.21
-404.253
-404.298
-404.344
-404.391
-404.44
-404.491
-404.542
-404.596
-404.651
-404.707
-404.764
-404.824
-404.884
-404.946
-405.01
-405.075
-405.141
-405.209
-405.278
-405.349
-405.422
-405.495
-405.571
-405.647
-405.725
-405.805
-405.886
-405.968
-406.052
-406.138
-406.225
-406.313
-406.403
-406.494
-406.587
-406.681
-406.777
-406.874
-406.972
-407.072
-407.174
-407.277
-407.381
-407.487
-407.594
-407.703
-407.813
-407.925
-408.038
-408.153
-408.269
-408.386
-408.505
-408.626
-408.748
-408.871
-408.996
-409.122
-409.25
-409.379
-409.51
-409.642
-409.776
-409.911
-410.047
-410.185
-410.325
-410.466
-410.608
-410.752
-410.897
-411.044
-411.192
-411.342
-411.493
-411.645
-411.799
-411.955
-412.112
-412.27
-412.43
-412.591
-412.754
-412.918
-413.084
-413.251
-413.42
-413.59
-413.761
-413.934
-414.109
-414.285
-414.462
-414.641
-414.821
-415.003
-415.186
-415.371
-415.557
-415.744
-415.933
-416.124
-416.316
-416.509
-416.704
-416.9
-417.098
-417.297
-417.498
-417.7
-417.904
-418.109
-418.315
-418.523
-418.733
-418.944
-419.156
-419.37
-419.585
-419.802
-420.02
-420.24
-420.461
-420.684
-420.908
-421.134
-421.361
-421.589
-421.819
-422.051
-422.284
-422.518
-422.754
-422.992
-423.231
-423.471
-423.713
-423.957
-424.202
-424.448
-424.696
-424.946
-425.197
-425.449
-425.703
-425.959
-426.216
-426.475
-426.735
-426.997
-427.26
-427.524
-427.791
-428.059
-428.328
-428.599
-428.871
-429.145
-429.421
-407.333
-407.61
-407.767
-407.869
-407.936
-407.969
-407.984
-408
-408.021
-408.045
-408.069
-408.096
-408.125
-408.155
-408.186
-408.219
-408.254
-408.29
-408.327
-408.366
-408.406
-408.448
-408.491
-408.536
-408.582
-408.629
-408.678
-408.728
-408.78
-408.834
-408.888
-408.945
-409.002
-409.061
-409.122
-409.184
-409.248
-409.313
-409.379
-409.447
-409.516
-409.587
-409.659
-409.733
-409.808
-409.885
-409.963
-410.043
-410.124
-410.206
-410.29
-410.376
-410.463
-410.551
-410.641
-410.732
-410.825
-410.919
-411.015
-411.112
-411.21
-411.31
-411.412
-411.515
-411.619
-411.725
-411.832
-411.941
-412.051
-412.163
-412.276
-412.391
-412.507
-412.624
-412.743
-412.864
-412.986
-413.109
-413.234
-413.36
-413.488
-413.617
-413.748
-413.88
-414.014
-414.149
-414.285
-414.423
-414.563
-414.703
-414.846
-414.99
-415.135
-415.282
-415.43
-415.579
-415.731
-415.883
-416.037
-416.193
-416.35
-416.508
-416.668
-416.829
-416.992
-417.156
-417.322
-417.489
-417.658
-417.828
-417.999
-418.172
-418.347
-418.522
-418.7
-418.879
-419.059
-419.241
-419.424
-419.608
-419.795
-419.982
-420.171
-420.362
-420.554
-420.747
-420.942
-421.138
-421.336
-421.535
-421.736
-421.938
-422.142
-422.347
-422.553
-422.761
-422.971
-423.182
-423.394
-423.608
-423.823
-424.04
-424.258
-424.478
-424.699
-424.922
-425.146
-425.371
-425.599
-425.827
-426.057
-426.289
-426.522
-426.756
-426.992
-427.23
-427.469
-427.709
-427.951
-428.195
-428.44
-428.686
-428.934
-429.184
-429.435
-429.687
-429.941
-430.197
-430.454
-430.713
-430.973
-431.234
-431.498
-431.762
-432.029
-432.296
-432.566
-432.837
-433.109
-433.383
-433.659
-433.936
-411.458
-411.825
-412.011
-412.127
-412.192
-412.218
-412.229
-412.242
-412.261
-412.283
-412.308
-412.335
-412.363
-412.393
-412.424
-412.457
-412.492
-412.528
-412.565
-412.604
-412.644
-412.686
-412.729
-412.774
-412.82
-412.867
-412.916
-412.966
-413.018
-413.072
-413.126
-413.183
-413.24
-413.299
-413.36
-413.422
-413.486
-413.551
-413.617
-413.685
-413.754
-413.825
-413.897
-413.971
-414.046
-414.123
-414.201
-414.281
-414.362
-414.444
-414.528
-414.614
-414.7
-414.789
-414.879
-414.97
-415.063
-415.157
-415.252
-415.349
-415.448
-415.548
-415.65
-415.752
-415.857
-415.963
-416.07
-416.179
-416.289
-416.401
-416.514
-416.629
-416.745
-416.862
-416.981
-417.102
-417.224
-417.347
-417.472
-417.598
-417.726
-417.855
-417.986
-418.118
-418.251
-418.386
-418.523
-418.661
-418.8
-418.941
-419.084
-419.227
-419.373
-419.519
-419.668
-419.817
-419.968
-420.121
-420.275
-420.43
-420.587
-420.746
-420.906
-421.067
-421.23
-421.394
-421.56
-421.727
-421.895
-422.065
-422.237
-422.41
-422.584
-422.76
-422.938
-423.116
-423.297
-423.478
-423.662
-423.846
-424.032
-424.22
-424.409
-424.599
-424.791
-424.985
-425.18
-425.376
-425.574
-425.773
-425.974
-426.176
-426.379
-426.585
-426.791
-426.999
-427.209
-427.419
-427.632
-427.846
-428.061
-428.278
-428.496
-428.716
-428.937
-429.16
-429.384
-429.609
-429.836
-430.065
-430.295
-430.527
-430.76
-430.994
-431.23
-431.468
-431.707
-431.947
-432.189
-432.433
-432.678
-432.924
-433.172
-433.422
-433.673
-433.925
-434.179
-434.435
-434.692
-434.951
-435.211
-435.472
-435.736
-436
-436.267
-436.534
-436.804
-437.075
-437.347
-437.621
-437.897
-438.174
-438.453
-415.593
-416.063
-416.272
-416.392
-416.448
-416.465
-416.472
-416.483
-416.5
-416.522
-416.546
-416.573
-416.601
-416.631
-416.662
-416.695
-416.73
-416.766
-416.803
-416.842
-416.882
-416.924
-416.967
-417.011
-417.057
-417.105
-417.154
-417.204
-417.256
-417.309
-417.364
-417.42
-417.478
-417.537
-417.598
-417.66
-417.723
-417.788
-417.855
-417.923
-417.992
-418.063
-418.135
-418.209
-418.284
-418.361
-418.439
-418.518
-418.6
-418.682
-418.766
-418.851
-418.938
-419.027
-419.116
-419.208
-419.3
-419.395
-419.49
-419.587
-419.686
-419.786
-419.887
-419.99
-420.095
-420.201
-420.308
-420.417
-420.527
-420.639
-420.752
-420.866
-420.983
-421.1
-421.219
-421.34
-421.461
-421.585
-421.71
-421.836
-421.964
-422.093
-422.224
-422.356
-422.489
-422.624
-422.761
-422.899
-423.038
-423.179
-423.322
-423.465
-423.611
-423.757
-423.905
-424.055
-424.206
-424.359
-424.513
-424.668
-424.825
-424.984
-425.143
-425.305
-425.468
-425.632
-425.798
-425.965
-426.133
-426.303
-426.475
-426.648
-426.822
-426.998
-427.176
-427.354
-427.535
-427.716
-427.9
-428.084
-428.27
-428.458
-428.647
-428.837
-429.029
-429.223
-429.418
-429.614
-429.812
-430.011
-430.212
-430.414
-430.617
-430.822
-431.029
-431.237
-431.446
-431.657
-431.87
-432.084
-432.299
-432.516
-432.734
-432.954
-433.175
-433.397
-433.622
-433.847
-434.074
-434.303
-434.533
-434.764
-434.997
-435.232
-435.468
-435.705
-435.944
-436.185
-436.427
-436.67
-436.915
-437.162
-437.41
-437.66
-437.911
-438.163
-438.417
-438.673
-438.93
-439.188
-439.449
-439.71
-439.973
-440.238
-440.504
-440.772
-441.042
-441.312
-441.585
-441.859
-442.135
-442.412
-442.691
-419.551
-420.261
-420.503
-420.64
-420.694
-420.708
-420.713
-420.722
-420.738
-420.76
-420.784
-420.811
-420.839
-420.869
-420.9
-420.933
-420.968
-421.004
-421.041
-421.08
-421.12
-421.162
-421.205
-421.249
-421.295
-421.343
-421.392
-421.442
-421.494
-421.547
-421.602
-421.658
-421.716
-421.775
-421.836
-421.898
-421.961
-422.026
-422.093
-422.161
-422.23
-422.301
-422.373
-422.447
-422.522
-422.599
-422.677
-422.756
-422.837
-422.92
-423.004
-423.089
-423.176
-423.265
-423.354
-423.446
-423.538
-423.632
-423.728
-423.825
-423.924
-424.024
-424.125
-424.228
-424.333
-424.439
-424.546
-424.655
-424.765
-424.877
-424.99
-425.104
-425.22
-425.338
-425.457
-425.577
-425.699
-425.823
-425.948
-426.074
-426.202
-426.331
-426.461
-426.594
-426.727
-426.862
-426.999
-427.137
-427.276
-427.417
-427.559
-427.703
-427.848
-427.995
-428.143
-428.293
-428.444
-428.597
-428.751
-428.906
-429.063
-429.222
-429.381
-429.543
-429.705
-429.87
-430.035
-430.203
-430.371
-430.541
-430.713
-430.886
-431.06
-431.236
-431.413
-431.592
-431.773
-431.954
-432.137
-432.322
-432.508
-432.696
-432.885
-433.075
-433.267
-433.461
-433.655
-433.852
-434.05
-434.249
-434.449
-434.652
-434.855
-435.06
-435.267
-435.475
-435.684
-435.895
-436.108
-436.321
-436.537
-436.754
-436.972
-437.192
-437.413
-437.635
-437.86
-438.085
-438.312
-438.541
-438.771
-439.002
-439.235
-439.47
-439.706
-439.943
-440.182
-440.423
-440.665
-440.908
-441.153
-441.4
-441.648
-441.897
-442.148
-442.401
-442.655
-442.911
-443.168
-443.426
-443.687
-443.948
-444.211
-444.476
-444.742
-445.01
-445.279
-445.55
-445.823
-446.097
-446.372
-446.65
-446.929
-447.209
)
;

boundaryField
{
    inlet
    {
        type            zeroGradient;
    }
    outlet
    {
        type            fixedValue;
        value           nonuniform List<scalar> 0();
    }
    lowerWall
    {
        type            zeroGradient;
    }
    upperWall
    {
        type            zeroGradient;
    }
    frontAndBack
    {
        type            zeroGradient;
    }
    procBoundary3to0
    {
        type            processor;
        value           nonuniform List<scalar> 
150
(
-204.493
-204.514
-204.52
-204.52
-204.536
-204.554
-204.566
-204.582
-204.604
-204.626
-204.65
-204.675
-204.703
-204.732
-204.763
-204.796
-204.83
-209.103
-209.103
-209.14
-209.179
-209.219
-209.261
-209.304
-209.348
-209.394
-209.442
-209.491
-209.541
-209.593
-209.646
-209.701
-209.757
-209.815
-209.874
-209.935
-209.997
-210.06
-210.125
-210.192
-210.26
-210.329
-210.4
-210.472
-210.546
-210.621
-210.698
-210.776
-210.856
-210.937
-211.019
-211.103
-211.189
-211.275
-211.364
-211.454
-211.545
-211.638
-211.732
-211.827
-211.925
-212.023
-212.123
-212.225
-212.328
-212.432
-212.538
-212.645
-212.754
-212.864
-212.976
-213.089
-213.204
-213.32
-213.437
-213.556
-213.677
-213.799
-213.922
-214.047
-214.173
-214.301
-214.43
-214.561
-214.693
-214.826
-214.962
-215.098
-215.236
-215.375
-215.516
-215.659
-215.802
-215.948
-216.094
-216.243
-216.392
-216.543
-216.696
-216.85
-217.005
-217.162
-217.321
-217.481
-217.642
-217.805
-217.969
-218.135
-218.302
-218.47
-218.64
-218.812
-218.985
-219.159
-219.335
-219.513
-219.691
-219.872
-220.053
-220.237
-220.421
-220.607
-220.795
-220.984
-221.174
-221.366
-221.56
-221.754
-221.951
-222.148
-222.348
-222.548
-222.75
-222.954
-223.159
-223.365
-223.573
-223.783
-223.994
-224.206
-224.42
-224.635
-224.851
-225.07
-225.289
-225.51
-225.732
-225.956
-226.182
-226.408
)
;
    }
    procBoundary3to9
    {
        type            processor;
        value           nonuniform List<scalar> 
85
(
-230.875
-235.112
-235.112
-239.58
-239.58
-244.05
-244.05
-248.521
-252.759
-252.759
-257.231
-257.231
-261.706
-265.944
-265.944
-270.419
-270.419
-274.897
-274.897
-279.376
-283.613
-283.613
-288.094
-288.094
-292.576
-296.813
-296.813
-301.297
-301.297
-305.781
-305.781
-310.269
-314.506
-314.506
-318.994
-318.994
-323.483
-323.483
-327.974
-332.212
-332.212
-336.704
-336.704
-341.199
-345.436
-345.436
-349.931
-349.931
-354.428
-354.428
-358.927
-363.164
-363.164
-367.664
-367.664
-372.166
-376.403
-376.403
-380.906
-380.906
-385.411
-385.411
-389.917
-394.154
-394.154
-398.662
-398.662
-403.172
-407.409
-407.409
-411.919
-411.919
-416.431
-416.431
-420.946
-425.183
-425.183
-429.698
-429.698
-434.215
-434.215
-438.734
-442.971
-442.971
-447.492
)
;
    }
}


// ************************************************************************* //
