/*--------------------------------*- C++ -*----------------------------------*\
| =========                 |                                                 |
| \\      /  F ield         | OpenFOAM: The Open Source CFD Toolbox           |
|  \\    /   O peration     | Version:  2512                                  |
|   \\  /    A nd           | Website:  www.openfoam.com                      |
|    \\/     M anipulation  |                                                 |
\*---------------------------------------------------------------------------*/
FoamFile
{
    version     2.0;
    format      ascii;
    arch        "LSB;label=32;scalar=64";
    class       volScalarField;
    location    "0.1";
    object      pB;
}
// * * * * * * * * * * * * * * * * * * * * * * * * * * * * * * * * * * * * * //

dimensions      [1 1 -3 0 0 -1 0];

internalField   nonuniform List<scalar> 
8333
(
0.0207121
0.0606697
0.0990344
0.134747
0.167999
0.198982
0.227894
0.254922
0.280244
0.304015
0.326376
0.347449
0.367346
0.386153
0.403971
0.420852
0.436935
-0.0110535
-0.0303511
-0.0472522
-0.0614526
-0.0731933
-0.0827085
-0.0902135
-0.0959075
-0.0999774
-0.102595
-0.103912
-0.104062
-0.103155
-0.101291
-0.0985361
-0.0949776
-0.0906353
-0.0855804
-0.0799874
-0.0738906
-0.0673076
-0.0602872
-0.0528652
-0.0450687
-0.0369298
-0.0284788
-0.0197481
-0.010771
-0.00157715
0.00780466
0.0173461
0.0270211
0.036807
0.0466822
0.0566278
0.0666259
0.0766599
0.0867144
0.0967765
0.106835
0.11688
0.126901
0.136893
0.146847
0.156758
0.166622
0.176436
0.186195
0.195899
0.205545
0.215133
0.224663
0.234134
0.243546
0.2529
0.262198
0.27144
0.280627
0.289762
0.298847
0.307882
0.316869
0.325812
0.334711
0.343569
0.352387
0.361167
0.369913
0.378624
0.387304
0.395954
0.404576
0.413171
0.421742
0.43029
0.438818
0.447326
0.455817
0.464291
0.472751
0.481197
0.489631
0.498053
0.506466
0.514869
0.523265
0.531654
0.540037
0.548415
0.55679
0.565162
0.573533
0.581903
0.590273
0.598644
0.607018
0.615394
0.623774
0.632159
0.640549
0.648944
0.657346
0.665756
0.674173
0.6826
0.691036
0.699482
0.707938
0.716406
0.724885
0.733379
0.741888
0.750413
0.758954
0.767514
0.776091
0.784687
0.793302
0.801937
0.810591
0.819267
0.827964
0.836683
0.845426
0.854192
0.86298
0.871791
0.880624
0.889479
0.898356
0.907254
0.916172
0.92511
0.934066
0.943038
0.952022
0.961017
0.970022
0.979032
0.988044
0.997056
1.00606
1.01507
1.02406
1.03305
1.04203
1.05103
1.06004
1.06915
-0.0426895
-0.121173
-0.193302
-0.257389
-0.314096
-0.364086
-0.407985
-0.446383
-0.479828
-0.508821
-0.533807
-0.555173
-0.573249
-0.588321
-0.60063
-0.610393
-0.617798
-0.623027
-0.626251
-0.62766
-0.627365
-0.625499
-0.62219
-0.617554
-0.6117
-0.604737
-0.596772
-0.587907
-0.57824
-0.567871
-0.556884
-0.545365
-0.533394
-0.521041
-0.508369
-0.495441
-0.482316
-0.46904
-0.455659
-0.442215
-0.428744
-0.415276
-0.401839
-0.388457
-0.375152
-0.361942
-0.348838
-0.335854
-0.323
-0.310285
-0.297712
-0.285285
-0.273008
-0.260882
-0.248907
-0.237082
-0.225405
-0.213874
-0.202485
-0.191235
-0.180122
-0.169139
-0.158282
-0.147546
-0.136928
-0.126422
-0.116022
-0.105725
-0.0955249
-0.0854166
-0.0753954
-0.0654571
-0.0555968
-0.0458099
-0.0360918
-0.0264383
-0.0168453
-0.00730844
0.00217605
0.0116116
0.0210016
0.0303493
0.0396581
0.0489308
0.05817
0.0673784
0.0765589
0.0857141
0.0948466
0.103959
0.113052
0.122129
0.131192
0.140243
0.149283
0.158315
0.167339
0.176358
0.185373
0.194386
0.203396
0.212407
0.221419
0.230433
0.23945
0.248471
0.257497
0.266529
0.275567
0.284614
0.293669
0.302736
0.311815
0.320906
0.330009
0.339126
0.348257
0.357403
0.366564
0.375739
0.38493
0.394137
0.403361
0.412602
0.42186
0.431134
0.440424
0.449728
0.459047
0.46838
0.477724
0.487082
0.496449
0.505825
0.515208
0.524594
0.53398
0.543367
0.552749
0.562123
0.571487
0.580837
0.590171
0.599488
0.608787
0.618071
0.62735
0.636629
0.645951
-0.074221
-0.211778
-0.339049
-0.452952
-0.554565
-0.644972
-0.725211
-0.796263
-0.85904
-0.914373
-0.962996
-1.00555
-1.04259
-1.07458
-1.10194
-1.12501
-1.14415
-1.15961
-1.17165
-1.18056
-1.18655
-1.18983
-1.19064
-1.18916
-1.18558
-1.1801
-1.1729
-1.16414
-1.154
-1.14264
-1.13021
-1.11685
-1.10269
-1.08786
-1.07247
-1.05661
-1.04039
-1.0239
-1.0072
-0.990376
-0.973483
-0.956572
-0.939691
-0.922886
-0.906192
-0.889639
-0.873248
-0.857043
-0.841044
-0.825263
-0.809709
-0.794389
-0.77931
-0.764473
-0.749881
-0.735532
-0.721423
-0.707552
-0.693912
-0.6805
-0.667311
-0.654336
-0.641567
-0.628998
-0.616622
-0.604429
-0.592414
-0.580567
-0.56888
-0.557345
-0.545955
-0.534702
-0.523579
-0.512578
-0.501692
-0.490914
-0.480238
-0.469657
-0.459163
-0.448754
-0.438421
-0.428161
-0.417968
-0.407836
-0.397762
-0.387742
-0.377771
-0.367845
-0.35796
-0.348112
-0.338299
-0.328516
-0.318761
-0.309031
-0.299323
-0.289634
-0.279963
-0.270306
-0.260661
-0.251028
-0.241402
-0.231784
-0.222172
-0.212562
-0.202956
-0.19335
-0.183745
-0.174139
-0.16453
-0.154918
-0.145301
-0.135677
-0.126046
-0.116407
-0.10676
-0.0971042
-0.0874386
-0.0777632
-0.0680778
-0.0583825
-0.0486772
-0.038961
-0.0292337
-0.0194952
-0.00974584
1.26092e-05
0.00978001
0.0195549
0.0293361
0.0391234
0.0489148
0.0587097
0.0685059
0.0783013
0.0880932
0.0978797
0.107657
0.117424
0.127177
0.136912
0.146626
0.156316
0.165981
0.175617
0.185223
0.194804
0.204354
0.213896
0.223405
0.233018
-0.105658
-0.302145
-0.484437
-0.648049
-0.794469
-0.925198
-1.04169
-1.14532
-1.23736
-1.31896
-1.39117
-1.45487
-1.51083
-1.55971
-1.60209
-1.63846
-1.66929
-1.69496
-1.7158
-1.73218
-1.74445
-1.75288
-1.75778
-1.75945
-1.75815
-1.75414
-1.74769
-1.73905
-1.72843
-1.71608
-1.7022
-1.687
-1.67065
-1.65334
-1.63523
-1.61645
-1.59714
-1.57743
-1.55743
-1.53722
-1.51691
-1.49656
-1.47624
-1.45602
-1.43594
-1.41605
-1.39638
-1.37696
-1.35782
-1.33899
-1.32046
-1.30225
-1.28437
-1.26683
-1.24963
-1.23276
-1.21623
-1.20002
-1.18413
-1.16857
-1.15331
-1.13834
-1.12367
-1.10927
-1.09514
-1.08126
-1.06764
-1.05424
-1.04107
-1.02812
-1.01536
-1.0028
-0.990413
-0.9782
-0.966149
-0.95425
-0.942493
-0.930869
-0.91937
-0.907988
-0.896716
-0.885545
-0.874469
-0.863481
-0.852575
-0.841746
-0.830986
-0.82029
-0.809654
-0.799072
-0.788541
-0.778055
-0.767609
-0.757201
-0.746827
-0.736483
-0.726166
-0.715873
-0.705601
-0.695347
-0.685109
-0.674885
-0.664673
-0.65447
-0.644275
-0.634086
-0.623903
-0.613724
-0.603548
-0.593371
-0.583194
-0.573014
-0.562832
-0.552647
-0.542458
-0.532264
-0.522065
-0.511862
-0.501653
-0.491439
-0.481221
-0.470997
-0.460767
-0.450533
-0.440293
-0.430052
-0.419808
-0.409564
-0.399322
-0.389081
-0.378844
-0.368613
-0.358389
-0.348176
-0.337975
-0.32779
-0.317623
-0.307476
-0.297355
-0.287261
-0.277198
-0.267169
-0.257176
-0.247223
-0.237313
-0.227439
-0.21762
-0.207821
-0.198102
-0.18831
-0.178201
-0.137002
-0.392246
-0.629401
-0.842576
-1.03366
-1.20458
-1.35721
-1.4933
-1.6145
-1.7223
-1.81802
-1.9028
-1.97763
-2.04336
-2.10072
-2.15036
-2.19285
-2.22868
-2.25829
-2.28214
-2.30065
-2.31422
-2.32321
-2.32801
-2.32897
-2.32643
-2.32073
-2.31218
-2.30108
-2.28773
-2.27241
-2.25536
-2.23683
-2.21704
-2.19621
-2.17451
-2.15212
-2.1292
-2.10589
-2.08232
-2.05859
-2.03481
-2.01107
-1.98744
-1.96399
-1.94077
-1.91783
-1.8952
-1.87293
-1.85104
-1.82955
-1.80846
-1.7878
-1.76756
-1.74776
-1.72838
-1.70942
-1.69089
-1.67277
-1.65505
-1.63772
-1.62078
-1.6042
-1.58798
-1.5721
-1.55655
-1.54132
-1.52638
-1.51173
-1.49736
-1.48324
-1.46937
-1.45573
-1.44231
-1.4291
-1.41608
-1.40325
-1.39059
-1.37808
-1.36573
-1.35352
-1.34145
-1.32949
-1.31765
-1.30591
-1.29428
-1.28273
-1.27127
-1.25988
-1.24857
-1.23732
-1.22614
-1.215
-1.20392
-1.19288
-1.18188
-1.17092
-1.16
-1.1491
-1.13823
-1.12738
-1.11655
-1.10574
-1.09495
-1.08416
-1.07339
-1.06264
-1.05189
-1.04114
-1.0304
-1.01967
-1.00893
-0.998203
-0.987473
-0.976744
-0.966015
-0.955285
-0.944554
-0.933824
-0.923094
-0.912364
-0.901634
-0.890904
-0.880175
-0.869447
-0.858724
-0.848006
-0.837295
-0.826592
-0.8159
-0.80522
-0.794553
-0.783904
-0.773274
-0.762666
-0.752083
-0.741528
-0.731003
-0.720514
-0.710063
-0.699653
-0.689287
-0.678968
-0.668699
-0.658487
-0.648323
-0.638233
-0.62818
-0.618223
-0.6082
-0.59789
-0.587281
-0.168248
-0.482051
-0.773877
-1.03643
-1.27201
-1.48295
-1.67155
-1.83996
-1.9902
-2.12408
-2.24321
-2.349
-2.44263
-2.52515
-2.59745
-2.66031
-2.71442
-2.76038
-2.79872
-2.83001
-2.85476
-2.87343
-2.88649
-2.89441
-2.89762
-2.89654
-2.89157
-2.88311
-2.87152
-2.85717
-2.8404
-2.8215
-2.80078
-2.77852
-2.75497
-2.73035
-2.70489
-2.67877
-2.65216
-2.62523
-2.5981
-2.5709
-2.54374
-2.51671
-2.4899
-2.46336
-2.43716
-2.41135
-2.38596
-2.36103
-2.33658
-2.31262
-2.28918
-2.26626
-2.24386
-2.22198
-2.20062
-2.17977
-2.15942
-2.13956
-2.12018
-2.10126
-2.08279
-2.06475
-2.04713
-2.02991
-2.01308
-1.99661
-1.98049
-1.9647
-1.94923
-1.93406
-1.91917
-1.90455
-1.89018
-1.87605
-1.86214
-1.84844
-1.83494
-1.82163
-1.80849
-1.79551
-1.78267
-1.76998
-1.75742
-1.74498
-1.73265
-1.72043
-1.7083
-1.69625
-1.68429
-1.67241
-1.66059
-1.64883
-1.63713
-1.62549
-1.61389
-1.60233
-1.59081
-1.57932
-1.56786
-1.55643
-1.54503
-1.53364
-1.52228
-1.51093
-1.4996
-1.48828
-1.47697
-1.46567
-1.45438
-1.4431
-1.43182
-1.42054
-1.40928
-1.39801
-1.38676
-1.3755
-1.36425
-1.35301
-1.34177
-1.33053
-1.3193
-1.30808
-1.29687
-1.28567
-1.27448
-1.2633
-1.25214
-1.241
-1.22988
-1.21878
-1.2077
-1.19666
-1.18564
-1.17466
-1.16372
-1.15282
-1.14197
-1.13116
-1.1204
-1.1097
-1.09906
-1.08848
-1.07796
-1.06751
-1.05715
-1.04684
-1.03662
-1.02633
-1.01579
-1.00493
-0.199389
-0.571526
-0.917797
-1.22951
-1.50936
-1.76012
-1.9845
-2.18506
-2.36418
-2.52401
-2.66644
-2.79313
-2.9055
-3.00474
-3.09192
-3.16794
-3.23362
-3.28966
-3.33671
-3.3754
-3.40635
-3.4301
-3.44722
-3.45823
-3.46367
-3.46402
-3.45978
-3.45139
-3.43931
-3.42395
-3.40572
-3.38497
-3.36207
-3.33734
-3.31108
-3.28355
-3.25502
-3.2257
-3.19581
-3.16552
-3.13501
-3.1044
-3.07384
-3.04343
-3.01326
-2.98342
-2.95397
-2.92498
-2.89649
-2.86853
-2.84114
-2.81433
-2.78813
-2.76253
-2.73755
-2.71319
-2.68943
-2.66627
-2.6437
-2.62171
-2.60028
-2.5794
-2.55905
-2.5392
-2.51985
-2.50097
-2.48255
-2.46455
-2.44697
-2.42977
-2.41295
-2.39649
-2.38035
-2.36454
-2.34902
-2.33378
-2.31881
-2.30408
-2.28959
-2.27531
-2.26124
-2.24736
-2.23366
-2.22012
-2.20674
-2.1935
-2.18039
-2.16741
-2.15454
-2.14177
-2.1291
-2.11652
-2.10402
-2.09159
-2.07924
-2.06694
-2.0547
-2.04252
-2.03037
-2.01827
-2.00621
-1.99419
-1.98219
-1.97022
-1.95827
-1.94635
-1.93444
-1.92256
-1.91069
-1.89883
-1.88699
-1.87516
-1.86333
-1.85152
-1.83972
-1.82792
-1.81614
-1.80436
-1.7926
-1.78084
-1.76909
-1.75736
-1.74563
-1.73392
-1.72222
-1.71054
-1.69888
-1.68724
-1.67563
-1.66404
-1.65248
-1.64095
-1.62945
-1.61799
-1.60658
-1.5952
-1.58388
-1.5726
-1.56138
-1.55022
-1.53912
-1.52809
-1.51712
-1.50623
-1.49541
-1.48467
-1.47402
-1.46345
-1.45295
-1.44239
-1.43159
-1.42049
-1.4091
-0.230413
-0.660634
-1.06109
-1.4217
-1.74557
-2.03591
-2.29584
-2.52835
-2.73616
-2.92178
-3.08739
-3.23487
-3.36586
-3.48175
-3.58373
-3.67286
-3.75006
-3.81613
-3.87184
-3.9179
-3.95501
-3.98382
-4.00495
-4.01904
-4.02669
-4.02846
-4.02492
-4.0166
-4.00401
-3.98763
-3.96794
-3.94534
-3.92026
-3.89306
-3.86409
-3.83366
-3.80206
-3.76957
-3.7364
-3.70277
-3.66888
-3.63488
-3.60093
-3.56715
-3.53365
-3.50052
-3.46785
-3.43569
-3.40411
-3.37314
-3.34283
-3.31318
-3.28423
-3.25598
-3.22843
-3.20159
-3.17545
-3.15
-3.12522
-3.10112
-3.07766
-3.05482
-3.0326
-3.01096
-2.98989
-2.96936
-2.94935
-2.92984
-2.9108
-2.89221
-2.87405
-2.85629
-2.83892
-2.82192
-2.80526
-2.78892
-2.77289
-2.75714
-2.74166
-2.72643
-2.71144
-2.69666
-2.68209
-2.66772
-2.65352
-2.63948
-2.6256
-2.61186
-2.59825
-2.58476
-2.57139
-2.55812
-2.54494
-2.53185
-2.51884
-2.5059
-2.49303
-2.48022
-2.46746
-2.45475
-2.44209
-2.42946
-2.41688
-2.40432
-2.3918
-2.3793
-2.36683
-2.35439
-2.34196
-2.32955
-2.31715
-2.30478
-2.29241
-2.28006
-2.26773
-2.25541
-2.2431
-2.2308
-2.21852
-2.20625
-2.194
-2.18177
-2.16955
-2.15735
-2.14517
-2.13302
-2.12089
-2.10879
-2.09673
-2.08469
-2.07269
-2.06073
-2.04882
-2.03695
-2.02513
-2.01336
-2.00166
-1.99001
-1.97843
-1.96691
-1.95547
-1.9441
-1.93282
-1.92161
-1.91049
-1.89946
-1.88853
-1.87768
-1.86689
-1.85605
-1.84498
-1.83364
-1.82203
-1.81004
-0.26131
-0.749337
-1.20369
-1.61289
-1.9805
-2.31013
-2.60536
-2.86957
-3.10588
-3.3171
-3.50572
-3.67387
-3.82338
-3.95581
-4.07253
-4.17469
-4.26335
-4.33941
-4.40372
-4.45711
-4.50034
-4.53416
-4.55928
-4.57642
-4.58624
-4.58941
-4.58655
-4.57828
-4.56517
-4.54777
-4.52661
-4.50216
-4.47489
-4.44523
-4.41356
-4.38023
-4.34559
-4.30992
-4.27349
-4.23654
-4.19929
-4.16192
-4.12459
-4.08746
-4.05065
-4.01425
-3.97837
-3.94307
-3.90842
-3.87446
-3.84124
-3.80878
-3.77709
-3.7462
-3.71611
-3.68681
-3.6583
-3.63057
-3.60361
-3.5774
-3.55192
-3.52715
-3.50306
-3.47964
-3.45686
-3.43469
-3.41311
-3.39209
-3.37161
-3.35163
-3.33214
-3.31311
-3.29451
-3.27633
-3.25853
-3.2411
-3.22402
-3.20725
-3.19079
-3.17462
-3.15871
-3.14305
-3.12762
-3.1124
-3.09739
-3.08257
-3.06792
-3.05343
-3.03909
-3.02489
-3.01081
-2.99686
-2.983
-2.96925
-2.95559
-2.94202
-2.92851
-2.91508
-2.90171
-2.8884
-2.87514
-2.86192
-2.84875
-2.83562
-2.82252
-2.80946
-2.79642
-2.78341
-2.77043
-2.75747
-2.74453
-2.73161
-2.71871
-2.70583
-2.69296
-2.68012
-2.66729
-2.65448
-2.64168
-2.62891
-2.61616
-2.60343
-2.59072
-2.57804
-2.56539
-2.55276
-2.54017
-2.52761
-2.51509
-2.50262
-2.49018
-2.4778
-2.46547
-2.45319
-2.44097
-2.42882
-2.41673
-2.40471
-2.39277
-2.38091
-2.36912
-2.35742
-2.34581
-2.3343
-2.32288
-2.31156
-2.30034
-2.2892
-2.27811
-2.26697
-2.25563
-2.24403
-2.23216
-2.2199
-0.292067
-0.837593
-1.34551
-1.80299
-2.21399
-2.5826
-2.91283
-3.20848
-3.47304
-3.70966
-3.92112
-4.10979
-4.27769
-4.42657
-4.55793
-4.67306
-4.7731
-4.85908
-4.93195
-4.9926
-5.04191
-5.08071
-5.10978
-5.12993
-5.1419
-5.14644
-5.14425
-5.13601
-5.12237
-5.10393
-5.08129
-5.05499
-5.02554
-4.99341
-4.95905
-4.92284
-4.88515
-4.84633
-4.80666
-4.7664
-4.7258
-4.68508
-4.6444
-4.60394
-4.56383
-4.52419
-4.48512
-4.4467
-4.409
-4.37207
-4.33597
-4.3007
-4.26631
-4.2328
-4.20018
-4.16844
-4.13758
-4.10759
-4.07846
-4.05016
-4.02268
-3.99599
-3.97006
-3.94487
-3.92039
-3.8966
-3.87346
-3.85095
-3.82903
-3.80768
-3.78687
-3.76657
-3.74675
-3.7274
-3.70848
-3.68996
-3.67183
-3.65406
-3.63663
-3.61951
-3.60269
-3.58615
-3.56987
-3.55383
-3.53801
-3.52241
-3.50699
-3.49176
-3.47669
-3.46178
-3.44701
-3.43238
-3.41786
-3.40345
-3.38915
-3.37493
-3.36081
-3.34676
-3.33278
-3.31887
-3.30501
-3.29121
-3.27746
-3.26375
-3.25009
-3.23646
-3.22286
-3.2093
-3.19577
-3.18226
-3.16878
-3.15532
-3.14189
-3.12848
-3.11509
-3.10172
-3.08837
-3.07505
-3.06175
-3.04848
-3.03523
-3.02201
-3.00881
-2.99565
-2.98252
-2.96943
-2.95637
-2.94336
-2.9304
-2.91748
-2.90462
-2.89181
-2.87907
-2.86638
-2.85377
-2.84123
-2.82876
-2.81637
-2.80407
-2.79186
-2.77974
-2.76771
-2.75578
-2.74395
-2.73223
-2.72062
-2.7091
-2.69767
-2.68628
-2.67484
-2.66321
-2.65134
-2.63919
-2.62667
-2.61376
-0.32267
-0.925361
-1.48648
-1.99186
-2.4459
-2.85313
-3.21803
-3.54481
-3.83736
-4.09916
-4.33327
-4.54229
-4.72845
-4.89367
-5.03956
-5.16756
-5.27892
-5.37475
-5.45611
-5.52398
-5.57932
-5.62304
-5.65603
-5.67914
-5.69324
-5.69912
-5.69757
-5.68934
-5.67514
-5.65567
-5.63155
-5.60339
-5.57176
-5.53717
-5.50012
-5.46104
-5.42033
-5.37836
-5.33546
-5.29191
-5.248
-5.20394
-5.15993
-5.11616
-5.07278
-5.02992
-4.98768
-4.94617
-4.90544
-4.86557
-4.8266
-4.78857
-4.75148
-4.71538
-4.68025
-4.64609
-4.61291
-4.58068
-4.54939
-4.51903
-4.48956
-4.46096
-4.4332
-4.40626
-4.38011
-4.3547
-4.33002
-4.30602
-4.28269
-4.25997
-4.23785
-4.2163
-4.19528
-4.17476
-4.15473
-4.13514
-4.11597
-4.0972
-4.07881
-4.06076
-4.04304
-4.02563
-4.0085
-3.99164
-3.97503
-3.95864
-3.94247
-3.9265
-3.91072
-3.8951
-3.87964
-3.86433
-3.84915
-3.83409
-3.81915
-3.80431
-3.78956
-3.7749
-3.76032
-3.74581
-3.73137
-3.71699
-3.70266
-3.68838
-3.67415
-3.65996
-3.64582
-3.6317
-3.61763
-3.60358
-3.58956
-3.57557
-3.5616
-3.54767
-3.53376
-3.51987
-3.50601
-3.49218
-3.47838
-3.46461
-3.45087
-3.43716
-3.42348
-3.40984
-3.39624
-3.38268
-3.36917
-3.35571
-3.34231
-3.32895
-3.31566
-3.30244
-3.28928
-3.27619
-3.26319
-3.25026
-3.23742
-3.22467
-3.21201
-3.19945
-3.18699
-3.17464
-3.16239
-3.15025
-3.13822
-3.12631
-3.1145
-3.10277
-3.09107
-3.07933
-3.0674
-3.05525
-3.04281
-3.03003
-3.01687
-3.00331
-0.353107
-1.0126
-1.62653
-2.1794
-2.67607
-3.12153
-3.52073
-3.87831
-4.19856
-4.48528
-4.74182
-4.97102
-5.1753
-5.35672
-5.51705
-5.65783
-5.78042
-5.88603
-5.97581
-6.05084
-6.11215
-6.16075
-6.19759
-6.22364
-6.23981
-6.247
-6.24607
-6.23783
-6.22307
-6.20253
-6.17693
-6.14691
-6.1131
-6.07606
-6.03633
-5.99438
-5.95066
-5.90557
-5.85946
-5.81265
-5.76544
-5.71806
-5.67076
-5.62371
-5.57708
-5.53102
-5.48565
-5.44106
-5.39734
-5.35455
-5.31275
-5.27196
-5.23222
-5.19354
-5.15592
-5.11937
-5.08388
-5.04943
-5.01602
-4.9836
-4.95217
-4.92169
-4.89212
-4.86345
-4.83563
-4.80863
-4.78242
-4.75696
-4.73221
-4.70815
-4.68473
-4.66194
-4.63972
-4.61806
-4.59692
-4.57627
-4.55607
-4.53632
-4.51697
-4.498
-4.47939
-4.46111
-4.44315
-4.42547
-4.40807
-4.39092
-4.374
-4.3573
-4.3408
-4.32449
-4.30835
-4.29237
-4.27653
-4.26083
-4.24526
-4.22979
-4.21443
-4.19917
-4.18399
-4.16889
-4.15387
-4.13891
-4.12401
-4.10917
-4.09438
-4.07963
-4.06494
-4.05028
-4.03566
-4.02107
-4.00652
-3.992
-3.97751
-3.96306
-3.94863
-3.93424
-3.91987
-3.90554
-3.89124
-3.87697
-3.86274
-3.84855
-3.83439
-3.82028
-3.80621
-3.7922
-3.77823
-3.76432
-3.75048
-3.7367
-3.72298
-3.70934
-3.69577
-3.68229
-3.66889
-3.65558
-3.64237
-3.62926
-3.61625
-3.60334
-3.59055
-3.57787
-3.5653
-3.55285
-3.54052
-3.5283
-3.51619
-3.50416
-3.49216
-3.4801
-3.46788
-3.45543
-3.4427
-3.42965
-3.41621
-3.40235
-3.38805
-0.383365
-1.09926
-1.76557
-2.36549
-2.90434
-3.3876
-3.82069
-4.20872
-4.55634
-4.86772
-5.14646
-5.39564
-5.61787
-5.81536
-5.99001
-6.14348
-6.2772
-6.39252
-6.49065
-6.57276
-6.63998
-6.6934
-6.73405
-6.76299
-6.7812
-6.78967
-6.78932
-6.78104
-6.7657
-6.74409
-6.71699
-6.68511
-6.64912
-6.60964
-6.56724
-6.52244
-6.47573
-6.42753
-6.37823
-6.32818
-6.27769
-6.22703
-6.17645
-6.12615
-6.07631
-6.02708
-5.9786
-5.93097
-5.88429
-5.83861
-5.79399
-5.75048
-5.70811
-5.66688
-5.62681
-5.58789
-5.55012
-5.51348
-5.47795
-5.44351
-5.41013
-5.37778
-5.34643
-5.31604
-5.28657
-5.258
-5.23027
-5.20336
-5.17723
-5.15183
-5.12714
-5.10311
-5.07972
-5.05692
-5.03469
-5.01298
-4.99178
-4.97104
-4.95075
-4.93087
-4.91138
-4.89225
-4.87345
-4.85498
-4.83679
-4.81888
-4.80122
-4.7838
-4.76659
-4.74959
-4.73278
-4.71614
-4.69965
-4.68331
-4.66711
-4.65103
-4.63507
-4.6192
-4.60343
-4.58775
-4.57215
-4.55662
-4.54116
-4.52576
-4.51041
-4.49512
-4.47988
-4.46468
-4.44953
-4.43441
-4.41933
-4.40429
-4.38928
-4.37431
-4.35937
-4.34447
-4.3296
-4.31477
-4.29998
-4.28522
-4.27051
-4.25583
-4.24121
-4.22663
-4.2121
-4.19763
-4.18321
-4.16886
-4.15458
-4.14037
-4.12624
-4.11218
-4.09822
-4.08434
-4.07055
-4.05686
-4.04328
-4.02981
-4.01645
-4.0032
-3.99007
-3.97707
-3.96418
-3.95142
-3.93879
-3.92627
-3.91385
-3.90152
-3.8892
-3.87683
-3.8643
-3.85156
-3.83853
-3.82519
-3.81145
-3.7973
-3.78265
-0.413429
-1.18531
-1.90354
-2.55002
-3.13055
-3.65113
-4.11769
-4.53576
-4.91041
-5.24615
-5.54685
-5.81581
-6.05582
-6.26923
-6.45808
-6.62411
-6.76888
-6.89381
-7.00021
-7.08933
-7.1624
-7.22057
-7.26498
-7.29675
-7.31697
-7.32667
-7.32687
-7.31854
-7.30259
-7.2799
-7.2513
-7.21755
-7.17938
-7.13746
-7.0924
-7.04477
-6.99508
-6.9438
-6.89133
-6.83807
-6.78433
-6.73042
-6.67659
-6.62307
-6.57005
-6.51768
-6.46613
-6.41549
-6.36586
-6.31733
-6.26994
-6.22374
-6.17875
-6.13501
-6.09251
-6.05125
-6.01122
-5.97241
-5.9348
-5.89836
-5.86306
-5.82887
-5.79575
-5.76366
-5.73257
-5.70244
-5.67322
-5.64488
-5.61737
-5.59066
-5.5647
-5.53946
-5.5149
-5.49098
-5.46766
-5.44492
-5.42272
-5.40102
-5.37979
-5.35901
-5.33865
-5.31867
-5.29906
-5.27979
-5.26083
-5.24217
-5.22378
-5.20564
-5.18774
-5.17006
-5.15258
-5.13528
-5.11816
-5.10119
-5.08437
-5.06768
-5.05111
-5.03466
-5.0183
-5.00205
-4.98587
-4.96978
-4.95376
-4.93781
-4.92191
-4.90608
-4.8903
-4.87457
-4.85888
-4.84324
-4.82764
-4.81208
-4.79656
-4.78108
-4.76564
-4.75023
-4.73487
-4.71954
-4.70426
-4.68902
-4.67383
-4.65868
-4.64359
-4.62855
-4.61356
-4.59864
-4.58378
-4.56899
-4.55428
-4.53965
-4.5251
-4.51064
-4.49627
-4.482
-4.46783
-4.45377
-4.43982
-4.42599
-4.41228
-4.3987
-4.38524
-4.37191
-4.35871
-4.34564
-4.3327
-4.31988
-4.30715
-4.29451
-4.28187
-4.26919
-4.25635
-4.24331
-4.22998
-4.21634
-4.2023
-4.18783
-4.17287
-4.15742
-0.443289
-1.2707
-2.04034
-2.73287
-3.35455
-3.91194
-4.41147
-4.85916
-5.26048
-5.62026
-5.94265
-6.23117
-6.48877
-6.71795
-6.92086
-7.09935
-7.25506
-7.3895
-7.50409
-7.60015
-7.67898
-7.74184
-7.78995
-7.8245
-7.84667
-7.85757
-7.85829
-7.84987
-7.83329
-7.80951
-7.77939
-7.74378
-7.70343
-7.65908
-7.61138
-7.56093
-7.50829
-7.45394
-7.39834
-7.34188
-7.28493
-7.2278
-7.17075
-7.11404
-7.05787
-7.00241
-6.94781
-6.89419
-6.84167
-6.79031
-6.74017
-6.69131
-6.64376
-6.59753
-6.55263
-6.50906
-6.46681
-6.42586
-6.38619
-6.34777
-6.31058
-6.27457
-6.2397
-6.20594
-6.17325
-6.14158
-6.11089
-6.08113
-6.05227
-6.02425
-5.99705
-5.97061
-5.9449
-5.91987
-5.89549
-5.87172
-5.84853
-5.82588
-5.80373
-5.78207
-5.76084
-5.74003
-5.71961
-5.69956
-5.67984
-5.66043
-5.64132
-5.62248
-5.60389
-5.58554
-5.5674
-5.54946
-5.5317
-5.51411
-5.49668
-5.47939
-5.46223
-5.44519
-5.42826
-5.41143
-5.39469
-5.37804
-5.36147
-5.34497
-5.32854
-5.31217
-5.29586
-5.2796
-5.26339
-5.24723
-5.23111
-5.21504
-5.19902
-5.18303
-5.16709
-5.15119
-5.13533
-5.11952
-5.10376
-5.08804
-5.07237
-5.05676
-5.0412
-5.0257
-5.01026
-4.9949
-4.9796
-4.96438
-4.94924
-4.93419
-4.91923
-4.90437
-4.8896
-4.87495
-4.8604
-4.84597
-4.83166
-4.81747
-4.80342
-4.7895
-4.77571
-4.76206
-4.74854
-4.73517
-4.72192
-4.70879
-4.69576
-4.6828
-4.66986
-4.65685
-4.6437
-4.63035
-4.61672
-4.60277
-4.58843
-4.57364
-4.55838
-4.54264
-4.52632
-0.472931
-1.3554
-2.17591
-2.9139
-3.57617
-4.16981
-4.7018
-5.17865
-5.60623
-5.98972
-6.33352
-6.64136
-6.91636
-7.16115
-7.37798
-7.5688
-7.73534
-7.8792
-8.00188
-8.10479
-8.18931
-8.25679
-8.30853
-8.34581
-8.36987
-8.38192
-8.38313
-8.37459
-8.35737
-8.33247
-8.30084
-8.26335
-8.22084
-8.17407
-8.12373
-8.07048
-8.0149
-7.95752
-7.89881
-7.83919
-7.77906
-7.71873
-7.65851
-7.59864
-7.53936
-7.48083
-7.42323
-7.36668
-7.31129
-7.25714
-7.2043
-7.15281
-7.10272
-7.05404
-7.00677
-6.96092
-6.91648
-6.87342
-6.83172
-6.79136
-6.75229
-6.71449
-6.6779
-6.6425
-6.60822
-6.57504
-6.54289
-6.51175
-6.48155
-6.45225
-6.42381
-6.39619
-6.36935
-6.34323
-6.3178
-6.29302
-6.26886
-6.24527
-6.22222
-6.19967
-6.1776
-6.15597
-6.13475
-6.11392
-6.09345
-6.07332
-6.05349
-6.03396
-6.01469
-5.99567
-5.97688
-5.9583
-5.93992
-5.92172
-5.90369
-5.8858
-5.86806
-5.85044
-5.83294
-5.81555
-5.79826
-5.78106
-5.76394
-5.7469
-5.72994
-5.71304
-5.6962
-5.67942
-5.6627
-5.64603
-5.6294
-5.61283
-5.5963
-5.57982
-5.56338
-5.54699
-5.53065
-5.51436
-5.49812
-5.48193
-5.46579
-5.44972
-5.4337
-5.41775
-5.40187
-5.38606
-5.37033
-5.35469
-5.33913
-5.32366
-5.3083
-5.29303
-5.27788
-5.26284
-5.24792
-5.23312
-5.21845
-5.20392
-5.18952
-5.17527
-5.16115
-5.14718
-5.13336
-5.11967
-5.10611
-5.09268
-5.07935
-5.06607
-5.05281
-5.03949
-5.02603
-5.01236
-4.99843
-4.98416
-4.96951
-4.95441
-4.93884
-4.92279
-4.90612
-0.502344
-1.43935
-2.31016
-3.09301
-3.79523
-4.42452
-4.98843
-5.49395
-5.94737
-6.3542
-6.71912
-7.04604
-7.33824
-7.59846
-7.82906
-8.03208
-8.20933
-8.36251
-8.49317
-8.60284
-8.69297
-8.76499
-8.82029
-8.86023
-8.88614
-8.8993
-8.90095
-8.89227
-8.87438
-8.84835
-8.81519
-8.77583
-8.73115
-8.68196
-8.62902
-8.57298
-8.51449
-8.4541
-8.3923
-8.32956
-8.26628
-8.2028
-8.13944
-8.07646
-8.0141
-7.95255
-7.89198
-7.83253
-7.77431
-7.71742
-7.66191
-7.60784
-7.55524
-7.50414
-7.45455
-7.40645
-7.35984
-7.31471
-7.27101
-7.22873
-7.18783
-7.14826
-7.10998
-7.07295
-7.03712
-7.00244
-6.96887
-6.93635
-6.90484
-6.87428
-6.84463
-6.81585
-6.78788
-6.76069
-6.73423
-6.70846
-6.68333
-6.65882
-6.63487
-6.61147
-6.58856
-6.56612
-6.54412
-6.52253
-6.50132
-6.48046
-6.45994
-6.43972
-6.41978
-6.40011
-6.38068
-6.36148
-6.34248
-6.32367
-6.30504
-6.28658
-6.26825
-6.25007
-6.23201
-6.21406
-6.19623
-6.17849
-6.16083
-6.14326
-6.12577
-6.10835
-6.09099
-6.0737
-6.05647
-6.03929
-6.02217
-6.00509
-5.98807
-5.9711
-5.95418
-5.9373
-5.92049
-5.90372
-5.88701
-5.87035
-5.85376
-5.83723
-5.82076
-5.80436
-5.78804
-5.7718
-5.75564
-5.73958
-5.7236
-5.70773
-5.69196
-5.67631
-5.66077
-5.64535
-5.63006
-5.6149
-5.59988
-5.585
-5.57026
-5.55568
-5.54124
-5.52695
-5.51281
-5.49882
-5.48496
-5.47122
-5.45758
-5.44399
-5.43042
-5.41678
-5.403
-5.38902
-5.37478
-5.3602
-5.34524
-5.32982
-5.31394
-5.29755
-5.28056
-5.26298
-0.531518
-1.52252
-2.44302
-3.27006
-4.01157
-4.67587
-5.27109
-5.80475
-6.28357
-6.71337
-7.0991
-7.44485
-7.75403
-8.0295
-8.27371
-8.48879
-8.67664
-8.83901
-8.97756
-9.09389
-9.18954
-9.26601
-9.3248
-9.36733
-9.39503
-9.40925
-9.4113
-9.40244
-9.38386
-9.35669
-9.32199
-9.28076
-9.23392
-9.18233
-9.12679
-9.06799
-9.00661
-8.94324
-8.8784
-8.81257
-8.74617
-8.67957
-8.61311
-8.54706
-8.48167
-8.41714
-8.35365
-8.29134
-8.23034
-8.17074
-8.1126
-8.05598
-8.00093
-7.94745
-7.89556
-7.84525
-7.79652
-7.74934
-7.70368
-7.65951
-7.6168
-7.57549
-7.53555
-7.49692
-7.45956
-7.42342
-7.38844
-7.35457
-7.32176
-7.28997
-7.25913
-7.2292
-7.20014
-7.17189
-7.14442
-7.11767
-7.0916
-7.06617
-7.04135
-7.01709
-6.99336
-6.97013
-6.94736
-6.92502
-6.90308
-6.88152
-6.8603
-6.83941
-6.81882
-6.7985
-6.77844
-6.75862
-6.73902
-6.71962
-6.7004
-6.68136
-6.66247
-6.64372
-6.62511
-6.60662
-6.58825
-6.56997
-6.55179
-6.5337
-6.51569
-6.49775
-6.47989
-6.46209
-6.44436
-6.42668
-6.40906
-6.3915
-6.37399
-6.35653
-6.33913
-6.32179
-6.3045
-6.28726
-6.27009
-6.25297
-6.23593
-6.21894
-6.20203
-6.1852
-6.16844
-6.15177
-6.13519
-6.11871
-6.10233
-6.08606
-6.06989
-6.05385
-6.03793
-6.02214
-6.00648
-5.99097
-5.9756
-5.96038
-5.94531
-5.93039
-5.91564
-5.90103
-5.88659
-5.87228
-5.85812
-5.84408
-5.83013
-5.81623
-5.80234
-5.78838
-5.7743
-5.76
-5.74544
-5.73055
-5.71528
-5.69955
-5.68336
-5.66663
-5.64933
-5.63144
-5.61292
-0.560443
-1.60488
-2.57441
-3.44494
-4.22501
-4.92362
-5.54953
-6.11078
-6.61452
-7.0669
-7.47311
-7.83741
-8.16335
-8.45389
-8.71156
-8.93855
-9.13686
-9.3083
-9.45463
-9.57751
-9.67858
-9.75943
-9.82162
-9.86668
-9.89611
-9.91133
-9.91375
-9.90468
-9.88538
-9.85705
-9.82081
-9.7777
-9.72871
-9.67473
-9.6166
-9.55507
-9.49083
-9.42451
-9.35665
-9.28777
-9.2183
-9.14863
-9.07911
-9.01003
-8.94165
-8.87419
-8.80782
-8.7427
-8.67896
-8.61669
-8.55597
-8.49685
-8.43937
-8.38356
-8.32941
-8.27694
-8.22611
-8.17692
-8.12933
-8.08331
-8.03882
-7.99581
-7.95423
-7.91403
-7.87517
-7.83759
-7.80123
-7.76604
-7.73196
-7.69894
-7.66694
-7.63589
-7.60575
-7.57646
-7.54799
-7.52028
-7.49329
-7.46697
-7.44128
-7.41619
-7.39166
-7.36764
-7.34411
-7.32104
-7.29839
-7.27612
-7.25423
-7.23268
-7.21144
-7.19049
-7.16981
-7.14938
-7.12919
-7.1092
-7.08941
-7.0698
-7.05035
-7.03106
-7.0119
-6.99288
-6.97397
-6.95517
-6.93647
-6.91786
-6.89934
-6.8809
-6.86254
-6.84425
-6.82602
-6.80785
-6.78975
-6.7717
-6.75371
-6.73578
-6.71791
-6.7001
-6.68234
-6.66465
-6.64702
-6.62945
-6.61196
-6.59453
-6.57719
-6.55992
-6.54274
-6.52565
-6.50865
-6.49176
-6.47498
-6.45831
-6.44175
-6.42533
-6.40903
-6.39288
-6.37686
-6.36099
-6.34528
-6.32972
-6.31432
-6.29908
-6.28401
-6.2691
-6.25434
-6.23974
-6.22527
-6.21092
-6.19667
-6.18246
-6.16826
-6.15399
-6.13958
-6.12498
-6.11011
-6.0949
-6.07931
-6.06327
-6.04676
-6.02971
-6.01209
-5.99386
-5.97499
-5.95544
-0.589113
-1.68639
-2.70425
-3.6175
-4.43537
-5.16754
-5.82347
-6.41173
-6.93989
-7.41445
-7.8408
-8.22338
-8.56585
-8.87126
-9.14221
-9.38097
-9.58959
-9.76999
-9.92397
-10.0533
-10.1597
-10.2448
-10.3103
-10.3578
-10.3889
-10.4051
-10.4078
-10.3985
-10.3785
-10.349
-10.3112
-10.2662
-10.2151
-10.1587
-10.098
-10.0338
-9.96671
-9.89747
-9.82664
-9.75474
-9.68224
-9.60954
-9.53701
-9.46495
-9.39363
-9.32327
-9.25408
-9.1862
-9.11976
-9.05488
-8.99162
-8.93004
-8.87018
-8.81207
-8.75572
-8.70111
-8.64823
-8.59707
-8.54759
-8.49975
-8.45352
-8.40883
-8.36565
-8.32391
-8.28358
-8.24458
-8.20687
-8.17038
-8.13506
-8.10085
-8.06769
-8.03554
-8.00434
-7.97404
-7.94459
-7.91594
-7.88804
-7.86084
-7.83431
-7.8084
-7.78308
-7.7583
-7.73402
-7.71023
-7.68687
-7.66393
-7.64137
-7.61916
-7.59729
-7.57572
-7.55444
-7.53341
-7.51263
-7.49207
-7.47172
-7.45155
-7.43156
-7.41172
-7.39203
-7.37248
-7.35305
-7.33374
-7.31453
-7.29542
-7.27639
-7.25746
-7.2386
-7.21982
-7.20111
-7.18246
-7.16388
-7.14536
-7.1269
-7.1085
-7.09017
-7.07189
-7.05368
-7.03554
-7.01746
-6.99945
-6.98152
-6.96366
-6.94588
-6.92819
-6.91059
-6.89308
-6.87568
-6.85838
-6.8412
-6.82414
-6.80721
-6.79041
-6.77374
-6.75723
-6.74086
-6.72464
-6.70859
-6.6927
-6.67697
-6.66142
-6.64603
-6.63081
-6.61575
-6.60084
-6.58607
-6.57142
-6.55686
-6.54235
-6.52784
-6.51325
-6.49854
-6.48362
-6.46844
-6.45292
-6.43702
-6.42067
-6.40384
-6.38646
-6.36851
-6.34994
-6.33072
-6.31077
-0.61752
-1.76702
-2.83246
-3.78763
-4.64245
-5.40741
-6.09263
-6.70728
-7.25936
-7.75566
-8.20181
-8.60239
-8.96116
-9.28123
-9.56528
-9.81564
-10.0344
-10.2236
-10.3852
-10.5208
-10.6324
-10.7217
-10.7905
-10.8404
-10.873
-10.8901
-10.8931
-10.8835
-10.8627
-10.832
-10.7927
-10.7458
-10.6925
-10.6338
-10.5706
-10.5037
-10.4338
-10.3617
-10.2879
-10.213
-10.1376
-10.0619
-9.98638
-9.91139
-9.83718
-9.76399
-9.69201
-9.62142
-9.55234
-9.48489
-9.41914
-9.35515
-9.29296
-9.2326
-9.17408
-9.11738
-9.06249
-9.0094
-8.95806
-8.90845
-8.8605
-8.81418
-8.76942
-8.72618
-8.6844
-8.64403
-8.60498
-8.56722
-8.53068
-8.4953
-8.46102
-8.4278
-8.39556
-8.36426
-8.33385
-8.30428
-8.27549
-8.24743
-8.22007
-8.19336
-8.16726
-8.14173
-8.11673
-8.09223
-8.06818
-8.04457
-8.02136
-7.99852
-7.97603
-7.95385
-7.93197
-7.91036
-7.88901
-7.86788
-7.84698
-7.82626
-7.80573
-7.78537
-7.76515
-7.74509
-7.72515
-7.70533
-7.68562
-7.66601
-7.64649
-7.62707
-7.60773
-7.58847
-7.56928
-7.55017
-7.53111
-7.51213
-7.49321
-7.47435
-7.45556
-7.43684
-7.41818
-7.39959
-7.38107
-7.36263
-7.34426
-7.32598
-7.30778
-7.28967
-7.27165
-7.25374
-7.23594
-7.21825
-7.20068
-7.18323
-7.16592
-7.14875
-7.13173
-7.11485
-7.09814
-7.08158
-7.06519
-7.04897
-7.03293
-7.01706
-7.00136
-6.98584
-6.97048
-6.95527
-6.9402
-6.92525
-6.91039
-6.89558
-6.88075
-6.86586
-6.85083
-6.83561
-6.82011
-6.80429
-6.78807
-6.77141
-6.75426
-6.73656
-6.71829
-6.69937
-6.67979
-6.65948
-6.63843
-0.645663
-1.84673
-2.95897
-3.95518
-4.84607
-5.64296
-6.35674
-6.99713
-7.57258
-8.09019
-8.55579
-8.97407
-9.34888
-9.68341
-9.98039
-10.2422
-10.471
-10.6689
-10.8378
-10.9797
-11.0963
-11.1897
-11.2616
-11.3138
-11.348
-11.3659
-11.3692
-11.3592
-11.3376
-11.3057
-11.2648
-11.2161
-11.1607
-11.0996
-11.0339
-10.9643
-10.8917
-10.8167
-10.74
-10.6623
-10.5838
-10.5052
-10.4268
-10.3489
-10.2719
-10.1959
-10.1212
-10.048
-9.97629
-9.90632
-9.83813
-9.77178
-9.70731
-9.64475
-9.5841
-9.52536
-9.46851
-9.41352
-9.36037
-9.30901
-9.25939
-9.21147
-9.16517
-9.12046
-9.07727
-9.03554
-8.9952
-8.9562
-8.91846
-8.88194
-8.84656
-8.81228
-8.77903
-8.74676
-8.71541
-8.68494
-8.65527
-8.62638
-8.59821
-8.57072
-8.54386
-8.51759
-8.49188
-8.46668
-8.44197
-8.4177
-8.39385
-8.37039
-8.34728
-8.32451
-8.30205
-8.27987
-8.25795
-8.23628
-8.21483
-8.19358
-8.17253
-8.15164
-8.13092
-8.11034
-8.0899
-8.06959
-8.04939
-8.02929
-8.0093
-7.9894
-7.96959
-7.94986
-7.9302
-7.91062
-7.89111
-7.87167
-7.85229
-7.83299
-7.81375
-7.79458
-7.77549
-7.75646
-7.73751
-7.71864
-7.69985
-7.68115
-7.66254
-7.64402
-7.6256
-7.60729
-7.58909
-7.57101
-7.55306
-7.53524
-7.51756
-7.50003
-7.48265
-7.46543
-7.44837
-7.43147
-7.41476
-7.39822
-7.38186
-7.36568
-7.34968
-7.33385
-7.31819
-7.30269
-7.28733
-7.27208
-7.25692
-7.24181
-7.22668
-7.21148
-7.19615
-7.18061
-7.16481
-7.14868
-7.13215
-7.11518
-7.09771
-7.0797
-7.06109
-7.04184
-7.02189
-7.00124
-6.97984
-6.95766
-0.673539
-1.9255
-3.0837
-4.12001
-5.04602
-5.87396
-6.61548
-7.28094
-7.87921
-8.41768
-8.90236
-9.33805
-9.72866
-10.0774
-10.3871
-10.6602
-10.8989
-11.1053
-11.2814
-11.4294
-11.551
-11.6484
-11.7233
-11.7777
-11.8134
-11.8321
-11.8355
-11.8252
-11.8028
-11.7696
-11.7272
-11.6766
-11.619
-11.5557
-11.4874
-11.4152
-11.3399
-11.2621
-11.1826
-11.1019
-11.0206
-10.9391
-10.8579
-10.7772
-10.6973
-10.6186
-10.5413
-10.4654
-10.3912
-10.3188
-10.2482
-10.1795
-10.1128
-10.0481
-9.98539
-9.92465
-9.86588
-9.80905
-9.75412
-9.70106
-9.64981
-9.60032
-9.55253
-9.50638
-9.46181
-9.41875
-9.37715
-9.33693
-9.29803
-9.26039
-9.22394
-9.18863
-9.15439
-9.12117
-9.08891
-9.05755
-9.02704
-8.99732
-8.96836
-8.9401
-8.9125
-8.88552
-8.85911
-8.83324
-8.80786
-8.78295
-8.75848
-8.73441
-8.71071
-8.68736
-8.66432
-8.64159
-8.61912
-8.59691
-8.57493
-8.55316
-8.53159
-8.5102
-8.48897
-8.4679
-8.44697
-8.42617
-8.40549
-8.38492
-8.36446
-8.34409
-8.32382
-8.30363
-8.28352
-8.26348
-8.24352
-8.22363
-8.20382
-8.18407
-8.1644
-8.1448
-8.12527
-8.10582
-8.08645
-8.06716
-8.04796
-8.02884
-8.00982
-7.9909
-7.97209
-7.95338
-7.9348
-7.91634
-7.89802
-7.87983
-7.86179
-7.8439
-7.82617
-7.80861
-7.79121
-7.77399
-7.75695
-7.74009
-7.72342
-7.70694
-7.69064
-7.67452
-7.65857
-7.64277
-7.62712
-7.61158
-7.59613
-7.58071
-7.56528
-7.54978
-7.53415
-7.51831
-7.5022
-7.48576
-7.46893
-7.45165
-7.43387
-7.41553
-7.3966
-7.37701
-7.35672
-7.33572
-7.31396
-7.2914
-7.26799
-0.701154
-2.00332
-3.20658
-4.28199
-5.2421
-6.10012
-6.86857
-7.55839
-8.1789
-8.73777
-9.24116
-9.69395
-10.1001
-10.4629
-10.7851
-11.0693
-11.3177
-11.5324
-11.7157
-11.8696
-11.9961
-12.0973
-12.1752
-12.2317
-12.2687
-12.2881
-12.2916
-12.281
-12.2577
-12.2233
-12.1793
-12.1268
-12.0672
-12.0015
-11.9308
-11.856
-11.778
-11.6975
-11.6152
-11.5317
-11.4475
-11.3632
-11.2791
-11.1957
-11.1131
-11.0317
-10.9518
-10.8734
-10.7967
-10.7218
-10.6489
-10.578
-10.5091
-10.4423
-10.3776
-10.3149
-10.2542
-10.1956
-10.1389
-10.0842
-10.0314
-9.98036
-9.9311
-9.88355
-9.83764
-9.79329
-9.75045
-9.70905
-9.66902
-9.63029
-9.59279
-9.55648
-9.52127
-9.48713
-9.45397
-9.42175
-9.39041
-9.3599
-9.33017
-9.30116
-9.27284
-9.24515
-9.21806
-9.19153
-9.16551
-9.13998
-9.1149
-9.09024
-9.06596
-9.04204
-9.01845
-8.99516
-8.97216
-8.94943
-8.92693
-8.90465
-8.88257
-8.86069
-8.83897
-8.81742
-8.79601
-8.77474
-8.75359
-8.73255
-8.71163
-8.69081
-8.67008
-8.64944
-8.62888
-8.6084
-8.588
-8.56768
-8.54743
-8.52726
-8.50716
-8.48713
-8.46719
-8.44732
-8.42753
-8.40784
-8.38823
-8.36871
-8.34929
-8.32998
-8.31078
-8.29169
-8.27273
-8.2539
-8.23521
-8.21666
-8.19827
-8.18003
-8.16196
-8.14406
-8.12634
-8.10879
-8.09144
-8.07427
-8.0573
-8.04051
-8.02392
-8.00751
-7.99127
-7.97518
-7.95924
-7.94342
-7.92767
-7.91196
-7.89624
-7.88044
-7.86451
-7.84837
-7.83196
-7.81522
-7.79809
-7.7805
-7.76241
-7.74376
-7.7245
-7.70458
-7.68395
-7.6626
-7.64047
-7.61753
-7.5937
-0.728513
-2.08017
-3.32753
-4.44097
-5.43409
-6.32118
-7.11567
-7.82914
-8.47131
-9.05011
-9.57183
-10.0414
-10.4629
-10.8395
-11.174
-11.4691
-11.7269
-11.9499
-12.1401
-12.2998
-12.431
-12.536
-12.6167
-12.6752
-12.7135
-12.7336
-12.7372
-12.7261
-12.7019
-12.6663
-12.6207
-12.5663
-12.5046
-12.4367
-12.3636
-12.2862
-12.2055
-12.1223
-12.0373
-11.951
-11.8641
-11.777
-11.6902
-11.604
-11.5188
-11.4348
-11.3523
-11.2714
-11.1923
-11.1151
-11.0399
-10.9668
-10.8958
-10.8269
-10.7602
-10.6956
-10.6332
-10.5728
-10.5144
-10.4581
-10.4037
-10.3512
-10.3005
-10.2516
-10.2044
-10.1588
-10.1147
-10.0722
-10.031
-9.99126
-9.95275
-9.91546
-9.87931
-9.84426
-9.81024
-9.77718
-9.74504
-9.71375
-9.68326
-9.65353
-9.6245
-9.59614
-9.56838
-9.54121
-9.51457
-9.48843
-9.46275
-9.43751
-9.41267
-9.38819
-9.36406
-9.34024
-9.31672
-9.29347
-9.27047
-9.24769
-9.22513
-9.20276
-9.18057
-9.15854
-9.13667
-9.11493
-9.09333
-9.07184
-9.05047
-9.0292
-9.00803
-8.98695
-8.96596
-8.94505
-8.92422
-8.90347
-8.8828
-8.8622
-8.84169
-8.82125
-8.80089
-8.78062
-8.76043
-8.74033
-8.72033
-8.70042
-8.68062
-8.66092
-8.64134
-8.62188
-8.60255
-8.58336
-8.56431
-8.54541
-8.52666
-8.50809
-8.48968
-8.47145
-8.45341
-8.43555
-8.41788
-8.40041
-8.38314
-8.36607
-8.34918
-8.33248
-8.31596
-8.2996
-8.28337
-8.26726
-8.25123
-8.23524
-8.21922
-8.20313
-8.1869
-8.17047
-8.15376
-8.13673
-8.11929
-8.1014
-8.08301
-8.06405
-8.04447
-8.02422
-8.00326
-7.98156
-7.95907
-7.93575
-7.91153
-7.88641
-0.755631
-2.15603
-3.44648
-4.59678
-5.62174
-6.53685
-7.35646
-8.09282
-8.75605
-9.35431
-9.89399
-10.3801
-10.8165
-11.2067
-11.5534
-11.8591
-12.1263
-12.3573
-12.5543
-12.7196
-12.8554
-12.9639
-13.0474
-13.1078
-13.1474
-13.168
-13.1716
-13.1601
-13.135
-13.0981
-13.0509
-12.9948
-12.931
-12.8608
-12.7852
-12.7054
-12.6221
-12.5362
-12.4485
-12.3595
-12.2699
-12.1801
-12.0906
-12.0018
-11.914
-11.8275
-11.7424
-11.6591
-11.5777
-11.4982
-11.4208
-11.3456
-11.2725
-11.2016
-11.133
-11.0665
-11.0023
-10.9402
-10.8802
-10.8223
-10.7664
-10.7125
-10.6604
-10.6102
-10.5617
-10.5149
-10.4696
-10.426
-10.3838
-10.3429
-10.3034
-10.2652
-10.2281
-10.1922
-10.1573
-10.1235
-10.0905
-10.0585
-10.0273
-9.99685
-9.96714
-9.93811
-9.90971
-9.88191
-9.85467
-9.82793
-9.80168
-9.77588
-9.75048
-9.72547
-9.70081
-9.67648
-9.65245
-9.6287
-9.60521
-9.58195
-9.5589
-9.53606
-9.51341
-9.49092
-9.4686
-9.44641
-9.42436
-9.40243
-9.38062
-9.35892
-9.33732
-9.31581
-9.2944
-9.27307
-9.25182
-9.23066
-9.20957
-9.18857
-9.16765
-9.14681
-9.12605
-9.10538
-9.0848
-9.06431
-9.04392
-9.02363
-9.00345
-8.98338
-8.96343
-8.9436
-8.92391
-8.90437
-8.88497
-8.86572
-8.84664
-8.82773
-8.809
-8.79046
-8.7721
-8.75393
-8.73596
-8.71819
-8.70063
-8.68327
-8.6661
-8.64912
-8.63232
-8.61568
-8.59918
-8.58279
-8.56648
-8.5502
-8.5339
-8.51752
-8.501
-8.48428
-8.46729
-8.44995
-8.43223
-8.41404
-8.39534
-8.37608
-8.35618
-8.33562
-8.31433
-8.29229
-8.26945
-8.24575
-8.22116
-8.19568
-8.16919
-0.782526
-2.2309
-3.56336
-4.74928
-5.80483
-6.74682
-7.59061
-8.34909
-9.03277
-9.65002
-10.2073
-10.7095
-11.1608
-11.5642
-11.9228
-12.239
-12.5154
-12.7542
-12.9578
-13.1286
-13.2688
-13.3808
-13.4669
-13.5292
-13.5698
-13.591
-13.5946
-13.5825
-13.5565
-13.5184
-13.4696
-13.4116
-13.3457
-13.2733
-13.1954
-13.1131
-13.0273
-12.9388
-12.8484
-12.7568
-12.6645
-12.5721
-12.48
-12.3886
-12.2983
-12.2093
-12.1218
-12.0361
-11.9524
-11.8707
-11.7912
-11.7138
-11.6387
-11.5659
-11.4954
-11.4272
-11.3612
-11.2975
-11.2359
-11.1765
-11.1191
-11.0638
-11.0104
-10.9589
-10.9091
-10.8611
-10.8148
-10.77
-10.7268
-10.685
-10.6445
-10.6053
-10.5674
-10.5306
-10.4949
-10.4603
-10.4266
-10.3938
-10.3619
-10.3308
-10.3004
-10.2707
-10.2417
-10.2133
-10.1854
-10.1581
-10.1313
-10.105
-10.0791
-10.0535
-10.0283
-10.0035
-9.97899
-9.95476
-9.93079
-9.90706
-9.88355
-9.86025
-9.83715
-9.81422
-9.79145
-9.76882
-9.74634
-9.72398
-9.70175
-9.67963
-9.65761
-9.63569
-9.61386
-9.59212
-9.57046
-9.5489
-9.52741
-9.50601
-9.48469
-9.46346
-9.44232
-9.42126
-9.4003
-9.37943
-9.35866
-9.338
-9.31745
-9.29702
-9.27671
-9.25653
-9.23649
-9.2166
-9.19686
-9.17728
-9.15787
-9.13864
-9.11959
-9.10073
-9.08206
-9.06359
-9.04533
-9.02727
-9.00942
-8.99178
-8.97434
-8.95708
-8.94001
-8.9231
-8.90633
-8.88967
-8.87308
-8.85653
-8.83995
-8.82329
-8.80649
-8.78948
-8.7722
-8.75458
-8.73656
-8.71809
-8.69909
-8.67952
-8.65932
-8.63844
-8.61683
-8.59445
-8.57127
-8.54722
-8.52227
-8.49642
-8.46952
-0.809227
-2.3048
-3.67809
-4.89827
-5.98309
-6.95077
-7.81775
-8.59757
-9.3011
-9.93685
-10.5113
-11.0294
-11.4952
-11.9117
-12.282
-12.6085
-12.8937
-13.1401
-13.3502
-13.5263
-13.6708
-13.7861
-13.8747
-13.9387
-13.9804
-14.002
-14.0055
-13.9929
-13.966
-13.9265
-13.8761
-13.8163
-13.7485
-13.6738
-13.5936
-13.5089
-13.4206
-13.3296
-13.2366
-13.1424
-13.0475
-12.9525
-12.8579
-12.764
-12.6712
-12.5798
-12.49
-12.402
-12.3161
-12.2322
-12.1506
-12.0712
-11.9942
-11.9195
-11.8472
-11.7772
-11.7096
-11.6443
-11.5812
-11.5203
-11.4615
-11.4048
-11.3501
-11.2973
-11.2464
-11.1972
-11.1498
-11.104
-11.0597
-11.0169
-10.9756
-10.9355
-10.8967
-10.8591
-10.8226
-10.7872
-10.7528
-10.7193
-10.6867
-10.6549
-10.6239
-10.5936
-10.564
-10.535
-10.5066
-10.4787
-10.4514
-10.4245
-10.398
-10.372
-10.3463
-10.321
-10.296
-10.2713
-10.2469
-10.2227
-10.1987
-10.175
-10.1514
-10.1281
-10.1049
-10.0818
-10.0589
-10.0361
-10.0135
-9.99097
-9.96855
-9.94622
-9.92399
-9.90185
-9.87981
-9.85785
-9.83597
-9.81419
-9.79249
-9.77087
-9.74935
-9.72792
-9.70658
-9.68535
-9.66422
-9.64319
-9.62229
-9.6015
-9.58084
-9.56031
-9.53994
-9.51971
-9.49964
-9.47973
-9.46
-9.44046
-9.4211
-9.40193
-9.38297
-9.36421
-9.34566
-9.32732
-9.30919
-9.29128
-9.27356
-9.25604
-9.2387
-9.22153
-9.20449
-9.18757
-9.17071
-9.15389
-9.13703
-9.1201
-9.10302
-9.08574
-9.06818
-9.05028
-9.03198
-9.01322
-8.99393
-8.97407
-8.95357
-8.93238
-8.91045
-8.88775
-8.86423
-8.83983
-8.81453
-8.7883
-8.76104
-8.73274
-0.835772
-2.37772
-3.79058
-5.04359
-6.15624
-7.14837
-8.03752
-8.83789
-9.56065
-10.2144
-10.8057
-11.3394
-11.8193
-12.2487
-12.6304
-12.9669
-13.2609
-13.5148
-13.7311
-13.9123
-14.0609
-14.1794
-14.2703
-14.336
-14.3786
-14.4006
-14.404
-14.3908
-14.3629
-14.3221
-14.2702
-14.2086
-14.1387
-14.0619
-13.9795
-13.8923
-13.8016
-13.7081
-13.6126
-13.5158
-13.4185
-13.321
-13.2239
-13.1275
-13.0324
-12.9386
-12.8466
-12.7564
-12.6683
-12.5823
-12.4987
-12.4174
-12.3385
-12.262
-12.1879
-12.1163
-12.047
-11.9801
-11.9155
-11.8532
-11.7931
-11.7351
-11.6791
-11.6251
-11.5731
-11.5228
-11.4743
-11.4275
-11.3823
-11.3385
-11.2963
-11.2553
-11.2157
-11.1773
-11.1401
-11.1039
-11.0688
-11.0346
-11.0013
-10.9689
-10.9373
-10.9064
-10.8762
-10.8466
-10.8177
-10.7893
-10.7614
-10.734
-10.707
-10.6805
-10.6544
-10.6286
-10.6031
-10.5779
-10.5531
-10.5284
-10.5041
-10.4799
-10.4559
-10.4321
-10.4085
-10.3851
-10.3618
-10.3386
-10.3155
-10.2926
-10.2698
-10.2471
-10.2245
-10.2019
-10.1795
-10.1572
-10.1349
-10.1128
-10.0907
-10.0687
-10.0468
-10.025
-10.0033
-9.98173
-9.96024
-9.93887
-9.91761
-9.89648
-9.87549
-9.85463
-9.83392
-9.81336
-9.79297
-9.77275
-9.75271
-9.73286
-9.7132
-9.69374
-9.67449
-9.65544
-9.63662
-9.618
-9.5996
-9.58142
-9.56344
-9.54566
-9.52806
-9.51063
-9.49334
-9.47615
-9.45904
-9.44195
-9.42483
-9.40763
-9.39029
-9.37273
-9.3549
-9.33673
-9.31815
-9.29911
-9.27954
-9.25939
-9.23859
-9.2171
-9.19487
-9.17185
-9.148
-9.12326
-9.09763
-9.07103
-9.04342
-9.01477
-8.98506
-0.862208
-2.4497
-3.90076
-5.18502
-6.32399
-7.33926
-8.24955
-9.06966
-9.81105
-10.4824
-11.0902
-11.6391
-12.1329
-12.5749
-12.9677
-13.3141
-13.6165
-13.8776
-14.0999
-14.2861
-14.4387
-14.5603
-14.6534
-14.7205
-14.7641
-14.7863
-14.7895
-14.7757
-14.7468
-14.7048
-14.6513
-14.5878
-14.516
-14.4371
-14.3524
-14.263
-14.1699
-14.0739
-13.976
-13.8768
-13.777
-13.677
-13.5775
-13.4789
-13.3814
-13.2854
-13.1911
-13.0988
-13.0086
-12.9206
-12.835
-12.7519
-12.6711
-12.5929
-12.5172
-12.4439
-12.3731
-12.3047
-12.2387
-12.175
-12.1135
-12.0543
-11.9971
-11.9419
-11.8888
-11.8375
-11.788
-11.7402
-11.694
-11.6494
-11.6062
-11.5645
-11.5241
-11.4849
-11.4469
-11.4101
-11.3742
-11.3394
-11.3055
-11.2724
-11.2402
-11.2087
-11.178
-11.1478
-11.1184
-11.0894
-11.0611
-11.0332
-11.0057
-10.9787
-10.9521
-10.9259
-10.9
-10.8744
-10.8491
-10.824
-10.7992
-10.7746
-10.7502
-10.7261
-10.702
-10.6782
-10.6545
-10.6309
-10.6075
-10.5842
-10.561
-10.5379
-10.5149
-10.492
-10.4692
-10.4465
-10.4239
-10.4014
-10.3789
-10.3566
-10.3344
-10.3122
-10.2902
-10.2682
-10.2464
-10.2247
-10.2031
-10.1816
-10.1603
-10.1391
-10.1181
-10.0972
-10.0765
-10.056
-10.0357
-10.0155
-9.99556
-9.97582
-9.95628
-9.93696
-9.91786
-9.89898
-9.88032
-9.86188
-9.84365
-9.82561
-9.80777
-9.79008
-9.77254
-9.7551
-9.73774
-9.72039
-9.70302
-9.68556
-9.66795
-9.65013
-9.63204
-9.6136
-9.59475
-9.57544
-9.55559
-9.53516
-9.51408
-9.49229
-9.46976
-9.44643
-9.42227
-9.39721
-9.37123
-9.34429
-9.31634
-9.28733
-9.25724
-9.22602
-0.888599
-2.52076
-4.00854
-5.32233
-6.48602
-7.52308
-8.45344
-9.29248
-10.0519
-10.7404
-11.3642
-11.9281
-12.4356
-12.8899
-13.2936
-13.6495
-13.9602
-14.2282
-14.4564
-14.6473
-14.8036
-14.9281
-15.0233
-15.0919
-15.1362
-15.1587
-15.1616
-15.1472
-15.1173
-15.074
-15.0189
-14.9537
-14.8799
-14.799
-14.7121
-14.6204
-14.5249
-14.4266
-14.3263
-14.2248
-14.1226
-14.0203
-13.9185
-13.8175
-13.7178
-13.6196
-13.5232
-13.4289
-13.3367
-13.2468
-13.1593
-13.0743
-12.9918
-12.9119
-12.8345
-12.7597
-12.6874
-12.6176
-12.5502
-12.4852
-12.4225
-12.362
-12.3037
-12.2474
-12.1932
-12.1408
-12.0903
-12.0416
-11.9945
-11.9491
-11.9051
-11.8625
-11.8214
-11.7815
-11.7428
-11.7052
-11.6687
-11.6333
-11.5988
-11.5651
-11.5323
-11.5003
-11.469
-11.4383
-11.4083
-11.3789
-11.35
-11.3217
-11.2938
-11.2663
-11.2393
-11.2126
-11.1862
-11.1602
-11.1345
-11.109
-11.0838
-11.0588
-11.0341
-11.0095
-10.9851
-10.9609
-10.9368
-10.9128
-10.889
-10.8654
-10.8418
-10.8183
-10.795
-10.7717
-10.7486
-10.7255
-10.7026
-10.6797
-10.6569
-10.6342
-10.6116
-10.5892
-10.5668
-10.5445
-10.5223
-10.5003
-10.4784
-10.4566
-10.435
-10.4135
-10.3921
-10.371
-10.35
-10.3291
-10.3085
-10.2881
-10.2678
-10.2478
-10.228
-10.2084
-10.1891
-10.1699
-10.151
-10.1323
-10.1138
-10.0956
-10.0775
-10.0595
-10.0418
-10.0241
-10.0065
-9.98888
-9.97125
-9.95354
-9.93568
-9.91761
-9.89926
-9.88056
-9.86145
-9.84188
-9.82176
-9.80106
-9.7797
-9.75763
-9.73481
-9.71118
-9.68671
-9.66133
-9.63504
-9.60776
-9.57947
-9.5501
-9.51964
-9.48801
-0.915023
-2.59092
-4.11379
-5.4553
-6.64198
-7.69944
-8.64878
-9.50598
-10.2829
-10.988
-11.6276
-12.2061
-12.7269
-13.1932
-13.6076
-13.9728
-14.2914
-14.5662
-14.8
-14.9954
-15.1554
-15.2826
-15.3798
-15.4496
-15.4946
-15.5173
-15.5199
-15.5048
-15.4739
-15.4292
-15.3726
-15.3057
-15.23
-15.147
-15.058
-14.9641
-14.8664
-14.7658
-14.6632
-14.5594
-14.4549
-14.3503
-14.2463
-14.1431
-14.0413
-13.941
-13.8426
-13.7462
-13.6521
-13.5603
-13.471
-13.3843
-13.3001
-13.2186
-13.1397
-13.0634
-12.9897
-12.9185
-12.8497
-12.7835
-12.7195
-12.6579
-12.5984
-12.5411
-12.4859
-12.4326
-12.3811
-12.3315
-12.2836
-12.2372
-12.1925
-12.1492
-12.1073
-12.0667
-12.0273
-11.9891
-11.952
-11.9159
-11.8808
-11.8466
-11.8132
-11.7806
-11.7488
-11.7177
-11.6872
-11.6573
-11.628
-11.5991
-11.5708
-11.5429
-11.5154
-11.4883
-11.4616
-11.4351
-11.409
-11.3832
-11.3576
-11.3322
-11.307
-11.2821
-11.2573
-11.2327
-11.2083
-11.184
-11.1598
-11.1358
-11.1119
-11.0881
-11.0644
-11.0408
-11.0173
-10.9939
-10.9706
-10.9474
-10.9243
-10.9012
-10.8783
-10.8555
-10.8328
-10.8102
-10.7877
-10.7654
-10.7432
-10.7211
-10.6991
-10.6773
-10.6557
-10.6342
-10.6129
-10.5918
-10.5709
-10.5502
-10.5297
-10.5094
-10.4894
-10.4695
-10.4499
-10.4305
-10.4113
-10.3924
-10.3737
-10.3552
-10.3369
-10.3187
-10.3007
-10.2828
-10.2649
-10.2471
-10.2292
-10.2113
-10.1932
-10.1748
-10.1562
-10.1373
-10.1179
-10.0981
-10.0777
-10.0568
-10.0351
-10.0128
-9.98968
-9.96577
-9.941
-9.91533
-9.88871
-9.86111
-9.83249
-9.80278
-9.77195
-9.73996
-9.70678
-0.941579
-2.66024
-4.21642
-5.58362
-6.7915
-7.86791
-8.83518
-9.70974
-10.5035
-11.2249
-11.8799
-12.4726
-13.0066
-13.4846
-13.9093
-14.2835
-14.6098
-14.8911
-15.1302
-15.33
-15.4934
-15.6231
-15.7222
-15.7932
-15.8388
-15.8615
-15.8638
-15.848
-15.816
-15.7701
-15.7119
-15.6433
-15.5658
-15.4808
-15.3897
-15.2937
-15.1938
-15.091
-14.9862
-14.8801
-14.7734
-14.6667
-14.5605
-14.4553
-14.3513
-14.249
-14.1486
-14.0504
-13.9544
-13.8609
-13.7698
-13.6814
-13.5957
-13.5126
-13.4322
-13.3545
-13.2794
-13.2069
-13.1369
-13.0694
-13.0043
-12.9416
-12.881
-12.8227
-12.7665
-12.7122
-12.6599
-12.6094
-12.5607
-12.5136
-12.468
-12.424
-12.3814
-12.3401
-12.3001
-12.2613
-12.2236
-12.1869
-12.1512
-12.1165
-12.0826
-12.0495
-12.0172
-11.9856
-11.9546
-11.9242
-11.8945
-11.8652
-11.8364
-11.8081
-11.7802
-11.7527
-11.7256
-11.6988
-11.6723
-11.646
-11.6201
-11.5943
-11.5688
-11.5435
-11.5184
-11.4934
-11.4686
-11.444
-11.4195
-11.3951
-11.3709
-11.3467
-11.3227
-11.2988
-11.2749
-11.2512
-11.2276
-11.2041
-11.1806
-11.1573
-11.1341
-11.1109
-11.0879
-11.065
-11.0422
-11.0196
-10.9971
-10.9747
-10.9524
-10.9304
-10.9084
-10.8867
-10.8651
-10.8437
-10.8226
-10.8016
-10.7808
-10.7603
-10.74
-10.7199
-10.7
-10.6804
-10.661
-10.6418
-10.6229
-10.6041
-10.5856
-10.5672
-10.5489
-10.5308
-10.5127
-10.4947
-10.4766
-10.4584
-10.44
-10.4215
-10.4027
-10.3835
-10.3639
-10.3438
-10.3232
-10.3019
-10.2801
-10.2574
-10.2341
-10.2099
-10.1848
-10.1589
-10.1319
-10.104
-10.0751
-10.045
-10.0139
-9.98154
-9.94803
-9.91325
-0.968387
-2.72874
-4.31625
-5.707
-6.93418
-8.02807
-9.01219
-9.90338
-10.7135
-11.4508
-12.1208
-12.7275
-13.2742
-13.7635
-14.1983
-14.5812
-14.915
-15.2025
-15.4467
-15.6506
-15.8172
-15.9493
-16.0501
-16.1221
-16.1682
-16.191
-16.1929
-16.1763
-16.1434
-16.0961
-16.0365
-15.9661
-15.8868
-15.7999
-15.7068
-15.6087
-15.5067
-15.4018
-15.2949
-15.1866
-15.0778
-14.969
-14.8608
-14.7535
-14.6476
-14.5434
-14.4411
-14.341
-14.2433
-14.148
-14.0554
-13.9654
-13.8781
-13.7935
-13.7117
-13.6326
-13.5562
-13.4825
-13.4113
-13.3426
-13.2764
-13.2126
-13.1511
-13.0918
-13.0346
-12.9795
-12.9263
-12.875
-12.8255
-12.7776
-12.7314
-12.6867
-12.6434
-12.6015
-12.5608
-12.5214
-12.4831
-12.4459
-12.4097
-12.3744
-12.34
-12.3065
-12.2737
-12.2416
-12.2102
-12.1794
-12.1492
-12.1195
-12.0904
-12.0616
-12.0334
-12.0055
-11.978
-11.9508
-11.9239
-11.8973
-11.871
-11.8449
-11.819
-11.7934
-11.7679
-11.7426
-11.7175
-11.6925
-11.6677
-11.643
-11.6184
-11.594
-11.5696
-11.5454
-11.5212
-11.4972
-11.4733
-11.4494
-11.4257
-11.4021
-11.3785
-11.3551
-11.3318
-11.3086
-11.2855
-11.2626
-11.2398
-11.2171
-11.1946
-11.1722
-11.15
-11.128
-11.1062
-11.0845
-11.0631
-11.0419
-11.0208
-11.0001
-10.9795
-10.9592
-10.9391
-10.9192
-10.8996
-10.8802
-10.861
-10.8421
-10.8233
-10.8047
-10.7863
-10.7679
-10.7496
-10.7313
-10.713
-10.6946
-10.676
-10.6572
-10.6382
-10.6188
-10.5989
-10.5786
-10.5577
-10.5363
-10.5141
-10.4913
-10.4676
-10.4432
-10.4179
-10.3916
-10.3644
-10.3362
-10.3069
-10.2766
-10.2451
-10.2124
-10.1786
-10.1434
-0.995588
-2.79646
-4.41313
-5.82507
-7.06958
-8.17948
-9.17941
-10.0865
-10.9125
-11.6652
-12.3499
-12.9702
-13.5293
-14.0298
-14.4743
-14.8656
-15.2064
-15.4999
-15.749
-15.9567
-16.1263
-16.2607
-16.3629
-16.4359
-16.4825
-16.5052
-16.5067
-16.4893
-16.4553
-16.4068
-16.3457
-16.2737
-16.1926
-16.1039
-16.0088
-15.9087
-15.8047
-15.6978
-15.5887
-15.4785
-15.3676
-15.2568
-15.1466
-15.0374
-14.9296
-14.8236
-14.7195
-14.6177
-14.5183
-14.4214
-14.3272
-14.2357
-14.1469
-14.061
-13.9778
-13.8975
-13.8198
-13.7449
-13.6725
-13.6028
-13.5356
-13.4707
-13.4083
-13.3481
-13.29
-13.234
-13.18
-13.128
-13.0777
-13.0291
-12.9822
-12.9368
-12.8929
-12.8504
-12.8091
-12.7692
-12.7303
-12.6926
-12.6559
-12.6201
-12.5852
-12.5512
-12.518
-12.4854
-12.4536
-12.4224
-12.3918
-12.3617
-12.3322
-12.3031
-12.2744
-12.2462
-12.2183
-12.1908
-12.1636
-12.1366
-12.11
-12.0835
-12.0574
-12.0314
-12.0056
-11.98
-11.9545
-11.9293
-11.9041
-11.8791
-11.8542
-11.8295
-11.8048
-11.7803
-11.7558
-11.7315
-11.7073
-11.6831
-11.6591
-11.6352
-11.6114
-11.5876
-11.5641
-11.5406
-11.5172
-11.494
-11.4709
-11.448
-11.4252
-11.4026
-11.3801
-11.3578
-11.3357
-11.3139
-11.2922
-11.2707
-11.2495
-11.2284
-11.2076
-11.1871
-11.1668
-11.1467
-11.1269
-11.1073
-11.0879
-11.0687
-11.0497
-11.0309
-11.0123
-10.9937
-10.9752
-10.9567
-10.9382
-10.9195
-10.9008
-10.8818
-10.8625
-10.8428
-10.8228
-10.8022
-10.7811
-10.7594
-10.7371
-10.714
-10.6901
-10.6654
-10.6398
-10.6133
-10.5858
-10.5573
-10.5277
-10.4971
-10.4653
-10.4323
-10.3981
-10.3627
-10.3259
-1.02335
-2.86342
-4.50682
-5.93745
-7.19723
-8.32168
-9.33641
-10.2587
-11.1001
-11.8679
-12.5669
-13.2006
-13.7717
-14.2829
-14.7368
-15.1361
-15.4837
-15.7828
-16.0365
-16.2479
-16.4202
-16.5567
-16.6604
-16.7342
-16.781
-16.8037
-16.8047
-16.7865
-16.7515
-16.7017
-16.6391
-16.5656
-16.4828
-16.3922
-16.2953
-16.1933
-16.0873
-15.9784
-15.8674
-15.7552
-15.6424
-15.5297
-15.4177
-15.3066
-15.197
-15.0892
-14.9835
-14.88
-14.779
-14.6806
-14.5849
-14.492
-14.4019
-14.3146
-14.2302
-14.1486
-14.0698
-13.9937
-13.9203
-13.8495
-13.7813
-13.7155
-13.6521
-13.5911
-13.5322
-13.4754
-13.4207
-13.3678
-13.3168
-13.2676
-13.22
-13.174
-13.1295
-13.0864
-13.0447
-13.0041
-12.9648
-12.9266
-12.8894
-12.8531
-12.8178
-12.7833
-12.7497
-12.7167
-12.6845
-12.6529
-12.6219
-12.5915
-12.5616
-12.5321
-12.5031
-12.4745
-12.4463
-12.4184
-12.3909
-12.3636
-12.3366
-12.3099
-12.2834
-12.2571
-12.231
-12.2051
-12.1794
-12.1538
-12.1284
-12.1031
-12.0779
-12.0528
-12.0279
-12.0031
-11.9783
-11.9537
-11.9292
-11.9048
-11.8805
-11.8563
-11.8322
-11.8082
-11.7844
-11.7606
-11.737
-11.7135
-11.6902
-11.667
-11.6439
-11.6211
-11.5984
-11.5759
-11.5535
-11.5314
-11.5095
-11.4878
-11.4663
-11.445
-11.424
-11.4033
-11.3827
-11.3625
-11.3424
-11.3226
-11.303
-11.2837
-11.2645
-11.2455
-11.2266
-11.2079
-11.1892
-11.1705
-11.1517
-11.1329
-11.1139
-11.0947
-11.0752
-11.0554
-11.0351
-11.0143
-10.993
-10.9711
-10.9485
-10.9252
-10.9011
-10.8761
-10.8503
-10.8235
-10.7958
-10.767
-10.7372
-10.7062
-10.6741
-10.6408
-10.6064
-10.5706
-10.5336
-10.4952
-1.05187
-2.92962
-4.59705
-6.04365
-7.31664
-8.45421
-9.48278
-10.4197
-11.276
-12.0586
-12.7716
-13.4182
-14.001
-14.5225
-14.9853
-15.3923
-15.7464
-16.0508
-16.3088
-16.5236
-16.6985
-16.8369
-16.9418
-17.0163
-17.0634
-17.0859
-17.0864
-17.0674
-17.0314
-16.9803
-16.9163
-16.8412
-16.7568
-16.6645
-16.5658
-16.462
-16.3541
-16.2433
-16.1305
-16.0164
-15.9018
-15.7873
-15.6735
-15.5607
-15.4494
-15.34
-15.2326
-15.1276
-15.0251
-14.9252
-14.8281
-14.7339
-14.6425
-14.554
-14.4683
-14.3856
-14.3057
-14.2285
-14.1541
-14.0824
-14.0132
-13.9466
-13.8823
-13.8204
-13.7608
-13.7033
-13.6478
-13.5943
-13.5426
-13.4928
-13.4446
-13.398
-13.3529
-13.3093
-13.267
-13.226
-13.1862
-13.1474
-13.1098
-13.0731
-13.0374
-13.0025
-12.9684
-12.9351
-12.9025
-12.8706
-12.8392
-12.8084
-12.7782
-12.7484
-12.719
-12.6901
-12.6616
-12.6334
-12.6055
-12.578
-12.5507
-12.5237
-12.4969
-12.4703
-12.4439
-12.4177
-12.3917
-12.3658
-12.3401
-12.3145
-12.2891
-12.2638
-12.2386
-12.2135
-12.1885
-12.1636
-12.1388
-12.1141
-12.0896
-12.0651
-12.0408
-12.0165
-11.9924
-11.9684
-11.9446
-11.9208
-11.8972
-11.8738
-11.8505
-11.8274
-11.8045
-11.7817
-11.7591
-11.7368
-11.7147
-11.6927
-11.671
-11.6496
-11.6284
-11.6074
-11.5867
-11.5662
-11.546
-11.526
-11.5062
-11.4866
-11.4673
-11.4481
-11.429
-11.4101
-11.3912
-11.3723
-11.3534
-11.3344
-11.3152
-11.2958
-11.2761
-11.256
-11.2356
-11.2146
-11.1931
-11.171
-11.1482
-11.1246
-11.1003
-11.0751
-11.049
-11.022
-10.994
-10.965
-10.9349
-10.9037
-10.8713
-10.8377
-10.8029
-10.7669
-10.7296
-10.6909
-10.6509
-1.08135
-2.99501
-4.68349
-6.14318
-7.42729
-8.5766
-9.61811
-10.5691
-11.44
-12.2369
-12.9635
-13.6227
-14.2168
-14.7482
-15.2196
-15.6338
-15.994
-16.3034
-16.5654
-16.7833
-16.9607
-17.1007
-17.2067
-17.2818
-17.3291
-17.3514
-17.3513
-17.3316
-17.2945
-17.2422
-17.1768
-17.1003
-17.0142
-16.9203
-16.8199
-16.7143
-16.6047
-16.4921
-16.3775
-16.2617
-16.1454
-16.0292
-15.9136
-15.7992
-15.6864
-15.5754
-15.4665
-15.36
-15.2561
-15.1549
-15.0565
-14.961
-14.8684
-14.7787
-14.6919
-14.6081
-14.5272
-14.449
-14.3737
-14.301
-14.231
-14.1635
-14.0985
-14.0358
-13.9755
-13.9172
-13.8611
-13.8069
-13.7547
-13.7042
-13.6555
-13.6083
-13.5628
-13.5186
-13.4758
-13.4343
-13.3941
-13.3549
-13.3168
-13.2798
-13.2436
-13.2084
-13.1739
-13.1403
-13.1073
-13.075
-13.0433
-13.0122
-12.9816
-12.9515
-12.9218
-12.8926
-12.8638
-12.8353
-12.8072
-12.7793
-12.7517
-12.7244
-12.6974
-12.6705
-12.6439
-12.6174
-12.5911
-12.565
-12.539
-12.5132
-12.4875
-12.4619
-12.4364
-12.4111
-12.3858
-12.3607
-12.3357
-12.3108
-12.2859
-12.2612
-12.2366
-12.2122
-12.1878
-12.1636
-12.1395
-12.1155
-12.0917
-12.068
-12.0445
-12.0212
-11.998
-11.9751
-11.9523
-11.9297
-11.9074
-11.8853
-11.8634
-11.8417
-11.8203
-11.7991
-11.7782
-11.7575
-11.7371
-11.717
-11.697
-11.6773
-11.6577
-11.6384
-11.6191
-11.6
-11.5809
-11.5619
-11.5428
-11.5236
-11.5042
-11.4846
-11.4648
-11.4445
-11.4239
-11.4027
-11.381
-11.3587
-11.3357
-11.3119
-11.2874
-11.262
-11.2357
-11.2084
-11.1802
-11.1509
-11.1206
-11.0891
-11.0565
-11.0227
-10.9876
-10.9513
-10.9137
-10.8747
-10.8344
-1.11201
-3.05951
-4.7657
-6.23545
-7.52863
-8.68842
-9.74206
-10.7066
-11.5917
-12.4027
-13.1425
-13.8138
-14.4187
-14.9596
-15.4391
-15.8602
-16.2261
-16.5401
-16.8058
-17.0267
-17.2061
-17.3477
-17.4546
-17.5303
-17.5776
-17.5996
-17.599
-17.5784
-17.5403
-17.4869
-17.4202
-17.3422
-17.2546
-17.1591
-17.0571
-16.9498
-16.8386
-16.7243
-16.6081
-16.4906
-16.3727
-16.2548
-16.1377
-16.0218
-15.9075
-15.795
-15.6848
-15.5769
-15.4717
-15.3692
-15.2696
-15.1729
-15.0792
-14.9884
-14.9006
-14.8158
-14.7339
-14.6548
-14.5786
-14.5051
-14.4343
-14.366
-14.3003
-14.2369
-14.1758
-14.117
-14.0602
-14.0054
-13.9526
-13.9016
-13.8523
-13.8047
-13.7586
-13.714
-13.6708
-13.6288
-13.5881
-13.5486
-13.5101
-13.4727
-13.4362
-13.4006
-13.3658
-13.3317
-13.2984
-13.2658
-13.2338
-13.2024
-13.1715
-13.1411
-13.1112
-13.0817
-13.0526
-13.0238
-12.9954
-12.9673
-12.9395
-12.9119
-12.8846
-12.8575
-12.8305
-12.8038
-12.7773
-12.7509
-12.7247
-12.6986
-12.6727
-12.6469
-12.6212
-12.5956
-12.5701
-12.5447
-12.5195
-12.4943
-12.4693
-12.4444
-12.4195
-12.3948
-12.3703
-12.3458
-12.3215
-12.2973
-12.2733
-12.2494
-12.2257
-12.2021
-12.1788
-12.1556
-12.1326
-12.1099
-12.0873
-12.065
-12.0429
-12.0211
-11.9995
-11.9781
-11.957
-11.9362
-11.9156
-11.8953
-11.8751
-11.8552
-11.8355
-11.816
-11.7966
-11.7773
-11.7581
-11.7389
-11.7196
-11.7002
-11.6807
-11.6609
-11.6409
-11.6205
-11.5997
-11.5783
-11.5564
-11.5339
-11.5107
-11.4868
-11.462
-11.4364
-11.4099
-11.3825
-11.354
-11.3245
-11.294
-11.2622
-11.2294
-11.1953
-11.16
-11.1234
-11.0855
-11.0463
-11.0057
-10.9637
-1.14408
-3.12294
-4.84317
-6.31981
-7.62014
-8.78924
-9.8543
-10.832
-11.731
-12.5556
-13.3083
-13.9912
-14.6064
-15.1563
-15.6434
-16.071
-16.4421
-16.7605
-17.0295
-17.253
-17.4344
-17.5773
-17.6851
-17.761
-17.8084
-17.8301
-17.8289
-17.8075
-17.7684
-17.7138
-17.6459
-17.5665
-17.4775
-17.3805
-17.2769
-17.1682
-17.0553
-16.9395
-16.8217
-16.7027
-16.5833
-16.464
-16.3454
-16.2281
-16.1123
-15.9985
-15.887
-15.7779
-15.6715
-15.5678
-15.4671
-15.3693
-15.2745
-15.1827
-15.094
-15.0082
-14.9254
-14.8455
-14.7685
-14.6942
-14.6227
-14.5537
-14.4872
-14.4232
-14.3615
-14.302
-14.2447
-14.1894
-14.1361
-14.0845
-14.0348
-13.9867
-13.9401
-13.8951
-13.8514
-13.8091
-13.768
-13.7281
-13.6893
-13.6515
-13.6146
-13.5787
-13.5436
-13.5093
-13.4757
-13.4427
-13.4104
-13.3787
-13.3476
-13.3169
-13.2867
-13.2569
-13.2276
-13.1986
-13.1699
-13.1415
-13.1135
-13.0857
-13.0581
-13.0307
-13.0036
-12.9767
-12.9499
-12.9233
-12.8969
-12.8706
-12.8444
-12.8183
-12.7924
-12.7666
-12.7409
-12.7153
-12.6899
-12.6645
-12.6392
-12.6141
-12.5891
-12.5642
-12.5394
-12.5147
-12.4902
-12.4658
-12.4416
-12.4175
-12.3936
-12.3699
-12.3463
-12.3229
-12.2998
-12.2768
-12.2541
-12.2316
-12.2093
-12.1873
-12.1656
-12.1441
-12.1228
-12.1018
-12.081
-12.0605
-12.0403
-12.0202
-12.0004
-11.9807
-11.9611
-11.9417
-11.9223
-11.9029
-11.8835
-11.864
-11.8443
-11.8244
-11.8042
-11.7836
-11.7626
-11.7411
-11.719
-11.6964
-11.673
-11.6489
-11.6239
-11.5981
-11.5714
-11.5438
-11.5151
-11.4854
-11.4547
-11.4227
-11.3896
-11.3553
-11.3198
-11.2829
-11.2448
-11.2053
-11.1645
-11.1223
-11.0787
-1.1777
-3.18502
-4.91527
-6.39559
-7.70131
-8.87872
-9.95458
-10.9451
-11.8577
-12.6956
-13.4606
-14.1546
-14.7796
-15.3379
-15.8322
-16.2656
-16.6416
-16.9639
-17.236
-17.4618
-17.6449
-17.7889
-17.8974
-17.9737
-18.021
-18.0423
-18.0406
-18.0184
-17.9783
-17.9226
-17.8535
-17.7728
-17.6825
-17.584
-17.4791
-17.3688
-17.2546
-17.1373
-17.0181
-16.8976
-16.7768
-16.6561
-16.5362
-16.4175
-16.3005
-16.1855
-16.0728
-15.9625
-15.855
-15.7503
-15.6485
-15.5497
-15.4539
-15.3613
-15.2716
-15.185
-15.1014
-15.0208
-14.943
-14.868
-14.7958
-14.7261
-14.6591
-14.5944
-14.5322
-14.4722
-14.4143
-14.3585
-14.3046
-14.2527
-14.2025
-14.1539
-14.107
-14.0615
-14.0175
-13.9748
-13.9334
-13.8931
-13.854
-13.8158
-13.7787
-13.7424
-13.707
-13.6724
-13.6385
-13.6053
-13.5728
-13.5408
-13.5094
-13.4785
-13.448
-13.418
-13.3884
-13.3592
-13.3303
-13.3017
-13.2734
-13.2454
-13.2176
-13.19
-13.1627
-13.1355
-13.1086
-13.0818
-13.0551
-13.0286
-13.0022
-12.976
-12.9498
-12.9238
-12.8979
-12.8722
-12.8465
-12.8209
-12.7955
-12.7702
-12.7449
-12.7198
-12.6949
-12.67
-12.6453
-12.6207
-12.5963
-12.5721
-12.548
-12.524
-12.5003
-12.4768
-12.4534
-12.4303
-12.4074
-12.3848
-12.3623
-12.3402
-12.3182
-12.2966
-12.2752
-12.254
-12.2331
-12.2125
-12.1921
-12.1719
-12.1519
-12.132
-12.1124
-12.0928
-12.0732
-12.0537
-12.0342
-12.0145
-11.9947
-11.9746
-11.9543
-11.9335
-11.9124
-11.8907
-11.8685
-11.8457
-11.8221
-11.7978
-11.7727
-11.7468
-11.7199
-11.6921
-11.6632
-11.6334
-11.6024
-11.5702
-11.5369
-11.5024
-11.4666
-11.4296
-11.3912
-11.3515
-11.3105
-11.268
-11.2242
-1.21295
-3.24537
-4.98126
-6.46206
-7.77169
-8.9566
-10.0427
-11.0458
-11.9717
-12.8224
-13.5991
-14.3037
-14.9379
-15.504
-16.0048
-16.4437
-16.8241
-17.1499
-17.4247
-17.6526
-17.8372
-17.9822
-18.0912
-18.1677
-18.2148
-18.2358
-18.2334
-18.2105
-18.1695
-18.1127
-18.0425
-17.9606
-17.869
-17.7693
-17.663
-17.5514
-17.4358
-17.3172
-17.1966
-17.0749
-16.9527
-16.8308
-16.7097
-16.5899
-16.4717
-16.3556
-16.2417
-16.1304
-16.0219
-15.9162
-15.8134
-15.7138
-15.6171
-15.5236
-15.4332
-15.3458
-15.2615
-15.1801
-15.1017
-15.0261
-14.9532
-14.883
-14.8153
-14.7502
-14.6874
-14.6269
-14.5686
-14.5123
-14.458
-14.4056
-14.355
-14.3061
-14.2588
-14.213
-14.1686
-14.1256
-14.0838
-14.0432
-14.0038
-13.9654
-13.9279
-13.8914
-13.8557
-13.8209
-13.7867
-13.7533
-13.7205
-13.6883
-13.6567
-13.6255
-13.5949
-13.5646
-13.5348
-13.5054
-13.4763
-13.4475
-13.419
-13.3907
-13.3628
-13.335
-13.3075
-13.2801
-13.2529
-13.2259
-13.1991
-13.1724
-13.1458
-13.1194
-13.0931
-13.0669
-13.0408
-13.0149
-12.989
-12.9633
-12.9377
-12.9121
-12.8868
-12.8615
-12.8363
-12.8113
-12.7864
-12.7617
-12.7371
-12.7127
-12.6884
-12.6643
-12.6404
-12.6167
-12.5933
-12.57
-12.5469
-12.5241
-12.5016
-12.4792
-12.4572
-12.4354
-12.4138
-12.3925
-12.3715
-12.3507
-12.3302
-12.3099
-12.2897
-12.2698
-12.25
-12.2302
-12.2106
-12.1909
-12.1713
-12.1515
-12.1315
-12.1113
-12.0908
-12.07
-12.0487
-12.0269
-12.0045
-11.9815
-11.9579
-11.9334
-11.9082
-11.882
-11.855
-11.827
-11.798
-11.7679
-11.7368
-11.7045
-11.671
-11.6362
-11.6003
-11.563
-11.5245
-11.4846
-11.4433
-11.4006
-11.3566
-11.3111
-1.2497
-3.30345
-5.04026
-6.51853
-7.83097
-9.02271
-10.1187
-11.134
-12.073
-12.9359
-13.7238
-14.4382
-15.0808
-15.6541
-16.1608
-16.6046
-16.989
-17.3178
-17.5951
-17.8248
-18.0106
-18.1564
-18.2659
-18.3425
-18.3894
-18.41
-18.407
-18.3833
-18.3414
-18.2837
-18.2124
-18.1294
-18.0366
-17.9357
-17.8282
-17.7154
-17.5986
-17.4788
-17.357
-17.2341
-17.1108
-16.9878
-16.8655
-16.7446
-16.6254
-16.5083
-16.3935
-16.2812
-16.1717
-16.0652
-15.9616
-15.8611
-15.7637
-15.6695
-15.5783
-15.4903
-15.4053
-15.3233
-15.2442
-15.168
-15.0946
-15.0239
-14.9557
-14.8901
-14.8268
-14.7659
-14.7071
-14.6505
-14.5958
-14.543
-14.4921
-14.4428
-14.3952
-14.349
-14.3044
-14.261
-14.219
-14.1781
-14.1384
-14.0997
-14.062
-14.0253
-13.9894
-13.9543
-13.9199
-13.8863
-13.8532
-13.8208
-13.789
-13.7576
-13.7268
-13.6964
-13.6663
-13.6367
-13.6074
-13.5784
-13.5498
-13.5213
-13.4932
-13.4653
-13.4375
-13.41
-13.3827
-13.3555
-13.3285
-13.3016
-13.2749
-13.2483
-13.2218
-13.1955
-13.1692
-13.1431
-13.1171
-13.0912
-13.0654
-13.0398
-13.0142
-12.9888
-12.9635
-12.9383
-12.9133
-12.8884
-12.8636
-12.839
-12.8146
-12.7904
-12.7664
-12.7425
-12.7189
-12.6955
-12.6723
-12.6494
-12.6267
-12.6042
-12.582
-12.5601
-12.5384
-12.517
-12.4958
-12.4749
-12.4543
-12.4338
-12.4136
-12.3935
-12.3736
-12.3538
-12.334
-12.3142
-12.2944
-12.2745
-12.2544
-12.2341
-12.2135
-12.1926
-12.1711
-12.1492
-12.1267
-12.1036
-12.0798
-12.0552
-12.0298
-12.0036
-11.9764
-11.9483
-11.9191
-11.8889
-11.8575
-11.8251
-11.7914
-11.7565
-11.7204
-11.6829
-11.6442
-11.6041
-11.5626
-11.5198
-11.4755
-11.4299
-11.3828
-1.2875
-3.35862
-5.09131
-6.56441
-7.87899
-9.07709
-10.1826
-11.21
-12.1615
-13.0361
-13.8343
-14.5577
-15.208
-15.7877
-16.2998
-16.7479
-17.1357
-17.4673
-17.7467
-17.9778
-18.1647
-18.3111
-18.4209
-18.4975
-18.5443
-18.5644
-18.5609
-18.5364
-18.4937
-18.4351
-18.3628
-18.2788
-18.185
-18.083
-17.9744
-17.8605
-17.7426
-17.6217
-17.4988
-17.3749
-17.2505
-17.1265
-17.0033
-16.8814
-16.7613
-16.6432
-16.5276
-16.4145
-16.3042
-16.1969
-16.0926
-15.9914
-15.8933
-15.7984
-15.7066
-15.6179
-15.5324
-15.4498
-15.3703
-15.2936
-15.2196
-15.1484
-15.0799
-15.0138
-14.9501
-14.8888
-14.8297
-14.7727
-14.7176
-14.6645
-14.6133
-14.5637
-14.5158
-14.4694
-14.4244
-14.3808
-14.3385
-14.2974
-14.2575
-14.2186
-14.1807
-14.1437
-14.1076
-14.0722
-14.0377
-14.0038
-13.9706
-13.938
-13.906
-13.8745
-13.8435
-13.8129
-13.7827
-13.7529
-13.7234
-13.6943
-13.6654
-13.6369
-13.6086
-13.5805
-13.5526
-13.5249
-13.4974
-13.4701
-13.443
-13.4159
-13.3891
-13.3623
-13.3357
-13.3092
-13.2828
-13.2565
-13.2304
-13.2044
-13.1784
-13.1526
-13.1269
-13.1013
-13.0759
-13.0506
-13.0254
-13.0004
-12.9755
-12.9508
-12.9263
-12.9019
-12.8778
-12.8538
-12.83
-12.8065
-12.7832
-12.7601
-12.7373
-12.7147
-12.6924
-12.6704
-12.6486
-12.6271
-12.6058
-12.5848
-12.564
-12.5435
-12.5232
-12.503
-12.483
-12.463
-12.4432
-12.4233
-12.4034
-12.3834
-12.3632
-12.3428
-12.3221
-12.301
-12.2795
-12.2574
-12.2348
-12.2116
-12.1877
-12.163
-12.1375
-12.1111
-12.0838
-12.0555
-12.0262
-11.9958
-11.9644
-11.9317
-11.8979
-11.8629
-11.8266
-11.789
-11.7501
-11.7098
-11.6682
-11.6252
-11.5808
-11.535
-11.4878
-11.4391
-1.32538
-3.4101
-5.13336
-6.59925
-7.91582
-9.11998
-10.2348
-11.2739
-12.2374
-13.1228
-13.9305
-14.662
-15.3191
-15.9045
-16.4212
-16.873
-17.2638
-17.5976
-17.8787
-18.1111
-18.2988
-18.4457
-18.5557
-18.6322
-18.6787
-18.6985
-18.6944
-18.6693
-18.6258
-18.5664
-18.4932
-18.4083
-18.3135
-18.2106
-18.101
-17.9861
-17.8673
-17.7454
-17.6216
-17.4968
-17.3715
-17.2466
-17.1225
-16.9998
-16.8789
-16.7601
-16.6437
-16.5299
-16.4189
-16.3109
-16.2059
-16.1041
-16.0054
-15.91
-15.8177
-15.7285
-15.6424
-15.5594
-15.4794
-15.4022
-15.3279
-15.2563
-15.1874
-15.1209
-15.0569
-14.9952
-14.9358
-14.8785
-14.8232
-14.7698
-14.7182
-14.6684
-14.6202
-14.5736
-14.5284
-14.4846
-14.4421
-14.4008
-14.3606
-14.3215
-14.2834
-14.2462
-14.2099
-14.1744
-14.1397
-14.1057
-14.0723
-14.0396
-14.0074
-13.9757
-13.9445
-13.9138
-13.8835
-13.8535
-13.8239
-13.7946
-13.7657
-13.7369
-13.7085
-13.6803
-13.6523
-13.6245
-13.5968
-13.5694
-13.5421
-13.515
-13.488
-13.4611
-13.4343
-13.4077
-13.3812
-13.3548
-13.3285
-13.3024
-13.2763
-13.2504
-13.2246
-13.1989
-13.1733
-13.1479
-13.1226
-13.0975
-13.0725
-13.0476
-13.023
-12.9985
-12.9742
-12.9502
-12.9263
-12.9027
-12.8792
-12.8561
-12.8332
-12.8105
-12.7881
-12.7659
-12.7441
-12.7224
-12.7011
-12.68
-12.6591
-12.6385
-12.6181
-12.5978
-12.5777
-12.5577
-12.5377
-12.5178
-12.4978
-12.4777
-12.4574
-12.4369
-12.4161
-12.3949
-12.3733
-12.3512
-12.3285
-12.3052
-12.2811
-12.2563
-12.2307
-12.2042
-12.1768
-12.1484
-12.119
-12.0885
-12.0569
-12.0241
-11.9902
-11.955
-11.9186
-11.8809
-11.8418
-11.8014
-11.7596
-11.7165
-11.672
-11.626
-11.5786
-11.5299
-1.3617
-3.45729
-5.16555
-6.62306
-7.94187
-9.15188
-10.2757
-11.3261
-12.3008
-13.196
-14.012
-14.7506
-15.4136
-16.0038
-16.5244
-16.9793
-17.3725
-17.7082
-17.9907
-18.224
-18.4124
-18.5597
-18.6697
-18.7461
-18.7924
-18.8117
-18.8071
-18.7814
-18.7373
-18.6771
-18.6031
-18.5174
-18.4218
-18.3181
-18.2076
-18.092
-17.9722
-17.8496
-17.725
-17.5993
-17.4733
-17.3477
-17.2229
-17.0995
-16.9779
-16.8584
-16.7413
-16.627
-16.5154
-16.4068
-16.3013
-16.199
-16.0998
-16.0039
-15.9111
-15.8215
-15.735
-15.6516
-15.5712
-15.4937
-15.419
-15.3471
-15.2778
-15.2111
-15.1468
-15.0848
-15.0251
-14.9675
-14.912
-14.8584
-14.8066
-14.7565
-14.7081
-14.6613
-14.6159
-14.5719
-14.5292
-14.4878
-14.4474
-14.4082
-14.3699
-14.3326
-14.2961
-14.2605
-14.2256
-14.1915
-14.158
-14.1251
-14.0928
-14.061
-14.0296
-13.9988
-13.9683
-13.9383
-13.9085
-13.8791
-13.85
-13.8212
-13.7927
-13.7643
-13.7362
-13.7083
-13.6806
-13.653
-13.6256
-13.5984
-13.5712
-13.5443
-13.5174
-13.4907
-13.4641
-13.4376
-13.4112
-13.3849
-13.3588
-13.3327
-13.3068
-13.281
-13.2554
-13.2298
-13.2044
-13.1792
-13.1541
-13.1292
-13.1044
-13.0799
-13.0555
-13.0313
-13.0074
-12.9836
-12.9601
-12.9369
-12.9139
-12.8911
-12.8686
-12.8464
-12.8244
-12.8027
-12.7813
-12.7601
-12.7392
-12.7185
-12.698
-12.6777
-12.6575
-12.6374
-12.6173
-12.5973
-12.5772
-12.5571
-12.5367
-12.5161
-12.4953
-12.474
-12.4523
-12.4301
-12.4074
-12.3839
-12.3598
-12.3349
-12.3092
-12.2826
-12.2551
-12.2266
-12.1971
-12.1665
-12.1348
-12.102
-12.0679
-12.0326
-11.9961
-11.9582
-11.9191
-11.8786
-11.8367
-11.7934
-11.7487
-11.7027
-11.6552
-11.6063
-11.556
-1.39428
-3.50046
-5.18811
-6.63716
-7.95857
-9.17401
-10.3062
-11.3672
-12.352
-13.2557
-14.0787
-14.8231
-15.491
-16.0851
-16.6089
-17.0662
-17.4613
-17.7985
-18.082
-18.316
-18.5048
-18.6523
-18.7623
-18.8386
-18.8846
-18.9035
-18.8985
-18.8723
-18.8275
-18.7667
-18.6921
-18.6057
-18.5094
-18.405
-18.2939
-18.1775
-18.0571
-17.9338
-17.8085
-17.6822
-17.5556
-17.4293
-17.3039
-17.18
-17.0578
-16.9378
-16.8203
-16.7054
-16.5933
-16.4843
-16.3784
-16.2756
-16.1761
-16.0797
-15.9866
-15.8967
-15.8099
-15.7261
-15.6454
-15.5676
-15.4927
-15.4205
-15.3509
-15.2839
-15.2194
-15.1572
-15.0973
-15.0395
-14.9838
-14.93
-14.878
-14.8278
-14.7792
-14.7322
-14.6867
-14.6425
-14.5997
-14.5581
-14.5176
-14.4782
-14.4398
-14.4024
-14.3658
-14.3301
-14.2951
-14.2608
-14.2272
-14.1942
-14.1618
-14.1299
-14.0984
-14.0675
-14.0369
-14.0068
-13.9769
-13.9475
-13.9183
-13.8894
-13.8607
-13.8323
-13.8041
-13.7761
-13.7482
-13.7206
-13.6931
-13.6658
-13.6386
-13.6115
-13.5846
-13.5578
-13.5311
-13.5045
-13.478
-13.4517
-13.4254
-13.3993
-13.3733
-13.3474
-13.3217
-13.2961
-13.2706
-13.2453
-13.2201
-13.1951
-13.1703
-13.1456
-13.1212
-13.0969
-13.0729
-13.0491
-13.0255
-13.0022
-12.9791
-12.9563
-12.9337
-12.9114
-12.8894
-12.8677
-12.8462
-12.8249
-12.8039
-12.7832
-12.7626
-12.7422
-12.7219
-12.7018
-12.6817
-12.6616
-12.6415
-12.6213
-12.6008
-12.5802
-12.5593
-12.538
-12.5162
-12.4939
-12.4711
-12.4476
-12.4234
-12.3985
-12.3727
-12.346
-12.3185
-12.2899
-12.2603
-12.2296
-12.1978
-12.1649
-12.1308
-12.0954
-12.0587
-12.0208
-11.9815
-11.9409
-11.8989
-11.8556
-11.8108
-11.7646
-11.7171
-11.6681
-11.6177
-11.566
-1.41751
-3.53803
-5.20026
-6.64288
-7.96773
-9.18803
-10.3277
-11.3978
-12.3912
-13.3017
-14.1302
-14.8792
-15.5508
-16.1479
-16.6739
-17.1331
-17.5296
-17.8677
-18.1519
-18.3864
-18.5755
-18.7231
-18.8331
-18.9092
-18.9549
-18.9735
-18.968
-18.9413
-18.8961
-18.8348
-18.7597
-18.6727
-18.5759
-18.4709
-18.3592
-18.2423
-18.1214
-17.9976
-17.8718
-17.745
-17.6179
-17.4911
-17.3653
-17.2409
-17.1183
-16.9979
-16.88
-16.7647
-16.6523
-16.543
-16.4367
-16.3336
-16.2338
-16.1372
-16.0438
-15.9535
-15.8665
-15.7825
-15.7016
-15.6235
-15.5484
-15.476
-15.4063
-15.3391
-15.2744
-15.2121
-15.152
-15.094
-15.0381
-14.9842
-14.9321
-14.8817
-14.833
-14.7859
-14.7403
-14.696
-14.6531
-14.6113
-14.5708
-14.5313
-14.4928
-14.4552
-14.4186
-14.3828
-14.3477
-14.3133
-14.2796
-14.2466
-14.214
-14.1821
-14.1506
-14.1195
-14.0889
-14.0587
-14.0288
-13.9992
-13.97
-13.941
-13.9123
-13.8838
-13.8555
-13.8274
-13.7995
-13.7718
-13.7443
-13.7169
-13.6896
-13.6625
-13.6355
-13.6086
-13.5818
-13.5552
-13.5286
-13.5022
-13.4759
-13.4497
-13.4237
-13.3977
-13.3719
-13.3463
-13.3207
-13.2953
-13.2701
-13.2451
-13.2202
-13.1955
-13.171
-13.1467
-13.1226
-13.0987
-13.0751
-13.0517
-13.0286
-13.0057
-12.9831
-12.9607
-12.9386
-12.9168
-12.8953
-12.874
-12.853
-12.8322
-12.8115
-12.7911
-12.7708
-12.7506
-12.7305
-12.7103
-12.6902
-12.6699
-12.6494
-12.6288
-12.6078
-12.5864
-12.5646
-12.5423
-12.5194
-12.4959
-12.4717
-12.4466
-12.4208
-12.3941
-12.3664
-12.3378
-12.3082
-12.2774
-12.2456
-12.2126
-12.1784
-12.1429
-12.1062
-12.0682
-12.0289
-11.9882
-11.9461
-11.9027
-11.8579
-11.8116
-11.764
-11.7149
-11.6645
-11.6127
-11.5596
-1.42895
-3.57303
-5.20575
-6.64385
-7.97202
-9.19595
-10.3413
-11.4187
-12.4185
-13.3339
-14.1662
-14.9182
-15.5923
-16.1914
-16.7189
-17.1792
-17.5766
-17.9153
-18.1999
-18.4347
-18.6238
-18.7714
-18.8812
-18.9572
-19.0027
-19.021
-19.0152
-18.9881
-18.9426
-18.8809
-18.8053
-18.718
-18.6208
-18.5154
-18.4033
-18.286
-18.1647
-18.0405
-17.9144
-17.7873
-17.6598
-17.5327
-17.4066
-17.2819
-17.159
-17.0383
-16.9201
-16.8046
-16.692
-16.5824
-16.4759
-16.3726
-16.2726
-16.1758
-16.0822
-15.9918
-15.9046
-15.8204
-15.7393
-15.6612
-15.5859
-15.5133
-15.4435
-15.3762
-15.3114
-15.2489
-15.1887
-15.1307
-15.0747
-15.0207
-14.9685
-14.918
-14.8693
-14.8221
-14.7763
-14.732
-14.689
-14.6472
-14.6065
-14.567
-14.5284
-14.4908
-14.4541
-14.4182
-14.3831
-14.3487
-14.3149
-14.2818
-14.2493
-14.2172
-14.1857
-14.1546
-14.1239
-14.0936
-14.0637
-14.0341
-14.0048
-13.9757
-13.947
-13.9184
-13.8901
-13.862
-13.8341
-13.8063
-13.7787
-13.7513
-13.7239
-13.6968
-13.6697
-13.6428
-13.616
-13.5893
-13.5627
-13.5363
-13.5099
-13.4837
-13.4576
-13.4316
-13.4058
-13.3801
-13.3545
-13.3291
-13.3038
-13.2787
-13.2538
-13.229
-13.2045
-13.1801
-13.156
-13.1321
-13.1084
-13.085
-13.0618
-13.0389
-13.0163
-12.9939
-12.9718
-12.95
-12.9284
-12.9071
-12.886
-12.8651
-12.8445
-12.824
-12.8037
-12.7835
-12.7633
-12.7432
-12.723
-12.7027
-12.6822
-12.6615
-12.6404
-12.6191
-12.5972
-12.5749
-12.552
-12.5284
-12.5041
-12.4791
-12.4532
-12.4265
-12.3988
-12.3701
-12.3404
-12.3097
-12.2778
-12.2447
-12.2105
-12.175
-12.1382
-12.1002
-12.0608
-12.02
-11.9779
-11.9345
-11.8896
-11.8433
-11.7956
-11.7465
-11.696
-11.6442
-11.591
-1.41674
-3.61071
-5.20897
-6.64416
-7.97498
-9.20089
-10.35
-11.4324
-12.4367
-13.3551
-14.1896
-14.9435
-15.6191
-16.2192
-16.7476
-17.2084
-17.6061
-17.9451
-18.2298
-18.4646
-18.6537
-18.8011
-18.9109
-18.9866
-19.0318
-19.0499
-19.0438
-19.0165
-18.9707
-18.9087
-18.8328
-18.7452
-18.6477
-18.542
-18.4297
-18.3122
-18.1906
-18.0662
-17.9398
-17.8125
-17.6848
-17.5575
-17.4312
-17.3063
-17.1832
-17.0624
-16.944
-16.8284
-16.7156
-16.6058
-16.4992
-16.3958
-16.2956
-16.1987
-16.105
-16.0145
-15.9272
-15.843
-15.7618
-15.6835
-15.6082
-15.5356
-15.4656
-15.3983
-15.3334
-15.2709
-15.2106
-15.1525
-15.0965
-15.0424
-14.9901
-14.9397
-14.8908
-14.8436
-14.7978
-14.7534
-14.7104
-14.6685
-14.6279
-14.5883
-14.5497
-14.512
-14.4753
-14.4394
-14.4042
-14.3698
-14.336
-14.3028
-14.2702
-14.2382
-14.2066
-14.1755
-14.1448
-14.1145
-14.0845
-14.0549
-14.0255
-13.9965
-13.9677
-13.9391
-13.9108
-13.8826
-13.8547
-13.8269
-13.7992
-13.7718
-13.7444
-13.7172
-13.6902
-13.6632
-13.6364
-13.6097
-13.5831
-13.5566
-13.5302
-13.504
-13.4778
-13.4518
-13.426
-13.4002
-13.3746
-13.3492
-13.3239
-13.2987
-13.2738
-13.249
-13.2245
-13.2001
-13.1759
-13.152
-13.1283
-13.1049
-13.0817
-13.0588
-13.0361
-13.0137
-12.9916
-12.9697
-12.9481
-12.9268
-12.9057
-12.8848
-12.8642
-12.8437
-12.8233
-12.8031
-12.7829
-12.7627
-12.7425
-12.7222
-12.7017
-12.681
-12.6599
-12.6385
-12.6167
-12.5943
-12.5714
-12.5478
-12.5235
-12.4985
-12.4726
-12.4458
-12.4181
-12.3894
-12.3597
-12.3289
-12.297
-12.2639
-12.2296
-12.1941
-12.1573
-12.1193
-12.0798
-12.0391
-11.9969
-11.9534
-11.9085
-11.8622
-11.8145
-11.7653
-11.7149
-11.6629
-11.6098
-11.5554
)
;

boundaryField
{
    inlet
    {
        type            fixedValue;
        value           uniform 0;
    }
    outlet
    {
        type            fixedValue;
        value           nonuniform List<scalar> 0();
    }
    lowerWall
    {
        type            zeroGradient;
    }
    upperWall
    {
        type            zeroGradient;
    }
    frontAndBack
    {
        type            zeroGradient;
    }
    procBoundary3to0
    {
        type            processor;
        value           nonuniform List<scalar> 
150
(
0.0525609
0.151772
0.245385
0.330999
0.40923
0.480699
0.546014
0.605754
0.660454
0.710601
0.75663
0.798917
0.837793
0.873535
0.906405
0.936608
0.964391
0.452264
0.452264
0.466652
0.480247
0.493114
0.505286
0.51682
0.527776
0.538203
0.548144
0.55764
0.56673
0.575454
0.583846
0.591942
0.599775
0.607374
0.61477
0.62199
0.629059
0.635999
0.642831
0.649575
0.656247
0.662863
0.669437
0.675982
0.682507
0.689024
0.695539
0.702061
0.708596
0.715148
0.721724
0.728326
0.734957
0.74162
0.748317
0.75505
0.761818
0.768624
0.775467
0.782348
0.789266
0.796221
0.803212
0.81024
0.817302
0.824398
0.831527
0.838688
0.84588
0.853102
0.860352
0.86763
0.874935
0.882265
0.88962
0.896998
0.904398
0.911821
0.919265
0.926729
0.934212
0.941713
0.949233
0.956769
0.96432
0.971888
0.97947
0.987066
0.994676
1.0023
1.00994
1.01759
1.02525
1.03293
1.04062
1.04832
1.05604
1.06376
1.0715
1.07926
1.08702
1.0948
1.1026
1.1104
1.11822
1.12606
1.13391
1.14178
1.14966
1.15755
1.16547
1.1734
1.18135
1.18932
1.19731
1.20532
1.21336
1.22142
1.2295
1.23761
1.24575
1.25391
1.26209
1.27031
1.27855
1.28682
1.29513
1.30346
1.31182
1.32021
1.32863
1.33708
1.34556
1.35407
1.3626
1.37116
1.37975
1.38835
1.39697
1.40561
1.41426
1.42292
1.43158
1.44025
1.44892
1.45759
1.46627
1.47497
1.4837
1.49254
)
;
    }
    procBoundary3to9
    {
        type            processor;
        value           nonuniform List<scalar> 
85
(
1.07832
0.655388
0.655388
0.242862
0.242862
-0.167943
-0.167943
-0.576574
-0.993796
-0.993796
-1.3975
-1.3975
-1.79788
-2.20728
-2.20728
-2.60058
-2.60058
-2.98947
-2.98947
-3.37348
-3.76755
-3.76755
-4.14158
-4.14158
-4.50966
-4.8889
-4.8889
-5.24492
-5.24492
-5.5939
-5.5939
-5.93539
-6.29012
-6.29012
-6.61674
-6.61674
-6.93482
-6.93482
-7.24391
-7.569
-7.569
-7.86046
-7.86046
-8.14192
-8.44164
-8.44164
-8.70352
-8.70352
-8.9544
-8.9544
-9.19385
-9.45523
-9.45523
-9.67251
-9.67251
-9.87743
-10.1071
-10.1071
-10.288
-10.288
-10.4557
-10.4557
-10.6098
-10.7928
-10.7928
-10.9205
-10.9205
-11.0339
-11.1789
-11.1789
-11.2643
-11.2643
-11.3346
-11.3346
-11.3893
-11.4797
-11.4797
-11.5044
-11.5044
-11.5131
-11.5131
-11.5055
-11.5367
-11.5367
-11.4999
)
;
    }
}


// ************************************************************************* //
