/*--------------------------------*- C++ -*----------------------------------*\
| =========                 |                                                 |
| \\      /  F ield         | OpenFOAM: The Open Source CFD Toolbox           |
|  \\    /   O peration     | Version:  2512                                  |
|   \\  /    A nd           | Website:  www.openfoam.com                      |
|    \\/     M anipulation  |                                                 |
\*---------------------------------------------------------------------------*/
FoamFile
{
    version     2.0;
    format      ascii;
    arch        "LSB;label=32;scalar=64";
    class       volScalarField;
    location    "0.1";
    object      Ux;
}
// * * * * * * * * * * * * * * * * * * * * * * * * * * * * * * * * * * * * * //

dimensions      [0 1 -1 0 0 0 0];

internalField   nonuniform List<scalar> 
8333
(
0.0596267
0.0600903
0.0602709
0.0599602
0.0601778
0.0604102
0.0604393
0.0605306
0.0606879
0.0608123
0.0609066
0.0609968
0.0610826
0.0611588
0.061226
0.0612856
0.0613384
0.0596266
0.0600909
0.0602727
0.0599632
0.060181
0.0604125
0.0604404
0.0605306
0.0606874
0.0608114
0.0609056
0.0609959
0.0610817
0.0611579
0.0612252
0.0612849
0.0613374
0.0613852
0.0614278
0.0614652
0.0614989
0.0615292
0.0615564
0.061581
0.0616035
0.0616241
0.0616433
0.0616611
0.0616778
0.0616937
0.0617087
0.0617231
0.061737
0.0617504
0.0617635
0.0617762
0.0617886
0.0618009
0.0618129
0.0618248
0.0618365
0.0618481
0.0618597
0.0618711
0.0618825
0.0618938
0.0619051
0.0619163
0.0619275
0.0619387
0.0619498
0.0619609
0.061972
0.0619831
0.0619941
0.0620051
0.0620161
0.0620271
0.0620381
0.0620491
0.0620601
0.062071
0.062082
0.0620929
0.0621038
0.0621148
0.0621257
0.0621366
0.0621474
0.0621583
0.0621692
0.06218
0.0621909
0.0622017
0.0622125
0.0622234
0.0622342
0.062245
0.0622558
0.0622665
0.0622773
0.0622881
0.0622988
0.0623095
0.0623203
0.062331
0.0623417
0.0623524
0.0623631
0.0623737
0.0623844
0.062395
0.0624057
0.0624163
0.0624269
0.0624375
0.0624481
0.0624587
0.0624692
0.0624798
0.0624903
0.0625008
0.0625114
0.0625219
0.0625323
0.0625428
0.0625533
0.0625637
0.0625741
0.0625846
0.062595
0.0626054
0.0626157
0.0626261
0.0626365
0.0626468
0.0626571
0.0626674
0.0626777
0.062688
0.0626982
0.0627085
0.0627187
0.0627289
0.0627391
0.0627493
0.0627595
0.0627696
0.0627798
0.0627899
0.0628
0.0628101
0.0628201
0.0628302
0.0628402
0.0628502
0.0628602
0.0628702
0.0628801
0.06289
0.0629
0.0629098
0.0629197
0.0629293
0.0629393
0.0629487
0.0629583
0.0629675
0.0629761
0.0596264
0.0600914
0.0602746
0.0599666
0.0601849
0.0604159
0.0604428
0.0605322
0.0606883
0.060812
0.060906
0.0609962
0.061082
0.0611582
0.0612255
0.0612851
0.0613379
0.0613857
0.0614282
0.0614654
0.061499
0.0615293
0.0615565
0.0615811
0.0616036
0.0616242
0.0616434
0.0616612
0.061678
0.0616938
0.0617088
0.0617232
0.0617371
0.0617505
0.0617635
0.0617762
0.0617886
0.0618009
0.0618129
0.0618247
0.0618365
0.0618481
0.0618596
0.0618711
0.0618825
0.0618938
0.0619051
0.0619163
0.0619275
0.0619386
0.0619498
0.0619609
0.061972
0.061983
0.0619941
0.0620051
0.0620161
0.0620271
0.0620381
0.0620491
0.0620601
0.062071
0.062082
0.0620929
0.0621038
0.0621147
0.0621256
0.0621365
0.0621474
0.0621583
0.0621692
0.06218
0.0621909
0.0622017
0.0622125
0.0622233
0.0622342
0.062245
0.0622557
0.0622665
0.0622773
0.062288
0.0622988
0.0623095
0.0623203
0.062331
0.0623417
0.0623524
0.062363
0.0623737
0.0623844
0.062395
0.0624057
0.0624163
0.0624269
0.0624375
0.0624481
0.0624587
0.0624692
0.0624798
0.0624903
0.0625008
0.0625113
0.0625218
0.0625323
0.0625428
0.0625533
0.0625637
0.0625741
0.0625846
0.062595
0.0626054
0.0626157
0.0626261
0.0626365
0.0626468
0.0626571
0.0626674
0.0626777
0.062688
0.0626982
0.0627085
0.0627187
0.0627289
0.0627391
0.0627493
0.0627595
0.0627696
0.0627798
0.0627899
0.0628
0.0628101
0.0628201
0.0628302
0.0628402
0.0628502
0.0628602
0.0628702
0.0628801
0.06289
0.0629
0.0629098
0.0629197
0.0629293
0.0629393
0.0629486
0.0629584
0.0629674
0.0629747
0.0596262
0.0600915
0.0602759
0.0599693
0.0601886
0.0604197
0.0604463
0.0605351
0.0606909
0.0608143
0.0609082
0.0609982
0.0610839
0.06116
0.061227
0.0612866
0.0613393
0.0613868
0.0614291
0.0614662
0.0614997
0.0615298
0.0615569
0.0615814
0.0616038
0.0616244
0.0616435
0.0616613
0.061678
0.0616937
0.0617088
0.0617232
0.061737
0.0617505
0.0617635
0.0617762
0.0617886
0.0618009
0.0618129
0.0618247
0.0618365
0.0618481
0.0618596
0.0618711
0.0618824
0.0618938
0.061905
0.0619163
0.0619275
0.0619386
0.0619497
0.0619608
0.0619719
0.061983
0.061994
0.0620051
0.0620161
0.0620271
0.0620381
0.0620491
0.06206
0.062071
0.0620819
0.0620929
0.0621038
0.0621147
0.0621256
0.0621365
0.0621474
0.0621583
0.0621691
0.06218
0.0621908
0.0622017
0.0622125
0.0622233
0.0622341
0.0622449
0.0622557
0.0622665
0.0622773
0.062288
0.0622988
0.0623095
0.0623202
0.062331
0.0623417
0.0623524
0.062363
0.0623737
0.0623844
0.062395
0.0624056
0.0624163
0.0624269
0.0624375
0.0624481
0.0624586
0.0624692
0.0624798
0.0624903
0.0625008
0.0625113
0.0625218
0.0625323
0.0625428
0.0625533
0.0625637
0.0625741
0.0625846
0.062595
0.0626054
0.0626157
0.0626261
0.0626365
0.0626468
0.0626571
0.0626674
0.0626777
0.062688
0.0626982
0.0627085
0.0627187
0.0627289
0.0627391
0.0627493
0.0627595
0.0627696
0.0627798
0.0627899
0.0628
0.0628101
0.0628201
0.0628302
0.0628402
0.0628502
0.0628602
0.0628702
0.0628801
0.06289
0.0629
0.0629098
0.0629197
0.0629293
0.0629393
0.0629487
0.0629583
0.0629676
0.0629749
0.062986
0.0596261
0.0600917
0.060277
0.0599717
0.0601921
0.0604239
0.0604506
0.0605393
0.0606949
0.0608182
0.0609119
0.0610017
0.0610872
0.061163
0.0612297
0.0612891
0.0613416
0.0613888
0.0614307
0.0614677
0.0615009
0.0615309
0.0615578
0.0615822
0.0616044
0.0616249
0.0616439
0.0616617
0.0616783
0.0616941
0.0617091
0.0617235
0.0617373
0.0617507
0.0617636
0.0617763
0.0617887
0.0618009
0.0618129
0.0618248
0.0618365
0.0618481
0.0618596
0.0618711
0.0618824
0.0618938
0.061905
0.0619163
0.0619274
0.0619386
0.0619497
0.0619608
0.0619719
0.061983
0.061994
0.0620051
0.0620161
0.0620271
0.0620381
0.0620491
0.06206
0.062071
0.0620819
0.0620929
0.0621038
0.0621147
0.0621256
0.0621365
0.0621474
0.0621583
0.0621691
0.06218
0.0621908
0.0622017
0.0622125
0.0622233
0.0622341
0.0622449
0.0622557
0.0622665
0.0622773
0.062288
0.0622988
0.0623095
0.0623202
0.0623309
0.0623417
0.0623523
0.062363
0.0623737
0.0623844
0.062395
0.0624056
0.0624163
0.0624269
0.0624375
0.0624481
0.0624586
0.0624692
0.0624798
0.0624903
0.0625008
0.0625113
0.0625218
0.0625323
0.0625428
0.0625533
0.0625637
0.0625741
0.0625846
0.062595
0.0626054
0.0626157
0.0626261
0.0626364
0.0626468
0.0626571
0.0626674
0.0626777
0.062688
0.0626982
0.0627085
0.0627187
0.0627289
0.0627391
0.0627493
0.0627595
0.0627696
0.0627798
0.0627899
0.0628
0.0628101
0.0628201
0.0628302
0.0628402
0.0628502
0.0628602
0.0628702
0.0628801
0.0628901
0.0629
0.0629098
0.0629197
0.0629293
0.0629393
0.0629487
0.0629582
0.0629677
0.0629759
0.0629862
0.062998
0.059626
0.0600919
0.060278
0.059974
0.0601956
0.0604283
0.0604555
0.0605444
0.0607001
0.0608233
0.0609169
0.0610065
0.0610916
0.0611671
0.0612335
0.0612925
0.0613448
0.0613915
0.0614331
0.0614698
0.0615027
0.0615323
0.061559
0.0615832
0.0616053
0.0616257
0.0616446
0.0616622
0.0616788
0.0616944
0.0617094
0.0617237
0.0617374
0.0617507
0.0617637
0.0617764
0.0617888
0.061801
0.061813
0.0618248
0.0618366
0.0618482
0.0618597
0.0618711
0.0618825
0.0618938
0.061905
0.0619163
0.0619275
0.0619386
0.0619497
0.0619608
0.0619719
0.061983
0.061994
0.0620051
0.0620161
0.0620271
0.0620381
0.0620491
0.06206
0.062071
0.0620819
0.0620929
0.0621038
0.0621147
0.0621256
0.0621365
0.0621474
0.0621583
0.0621691
0.06218
0.0621908
0.0622017
0.0622125
0.0622233
0.0622341
0.0622449
0.0622557
0.0622665
0.0622773
0.062288
0.0622988
0.0623095
0.0623202
0.0623309
0.0623417
0.0623523
0.062363
0.0623737
0.0623844
0.062395
0.0624056
0.0624163
0.0624269
0.0624375
0.0624481
0.0624586
0.0624692
0.0624798
0.0624903
0.0625008
0.0625113
0.0625218
0.0625323
0.0625428
0.0625533
0.0625637
0.0625741
0.0625846
0.062595
0.0626054
0.0626157
0.0626261
0.0626364
0.0626468
0.0626571
0.0626674
0.0626777
0.062688
0.0626982
0.0627085
0.0627187
0.0627289
0.0627391
0.0627493
0.0627595
0.0627696
0.0627798
0.0627899
0.0628
0.0628101
0.0628201
0.0628302
0.0628402
0.0628502
0.0628602
0.0628702
0.0628802
0.0628901
0.0629
0.0629098
0.0629197
0.0629294
0.0629393
0.0629488
0.0629583
0.0629678
0.0629764
0.0629866
0.0629975
0.0630092
0.059626
0.0600922
0.0602791
0.0599762
0.0601992
0.0604331
0.0604611
0.0605505
0.0607064
0.0608296
0.0609231
0.0610124
0.0610973
0.0611723
0.0612382
0.0612968
0.0613486
0.0613948
0.061436
0.0614723
0.0615049
0.0615342
0.0615606
0.0615846
0.0616065
0.0616267
0.0616454
0.0616629
0.0616793
0.0616949
0.0617098
0.061724
0.0617378
0.0617511
0.061764
0.0617766
0.061789
0.0618011
0.0618131
0.0618249
0.0618366
0.0618482
0.0618597
0.0618711
0.0618825
0.0618938
0.0619051
0.0619163
0.0619275
0.0619386
0.0619497
0.0619609
0.0619719
0.061983
0.061994
0.0620051
0.0620161
0.0620271
0.0620381
0.0620491
0.06206
0.062071
0.0620819
0.0620929
0.0621038
0.0621147
0.0621256
0.0621365
0.0621474
0.0621583
0.0621691
0.06218
0.0621908
0.0622017
0.0622125
0.0622233
0.0622341
0.0622449
0.0622557
0.0622665
0.0622773
0.062288
0.0622988
0.0623095
0.0623202
0.0623309
0.0623416
0.0623523
0.062363
0.0623737
0.0623844
0.062395
0.0624056
0.0624163
0.0624269
0.0624375
0.0624481
0.0624586
0.0624692
0.0624798
0.0624903
0.0625008
0.0625113
0.0625218
0.0625323
0.0625428
0.0625533
0.0625637
0.0625741
0.0625846
0.062595
0.0626054
0.0626157
0.0626261
0.0626364
0.0626468
0.0626571
0.0626674
0.0626777
0.062688
0.0626982
0.0627085
0.0627187
0.0627289
0.0627391
0.0627493
0.0627595
0.0627696
0.0627798
0.0627899
0.0628
0.0628101
0.0628201
0.0628302
0.0628402
0.0628502
0.0628602
0.0628702
0.0628802
0.0628901
0.0629
0.0629098
0.0629197
0.0629294
0.0629393
0.0629488
0.0629583
0.062968
0.0629768
0.062987
0.0629978
0.0630073
0.0596259
0.0600926
0.0602802
0.0599786
0.060203
0.0604383
0.0604674
0.0605575
0.0607138
0.0608372
0.0609306
0.0610196
0.061104
0.0611786
0.0612439
0.0613019
0.0613532
0.0613989
0.0614394
0.0614754
0.0615075
0.0615364
0.0615625
0.0615862
0.0616079
0.0616278
0.0616464
0.0616637
0.06168
0.0616955
0.0617103
0.0617244
0.0617381
0.0617513
0.0617642
0.0617768
0.0617891
0.0618013
0.0618132
0.061825
0.0618367
0.0618483
0.0618598
0.0618712
0.0618826
0.0618938
0.0619051
0.0619163
0.0619275
0.0619386
0.0619498
0.0619609
0.0619719
0.061983
0.0619941
0.0620051
0.0620161
0.0620271
0.0620381
0.0620491
0.06206
0.062071
0.0620819
0.0620929
0.0621038
0.0621147
0.0621256
0.0621365
0.0621474
0.0621583
0.0621691
0.06218
0.0621908
0.0622017
0.0622125
0.0622233
0.0622341
0.0622449
0.0622557
0.0622665
0.0622773
0.062288
0.0622988
0.0623095
0.0623202
0.0623309
0.0623416
0.0623523
0.062363
0.0623737
0.0623844
0.062395
0.0624056
0.0624163
0.0624269
0.0624375
0.0624481
0.0624586
0.0624692
0.0624798
0.0624903
0.0625008
0.0625113
0.0625218
0.0625323
0.0625428
0.0625533
0.0625637
0.0625741
0.0625846
0.062595
0.0626054
0.0626157
0.0626261
0.0626364
0.0626468
0.0626571
0.0626674
0.0626777
0.062688
0.0626982
0.0627085
0.0627187
0.0627289
0.0627391
0.0627493
0.0627595
0.0627696
0.0627798
0.0627899
0.0628
0.0628101
0.0628202
0.0628302
0.0628402
0.0628503
0.0628602
0.0628702
0.0628802
0.0628901
0.0629
0.0629098
0.0629197
0.0629294
0.0629393
0.0629489
0.0629584
0.0629681
0.0629772
0.0629873
0.0629978
0.063007
0.0630176
0.0596259
0.060093
0.0602814
0.0599811
0.0602071
0.0604441
0.0604745
0.0605655
0.0607224
0.060846
0.0609393
0.061028
0.0611119
0.0611859
0.0612506
0.0613079
0.0613586
0.0614035
0.0614435
0.0614789
0.0615105
0.061539
0.0615647
0.0615881
0.0616094
0.0616292
0.0616475
0.0616647
0.0616809
0.0616962
0.0617109
0.0617249
0.0617385
0.0617517
0.0617645
0.0617771
0.0617894
0.0618014
0.0618134
0.0618251
0.0618368
0.0618484
0.0618599
0.0618713
0.0618826
0.0618939
0.0619051
0.0619163
0.0619275
0.0619387
0.0619498
0.0619609
0.061972
0.061983
0.0619941
0.0620051
0.0620161
0.0620271
0.0620381
0.0620491
0.06206
0.062071
0.0620819
0.0620929
0.0621038
0.0621147
0.0621256
0.0621365
0.0621474
0.0621583
0.0621691
0.06218
0.0621908
0.0622017
0.0622125
0.0622233
0.0622341
0.0622449
0.0622557
0.0622665
0.0622773
0.062288
0.0622988
0.0623095
0.0623202
0.0623309
0.0623416
0.0623523
0.062363
0.0623737
0.0623844
0.062395
0.0624056
0.0624163
0.0624269
0.0624375
0.0624481
0.0624586
0.0624692
0.0624798
0.0624903
0.0625008
0.0625113
0.0625218
0.0625323
0.0625428
0.0625533
0.0625637
0.0625741
0.0625846
0.062595
0.0626054
0.0626157
0.0626261
0.0626364
0.0626468
0.0626571
0.0626674
0.0626777
0.062688
0.0626982
0.0627085
0.0627187
0.0627289
0.0627391
0.0627493
0.0627595
0.0627696
0.0627798
0.0627899
0.0628
0.0628101
0.0628202
0.0628302
0.0628402
0.0628503
0.0628603
0.0628702
0.0628802
0.0628901
0.0629
0.0629099
0.0629197
0.0629295
0.0629393
0.062949
0.0629584
0.0629682
0.0629775
0.0629875
0.0629979
0.0630075
0.0630175
0.0630299
0.059626
0.0600934
0.0602828
0.0599838
0.0602117
0.0604505
0.0604825
0.0605747
0.0607322
0.0608561
0.0609493
0.0610377
0.061121
0.0611943
0.0612582
0.0613147
0.0613647
0.0614089
0.0614481
0.0614829
0.061514
0.0615419
0.0615672
0.0615902
0.0616113
0.0616307
0.0616488
0.0616658
0.0616818
0.061697
0.0617115
0.0617255
0.061739
0.0617521
0.0617648
0.0617773
0.0617896
0.0618016
0.0618135
0.0618253
0.0618369
0.0618485
0.0618599
0.0618713
0.0618827
0.0618939
0.0619052
0.0619164
0.0619276
0.0619387
0.0619498
0.0619609
0.061972
0.061983
0.0619941
0.0620051
0.0620161
0.0620271
0.0620381
0.0620491
0.06206
0.062071
0.0620819
0.0620929
0.0621038
0.0621147
0.0621256
0.0621365
0.0621474
0.0621583
0.0621691
0.06218
0.0621908
0.0622017
0.0622125
0.0622233
0.0622341
0.0622449
0.0622557
0.0622665
0.0622773
0.062288
0.0622988
0.0623095
0.0623202
0.0623309
0.0623416
0.0623523
0.062363
0.0623737
0.0623843
0.062395
0.0624056
0.0624163
0.0624269
0.0624375
0.0624481
0.0624586
0.0624692
0.0624798
0.0624903
0.0625008
0.0625113
0.0625218
0.0625323
0.0625428
0.0625533
0.0625637
0.0625741
0.0625846
0.062595
0.0626054
0.0626157
0.0626261
0.0626364
0.0626468
0.0626571
0.0626674
0.0626777
0.062688
0.0626982
0.0627085
0.0627187
0.0627289
0.0627391
0.0627493
0.0627595
0.0627697
0.0627798
0.0627899
0.0628
0.0628101
0.0628202
0.0628302
0.0628403
0.0628503
0.0628603
0.0628702
0.0628802
0.0628901
0.0629
0.0629099
0.0629198
0.0629295
0.0629393
0.062949
0.0629586
0.0629684
0.0629778
0.0629877
0.0629979
0.0630078
0.0630177
0.0630277
0.059626
0.0600939
0.0602843
0.0599868
0.0602166
0.0604576
0.0604914
0.0605849
0.0607433
0.0608675
0.0609606
0.0610486
0.0611312
0.0612037
0.0612668
0.0613224
0.0613715
0.0614148
0.0614533
0.0614874
0.0615178
0.0615452
0.06157
0.0615926
0.0616133
0.0616324
0.0616502
0.061667
0.0616828
0.0616978
0.0617122
0.0617261
0.0617395
0.0617525
0.0617652
0.0617776
0.0617898
0.0618018
0.0618137
0.0618254
0.0618371
0.0618486
0.06186
0.0618714
0.0618827
0.061894
0.0619052
0.0619164
0.0619276
0.0619387
0.0619498
0.0619609
0.061972
0.061983
0.0619941
0.0620051
0.0620161
0.0620271
0.0620381
0.0620491
0.06206
0.062071
0.0620819
0.0620929
0.0621038
0.0621147
0.0621256
0.0621365
0.0621474
0.0621583
0.0621691
0.06218
0.0621908
0.0622017
0.0622125
0.0622233
0.0622341
0.0622449
0.0622557
0.0622665
0.0622773
0.062288
0.0622988
0.0623095
0.0623202
0.0623309
0.0623416
0.0623523
0.062363
0.0623737
0.0623843
0.062395
0.0624056
0.0624163
0.0624269
0.0624375
0.0624481
0.0624586
0.0624692
0.0624797
0.0624903
0.0625008
0.0625113
0.0625218
0.0625323
0.0625428
0.0625533
0.0625637
0.0625741
0.0625846
0.062595
0.0626054
0.0626157
0.0626261
0.0626364
0.0626468
0.0626571
0.0626674
0.0626777
0.062688
0.0626982
0.0627085
0.0627187
0.0627289
0.0627391
0.0627493
0.0627595
0.0627697
0.0627798
0.0627899
0.0628
0.0628101
0.0628202
0.0628302
0.0628403
0.0628503
0.0628603
0.0628703
0.0628802
0.0628901
0.0629001
0.0629099
0.0629198
0.0629296
0.0629393
0.0629491
0.0629587
0.0629685
0.062978
0.0629879
0.0629981
0.063008
0.0630179
0.0630275
0.0630382
0.059626
0.0600945
0.060286
0.0599902
0.0602222
0.0604655
0.0605014
0.0605964
0.0607557
0.0608803
0.0609733
0.0610607
0.0611427
0.0612142
0.0612763
0.0613309
0.061379
0.0614214
0.061459
0.0614923
0.0615221
0.0615488
0.0615731
0.0615952
0.0616155
0.0616343
0.0616518
0.0616683
0.0616839
0.0616988
0.061713
0.0617267
0.06174
0.061753
0.0617656
0.0617779
0.0617901
0.0618021
0.0618139
0.0618256
0.0618372
0.0618487
0.0618601
0.0618715
0.0618828
0.0618941
0.0619053
0.0619165
0.0619276
0.0619388
0.0619499
0.0619609
0.061972
0.0619831
0.0619941
0.0620051
0.0620161
0.0620271
0.0620381
0.0620491
0.06206
0.062071
0.0620819
0.0620929
0.0621038
0.0621147
0.0621256
0.0621365
0.0621474
0.0621583
0.0621691
0.06218
0.0621908
0.0622017
0.0622125
0.0622233
0.0622341
0.0622449
0.0622557
0.0622665
0.0622773
0.062288
0.0622988
0.0623095
0.0623202
0.0623309
0.0623416
0.0623523
0.062363
0.0623737
0.0623843
0.062395
0.0624056
0.0624163
0.0624269
0.0624375
0.0624481
0.0624586
0.0624692
0.0624797
0.0624903
0.0625008
0.0625113
0.0625218
0.0625323
0.0625428
0.0625533
0.0625637
0.0625741
0.0625846
0.062595
0.0626054
0.0626157
0.0626261
0.0626364
0.0626468
0.0626571
0.0626674
0.0626777
0.062688
0.0626982
0.0627085
0.0627187
0.0627289
0.0627391
0.0627493
0.0627595
0.0627697
0.0627798
0.0627899
0.0628
0.0628101
0.0628202
0.0628302
0.0628403
0.0628503
0.0628603
0.0628703
0.0628802
0.0628902
0.0629001
0.0629099
0.0629198
0.0629296
0.0629394
0.0629492
0.0629588
0.0629686
0.0629782
0.0629881
0.0629982
0.0630082
0.063018
0.0630279
0.0630381
0.0630488
0.0596261
0.0600951
0.0602878
0.0599939
0.0602283
0.0604744
0.0605126
0.0606092
0.0607696
0.0608946
0.0609874
0.0610743
0.0611553
0.0612259
0.0612868
0.0613403
0.0613873
0.0614287
0.0614652
0.0614977
0.0615267
0.0615528
0.0615764
0.061598
0.0616179
0.0616363
0.0616535
0.0616698
0.0616851
0.0616998
0.0617139
0.0617275
0.0617406
0.0617535
0.061766
0.0617783
0.0617904
0.0618023
0.0618141
0.0618258
0.0618373
0.0618488
0.0618602
0.0618716
0.0618829
0.0618941
0.0619053
0.0619165
0.0619277
0.0619388
0.0619499
0.061961
0.061972
0.0619831
0.0619941
0.0620051
0.0620161
0.0620271
0.0620381
0.0620491
0.0620601
0.062071
0.0620819
0.0620929
0.0621038
0.0621147
0.0621256
0.0621365
0.0621474
0.0621583
0.0621691
0.06218
0.0621908
0.0622017
0.0622125
0.0622233
0.0622341
0.0622449
0.0622557
0.0622665
0.0622773
0.062288
0.0622988
0.0623095
0.0623202
0.0623309
0.0623416
0.0623523
0.062363
0.0623737
0.0623843
0.062395
0.0624056
0.0624163
0.0624269
0.0624375
0.0624481
0.0624586
0.0624692
0.0624797
0.0624903
0.0625008
0.0625113
0.0625218
0.0625323
0.0625428
0.0625532
0.0625637
0.0625741
0.0625846
0.062595
0.0626054
0.0626157
0.0626261
0.0626364
0.0626468
0.0626571
0.0626674
0.0626777
0.062688
0.0626983
0.0627085
0.0627187
0.062729
0.0627392
0.0627493
0.0627595
0.0627697
0.0627798
0.0627899
0.0628
0.0628101
0.0628202
0.0628303
0.0628403
0.0628503
0.0628603
0.0628703
0.0628802
0.0628902
0.0629001
0.06291
0.0629198
0.0629297
0.0629394
0.0629492
0.0629589
0.0629687
0.0629784
0.0629883
0.0629983
0.0630083
0.0630182
0.0630281
0.0630383
0.0630485
0.0630606
0.0596261
0.0600958
0.06029
0.0599981
0.0602352
0.0604842
0.060525
0.0606235
0.0607849
0.0609104
0.0610029
0.0610891
0.0611692
0.0612386
0.0612983
0.0613505
0.0613963
0.0614365
0.061472
0.0615035
0.0615317
0.061557
0.06158
0.0616011
0.0616205
0.0616385
0.0616554
0.0616713
0.0616864
0.0617009
0.0617148
0.0617282
0.0617413
0.061754
0.0617665
0.0617787
0.0617907
0.0618026
0.0618143
0.061826
0.0618375
0.061849
0.0618603
0.0618717
0.061883
0.0618942
0.0619054
0.0619166
0.0619277
0.0619388
0.0619499
0.061961
0.0619721
0.0619831
0.0619941
0.0620051
0.0620162
0.0620271
0.0620381
0.0620491
0.0620601
0.062071
0.0620819
0.0620929
0.0621038
0.0621147
0.0621256
0.0621365
0.0621474
0.0621583
0.0621691
0.06218
0.0621908
0.0622017
0.0622125
0.0622233
0.0622341
0.0622449
0.0622557
0.0622665
0.0622773
0.062288
0.0622988
0.0623095
0.0623202
0.0623309
0.0623416
0.0623523
0.062363
0.0623737
0.0623843
0.062395
0.0624056
0.0624163
0.0624269
0.0624375
0.0624481
0.0624586
0.0624692
0.0624797
0.0624903
0.0625008
0.0625113
0.0625218
0.0625323
0.0625428
0.0625532
0.0625637
0.0625741
0.0625846
0.062595
0.0626054
0.0626157
0.0626261
0.0626364
0.0626468
0.0626571
0.0626674
0.0626777
0.062688
0.0626983
0.0627085
0.0627187
0.062729
0.0627392
0.0627493
0.0627595
0.0627697
0.0627798
0.0627899
0.0628
0.0628101
0.0628202
0.0628303
0.0628403
0.0628503
0.0628603
0.0628703
0.0628803
0.0628902
0.0629001
0.06291
0.0629199
0.0629297
0.0629395
0.0629493
0.062959
0.0629688
0.0629786
0.0629885
0.0629985
0.0630084
0.0630184
0.0630282
0.0630386
0.0630486
0.0630582
0.0596262
0.0600967
0.0602924
0.0600028
0.0602429
0.0604952
0.0605387
0.0606392
0.0608019
0.0609277
0.06102
0.0611054
0.0611843
0.0612524
0.0613107
0.0613615
0.0614059
0.0614449
0.0614793
0.0615098
0.061537
0.0615616
0.0615839
0.0616044
0.0616232
0.0616408
0.0616573
0.061673
0.0616878
0.0617021
0.0617158
0.0617291
0.061742
0.0617546
0.0617669
0.0617791
0.0617911
0.0618029
0.0618146
0.0618262
0.0618377
0.0618491
0.0618605
0.0618718
0.061883
0.0618943
0.0619055
0.0619166
0.0619277
0.0619389
0.06195
0.061961
0.0619721
0.0619831
0.0619941
0.0620052
0.0620162
0.0620272
0.0620381
0.0620491
0.0620601
0.062071
0.062082
0.0620929
0.0621038
0.0621147
0.0621256
0.0621365
0.0621474
0.0621583
0.0621691
0.06218
0.0621908
0.0622017
0.0622125
0.0622233
0.0622341
0.0622449
0.0622557
0.0622665
0.0622773
0.062288
0.0622988
0.0623095
0.0623202
0.0623309
0.0623416
0.0623523
0.062363
0.0623737
0.0623843
0.062395
0.0624056
0.0624162
0.0624269
0.0624375
0.0624481
0.0624586
0.0624692
0.0624797
0.0624903
0.0625008
0.0625113
0.0625218
0.0625323
0.0625428
0.0625532
0.0625637
0.0625741
0.0625846
0.062595
0.0626054
0.0626157
0.0626261
0.0626364
0.0626468
0.0626571
0.0626674
0.0626777
0.062688
0.0626983
0.0627085
0.0627187
0.062729
0.0627392
0.0627493
0.0627595
0.0627697
0.0627798
0.0627899
0.0628
0.0628101
0.0628202
0.0628303
0.0628403
0.0628503
0.0628603
0.0628703
0.0628803
0.0628902
0.0629001
0.06291
0.0629199
0.0629297
0.0629396
0.0629494
0.0629591
0.0629689
0.0629787
0.0629886
0.0629986
0.0630085
0.0630185
0.0630284
0.0630386
0.0630487
0.063058
0.0630688
0.0596263
0.0600976
0.0602951
0.0600081
0.0602515
0.0605074
0.060554
0.0606567
0.0608206
0.0609467
0.0610386
0.0611231
0.0612007
0.0612673
0.0613241
0.0613734
0.0614163
0.0614539
0.0614871
0.0615164
0.0615427
0.0615664
0.061588
0.0616078
0.0616262
0.0616433
0.0616594
0.0616747
0.0616893
0.0617033
0.0617168
0.0617299
0.0617427
0.0617552
0.0617675
0.0617795
0.0617914
0.0618032
0.0618148
0.0618264
0.0618379
0.0618493
0.0618606
0.0618719
0.0618831
0.0618943
0.0619055
0.0619167
0.0619278
0.0619389
0.06195
0.0619611
0.0619721
0.0619831
0.0619942
0.0620052
0.0620162
0.0620272
0.0620381
0.0620491
0.0620601
0.062071
0.062082
0.0620929
0.0621038
0.0621147
0.0621256
0.0621365
0.0621474
0.0621583
0.0621691
0.06218
0.0621908
0.0622017
0.0622125
0.0622233
0.0622341
0.0622449
0.0622557
0.0622665
0.0622773
0.062288
0.0622988
0.0623095
0.0623202
0.0623309
0.0623416
0.0623523
0.062363
0.0623737
0.0623843
0.062395
0.0624056
0.0624162
0.0624269
0.0624375
0.062448
0.0624586
0.0624692
0.0624797
0.0624903
0.0625008
0.0625113
0.0625218
0.0625323
0.0625428
0.0625532
0.0625637
0.0625741
0.0625846
0.062595
0.0626054
0.0626157
0.0626261
0.0626364
0.0626468
0.0626571
0.0626674
0.0626777
0.062688
0.0626983
0.0627085
0.0627187
0.062729
0.0627392
0.0627494
0.0627595
0.0627697
0.0627798
0.0627899
0.0628001
0.0628101
0.0628202
0.0628303
0.0628403
0.0628503
0.0628603
0.0628703
0.0628803
0.0628902
0.0629002
0.0629101
0.0629199
0.0629298
0.0629396
0.0629494
0.0629592
0.062969
0.0629789
0.0629887
0.0629987
0.0630086
0.0630187
0.0630285
0.0630387
0.0630488
0.0630583
0.0630685
0.0630809
0.0596263
0.0600987
0.0602981
0.0600141
0.0602611
0.0605209
0.0605709
0.0606759
0.0608411
0.0609675
0.0610589
0.0611423
0.0612185
0.0612834
0.0613385
0.061386
0.0614274
0.0614635
0.0614953
0.0615235
0.0615487
0.0615715
0.0615923
0.0616115
0.0616293
0.0616459
0.0616616
0.0616765
0.0616908
0.0617046
0.0617179
0.0617308
0.0617435
0.0617558
0.061768
0.06178
0.0617918
0.0618035
0.0618151
0.0618266
0.0618381
0.0618494
0.0618607
0.061872
0.0618832
0.0618944
0.0619056
0.0619167
0.0619278
0.0619389
0.06195
0.0619611
0.0619721
0.0619832
0.0619942
0.0620052
0.0620162
0.0620272
0.0620382
0.0620491
0.0620601
0.062071
0.062082
0.0620929
0.0621038
0.0621147
0.0621256
0.0621365
0.0621474
0.0621583
0.0621691
0.06218
0.0621908
0.0622017
0.0622125
0.0622233
0.0622341
0.0622449
0.0622557
0.0622665
0.0622773
0.062288
0.0622988
0.0623095
0.0623202
0.0623309
0.0623416
0.0623523
0.062363
0.0623737
0.0623843
0.062395
0.0624056
0.0624162
0.0624269
0.0624375
0.062448
0.0624586
0.0624692
0.0624797
0.0624903
0.0625008
0.0625113
0.0625218
0.0625323
0.0625428
0.0625532
0.0625637
0.0625741
0.0625845
0.062595
0.0626054
0.0626157
0.0626261
0.0626364
0.0626468
0.0626571
0.0626674
0.0626777
0.062688
0.0626983
0.0627085
0.0627187
0.062729
0.0627392
0.0627494
0.0627595
0.0627697
0.0627798
0.06279
0.0628001
0.0628102
0.0628202
0.0628303
0.0628403
0.0628504
0.0628604
0.0628704
0.0628803
0.0628903
0.0629002
0.0629101
0.06292
0.0629298
0.0629397
0.0629495
0.0629593
0.0629691
0.062979
0.0629889
0.0629988
0.0630088
0.0630188
0.0630286
0.0630388
0.0630488
0.0630586
0.0630686
0.0630786
0.0596264
0.0600999
0.0603016
0.0600208
0.0602719
0.0605361
0.0605896
0.0606971
0.0608635
0.0609902
0.0610809
0.061163
0.0612375
0.0613006
0.0613538
0.0613995
0.0614391
0.0614737
0.061504
0.0615309
0.0615551
0.0615769
0.0615969
0.0616153
0.0616325
0.0616486
0.0616639
0.0616785
0.0616924
0.0617059
0.061719
0.0617318
0.0617443
0.0617565
0.0617686
0.0617805
0.0617922
0.0618038
0.0618154
0.0618269
0.0618383
0.0618496
0.0618609
0.0618721
0.0618833
0.0618945
0.0619057
0.0619168
0.0619279
0.061939
0.0619501
0.0619611
0.0619722
0.0619832
0.0619942
0.0620052
0.0620162
0.0620272
0.0620382
0.0620491
0.0620601
0.062071
0.062082
0.0620929
0.0621038
0.0621147
0.0621256
0.0621365
0.0621474
0.0621583
0.0621691
0.06218
0.0621908
0.0622017
0.0622125
0.0622233
0.0622341
0.0622449
0.0622557
0.0622665
0.0622773
0.062288
0.0622988
0.0623095
0.0623202
0.0623309
0.0623416
0.0623523
0.062363
0.0623737
0.0623843
0.062395
0.0624056
0.0624162
0.0624269
0.0624375
0.062448
0.0624586
0.0624692
0.0624797
0.0624903
0.0625008
0.0625113
0.0625218
0.0625323
0.0625428
0.0625532
0.0625637
0.0625741
0.0625845
0.062595
0.0626054
0.0626157
0.0626261
0.0626364
0.0626468
0.0626571
0.0626674
0.0626777
0.062688
0.0626983
0.0627085
0.0627187
0.062729
0.0627392
0.0627494
0.0627595
0.0627697
0.0627798
0.06279
0.0628001
0.0628102
0.0628202
0.0628303
0.0628403
0.0628504
0.0628604
0.0628704
0.0628803
0.0628903
0.0629002
0.0629101
0.06292
0.0629299
0.0629397
0.0629496
0.0629594
0.0629692
0.0629791
0.062989
0.062999
0.0630089
0.0630189
0.0630288
0.0630389
0.0630489
0.0630587
0.0630687
0.0630782
0.0630888
0.0596265
0.0601013
0.0603056
0.0600284
0.060284
0.0605529
0.0606104
0.0607204
0.0608881
0.0610149
0.0611047
0.0611853
0.061258
0.061319
0.0613701
0.0614137
0.0614515
0.0614843
0.0615132
0.0615387
0.0615617
0.0615825
0.0616016
0.0616193
0.0616359
0.0616515
0.0616663
0.0616805
0.0616941
0.0617073
0.0617202
0.0617328
0.0617451
0.0617572
0.0617691
0.0617809
0.0617926
0.0618042
0.0618157
0.0618271
0.0618385
0.0618498
0.061861
0.0618722
0.0618834
0.0618946
0.0619057
0.0619169
0.061928
0.061939
0.0619501
0.0619612
0.0619722
0.0619832
0.0619942
0.0620052
0.0620162
0.0620272
0.0620382
0.0620491
0.0620601
0.062071
0.062082
0.0620929
0.0621038
0.0621147
0.0621256
0.0621365
0.0621474
0.0621583
0.0621691
0.06218
0.0621908
0.0622017
0.0622125
0.0622233
0.0622341
0.0622449
0.0622557
0.0622665
0.0622773
0.062288
0.0622988
0.0623095
0.0623202
0.0623309
0.0623416
0.0623523
0.062363
0.0623737
0.0623843
0.062395
0.0624056
0.0624162
0.0624269
0.0624375
0.062448
0.0624586
0.0624692
0.0624797
0.0624903
0.0625008
0.0625113
0.0625218
0.0625323
0.0625428
0.0625532
0.0625637
0.0625741
0.0625845
0.062595
0.0626053
0.0626157
0.0626261
0.0626364
0.0626468
0.0626571
0.0626674
0.0626777
0.062688
0.0626983
0.0627085
0.0627187
0.062729
0.0627392
0.0627494
0.0627595
0.0627697
0.0627798
0.06279
0.0628001
0.0628102
0.0628203
0.0628303
0.0628404
0.0628504
0.0628604
0.0628704
0.0628804
0.0628903
0.0629002
0.0629102
0.0629201
0.0629299
0.0629398
0.0629496
0.0629595
0.0629693
0.0629792
0.0629891
0.0629991
0.063009
0.063019
0.0630289
0.063039
0.0630489
0.0630588
0.0630688
0.0630786
0.0630888
0.0630994
0.0596266
0.0601028
0.0603101
0.0600371
0.0602976
0.0605717
0.0606333
0.060746
0.0609149
0.0610417
0.0611304
0.0612092
0.0612798
0.0613385
0.0613873
0.0614288
0.0614645
0.0614955
0.0615227
0.0615469
0.0615686
0.0615884
0.0616066
0.0616235
0.0616394
0.0616544
0.0616687
0.0616825
0.0616959
0.0617088
0.0617214
0.0617338
0.061746
0.0617579
0.0617698
0.0617815
0.061793
0.0618046
0.061816
0.0618274
0.0618387
0.0618499
0.0618612
0.0618724
0.0618835
0.0618947
0.0619058
0.0619169
0.061928
0.0619391
0.0619501
0.0619612
0.0619722
0.0619832
0.0619942
0.0620052
0.0620162
0.0620272
0.0620382
0.0620492
0.0620601
0.062071
0.062082
0.0620929
0.0621038
0.0621147
0.0621256
0.0621365
0.0621474
0.0621583
0.0621691
0.06218
0.0621908
0.0622017
0.0622125
0.0622233
0.0622341
0.0622449
0.0622557
0.0622665
0.0622773
0.062288
0.0622988
0.0623095
0.0623202
0.0623309
0.0623416
0.0623523
0.062363
0.0623737
0.0623843
0.062395
0.0624056
0.0624162
0.0624269
0.0624375
0.062448
0.0624586
0.0624692
0.0624797
0.0624903
0.0625008
0.0625113
0.0625218
0.0625323
0.0625428
0.0625532
0.0625637
0.0625741
0.0625845
0.062595
0.0626053
0.0626157
0.0626261
0.0626364
0.0626468
0.0626571
0.0626674
0.0626777
0.062688
0.0626983
0.0627085
0.0627187
0.062729
0.0627392
0.0627494
0.0627595
0.0627697
0.0627798
0.06279
0.0628001
0.0628102
0.0628203
0.0628303
0.0628404
0.0628504
0.0628604
0.0628704
0.0628804
0.0628903
0.0629003
0.0629102
0.0629201
0.06293
0.0629399
0.0629497
0.0629596
0.0629694
0.0629793
0.0629892
0.0629992
0.0630091
0.0630191
0.063029
0.063039
0.063049
0.0630589
0.0630689
0.0630787
0.0630889
0.0630989
0.0631108
0.0596268
0.0601047
0.0603153
0.0600468
0.0603129
0.0605926
0.0606587
0.0607741
0.0609442
0.0610707
0.0611581
0.0612349
0.061303
0.0613592
0.0614054
0.0614446
0.0614781
0.0615072
0.0615327
0.0615553
0.0615758
0.0615944
0.0616116
0.0616278
0.061643
0.0616574
0.0616713
0.0616847
0.0616976
0.0617103
0.0617227
0.0617349
0.0617468
0.0617587
0.0617704
0.061782
0.0617935
0.0618049
0.0618163
0.0618276
0.0618389
0.0618501
0.0618613
0.0618725
0.0618837
0.0618948
0.0619059
0.061917
0.0619281
0.0619391
0.0619502
0.0619612
0.0619722
0.0619833
0.0619943
0.0620053
0.0620163
0.0620272
0.0620382
0.0620492
0.0620601
0.0620711
0.062082
0.0620929
0.0621038
0.0621147
0.0621256
0.0621365
0.0621474
0.0621583
0.0621691
0.06218
0.0621908
0.0622017
0.0622125
0.0622233
0.0622341
0.0622449
0.0622557
0.0622665
0.0622773
0.062288
0.0622988
0.0623095
0.0623202
0.0623309
0.0623416
0.0623523
0.062363
0.0623737
0.0623843
0.062395
0.0624056
0.0624162
0.0624269
0.0624375
0.062448
0.0624586
0.0624692
0.0624797
0.0624903
0.0625008
0.0625113
0.0625218
0.0625323
0.0625428
0.0625532
0.0625637
0.0625741
0.0625845
0.062595
0.0626053
0.0626157
0.0626261
0.0626364
0.0626468
0.0626571
0.0626674
0.0626777
0.062688
0.0626983
0.0627085
0.0627187
0.062729
0.0627392
0.0627494
0.0627595
0.0627697
0.0627798
0.06279
0.0628001
0.0628102
0.0628203
0.0628303
0.0628404
0.0628504
0.0628604
0.0628704
0.0628804
0.0628904
0.0629003
0.0629102
0.0629201
0.06293
0.0629399
0.0629498
0.0629596
0.0629695
0.0629794
0.0629893
0.0629993
0.0630092
0.0630192
0.0630291
0.0630391
0.0630491
0.063059
0.063069
0.0630788
0.0630891
0.0630991
0.0631086
0.0596269
0.0601068
0.0603212
0.060058
0.0603301
0.060616
0.0606869
0.060805
0.0609762
0.0611021
0.0611878
0.0612622
0.0613276
0.061381
0.0614245
0.0614611
0.0614923
0.0615193
0.061543
0.0615641
0.0615831
0.0616006
0.0616169
0.0616322
0.0616467
0.0616605
0.0616739
0.0616868
0.0616995
0.0617118
0.061724
0.0617359
0.0617477
0.0617594
0.061771
0.0617825
0.0617939
0.0618053
0.0618166
0.0618279
0.0618391
0.0618503
0.0618615
0.0618726
0.0618838
0.0618949
0.061906
0.0619171
0.0619281
0.0619392
0.0619502
0.0619613
0.0619723
0.0619833
0.0619943
0.0620053
0.0620163
0.0620272
0.0620382
0.0620492
0.0620601
0.0620711
0.062082
0.0620929
0.0621038
0.0621147
0.0621256
0.0621365
0.0621474
0.0621583
0.0621691
0.06218
0.0621908
0.0622017
0.0622125
0.0622233
0.0622341
0.0622449
0.0622557
0.0622665
0.0622772
0.062288
0.0622988
0.0623095
0.0623202
0.0623309
0.0623416
0.0623523
0.062363
0.0623737
0.0623843
0.062395
0.0624056
0.0624162
0.0624269
0.0624375
0.062448
0.0624586
0.0624692
0.0624797
0.0624903
0.0625008
0.0625113
0.0625218
0.0625323
0.0625428
0.0625532
0.0625637
0.0625741
0.0625845
0.062595
0.0626053
0.0626157
0.0626261
0.0626364
0.0626468
0.0626571
0.0626674
0.0626777
0.062688
0.0626983
0.0627085
0.0627188
0.062729
0.0627392
0.0627494
0.0627595
0.0627697
0.0627799
0.06279
0.0628001
0.0628102
0.0628203
0.0628303
0.0628404
0.0628504
0.0628604
0.0628704
0.0628804
0.0628904
0.0629003
0.0629103
0.0629202
0.0629301
0.06294
0.0629498
0.0629597
0.0629696
0.0629795
0.0629894
0.0629994
0.0630093
0.0630193
0.0630292
0.0630392
0.0630492
0.0630591
0.0630691
0.0630789
0.0630891
0.063099
0.0631083
0.063119
0.0596271
0.0601092
0.0603281
0.0600706
0.0603496
0.0606422
0.060718
0.060839
0.0610109
0.0611361
0.0612197
0.0612913
0.0613537
0.0614039
0.0614445
0.0614783
0.0615071
0.0615319
0.0615536
0.061573
0.0615907
0.061607
0.0616222
0.0616367
0.0616504
0.0616637
0.0616765
0.0616891
0.0617013
0.0617134
0.0617253
0.061737
0.0617487
0.0617602
0.0617717
0.061783
0.0617944
0.0618057
0.0618169
0.0618282
0.0618393
0.0618505
0.0618617
0.0618728
0.0618839
0.061895
0.0619061
0.0619171
0.0619282
0.0619392
0.0619503
0.0619613
0.0619723
0.0619833
0.0619943
0.0620053
0.0620163
0.0620273
0.0620382
0.0620492
0.0620601
0.0620711
0.062082
0.0620929
0.0621038
0.0621147
0.0621256
0.0621365
0.0621474
0.0621583
0.0621691
0.06218
0.0621908
0.0622017
0.0622125
0.0622233
0.0622341
0.0622449
0.0622557
0.0622665
0.0622772
0.062288
0.0622988
0.0623095
0.0623202
0.0623309
0.0623416
0.0623523
0.062363
0.0623737
0.0623843
0.062395
0.0624056
0.0624162
0.0624268
0.0624374
0.062448
0.0624586
0.0624692
0.0624797
0.0624903
0.0625008
0.0625113
0.0625218
0.0625323
0.0625428
0.0625532
0.0625637
0.0625741
0.0625845
0.062595
0.0626053
0.0626157
0.0626261
0.0626364
0.0626468
0.0626571
0.0626674
0.0626777
0.062688
0.0626983
0.0627085
0.0627188
0.062729
0.0627392
0.0627494
0.0627596
0.0627697
0.0627799
0.06279
0.0628001
0.0628102
0.0628203
0.0628304
0.0628404
0.0628504
0.0628605
0.0628705
0.0628804
0.0628904
0.0629004
0.0629103
0.0629202
0.0629301
0.06294
0.0629499
0.0629598
0.0629697
0.0629796
0.0629895
0.0629995
0.0630094
0.0630194
0.0630293
0.0630393
0.0630493
0.0630591
0.0630692
0.063079
0.0630892
0.0630991
0.0631087
0.0631188
0.0631296
0.0596272
0.060112
0.060336
0.0600852
0.0603716
0.0606715
0.0607526
0.0608763
0.0610488
0.0611727
0.0612538
0.0613223
0.0613812
0.061428
0.0614653
0.0614962
0.0615223
0.0615448
0.0615646
0.0615823
0.0615985
0.0616135
0.0616277
0.0616412
0.0616543
0.0616669
0.0616792
0.0616913
0.0617032
0.061715
0.0617266
0.0617381
0.0617496
0.061761
0.0617723
0.0617836
0.0617948
0.0618061
0.0618173
0.0618284
0.0618396
0.0618507
0.0618618
0.0618729
0.061884
0.0618951
0.0619062
0.0619172
0.0619283
0.0619393
0.0619503
0.0619613
0.0619723
0.0619833
0.0619943
0.0620053
0.0620163
0.0620273
0.0620382
0.0620492
0.0620601
0.0620711
0.062082
0.0620929
0.0621038
0.0621148
0.0621256
0.0621365
0.0621474
0.0621583
0.0621691
0.06218
0.0621908
0.0622017
0.0622125
0.0622233
0.0622341
0.0622449
0.0622557
0.0622665
0.0622772
0.062288
0.0622987
0.0623095
0.0623202
0.0623309
0.0623416
0.0623523
0.062363
0.0623737
0.0623843
0.062395
0.0624056
0.0624162
0.0624268
0.0624374
0.062448
0.0624586
0.0624692
0.0624797
0.0624903
0.0625008
0.0625113
0.0625218
0.0625323
0.0625428
0.0625532
0.0625637
0.0625741
0.0625845
0.062595
0.0626053
0.0626157
0.0626261
0.0626364
0.0626468
0.0626571
0.0626674
0.0626777
0.062688
0.0626983
0.0627085
0.0627188
0.062729
0.0627392
0.0627494
0.0627596
0.0627697
0.0627799
0.06279
0.0628001
0.0628102
0.0628203
0.0628304
0.0628404
0.0628505
0.0628605
0.0628705
0.0628805
0.0628904
0.0629004
0.0629103
0.0629203
0.0629302
0.0629401
0.06295
0.0629599
0.0629698
0.0629797
0.0629896
0.0629995
0.0630095
0.0630194
0.0630294
0.0630393
0.0630493
0.0630592
0.0630693
0.0630791
0.0630892
0.0630991
0.0631088
0.0631189
0.063129
0.0631408
0.0596274
0.0601153
0.0603452
0.0601018
0.0603966
0.0607044
0.060791
0.0609172
0.0610899
0.0612121
0.0612903
0.0613551
0.0614101
0.0614532
0.061487
0.0615147
0.061538
0.0615581
0.0615758
0.0615917
0.0616064
0.0616202
0.0616333
0.0616459
0.0616582
0.0616702
0.061682
0.0616936
0.0617051
0.0617166
0.0617279
0.0617393
0.0617505
0.0617618
0.061773
0.0617842
0.0617953
0.0618065
0.0618176
0.0618287
0.0618398
0.0618509
0.061862
0.0618731
0.0618841
0.0618952
0.0619062
0.0619173
0.0619283
0.0619393
0.0619504
0.0619614
0.0619724
0.0619834
0.0619944
0.0620054
0.0620163
0.0620273
0.0620383
0.0620492
0.0620602
0.0620711
0.062082
0.0620929
0.0621039
0.0621148
0.0621257
0.0621365
0.0621474
0.0621583
0.0621692
0.06218
0.0621908
0.0622017
0.0622125
0.0622233
0.0622341
0.0622449
0.0622557
0.0622665
0.0622772
0.062288
0.0622987
0.0623095
0.0623202
0.0623309
0.0623416
0.0623523
0.062363
0.0623737
0.0623843
0.062395
0.0624056
0.0624162
0.0624268
0.0624374
0.062448
0.0624586
0.0624692
0.0624797
0.0624903
0.0625008
0.0625113
0.0625218
0.0625323
0.0625428
0.0625532
0.0625637
0.0625741
0.0625845
0.0625949
0.0626053
0.0626157
0.0626261
0.0626364
0.0626468
0.0626571
0.0626674
0.0626777
0.062688
0.0626983
0.0627085
0.0627188
0.062729
0.0627392
0.0627494
0.0627596
0.0627697
0.0627799
0.06279
0.0628001
0.0628102
0.0628203
0.0628304
0.0628404
0.0628505
0.0628605
0.0628705
0.0628805
0.0628905
0.0629004
0.0629104
0.0629203
0.0629302
0.0629401
0.06295
0.0629599
0.0629698
0.0629798
0.0629897
0.0629996
0.0630096
0.0630195
0.0630295
0.0630394
0.0630494
0.0630593
0.0630693
0.0630792
0.0630892
0.0630992
0.0631089
0.0631191
0.0631291
0.0631386
0.0596276
0.0601192
0.0603559
0.0601211
0.060425
0.0607414
0.0608336
0.0609623
0.0611346
0.0612546
0.0613292
0.0613898
0.0614405
0.0614795
0.0615095
0.0615338
0.0615542
0.0615717
0.0615872
0.0616013
0.0616144
0.0616269
0.0616389
0.0616506
0.0616621
0.0616734
0.0616847
0.0616959
0.061707
0.0617182
0.0617293
0.0617404
0.0617515
0.0617626
0.0617736
0.0617847
0.0617958
0.0618069
0.0618179
0.061829
0.06184
0.0618511
0.0618622
0.0618732
0.0618843
0.0618953
0.0619063
0.0619174
0.0619284
0.0619394
0.0619504
0.0619614
0.0619724
0.0619834
0.0619944
0.0620054
0.0620163
0.0620273
0.0620383
0.0620492
0.0620602
0.0620711
0.062082
0.0620929
0.0621039
0.0621148
0.0621257
0.0621365
0.0621474
0.0621583
0.0621692
0.06218
0.0621908
0.0622017
0.0622125
0.0622233
0.0622341
0.0622449
0.0622557
0.0622665
0.0622772
0.062288
0.0622987
0.0623095
0.0623202
0.0623309
0.0623416
0.0623523
0.062363
0.0623737
0.0623843
0.062395
0.0624056
0.0624162
0.0624268
0.0624374
0.062448
0.0624586
0.0624692
0.0624797
0.0624903
0.0625008
0.0625113
0.0625218
0.0625323
0.0625428
0.0625532
0.0625637
0.0625741
0.0625845
0.0625949
0.0626053
0.0626157
0.0626261
0.0626364
0.0626468
0.0626571
0.0626674
0.0626777
0.062688
0.0626983
0.0627085
0.0627188
0.062729
0.0627392
0.0627494
0.0627596
0.0627697
0.0627799
0.06279
0.0628001
0.0628102
0.0628203
0.0628304
0.0628404
0.0628505
0.0628605
0.0628705
0.0628805
0.0628905
0.0629005
0.0629104
0.0629203
0.0629303
0.0629402
0.0629501
0.06296
0.0629699
0.0629798
0.0629898
0.0629997
0.0630096
0.0630196
0.0630296
0.0630395
0.0630495
0.0630594
0.0630694
0.0630793
0.0630892
0.0630993
0.063109
0.0631191
0.0631291
0.0631383
0.0631491
0.0596278
0.0601238
0.0603685
0.0601433
0.0604575
0.060783
0.060881
0.0610117
0.0611832
0.0613002
0.0613706
0.0614264
0.0614723
0.0615068
0.0615327
0.0615535
0.0615707
0.0615856
0.0615988
0.061611
0.0616225
0.0616336
0.0616445
0.0616553
0.061666
0.0616767
0.0616875
0.0616982
0.061709
0.0617198
0.0617306
0.0617415
0.0617524
0.0617633
0.0617743
0.0617853
0.0617963
0.0618072
0.0618183
0.0618293
0.0618403
0.0618513
0.0618623
0.0618733
0.0618844
0.0618954
0.0619064
0.0619174
0.0619284
0.0619395
0.0619505
0.0619615
0.0619724
0.0619834
0.0619944
0.0620054
0.0620164
0.0620273
0.0620383
0.0620492
0.0620602
0.0620711
0.062082
0.062093
0.0621039
0.0621148
0.0621257
0.0621365
0.0621474
0.0621583
0.0621692
0.06218
0.0621908
0.0622017
0.0622125
0.0622233
0.0622341
0.0622449
0.0622557
0.0622665
0.0622772
0.062288
0.0622987
0.0623095
0.0623202
0.0623309
0.0623416
0.0623523
0.062363
0.0623737
0.0623843
0.062395
0.0624056
0.0624162
0.0624268
0.0624374
0.062448
0.0624586
0.0624692
0.0624797
0.0624903
0.0625008
0.0625113
0.0625218
0.0625323
0.0625428
0.0625532
0.0625637
0.0625741
0.0625845
0.0625949
0.0626053
0.0626157
0.0626261
0.0626364
0.0626468
0.0626571
0.0626674
0.0626777
0.062688
0.0626983
0.0627085
0.0627188
0.062729
0.0627392
0.0627494
0.0627596
0.0627697
0.0627799
0.06279
0.0628001
0.0628102
0.0628203
0.0628304
0.0628405
0.0628505
0.0628605
0.0628705
0.0628805
0.0628905
0.0629005
0.0629104
0.0629204
0.0629303
0.0629402
0.0629501
0.0629601
0.06297
0.0629799
0.0629898
0.0629998
0.0630097
0.0630197
0.0630296
0.0630396
0.0630495
0.0630595
0.0630694
0.0630794
0.0630893
0.0630993
0.0631091
0.0631191
0.0631291
0.0631386
0.0631486
0.0631608
0.059628
0.0601293
0.0603833
0.0601692
0.0604947
0.06083
0.0609339
0.061066
0.061236
0.0613492
0.0614145
0.0614649
0.0615055
0.0615351
0.0615566
0.0615736
0.0615875
0.0615996
0.0616105
0.0616208
0.0616307
0.0616405
0.0616502
0.0616601
0.06167
0.06168
0.0616902
0.0617005
0.0617109
0.0617214
0.061732
0.0617426
0.0617534
0.0617641
0.061775
0.0617858
0.0617967
0.0618076
0.0618186
0.0618295
0.0618405
0.0618515
0.0618625
0.0618735
0.0618845
0.0618955
0.0619065
0.0619175
0.0619285
0.0619395
0.0619505
0.0619615
0.0619725
0.0619835
0.0619944
0.0620054
0.0620164
0.0620273
0.0620383
0.0620492
0.0620602
0.0620711
0.062082
0.062093
0.0621039
0.0621148
0.0621257
0.0621366
0.0621474
0.0621583
0.0621692
0.06218
0.0621908
0.0622017
0.0622125
0.0622233
0.0622341
0.0622449
0.0622557
0.0622665
0.0622772
0.062288
0.0622987
0.0623095
0.0623202
0.0623309
0.0623416
0.0623523
0.062363
0.0623737
0.0623843
0.062395
0.0624056
0.0624162
0.0624268
0.0624374
0.062448
0.0624586
0.0624692
0.0624797
0.0624903
0.0625008
0.0625113
0.0625218
0.0625323
0.0625428
0.0625532
0.0625637
0.0625741
0.0625845
0.0625949
0.0626053
0.0626157
0.0626261
0.0626364
0.0626468
0.0626571
0.0626674
0.0626777
0.062688
0.0626983
0.0627085
0.0627188
0.062729
0.0627392
0.0627494
0.0627596
0.0627697
0.0627799
0.06279
0.0628001
0.0628102
0.0628203
0.0628304
0.0628405
0.0628505
0.0628605
0.0628706
0.0628806
0.0628905
0.0629005
0.0629105
0.0629204
0.0629304
0.0629403
0.0629502
0.0629601
0.06297
0.06298
0.0629899
0.0629999
0.0630098
0.0630197
0.0630297
0.0630396
0.0630496
0.0630595
0.0630695
0.0630794
0.0630893
0.0630994
0.0631091
0.0631192
0.0631291
0.0631389
0.0631487
0.0631586
0.0596282
0.0601358
0.0604009
0.0601994
0.0605375
0.0608832
0.0609927
0.0611258
0.0612933
0.0614018
0.0614611
0.0615053
0.0615401
0.0615643
0.0615812
0.0615941
0.0616046
0.0616139
0.0616224
0.0616306
0.0616389
0.0616473
0.0616559
0.0616648
0.0616739
0.0616833
0.061693
0.0617028
0.0617128
0.061723
0.0617333
0.0617438
0.0617543
0.0617649
0.0617756
0.0617864
0.0617972
0.061808
0.0618189
0.0618298
0.0618408
0.0618517
0.0618627
0.0618736
0.0618846
0.0618956
0.0619066
0.0619176
0.0619286
0.0619396
0.0619505
0.0619615
0.0619725
0.0619835
0.0619945
0.0620054
0.0620164
0.0620274
0.0620383
0.0620493
0.0620602
0.0620711
0.062082
0.062093
0.0621039
0.0621148
0.0621257
0.0621366
0.0621474
0.0621583
0.0621692
0.06218
0.0621908
0.0622017
0.0622125
0.0622233
0.0622341
0.0622449
0.0622557
0.0622665
0.0622772
0.062288
0.0622987
0.0623095
0.0623202
0.0623309
0.0623416
0.0623523
0.062363
0.0623737
0.0623843
0.062395
0.0624056
0.0624162
0.0624268
0.0624374
0.062448
0.0624586
0.0624692
0.0624797
0.0624903
0.0625008
0.0625113
0.0625218
0.0625323
0.0625428
0.0625532
0.0625637
0.0625741
0.0625845
0.0625949
0.0626053
0.0626157
0.0626261
0.0626364
0.0626468
0.0626571
0.0626674
0.0626777
0.062688
0.0626983
0.0627085
0.0627188
0.062729
0.0627392
0.0627494
0.0627596
0.0627697
0.0627799
0.06279
0.0628001
0.0628103
0.0628203
0.0628304
0.0628405
0.0628505
0.0628606
0.0628706
0.0628806
0.0628906
0.0629005
0.0629105
0.0629205
0.0629304
0.0629403
0.0629503
0.0629602
0.0629701
0.06298
0.06299
0.0629999
0.0630099
0.0630198
0.0630298
0.0630397
0.0630497
0.0630596
0.0630696
0.0630795
0.0630894
0.0630994
0.0631092
0.0631192
0.0631291
0.0631389
0.0631488
0.0631582
0.0631688
0.0596284
0.0601437
0.0604219
0.0602349
0.0605869
0.0609435
0.0610584
0.0611915
0.0613553
0.061458
0.0615104
0.0615477
0.0615759
0.0615943
0.0616062
0.0616149
0.0616219
0.0616282
0.0616342
0.0616405
0.061647
0.0616541
0.0616615
0.0616695
0.0616778
0.0616866
0.0616957
0.0617051
0.0617147
0.0617246
0.0617346
0.0617449
0.0617552
0.0617657
0.0617763
0.0617869
0.0617976
0.0618084
0.0618192
0.0618301
0.061841
0.0618519
0.0618628
0.0618738
0.0618847
0.0618957
0.0619067
0.0619177
0.0619286
0.0619396
0.0619506
0.0619616
0.0619726
0.0619835
0.0619945
0.0620055
0.0620164
0.0620274
0.0620383
0.0620493
0.0620602
0.0620711
0.0620821
0.062093
0.0621039
0.0621148
0.0621257
0.0621366
0.0621474
0.0621583
0.0621692
0.06218
0.0621908
0.0622017
0.0622125
0.0622233
0.0622341
0.0622449
0.0622557
0.0622665
0.0622772
0.062288
0.0622987
0.0623095
0.0623202
0.0623309
0.0623416
0.0623523
0.062363
0.0623737
0.0623843
0.062395
0.0624056
0.0624162
0.0624268
0.0624374
0.062448
0.0624586
0.0624692
0.0624797
0.0624903
0.0625008
0.0625113
0.0625218
0.0625323
0.0625428
0.0625532
0.0625637
0.0625741
0.0625845
0.0625949
0.0626053
0.0626157
0.0626261
0.0626364
0.0626468
0.0626571
0.0626674
0.0626777
0.062688
0.0626983
0.0627085
0.0627188
0.062729
0.0627392
0.0627494
0.0627596
0.0627697
0.0627799
0.06279
0.0628002
0.0628103
0.0628204
0.0628304
0.0628405
0.0628505
0.0628606
0.0628706
0.0628806
0.0628906
0.0629006
0.0629105
0.0629205
0.0629304
0.0629404
0.0629503
0.0629602
0.0629702
0.0629801
0.06299
0.063
0.0630099
0.0630199
0.0630298
0.0630398
0.0630497
0.0630597
0.0630696
0.0630796
0.0630895
0.0630995
0.0631093
0.0631193
0.0631291
0.063139
0.0631488
0.0631586
0.0631685
0.0631792
0.0596286
0.0601534
0.0604472
0.0602768
0.060644
0.0610121
0.0611319
0.0612637
0.0614226
0.061518
0.0615625
0.0615918
0.0616129
0.0616251
0.0616317
0.0616359
0.0616393
0.0616425
0.0616461
0.0616503
0.0616552
0.0616608
0.0616671
0.0616741
0.0616817
0.0616898
0.0616983
0.0617073
0.0617166
0.0617261
0.0617359
0.061746
0.0617561
0.0617665
0.0617769
0.0617875
0.0617981
0.0618088
0.0618196
0.0618304
0.0618412
0.0618521
0.061863
0.0618739
0.0618849
0.0618958
0.0619068
0.0619177
0.0619287
0.0619397
0.0619506
0.0619616
0.0619726
0.0619836
0.0619945
0.0620055
0.0620164
0.0620274
0.0620383
0.0620493
0.0620602
0.0620711
0.0620821
0.062093
0.0621039
0.0621148
0.0621257
0.0621366
0.0621474
0.0621583
0.0621692
0.06218
0.0621909
0.0622017
0.0622125
0.0622233
0.0622341
0.0622449
0.0622557
0.0622665
0.0622772
0.062288
0.0622987
0.0623095
0.0623202
0.0623309
0.0623416
0.0623523
0.062363
0.0623737
0.0623843
0.062395
0.0624056
0.0624162
0.0624268
0.0624374
0.062448
0.0624586
0.0624692
0.0624797
0.0624903
0.0625008
0.0625113
0.0625218
0.0625323
0.0625428
0.0625532
0.0625637
0.0625741
0.0625845
0.0625949
0.0626053
0.0626157
0.0626261
0.0626364
0.0626468
0.0626571
0.0626674
0.0626777
0.062688
0.0626983
0.0627085
0.0627188
0.062729
0.0627392
0.0627494
0.0627596
0.0627698
0.0627799
0.06279
0.0628002
0.0628103
0.0628204
0.0628304
0.0628405
0.0628506
0.0628606
0.0628706
0.0628806
0.0628906
0.0629006
0.0629106
0.0629205
0.0629305
0.0629404
0.0629504
0.0629603
0.0629702
0.0629802
0.0629901
0.0630001
0.06301
0.0630199
0.0630299
0.0630398
0.0630498
0.0630597
0.0630697
0.0630796
0.0630895
0.0630995
0.0631093
0.0631193
0.0631292
0.063139
0.0631489
0.0631587
0.0631686
0.0631785
0.0631903
0.0596288
0.0601652
0.0604777
0.0603265
0.0607105
0.0610904
0.0612141
0.0613432
0.0614953
0.0615821
0.0616172
0.0616377
0.061651
0.0616566
0.0616575
0.0616571
0.0616567
0.0616568
0.0616579
0.06166
0.0616632
0.0616674
0.0616726
0.0616787
0.0616855
0.0616929
0.061701
0.0617095
0.0617184
0.0617277
0.0617372
0.061747
0.061757
0.0617672
0.0617775
0.061788
0.0617985
0.0618092
0.0618199
0.0618306
0.0618414
0.0618523
0.0618632
0.0618741
0.061885
0.0618959
0.0619068
0.0619178
0.0619288
0.0619397
0.0619507
0.0619617
0.0619726
0.0619836
0.0619945
0.0620055
0.0620165
0.0620274
0.0620384
0.0620493
0.0620602
0.0620712
0.0620821
0.062093
0.0621039
0.0621148
0.0621257
0.0621366
0.0621474
0.0621583
0.0621692
0.06218
0.0621909
0.0622017
0.0622125
0.0622233
0.0622341
0.0622449
0.0622557
0.0622665
0.0622772
0.062288
0.0622987
0.0623095
0.0623202
0.0623309
0.0623416
0.0623523
0.062363
0.0623737
0.0623843
0.062395
0.0624056
0.0624162
0.0624268
0.0624374
0.062448
0.0624586
0.0624692
0.0624797
0.0624903
0.0625008
0.0625113
0.0625218
0.0625323
0.0625428
0.0625532
0.0625637
0.0625741
0.0625845
0.0625949
0.0626053
0.0626157
0.0626261
0.0626364
0.0626468
0.0626571
0.0626674
0.0626777
0.062688
0.0626983
0.0627085
0.0627188
0.062729
0.0627392
0.0627494
0.0627596
0.0627698
0.0627799
0.06279
0.0628002
0.0628103
0.0628204
0.0628305
0.0628405
0.0628506
0.0628606
0.0628706
0.0628806
0.0628906
0.0629006
0.0629106
0.0629206
0.0629305
0.0629405
0.0629504
0.0629603
0.0629703
0.0629802
0.0629902
0.0630001
0.0630101
0.06302
0.06303
0.0630399
0.0630498
0.0630598
0.0630697
0.0630797
0.0630896
0.0630995
0.0631094
0.0631193
0.0631292
0.063139
0.063149
0.0631587
0.0631688
0.0631787
0.0631882
0.0596289
0.0601798
0.0605148
0.0603858
0.0607882
0.0611798
0.0613062
0.0614306
0.061574
0.0616502
0.0616746
0.0616853
0.0616901
0.0616885
0.0616836
0.0616784
0.0616741
0.061671
0.0616695
0.0616696
0.0616711
0.061674
0.061678
0.0616832
0.0616892
0.061696
0.0617035
0.0617116
0.0617202
0.0617292
0.0617385
0.0617481
0.0617579
0.061768
0.0617782
0.0617885
0.061799
0.0618095
0.0618202
0.0618309
0.0618417
0.0618525
0.0618633
0.0618742
0.0618851
0.061896
0.0619069
0.0619179
0.0619288
0.0619398
0.0619507
0.0619617
0.0619727
0.0619836
0.0619946
0.0620055
0.0620165
0.0620274
0.0620384
0.0620493
0.0620602
0.0620712
0.0620821
0.062093
0.0621039
0.0621148
0.0621257
0.0621366
0.0621474
0.0621583
0.0621692
0.06218
0.0621909
0.0622017
0.0622125
0.0622233
0.0622341
0.0622449
0.0622557
0.0622665
0.0622772
0.062288
0.0622987
0.0623095
0.0623202
0.0623309
0.0623416
0.0623523
0.062363
0.0623737
0.0623843
0.062395
0.0624056
0.0624162
0.0624268
0.0624374
0.062448
0.0624586
0.0624692
0.0624797
0.0624902
0.0625008
0.0625113
0.0625218
0.0625323
0.0625428
0.0625532
0.0625637
0.0625741
0.0625845
0.0625949
0.0626053
0.0626157
0.0626261
0.0626364
0.0626468
0.0626571
0.0626674
0.0626777
0.062688
0.0626983
0.0627085
0.0627188
0.062729
0.0627392
0.0627494
0.0627596
0.0627698
0.0627799
0.0627901
0.0628002
0.0628103
0.0628204
0.0628305
0.0628405
0.0628506
0.0628606
0.0628706
0.0628807
0.0628907
0.0629006
0.0629106
0.0629206
0.0629305
0.0629405
0.0629504
0.0629604
0.0629703
0.0629803
0.0629902
0.0630002
0.0630101
0.0630201
0.06303
0.06304
0.0630499
0.0630598
0.0630698
0.0630797
0.0630896
0.0630996
0.0631095
0.0631194
0.0631293
0.0631391
0.063149
0.0631587
0.0631688
0.0631787
0.0631878
0.0631986
0.0596289
0.060198
0.0605602
0.060457
0.0608794
0.0612824
0.0614096
0.0615267
0.0616588
0.0617224
0.0617346
0.0617344
0.0617299
0.0617207
0.0617097
0.0616995
0.0616913
0.0616851
0.061681
0.061679
0.0616788
0.0616803
0.0616833
0.0616875
0.0616928
0.061699
0.061706
0.0617137
0.0617219
0.0617306
0.0617397
0.0617491
0.0617588
0.0617687
0.0617788
0.061789
0.0617994
0.0618099
0.0618205
0.0618312
0.0618419
0.0618527
0.0618635
0.0618743
0.0618852
0.0618961
0.061907
0.0619179
0.0619289
0.0619398
0.0619508
0.0619617
0.0619727
0.0619836
0.0619946
0.0620055
0.0620165
0.0620274
0.0620384
0.0620493
0.0620602
0.0620712
0.0620821
0.062093
0.0621039
0.0621148
0.0621257
0.0621366
0.0621474
0.0621583
0.0621692
0.06218
0.0621909
0.0622017
0.0622125
0.0622233
0.0622341
0.0622449
0.0622557
0.0622665
0.0622772
0.062288
0.0622987
0.0623095
0.0623202
0.0623309
0.0623416
0.0623523
0.062363
0.0623737
0.0623843
0.062395
0.0624056
0.0624162
0.0624268
0.0624374
0.062448
0.0624586
0.0624692
0.0624797
0.0624902
0.0625008
0.0625113
0.0625218
0.0625323
0.0625428
0.0625532
0.0625637
0.0625741
0.0625845
0.0625949
0.0626053
0.0626157
0.0626261
0.0626364
0.0626468
0.0626571
0.0626674
0.0626777
0.062688
0.0626983
0.0627085
0.0627188
0.062729
0.0627392
0.0627494
0.0627596
0.0627698
0.0627799
0.0627901
0.0628002
0.0628103
0.0628204
0.0628305
0.0628405
0.0628506
0.0628606
0.0628707
0.0628807
0.0628907
0.0629007
0.0629106
0.0629206
0.0629306
0.0629405
0.0629505
0.0629604
0.0629704
0.0629803
0.0629903
0.0630002
0.0630102
0.0630201
0.0630301
0.06304
0.06305
0.0630599
0.0630698
0.0630798
0.0630897
0.0630996
0.0631095
0.0631194
0.0631293
0.0631391
0.0631491
0.0631588
0.0631688
0.0631787
0.0631881
0.063198
0.0632101
0.0596288
0.060221
0.0606162
0.0605429
0.0609869
0.0614004
0.0615257
0.0616323
0.0617502
0.0617989
0.061797
0.0617848
0.0617704
0.0617531
0.0617357
0.0617205
0.0617082
0.0616988
0.0616922
0.0616881
0.0616863
0.0616865
0.0616884
0.0616917
0.0616963
0.0617019
0.0617085
0.0617157
0.0617236
0.061732
0.0617409
0.0617501
0.0617596
0.0617694
0.0617793
0.0617895
0.0617998
0.0618103
0.0618208
0.0618314
0.0618421
0.0618528
0.0618636
0.0618745
0.0618853
0.0618962
0.0619071
0.061918
0.0619289
0.0619399
0.0619508
0.0619618
0.0619727
0.0619837
0.0619946
0.0620056
0.0620165
0.0620275
0.0620384
0.0620493
0.0620603
0.0620712
0.0620821
0.062093
0.0621039
0.0621148
0.0621257
0.0621366
0.0621474
0.0621583
0.0621692
0.06218
0.0621909
0.0622017
0.0622125
0.0622233
0.0622341
0.0622449
0.0622557
0.0622665
0.0622772
0.062288
0.0622987
0.0623095
0.0623202
0.0623309
0.0623416
0.0623523
0.062363
0.0623736
0.0623843
0.062395
0.0624056
0.0624162
0.0624268
0.0624374
0.062448
0.0624586
0.0624692
0.0624797
0.0624902
0.0625008
0.0625113
0.0625218
0.0625323
0.0625428
0.0625532
0.0625637
0.0625741
0.0625845
0.0625949
0.0626053
0.0626157
0.0626261
0.0626364
0.0626468
0.0626571
0.0626674
0.0626777
0.062688
0.0626983
0.0627085
0.0627188
0.062729
0.0627392
0.0627494
0.0627596
0.0627698
0.0627799
0.0627901
0.0628002
0.0628103
0.0628204
0.0628305
0.0628405
0.0628506
0.0628606
0.0628707
0.0628807
0.0628907
0.0629007
0.0629107
0.0629206
0.0629306
0.0629406
0.0629505
0.0629605
0.0629704
0.0629804
0.0629903
0.0630003
0.0630102
0.0630202
0.0630301
0.0630401
0.06305
0.0630599
0.0630699
0.0630798
0.0630897
0.0630997
0.0631096
0.0631194
0.0631294
0.0631392
0.0631491
0.0631589
0.0631689
0.0631787
0.0631884
0.0631982
0.063208
0.0596286
0.0602502
0.0606857
0.0606473
0.0611144
0.0615365
0.0616563
0.0617483
0.0618484
0.0618794
0.0618617
0.0618362
0.0618112
0.0617855
0.0617615
0.0617411
0.0617248
0.0617122
0.0617031
0.061697
0.0616936
0.0616925
0.0616933
0.0616958
0.0616997
0.0617047
0.0617108
0.0617176
0.0617252
0.0617334
0.061742
0.061751
0.0617604
0.06177
0.0617799
0.06179
0.0618002
0.0618106
0.0618211
0.0618316
0.0618423
0.061853
0.0618638
0.0618746
0.0618854
0.0618963
0.0619072
0.0619181
0.061929
0.0619399
0.0619509
0.0619618
0.0619728
0.0619837
0.0619946
0.0620056
0.0620165
0.0620275
0.0620384
0.0620493
0.0620603
0.0620712
0.0620821
0.062093
0.0621039
0.0621148
0.0621257
0.0621366
0.0621474
0.0621583
0.0621692
0.06218
0.0621909
0.0622017
0.0622125
0.0622233
0.0622341
0.0622449
0.0622557
0.0622665
0.0622772
0.062288
0.0622987
0.0623095
0.0623202
0.0623309
0.0623416
0.0623523
0.062363
0.0623736
0.0623843
0.062395
0.0624056
0.0624162
0.0624268
0.0624374
0.062448
0.0624586
0.0624692
0.0624797
0.0624902
0.0625008
0.0625113
0.0625218
0.0625323
0.0625428
0.0625532
0.0625637
0.0625741
0.0625845
0.0625949
0.0626053
0.0626157
0.0626261
0.0626364
0.0626468
0.0626571
0.0626674
0.0626777
0.062688
0.0626983
0.0627085
0.0627188
0.062729
0.0627392
0.0627494
0.0627596
0.0627698
0.0627799
0.0627901
0.0628002
0.0628103
0.0628204
0.0628305
0.0628406
0.0628506
0.0628607
0.0628707
0.0628807
0.0628907
0.0629007
0.0629107
0.0629207
0.0629306
0.0629406
0.0629506
0.0629605
0.0629705
0.0629804
0.0629904
0.0630003
0.0630103
0.0630202
0.0630302
0.0630401
0.0630501
0.06306
0.0630699
0.0630799
0.0630898
0.0630997
0.0631096
0.0631195
0.0631294
0.0631392
0.0631491
0.0631589
0.0631689
0.0631787
0.0631884
0.0631982
0.0632076
0.0632182
0.0596282
0.0602875
0.0607725
0.0607749
0.0612661
0.061694
0.0618034
0.0618756
0.0619537
0.0619639
0.0619283
0.0618884
0.061852
0.0618176
0.0617868
0.0617612
0.0617409
0.0617252
0.0617136
0.0617056
0.0617006
0.0616982
0.061698
0.0616997
0.0617029
0.0617074
0.061713
0.0617195
0.0617267
0.0617346
0.0617431
0.0617519
0.0617611
0.0617707
0.0617804
0.0617904
0.0618006
0.0618109
0.0618213
0.0618319
0.0618425
0.0618532
0.0618639
0.0618747
0.0618855
0.0618964
0.0619072
0.0619181
0.0619291
0.06194
0.0619509
0.0619618
0.0619728
0.0619837
0.0619947
0.0620056
0.0620166
0.0620275
0.0620384
0.0620494
0.0620603
0.0620712
0.0620821
0.062093
0.0621039
0.0621148
0.0621257
0.0621366
0.0621475
0.0621583
0.0621692
0.06218
0.0621909
0.0622017
0.0622125
0.0622233
0.0622341
0.0622449
0.0622557
0.0622665
0.0622772
0.062288
0.0622987
0.0623095
0.0623202
0.0623309
0.0623416
0.0623523
0.062363
0.0623736
0.0623843
0.0623949
0.0624056
0.0624162
0.0624268
0.0624374
0.062448
0.0624586
0.0624691
0.0624797
0.0624902
0.0625008
0.0625113
0.0625218
0.0625323
0.0625427
0.0625532
0.0625637
0.0625741
0.0625845
0.0625949
0.0626053
0.0626157
0.0626261
0.0626364
0.0626468
0.0626571
0.0626674
0.0626777
0.062688
0.0626983
0.0627085
0.0627188
0.062729
0.0627392
0.0627494
0.0627596
0.0627698
0.0627799
0.0627901
0.0628002
0.0628103
0.0628204
0.0628305
0.0628406
0.0628506
0.0628607
0.0628707
0.0628807
0.0628907
0.0629007
0.0629107
0.0629207
0.0629307
0.0629406
0.0629506
0.0629606
0.0629705
0.0629805
0.0629904
0.0630004
0.0630103
0.0630203
0.0630302
0.0630402
0.0630501
0.06306
0.06307
0.0630799
0.0630898
0.0630997
0.0631096
0.0631195
0.0631294
0.0631393
0.0631492
0.063159
0.0631689
0.0631787
0.0631885
0.0631983
0.063208
0.0632178
0.0632286
0.0596275
0.0603357
0.0608816
0.0609318
0.0614478
0.0618769
0.0619692
0.0620152
0.0620662
0.0620521
0.0619965
0.0619409
0.0618926
0.0618491
0.0618115
0.0617808
0.0617564
0.0617376
0.0617236
0.0617137
0.0617072
0.0617037
0.0617025
0.0617034
0.061706
0.0617099
0.0617151
0.0617212
0.0617282
0.0617359
0.0617441
0.0617528
0.0617618
0.0617713
0.0617809
0.0617909
0.061801
0.0618112
0.0618216
0.0618321
0.0618427
0.0618533
0.061864
0.0618748
0.0618856
0.0618965
0.0619073
0.0619182
0.0619291
0.06194
0.0619509
0.0619619
0.0619728
0.0619838
0.0619947
0.0620056
0.0620166
0.0620275
0.0620384
0.0620494
0.0620603
0.0620712
0.0620821
0.062093
0.0621039
0.0621148
0.0621257
0.0621366
0.0621475
0.0621583
0.0621692
0.06218
0.0621909
0.0622017
0.0622125
0.0622233
0.0622341
0.0622449
0.0622557
0.0622665
0.0622772
0.062288
0.0622987
0.0623095
0.0623202
0.0623309
0.0623416
0.0623523
0.062363
0.0623736
0.0623843
0.0623949
0.0624056
0.0624162
0.0624268
0.0624374
0.062448
0.0624586
0.0624691
0.0624797
0.0624902
0.0625008
0.0625113
0.0625218
0.0625323
0.0625427
0.0625532
0.0625637
0.0625741
0.0625845
0.0625949
0.0626053
0.0626157
0.0626261
0.0626364
0.0626468
0.0626571
0.0626674
0.0626777
0.062688
0.0626983
0.0627085
0.0627188
0.062729
0.0627392
0.0627494
0.0627596
0.0627698
0.0627799
0.0627901
0.0628002
0.0628103
0.0628204
0.0628305
0.0628406
0.0628506
0.0628607
0.0628707
0.0628807
0.0628908
0.0629008
0.0629107
0.0629207
0.0629307
0.0629407
0.0629506
0.0629606
0.0629706
0.0629805
0.0629905
0.0630004
0.0630104
0.0630203
0.0630303
0.0630402
0.0630501
0.0630601
0.06307
0.0630799
0.0630899
0.0630998
0.0631097
0.0631196
0.0631295
0.0631393
0.0631492
0.063159
0.0631689
0.0631787
0.0631885
0.0631983
0.0632081
0.063218
0.0632278
0.0632396
0.0596264
0.0603983
0.0610194
0.0611261
0.0616664
0.06209
0.0621563
0.0621681
0.0621858
0.0621435
0.0620658
0.0619934
0.0619326
0.0618798
0.0618354
0.0617995
0.0617712
0.0617495
0.0617332
0.0617214
0.0617135
0.0617088
0.0617067
0.0617069
0.0617088
0.0617123
0.0617171
0.0617229
0.0617296
0.061737
0.061745
0.0617536
0.0617625
0.0617718
0.0617814
0.0617913
0.0618013
0.0618115
0.0618218
0.0618323
0.0618429
0.0618535
0.0618642
0.0618749
0.0618857
0.0618965
0.0619074
0.0619183
0.0619292
0.0619401
0.061951
0.0619619
0.0619728
0.0619838
0.0619947
0.0620056
0.0620166
0.0620275
0.0620384
0.0620494
0.0620603
0.0620712
0.0620821
0.062093
0.0621039
0.0621148
0.0621257
0.0621366
0.0621475
0.0621583
0.0621692
0.06218
0.0621909
0.0622017
0.0622125
0.0622233
0.0622341
0.0622449
0.0622557
0.0622665
0.0622772
0.062288
0.0622987
0.0623095
0.0623202
0.0623309
0.0623416
0.0623523
0.062363
0.0623736
0.0623843
0.0623949
0.0624056
0.0624162
0.0624268
0.0624374
0.062448
0.0624586
0.0624691
0.0624797
0.0624902
0.0625008
0.0625113
0.0625218
0.0625323
0.0625427
0.0625532
0.0625637
0.0625741
0.0625845
0.0625949
0.0626053
0.0626157
0.0626261
0.0626364
0.0626468
0.0626571
0.0626674
0.0626777
0.062688
0.0626983
0.0627085
0.0627188
0.062729
0.0627392
0.0627494
0.0627596
0.0627698
0.0627799
0.0627901
0.0628002
0.0628103
0.0628204
0.0628305
0.0628406
0.0628507
0.0628607
0.0628707
0.0628808
0.0628908
0.0629008
0.0629108
0.0629208
0.0629307
0.0629407
0.0629507
0.0629606
0.0629706
0.0629805
0.0629905
0.0630005
0.0630104
0.0630204
0.0630303
0.0630403
0.0630502
0.0630601
0.0630701
0.06308
0.0630899
0.0630998
0.0631097
0.0631196
0.0631295
0.0631393
0.0631492
0.0631591
0.0631689
0.0631788
0.0631885
0.0631984
0.0632081
0.0632182
0.063228
0.0632374
0.0596249
0.0604802
0.0611946
0.0613682
0.0619312
0.0623391
0.0623675
0.0623351
0.0623125
0.0622377
0.0621356
0.0620453
0.0619715
0.0619094
0.0618581
0.0618172
0.0617853
0.0617606
0.0617421
0.0617287
0.0617194
0.0617136
0.0617107
0.0617101
0.0617115
0.0617145
0.0617189
0.0617244
0.0617309
0.0617381
0.0617459
0.0617543
0.0617632
0.0617724
0.0617819
0.0617916
0.0618016
0.0618118
0.0618221
0.0618325
0.061843
0.0618536
0.0618643
0.061875
0.0618858
0.0618966
0.0619075
0.0619183
0.0619292
0.0619401
0.061951
0.0619619
0.0619729
0.0619838
0.0619947
0.0620057
0.0620166
0.0620275
0.0620385
0.0620494
0.0620603
0.0620712
0.0620821
0.062093
0.0621039
0.0621148
0.0621257
0.0621366
0.0621475
0.0621583
0.0621692
0.06218
0.0621909
0.0622017
0.0622125
0.0622233
0.0622341
0.0622449
0.0622557
0.0622665
0.0622772
0.062288
0.0622987
0.0623095
0.0623202
0.0623309
0.0623416
0.0623523
0.062363
0.0623736
0.0623843
0.0623949
0.0624056
0.0624162
0.0624268
0.0624374
0.062448
0.0624586
0.0624691
0.0624797
0.0624902
0.0625008
0.0625113
0.0625218
0.0625323
0.0625427
0.0625532
0.0625637
0.0625741
0.0625845
0.0625949
0.0626053
0.0626157
0.0626261
0.0626364
0.0626468
0.0626571
0.0626674
0.0626777
0.062688
0.0626983
0.0627085
0.0627188
0.062729
0.0627392
0.0627494
0.0627596
0.0627698
0.0627799
0.0627901
0.0628002
0.0628103
0.0628204
0.0628305
0.0628406
0.0628507
0.0628607
0.0628707
0.0628808
0.0628908
0.0629008
0.0629108
0.0629208
0.0629308
0.0629407
0.0629507
0.0629607
0.0629706
0.0629806
0.0629905
0.0630005
0.0630105
0.0630204
0.0630303
0.0630403
0.0630502
0.0630602
0.0630701
0.06308
0.0630899
0.0630998
0.0631097
0.0631196
0.0631295
0.0631394
0.0631493
0.0631591
0.063169
0.0631788
0.0631886
0.0631984
0.0632081
0.0632181
0.063228
0.0632371
0.0632479
0.0596228
0.0605881
0.0614185
0.0616718
0.0622535
0.0626314
0.0626063
0.0625171
0.0624457
0.0623339
0.062205
0.062096
0.062009
0.0619376
0.0618796
0.0618339
0.0617983
0.061771
0.0617504
0.0617354
0.0617248
0.061718
0.0617143
0.0617131
0.061714
0.0617166
0.0617206
0.0617258
0.061732
0.0617391
0.0617468
0.061755
0.0617637
0.0617729
0.0617823
0.061792
0.0618019
0.061812
0.0618223
0.0618327
0.0618432
0.0618538
0.0618644
0.0618751
0.0618859
0.0618967
0.0619075
0.0619184
0.0619293
0.0619401
0.0619511
0.061962
0.0619729
0.0619838
0.0619948
0.0620057
0.0620166
0.0620275
0.0620385
0.0620494
0.0620603
0.0620712
0.0620821
0.062093
0.0621039
0.0621148
0.0621257
0.0621366
0.0621475
0.0621583
0.0621692
0.06218
0.0621909
0.0622017
0.0622125
0.0622233
0.0622341
0.0622449
0.0622557
0.0622665
0.0622772
0.062288
0.0622987
0.0623095
0.0623202
0.0623309
0.0623416
0.0623523
0.062363
0.0623736
0.0623843
0.0623949
0.0624056
0.0624162
0.0624268
0.0624374
0.062448
0.0624586
0.0624691
0.0624797
0.0624902
0.0625008
0.0625113
0.0625218
0.0625323
0.0625427
0.0625532
0.0625637
0.0625741
0.0625845
0.0625949
0.0626053
0.0626157
0.0626261
0.0626364
0.0626468
0.0626571
0.0626674
0.0626777
0.062688
0.0626983
0.0627085
0.0627188
0.062729
0.0627392
0.0627494
0.0627596
0.0627698
0.0627799
0.0627901
0.0628002
0.0628103
0.0628204
0.0628305
0.0628406
0.0628507
0.0628607
0.0628708
0.0628808
0.0628908
0.0629008
0.0629108
0.0629208
0.0629308
0.0629408
0.0629507
0.0629607
0.0629707
0.0629806
0.0629906
0.0630005
0.0630105
0.0630204
0.0630304
0.0630403
0.0630503
0.0630602
0.0630701
0.0630801
0.06309
0.0630999
0.0631098
0.0631197
0.0631296
0.0631394
0.0631493
0.0631591
0.063169
0.0631788
0.0631886
0.0631985
0.0632082
0.0632182
0.0632281
0.0632373
0.0632473
0.0632594
0.05962
0.0607308
0.0617062
0.0620551
0.0626482
0.0629755
0.0628765
0.0627149
0.0625849
0.0624308
0.0622732
0.0621447
0.0620444
0.0619639
0.0618995
0.0618492
0.0618103
0.0617805
0.061758
0.0617415
0.0617298
0.0617221
0.0617176
0.0617158
0.0617162
0.0617184
0.0617222
0.0617271
0.0617331
0.06174
0.0617475
0.0617556
0.0617643
0.0617733
0.0617827
0.0617923
0.0618022
0.0618122
0.0618225
0.0618328
0.0618433
0.0618539
0.0618645
0.0618752
0.0618859
0.0618967
0.0619076
0.0619184
0.0619293
0.0619402
0.0619511
0.061962
0.0619729
0.0619838
0.0619948
0.0620057
0.0620166
0.0620275
0.0620385
0.0620494
0.0620603
0.0620712
0.0620821
0.062093
0.0621039
0.0621148
0.0621257
0.0621366
0.0621474
0.0621583
0.0621692
0.06218
0.0621908
0.0622017
0.0622125
0.0622233
0.0622341
0.0622449
0.0622557
0.0622664
0.0622772
0.062288
0.0622987
0.0623094
0.0623202
0.0623309
0.0623416
0.0623523
0.0623629
0.0623736
0.0623843
0.0623949
0.0624056
0.0624162
0.0624268
0.0624374
0.062448
0.0624586
0.0624691
0.0624797
0.0624902
0.0625007
0.0625113
0.0625218
0.0625322
0.0625427
0.0625532
0.0625636
0.0625741
0.0625845
0.0625949
0.0626053
0.0626157
0.0626261
0.0626364
0.0626468
0.0626571
0.0626674
0.0626777
0.062688
0.0626983
0.0627085
0.0627188
0.062729
0.0627392
0.0627494
0.0627596
0.0627698
0.0627799
0.0627901
0.0628002
0.0628103
0.0628204
0.0628305
0.0628406
0.0628507
0.0628607
0.0628708
0.0628808
0.0628908
0.0629008
0.0629108
0.0629208
0.0629308
0.0629408
0.0629507
0.0629607
0.0629707
0.0629806
0.0629906
0.0630006
0.0630105
0.0630205
0.0630304
0.0630404
0.0630503
0.0630602
0.0630702
0.0630801
0.06309
0.0630999
0.0631098
0.0631197
0.0631296
0.0631394
0.0631493
0.0631591
0.063169
0.0631789
0.0631886
0.0631985
0.0632082
0.0632182
0.063228
0.0632377
0.0632474
0.0632573
0.0596162
0.0609207
0.062078
0.0625422
0.0631342
0.0633819
0.063182
0.0629287
0.0627285
0.062527
0.0623389
0.0621905
0.0620771
0.0619878
0.0619175
0.061863
0.061821
0.0617889
0.0617647
0.0617468
0.0617341
0.0617255
0.0617204
0.0617181
0.0617181
0.06172
0.0617234
0.0617281
0.0617339
0.0617406
0.061748
0.0617561
0.0617646
0.0617735
0.0617828
0.0617924
0.0618023
0.0618123
0.0618225
0.0618328
0.0618433
0.0618538
0.0618644
0.0618751
0.0618859
0.0618966
0.0619075
0.0619183
0.0619292
0.0619401
0.061951
0.0619619
0.0619728
0.0619837
0.0619946
0.0620055
0.0620165
0.0620274
0.0620383
0.0620492
0.0620602
0.0620711
0.062082
0.0620929
0.0621038
0.0621147
0.0621256
0.0621364
0.0621473
0.0621582
0.062169
0.0621799
0.0621907
0.0622015
0.0622123
0.0622231
0.062234
0.0622447
0.0622555
0.0622663
0.0622771
0.0622878
0.0622986
0.0623093
0.06232
0.0623307
0.0623414
0.0623521
0.0623628
0.0623735
0.0623841
0.0623948
0.0624054
0.062416
0.0624266
0.0624372
0.0624478
0.0624584
0.062469
0.0624795
0.0624901
0.0625006
0.0625111
0.0625216
0.0625321
0.0625426
0.062553
0.0625635
0.0625739
0.0625843
0.0625948
0.0626052
0.0626155
0.0626259
0.0626363
0.0626466
0.0626569
0.0626673
0.0626776
0.0626878
0.0626981
0.0627084
0.0627186
0.0627288
0.0627391
0.0627493
0.0627595
0.0627696
0.0627798
0.0627899
0.0628001
0.0628102
0.0628203
0.0628304
0.0628405
0.0628505
0.0628606
0.0628706
0.0628807
0.0628907
0.0629007
0.0629107
0.0629207
0.0629307
0.0629407
0.0629506
0.0629606
0.0629706
0.0629805
0.0629905
0.0630005
0.0630104
0.0630204
0.0630303
0.0630402
0.0630502
0.0630601
0.06307
0.06308
0.0630899
0.0630998
0.0631097
0.0631196
0.0631295
0.0631393
0.0631492
0.063159
0.0631689
0.0631787
0.0631885
0.0631984
0.0632081
0.0632181
0.0632279
0.0632375
0.0632473
0.0632568
0.0632674
0.0596107
0.0611746
0.0625615
0.0631639
0.0637333
0.063861
0.0635252
0.0631566
0.0628736
0.0626195
0.0623995
0.0622315
0.0621055
0.0620081
0.0619323
0.061874
0.0618293
0.0617952
0.0617694
0.0617504
0.0617368
0.0617275
0.0617218
0.0617191
0.0617187
0.0617202
0.0617234
0.061728
0.0617336
0.0617401
0.0617474
0.0617554
0.0617638
0.0617727
0.061782
0.0617915
0.0618013
0.0618113
0.0618215
0.0618318
0.0618422
0.0618527
0.0618634
0.061874
0.0618848
0.0618955
0.0619063
0.0619172
0.061928
0.0619389
0.0619498
0.0619607
0.0619716
0.0619825
0.0619935
0.0620044
0.0620153
0.0620262
0.0620372
0.0620481
0.062059
0.0620699
0.0620808
0.0620917
0.0621026
0.0621135
0.0621244
0.0621353
0.0621461
0.062157
0.0621679
0.0621787
0.0621895
0.0622004
0.0622112
0.062222
0.0622328
0.0622436
0.0622544
0.0622652
0.0622759
0.0622867
0.0622974
0.0623081
0.0623189
0.0623296
0.0623403
0.062351
0.0623617
0.0623723
0.062383
0.0623936
0.0624043
0.0624149
0.0624255
0.0624361
0.0624467
0.0624573
0.0624678
0.0624784
0.0624889
0.0624995
0.06251
0.0625205
0.062531
0.0625415
0.0625519
0.0625624
0.0625728
0.0625832
0.0625936
0.062604
0.0626144
0.0626248
0.0626352
0.0626455
0.0626558
0.0626662
0.0626765
0.0626867
0.062697
0.0627073
0.0627175
0.0627278
0.062738
0.0627482
0.0627584
0.0627685
0.0627787
0.0627888
0.062799
0.0628091
0.0628192
0.0628293
0.0628394
0.0628495
0.0628595
0.0628696
0.0628796
0.0628896
0.0628996
0.0629096
0.0629196
0.0629296
0.0629396
0.0629496
0.0629596
0.0629695
0.0629795
0.0629895
0.0629994
0.0630094
0.0630193
0.0630293
0.0630392
0.0630492
0.0630591
0.063069
0.0630789
0.0630889
0.0630988
0.0631087
0.0631185
0.0631284
0.0631383
0.0631482
0.063158
0.0631679
0.0631777
0.0631875
0.0631974
0.0632071
0.063217
0.0632268
0.0632366
0.0632464
0.063256
0.0632659
0.0632768
0.0596014
0.0615194
0.0631944
0.0639538
0.064462
0.0644133
0.0638982
0.0633875
0.0630085
0.062698
0.0624464
0.0622597
0.0621223
0.0620177
0.0619374
0.0618758
0.0618288
0.061793
0.061766
0.061746
0.0617317
0.0617218
0.0617157
0.0617125
0.0617119
0.0617132
0.0617162
0.0617206
0.0617261
0.0617325
0.0617397
0.0617476
0.061756
0.0617648
0.061774
0.0617835
0.0617933
0.0618033
0.0618134
0.0618237
0.0618342
0.0618447
0.0618553
0.061866
0.0618767
0.0618874
0.0618983
0.0619091
0.06192
0.0619308
0.0619417
0.0619526
0.0619636
0.0619745
0.0619854
0.0619964
0.0620073
0.0620182
0.0620291
0.0620401
0.062051
0.0620619
0.0620728
0.0620837
0.0620946
0.0621055
0.0621164
0.0621273
0.0621382
0.062149
0.0621599
0.0621708
0.0621816
0.0621924
0.0622033
0.0622141
0.0622249
0.0622357
0.0622465
0.0622573
0.062268
0.0622788
0.0622895
0.0623003
0.062311
0.0623217
0.0623324
0.0623431
0.0623538
0.0623645
0.0623752
0.0623858
0.0623965
0.0624071
0.0624177
0.0624283
0.0624389
0.0624495
0.0624601
0.0624706
0.0624812
0.0624917
0.0625023
0.0625128
0.0625233
0.0625337
0.0625442
0.0625547
0.0625651
0.0625756
0.062586
0.0625964
0.0626068
0.0626172
0.0626275
0.0626379
0.0626482
0.0626585
0.0626688
0.0626791
0.0626894
0.0626997
0.0627099
0.0627202
0.0627304
0.0627406
0.0627508
0.062761
0.0627712
0.0627813
0.0627915
0.0628016
0.0628117
0.0628218
0.0628319
0.062842
0.062852
0.0628621
0.0628721
0.0628822
0.0628922
0.0629022
0.0629122
0.0629222
0.0629322
0.0629422
0.0629522
0.0629621
0.0629721
0.0629821
0.0629921
0.063002
0.063012
0.0630219
0.0630319
0.0630418
0.0630518
0.0630617
0.0630716
0.0630816
0.0630915
0.0631014
0.0631113
0.0631212
0.063131
0.0631409
0.0631508
0.0631606
0.0631705
0.0631803
0.0631902
0.0631999
0.0632098
0.0632196
0.0632294
0.0632392
0.063249
0.0632589
0.0632689
0.0632805
0.0595838
0.0620069
0.0640227
0.0649173
0.0652861
0.0649838
0.0642417
0.0635655
0.0630833
0.0627175
0.0624377
0.0622355
0.0620892
0.0619794
0.0618958
0.0618321
0.0617836
0.0617467
0.0617188
0.0616982
0.0616834
0.0616732
0.0616668
0.0616635
0.0616626
0.0616638
0.0616667
0.061671
0.0616765
0.0616829
0.0616901
0.0616979
0.0617063
0.0617152
0.0617244
0.0617339
0.0617437
0.0617537
0.0617639
0.0617742
0.0617847
0.0617952
0.0618058
0.0618166
0.0618273
0.0618381
0.061849
0.0618598
0.0618707
0.0618817
0.0618926
0.0619035
0.0619145
0.0619255
0.0619364
0.0619474
0.0619584
0.0619693
0.0619803
0.0619913
0.0620022
0.0620132
0.0620241
0.0620351
0.062046
0.062057
0.0620679
0.0620788
0.0620897
0.0621007
0.0621116
0.0621224
0.0621333
0.0621442
0.0621551
0.0621659
0.0621768
0.0621876
0.0621985
0.0622093
0.0622201
0.0622309
0.0622417
0.0622525
0.0622632
0.062274
0.0622847
0.0622955
0.0623062
0.0623169
0.0623276
0.0623383
0.062349
0.0623597
0.0623704
0.062381
0.0623916
0.0624023
0.0624129
0.0624235
0.0624341
0.0624446
0.0624552
0.0624658
0.0624763
0.0624868
0.0624973
0.0625078
0.0625183
0.0625288
0.0625393
0.0625497
0.0625601
0.0625706
0.062581
0.0625913
0.0626017
0.0626121
0.0626224
0.0626328
0.0626431
0.0626534
0.0626637
0.062674
0.0626842
0.0626945
0.0627047
0.062715
0.0627252
0.0627354
0.0627456
0.0627557
0.0627659
0.062776
0.0627861
0.0627963
0.0628064
0.0628165
0.0628266
0.0628366
0.0628467
0.0628567
0.0628668
0.0628768
0.0628869
0.0628969
0.0629069
0.0629169
0.062927
0.062937
0.062947
0.062957
0.062967
0.062977
0.062987
0.062997
0.063007
0.0630169
0.0630269
0.0630369
0.0630468
0.0630568
0.0630667
0.0630766
0.0630865
0.0630965
0.0631064
0.0631162
0.0631262
0.063136
0.0631459
0.0631557
0.0631656
0.0631755
0.0631853
0.0631952
0.063205
0.0632151
0.0632252
0.0632347
0.0595565
0.0627441
0.065049
0.0658961
0.0659534
0.0652964
0.0642957
0.0634567
0.0628855
0.0624802
0.0621844
0.0619752
0.0618256
0.0617146
0.0616305
0.0615667
0.0615182
0.0614814
0.0614538
0.0614334
0.0614188
0.0614088
0.0614026
0.0613995
0.0613988
0.0614003
0.0614034
0.0614079
0.0614136
0.0614202
0.0614276
0.0614356
0.0614442
0.0614533
0.0614627
0.0614724
0.0614824
0.0614926
0.061503
0.0615135
0.0615242
0.0615349
0.0615458
0.0615567
0.0615676
0.0615786
0.0615897
0.0616007
0.0616118
0.061623
0.0616341
0.0616452
0.0616564
0.0616676
0.0616787
0.0616899
0.0617011
0.0617122
0.0617234
0.0617346
0.0617457
0.0617569
0.061768
0.0617792
0.0617903
0.0618015
0.0618126
0.0618237
0.0618348
0.0618459
0.061857
0.0618681
0.0618792
0.0618903
0.0619014
0.0619124
0.0619235
0.0619345
0.0619455
0.0619566
0.0619676
0.0619786
0.0619896
0.0620005
0.0620115
0.0620225
0.0620334
0.0620444
0.0620553
0.0620662
0.0620771
0.062088
0.0620989
0.0621098
0.0621206
0.0621315
0.0621423
0.0621531
0.0621639
0.0621747
0.0621855
0.0621963
0.0622071
0.0622178
0.0622286
0.0622393
0.06225
0.0622607
0.0622714
0.0622821
0.0622927
0.0623034
0.062314
0.0623246
0.0623352
0.0623458
0.0623564
0.062367
0.0623775
0.062388
0.0623986
0.0624091
0.0624196
0.06243
0.0624405
0.062451
0.0624614
0.0624718
0.0624822
0.0624926
0.062503
0.0625134
0.0625237
0.0625341
0.0625444
0.0625547
0.062565
0.0625753
0.0625856
0.0625959
0.0626062
0.0626164
0.0626267
0.0626369
0.0626471
0.0626574
0.0626676
0.0626778
0.062688
0.0626983
0.0627085
0.0627187
0.0627289
0.0627391
0.0627493
0.0627595
0.0627696
0.0627798
0.06279
0.0628001
0.0628103
0.0628204
0.0628306
0.0628407
0.0628508
0.062861
0.0628711
0.0628812
0.0628913
0.0629013
0.0629114
0.0629215
0.0629316
0.0629417
0.0629517
0.0629618
0.0629718
0.0629821
0.0629924
0.0630018
0.063013
0.0595713
0.0638341
0.0659162
0.0661187
0.0655185
0.064392
0.063161
0.0622318
0.061637
0.0612377
0.0609552
0.0607573
0.0606165
0.0605124
0.0604339
0.0603745
0.0603296
0.0602958
0.0602707
0.0602525
0.0602399
0.0602316
0.060227
0.0602253
0.0602259
0.0602286
0.0602328
0.0602384
0.0602451
0.0602528
0.0602611
0.0602701
0.0602796
0.0602896
0.0602999
0.0603105
0.0603213
0.0603324
0.0603436
0.0603549
0.0603664
0.060378
0.0603896
0.0604014
0.0604131
0.060425
0.0604368
0.0604487
0.0604606
0.0604725
0.0604845
0.0604964
0.0605084
0.0605203
0.0605323
0.0605443
0.0605563
0.0605682
0.0605802
0.0605922
0.0606041
0.0606161
0.0606281
0.06064
0.060652
0.0606639
0.0606758
0.0606877
0.0606997
0.0607116
0.0607235
0.0607354
0.0607473
0.0607591
0.060771
0.0607829
0.0607947
0.0608066
0.0608184
0.0608302
0.060842
0.0608538
0.0608656
0.0608774
0.0608892
0.0609009
0.0609127
0.0609244
0.0609362
0.0609479
0.0609596
0.0609713
0.060983
0.0609947
0.0610063
0.061018
0.0610296
0.0610412
0.0610529
0.0610645
0.0610761
0.0610876
0.0610992
0.0611107
0.0611223
0.0611338
0.0611453
0.0611568
0.0611683
0.0611798
0.0611913
0.0612027
0.0612141
0.0612256
0.061237
0.0612484
0.0612597
0.0612711
0.0612825
0.0612938
0.0613051
0.0613164
0.0613277
0.061339
0.0613503
0.0613615
0.0613728
0.061384
0.0613952
0.0614064
0.0614176
0.0614288
0.0614399
0.0614511
0.0614622
0.0614733
0.0614845
0.0614956
0.0615066
0.0615177
0.0615288
0.0615399
0.0615509
0.061562
0.061573
0.061584
0.0615951
0.0616061
0.0616171
0.0616281
0.0616392
0.0616502
0.0616612
0.0616722
0.0616832
0.0616942
0.0617052
0.0617162
0.0617272
0.0617382
0.0617492
0.0617601
0.0617711
0.061782
0.061793
0.0618039
0.0618149
0.0618258
0.0618367
0.0618476
0.0618586
0.0618695
0.0618804
0.0618913
0.0619022
0.0619132
0.061924
0.0619352
0.061946
0.0619572
0.0619676
0.0619815
0.0597648
0.0647223
0.0648357
0.0631111
0.0613292
0.0596796
0.0583737
0.0575381
0.0570525
0.0567388
0.0565164
0.0563591
0.0562467
0.0561636
0.0561012
0.0560546
0.0560201
0.055995
0.0559773
0.0559656
0.0559585
0.0559554
0.0559553
0.0559578
0.0559624
0.0559687
0.0559764
0.0559853
0.0559952
0.0560058
0.0560171
0.056029
0.0560413
0.056054
0.056067
0.0560803
0.0560937
0.0561074
0.0561212
0.0561351
0.0561492
0.0561633
0.0561775
0.0561917
0.056206
0.0562204
0.0562347
0.0562491
0.0562635
0.0562779
0.0562924
0.0563068
0.0563213
0.0563357
0.0563502
0.0563646
0.0563791
0.0563936
0.056408
0.0564225
0.0564369
0.0564514
0.0564658
0.0564802
0.0564947
0.0565091
0.0565235
0.0565379
0.0565523
0.0565667
0.0565811
0.0565955
0.0566098
0.0566242
0.0566386
0.0566529
0.0566672
0.0566816
0.0566959
0.0567102
0.0567245
0.0567388
0.056753
0.0567673
0.0567816
0.0567958
0.0568101
0.0568243
0.0568385
0.0568527
0.0568669
0.0568811
0.0568952
0.0569094
0.0569235
0.0569377
0.0569518
0.0569659
0.05698
0.0569941
0.0570082
0.0570222
0.0570363
0.0570503
0.0570643
0.0570784
0.0570924
0.0571063
0.0571203
0.0571343
0.0571482
0.0571621
0.0571761
0.05719
0.0572039
0.0572177
0.0572316
0.0572455
0.0572593
0.0572731
0.0572869
0.0573007
0.0573145
0.0573283
0.057342
0.0573558
0.0573695
0.0573832
0.0573969
0.0574106
0.0574243
0.0574379
0.0574516
0.0574652
0.0574788
0.0574924
0.057506
0.0575196
0.0575332
0.0575468
0.0575604
0.0575739
0.0575875
0.057601
0.0576145
0.0576281
0.0576416
0.0576551
0.0576687
0.0576822
0.0576957
0.0577093
0.0577228
0.0577363
0.0577498
0.0577634
0.0577769
0.0577904
0.057804
0.0578175
0.057831
0.0578446
0.0578581
0.0578716
0.0578851
0.0578987
0.0579122
0.0579257
0.0579392
0.0579527
0.0579662
0.0579797
0.0579932
0.0580067
0.0580202
0.0580338
0.0580471
0.0580613
0.058074
0.0580892
0.0581002
0.0581188
0.0581297
0.0595068
0.0614425
0.0561483
0.0510911
0.0479435
0.0460484
0.0450192
0.0445411
0.0443151
0.0441631
0.0440441
0.0439569
0.0438947
0.0438494
0.0438166
0.043794
0.0437793
0.0437711
0.0437679
0.0437689
0.0437731
0.0437801
0.0437893
0.0438003
0.0438128
0.0438266
0.0438413
0.0438569
0.0438732
0.0438901
0.0439075
0.0439252
0.0439433
0.0439616
0.0439802
0.043999
0.0440179
0.0440369
0.0440561
0.0440753
0.0440946
0.044114
0.0441334
0.0441529
0.0441724
0.0441919
0.0442114
0.044231
0.0442505
0.0442701
0.0442897
0.0443093
0.0443289
0.0443485
0.0443681
0.0443877
0.0444073
0.0444268
0.0444464
0.044466
0.0444856
0.0445052
0.0445247
0.0445443
0.0445639
0.0445834
0.0446029
0.0446225
0.044642
0.0446615
0.044681
0.0447005
0.04472
0.0447395
0.044759
0.0447785
0.0447979
0.0448174
0.0448368
0.0448562
0.0448757
0.0448951
0.0449145
0.0449339
0.0449532
0.0449726
0.044992
0.0450113
0.0450307
0.04505
0.0450693
0.0450886
0.0451079
0.0451272
0.0451465
0.0451657
0.045185
0.0452042
0.0452234
0.0452426
0.0452618
0.045281
0.0453002
0.0453194
0.0453385
0.0453577
0.0453768
0.0453959
0.045415
0.0454341
0.0454531
0.0454722
0.0454913
0.0455103
0.0455293
0.0455483
0.0455673
0.0455863
0.0456052
0.0456242
0.0456431
0.0456621
0.045681
0.0456999
0.0457188
0.0457376
0.0457565
0.0457753
0.0457942
0.045813
0.0458318
0.0458506
0.0458694
0.0458881
0.0459069
0.0459256
0.0459444
0.0459631
0.0459818
0.0460006
0.0460193
0.046038
0.0460567
0.0460754
0.0460941
0.0461128
0.0461315
0.0461502
0.0461689
0.0461876
0.0462063
0.0462251
0.0462438
0.0462626
0.0462813
0.0463001
0.0463189
0.0463377
0.0463565
0.0463753
0.0463941
0.0464129
0.0464318
0.0464506
0.0464695
0.0464883
0.0465072
0.046526
0.0465449
0.0465637
0.0465826
0.0466014
0.0466204
0.0466392
0.0466581
0.0466771
0.0466958
0.0467155
0.0467332
0.0467547
0.0467698
0.0467961
0.0468083
0.0502274
0.0404118
0.0282686
0.0221307
0.0195928
0.018543
0.0182209
0.0181891
0.0182076
0.0182016
0.0181861
0.0181768
0.0181738
0.0181748
0.0181792
0.0181868
0.0181972
0.0182098
0.0182242
0.0182402
0.0182573
0.0182755
0.0182945
0.0183143
0.0183346
0.0183553
0.0183765
0.018398
0.0184197
0.0184417
0.0184639
0.0184862
0.0185086
0.0185311
0.0185537
0.0185764
0.0185992
0.018622
0.0186448
0.0186676
0.0186905
0.0187134
0.0187364
0.0187593
0.0187822
0.0188052
0.0188281
0.0188511
0.018874
0.018897
0.0189199
0.0189429
0.0189658
0.0189888
0.0190117
0.0190347
0.0190576
0.0190805
0.0191034
0.0191264
0.0191493
0.0191722
0.0191951
0.019218
0.0192408
0.0192637
0.0192866
0.0193094
0.0193323
0.0193551
0.019378
0.0194008
0.0194236
0.0194464
0.0194692
0.019492
0.0195148
0.0195376
0.0195603
0.0195831
0.0196058
0.0196286
0.0196513
0.019674
0.0196967
0.0197194
0.0197421
0.0197647
0.0197874
0.01981
0.0198327
0.0198553
0.0198779
0.0199005
0.0199231
0.0199457
0.0199683
0.0199908
0.0200134
0.0200359
0.0200584
0.0200809
0.0201034
0.0201259
0.0201484
0.0201708
0.0201933
0.0202157
0.0202381
0.0202605
0.0202829
0.0203053
0.0203277
0.02035
0.0203724
0.0203947
0.020417
0.0204393
0.0204616
0.0204839
0.0205062
0.0205284
0.0205506
0.0205729
0.0205951
0.0206173
0.0206394
0.0206616
0.0206838
0.0207059
0.0207281
0.0207502
0.0207723
0.0207944
0.0208165
0.0208386
0.0208606
0.0208827
0.0209048
0.0209268
0.0209489
0.0209709
0.020993
0.021015
0.0210371
0.0210591
0.0210812
0.0211033
0.0211254
0.0211475
0.0211696
0.0211917
0.0212139
0.0212361
0.0212583
0.0212805
0.0213027
0.0213249
0.0213472
0.0213694
0.0213917
0.021414
0.0214363
0.0214586
0.0214809
0.0215032
0.0215256
0.0215479
0.0215703
0.0215926
0.021615
0.0216374
0.0216598
0.0216822
0.0217046
0.0217271
0.0217495
0.0217723
0.0217944
0.0218182
0.0218392
0.0218658
0.0218849
0.0219139
)
;

boundaryField
{
    inlet
    {
        type            calculated;
        value           uniform 0.06;
    }
    outlet
    {
        type            calculated;
        value           nonuniform List<scalar> 0();
    }
    lowerWall
    {
        type            calculated;
        value           nonuniform List<scalar> 0();
    }
    upperWall
    {
        type            calculated;
        value           uniform 0;
    }
    frontAndBack
    {
        type            calculated;
        value           uniform 0;
    }
    procBoundary3to0
    {
        type            processor;
        value           nonuniform List<scalar> 
150
(
0.0596271
0.06009
0.0602699
0.0599592
0.0601772
0.0604101
0.0604398
0.0605315
0.0606891
0.0608136
0.0609079
0.0609982
0.0610839
0.06116
0.061227
0.0612867
0.0613411
0.0613864
0.0613864
0.0614288
0.0614659
0.0614995
0.0615297
0.0615567
0.0615813
0.0616037
0.0616243
0.0616435
0.0616613
0.061678
0.0616938
0.0617089
0.0617233
0.0617371
0.0617505
0.0617635
0.0617762
0.0617887
0.0618009
0.0618129
0.0618248
0.0618365
0.0618482
0.0618597
0.0618711
0.0618825
0.0618938
0.0619051
0.0619163
0.0619275
0.0619387
0.0619498
0.0619609
0.061972
0.0619831
0.0619941
0.0620051
0.0620162
0.0620272
0.0620381
0.0620491
0.0620601
0.062071
0.062082
0.0620929
0.0621038
0.0621148
0.0621257
0.0621366
0.0621474
0.0621583
0.0621692
0.06218
0.0621909
0.0622017
0.0622126
0.0622234
0.0622342
0.062245
0.0622558
0.0622665
0.0622773
0.0622881
0.0622988
0.0623095
0.0623203
0.062331
0.0623417
0.0623524
0.0623631
0.0623737
0.0623844
0.062395
0.0624057
0.0624163
0.0624269
0.0624375
0.0624481
0.0624587
0.0624692
0.0624798
0.0624903
0.0625008
0.0625114
0.0625219
0.0625323
0.0625428
0.0625533
0.0625637
0.0625741
0.0625846
0.062595
0.0626054
0.0626157
0.0626261
0.0626365
0.0626468
0.0626571
0.0626674
0.0626777
0.062688
0.0626982
0.0627085
0.0627187
0.0627289
0.0627391
0.0627493
0.0627595
0.0627696
0.0627797
0.0627899
0.0628
0.06281
0.0628201
0.0628302
0.0628402
0.0628502
0.0628602
0.0628702
0.0628801
0.06289
0.0629
0.0629098
0.0629197
0.0629294
0.0629393
0.0629488
0.0629584
0.062968
0.0629769
)
;
    }
    procBoundary3to9
    {
        type            processor;
        value           nonuniform List<scalar> 
85
(
0.0629882
0.0629882
0.0629882
0.0630005
0.0630005
0.0630107
0.0630107
0.0630204
0.06302
0.06302
0.0630313
0.0630313
0.0630412
0.0630407
0.0630407
0.0630516
0.0630516
0.0630618
0.0630618
0.063072
0.0630713
0.0630713
0.0630823
0.0630823
0.063092
0.0630915
0.0630915
0.063102
0.063102
0.0631123
0.0631123
0.0631222
0.0631215
0.0631215
0.0631321
0.0631321
0.0631424
0.0631424
0.0631523
0.0631514
0.0631514
0.0631624
0.0631624
0.0631719
0.0631712
0.0631712
0.0631816
0.0631816
0.063192
0.063192
0.0632018
0.0632008
0.0632008
0.0632118
0.0632118
0.0632213
0.0632205
0.0632205
0.0632309
0.0632309
0.0632412
0.0632412
0.063251
0.06325
0.06325
0.063261
0.063261
0.0632705
0.0632696
0.0632696
0.06328
0.06328
0.0632894
0.0632894
0.0632922
0.0632476
0.0632476
0.0630266
0.0630266
0.0619936
0.0619936
0.0581498
0.0468363
0.0468363
0.0219409
)
;
    }
}


// ************************************************************************* //
