/*--------------------------------*- C++ -*----------------------------------*\
| =========                 |                                                 |
| \\      /  F ield         | OpenFOAM: The Open Source CFD Toolbox           |
|  \\    /   O peration     | Version:  2512                                  |
|   \\  /    A nd           | Website:  www.openfoam.com                      |
|    \\/     M anipulation  |                                                 |
\*---------------------------------------------------------------------------*/
FoamFile
{
    version     2.0;
    format      ascii;
    arch        "LSB;label=32;scalar=64";
    note        "nPoints:17140  nCells:8334  nFaces:33571  nInternalFaces:16433";
    class       labelList;
    location    "constant/polyMesh";
    object      neighbour;
}
// * * * * * * * * * * * * * * * * * * * * * * * * * * * * * * * * * * * * * //


16433
(
1
2
184
3
185
4
186
5
187
6
188
7
189
8
190
9
191
10
192
11
193
12
194
13
195
14
196
15
197
16
198
17
199
18
200
19
201
20
202
21
203
22
204
23
205
24
206
25
207
26
208
27
209
28
210
29
211
30
212
31
213
32
214
33
215
34
216
35
217
36
218
37
219
38
220
39
221
40
222
41
223
42
224
43
225
44
226
45
227
46
228
47
229
48
230
49
231
50
232
51
233
52
234
53
235
54
236
55
237
56
238
57
239
58
240
59
241
60
242
61
243
62
244
63
245
64
246
65
247
66
248
67
249
68
250
69
251
70
252
71
253
72
254
73
255
74
256
75
257
76
258
77
259
78
260
79
261
80
262
81
263
82
264
83
265
84
266
85
267
86
268
87
269
88
270
89
271
90
272
91
273
92
274
93
275
94
276
95
277
96
278
97
279
98
280
99
281
100
282
101
283
102
284
103
285
104
286
105
287
106
288
107
289
108
290
109
291
110
292
111
293
112
294
113
295
114
296
115
297
116
298
117
299
118
300
119
301
120
302
121
303
122
304
123
305
124
306
125
307
126
308
127
309
128
310
129
311
130
312
131
313
132
314
133
315
134
316
135
317
136
318
137
319
138
320
139
321
140
322
141
323
142
324
143
325
144
326
145
327
146
328
147
329
148
330
149
331
150
332
151
333
152
334
153
335
154
336
155
337
156
338
157
339
158
340
159
341
160
342
161
343
162
344
163
345
164
346
165
347
166
348
167
349
168
350
169
351
170
352
171
353
172
354
173
355
174
356
175
357
176
358
177
359
178
360
179
361
180
362
181
363
182
364
183
365
366
185
367
186
368
187
369
188
370
189
371
190
372
191
373
192
374
193
375
194
376
195
377
196
378
197
379
198
380
199
381
200
382
201
383
202
384
203
385
204
386
205
387
206
388
207
389
208
390
209
391
210
392
211
393
212
394
213
395
214
396
215
397
216
398
217
399
218
400
219
401
220
402
221
403
222
404
223
405
224
406
225
407
226
408
227
409
228
410
229
411
230
412
231
413
232
414
233
415
234
416
235
417
236
418
237
419
238
420
239
421
240
422
241
423
242
424
243
425
244
426
245
427
246
428
247
429
248
430
249
431
250
432
251
433
252
434
253
435
254
436
255
437
256
438
257
439
258
440
259
441
260
442
261
443
262
444
263
445
264
446
265
447
266
448
267
449
268
450
269
451
270
452
271
453
272
454
273
455
274
456
275
457
276
458
277
459
278
460
279
461
280
462
281
463
282
464
283
465
284
466
285
467
286
468
287
469
288
470
289
471
290
472
291
473
292
474
293
475
294
476
295
477
296
478
297
479
298
480
299
481
300
482
301
483
302
484
303
485
304
486
305
487
306
488
307
489
308
490
309
491
310
492
311
493
312
494
313
495
314
496
315
497
316
498
317
499
318
500
319
501
320
502
321
503
322
504
323
505
324
506
325
507
326
508
327
509
328
510
329
511
330
512
331
513
332
514
333
515
334
516
335
517
336
518
337
519
338
520
339
521
340
522
341
523
342
524
343
525
344
526
345
527
346
528
347
529
348
530
349
531
350
532
351
533
352
534
353
535
354
536
355
537
356
538
357
539
358
540
359
541
360
542
361
543
362
544
363
545
364
546
365
547
366
548
549
368
369
550
370
551
371
552
372
553
373
554
374
555
375
556
376
557
377
558
378
559
379
560
380
561
381
562
382
563
383
564
384
565
385
566
386
567
387
568
388
569
389
570
390
571
391
572
392
573
393
574
394
575
395
576
396
577
397
578
398
579
399
580
400
581
401
582
402
583
403
584
404
585
405
586
406
587
407
588
408
589
409
590
410
591
411
592
412
593
413
594
414
595
415
596
416
597
417
598
418
599
419
600
420
601
421
602
422
603
423
604
424
605
425
606
426
607
427
608
428
609
429
610
430
611
431
612
432
613
433
614
434
615
435
616
436
617
437
618
438
619
439
620
440
621
441
622
442
623
443
624
444
625
445
626
446
627
447
628
448
629
449
630
450
631
451
632
452
633
453
634
454
635
455
636
456
637
457
638
458
639
459
640
460
641
461
642
462
643
463
644
464
645
465
646
466
647
467
648
468
649
469
650
470
651
471
652
472
653
473
654
474
655
475
656
476
657
477
658
478
659
479
660
480
661
481
662
482
663
483
664
484
665
485
666
486
667
487
668
488
669
489
670
490
671
491
672
492
673
493
674
494
675
495
676
496
677
497
678
498
679
499
680
500
681
501
682
502
683
503
684
504
685
505
686
506
687
507
688
508
689
509
690
510
691
511
692
512
693
513
694
514
695
515
696
516
697
517
698
518
699
519
700
520
701
521
702
522
703
523
704
524
705
525
706
526
707
527
708
528
709
529
710
530
711
531
712
532
713
533
714
534
715
535
716
536
717
537
718
538
719
539
720
540
721
541
722
542
723
543
724
544
725
545
726
546
727
547
728
548
729
549
730
731
551
552
732
553
733
554
734
555
735
556
736
557
737
558
738
559
739
560
740
561
741
562
742
563
743
564
744
565
745
566
746
567
747
568
748
569
749
570
750
571
751
572
752
573
753
574
754
575
755
576
756
577
757
578
758
579
759
580
760
581
761
582
762
583
763
584
764
585
765
586
766
587
767
588
768
589
769
590
770
591
771
592
772
593
773
594
774
595
775
596
776
597
777
598
778
599
779
600
780
601
781
602
782
603
783
604
784
605
785
606
786
607
787
608
788
609
789
610
790
611
791
612
792
613
793
614
794
615
795
616
796
617
797
618
798
619
799
620
800
621
801
622
802
623
803
624
804
625
805
626
806
627
807
628
808
629
809
630
810
631
811
632
812
633
813
634
814
635
815
636
816
637
817
638
818
639
819
640
820
641
821
642
822
643
823
644
824
645
825
646
826
647
827
648
828
649
829
650
830
651
831
652
832
653
833
654
834
655
835
656
836
657
837
658
838
659
839
660
840
661
841
662
842
663
843
664
844
665
845
666
846
667
847
668
848
669
849
670
850
671
851
672
852
673
853
674
854
675
855
676
856
677
857
678
858
679
859
680
860
681
861
682
862
683
863
684
864
685
865
686
866
687
867
688
868
689
869
690
870
691
871
692
872
693
873
694
874
695
875
696
876
697
877
698
878
699
879
700
880
701
881
702
882
703
883
704
884
705
885
706
886
707
887
708
888
709
889
710
890
711
891
712
892
713
893
714
894
715
895
716
896
717
897
718
898
719
899
720
900
721
901
722
902
723
903
724
904
725
905
726
906
727
907
728
908
729
909
730
910
731
911
912
733
734
913
735
914
736
915
737
916
738
917
739
918
740
919
741
920
742
921
743
922
744
923
745
924
746
925
747
926
748
927
749
928
750
929
751
930
752
931
753
932
754
933
755
934
756
935
757
936
758
937
759
938
760
939
761
940
762
941
763
942
764
943
765
944
766
945
767
946
768
947
769
948
770
949
771
950
772
951
773
952
774
953
775
954
776
955
777
956
778
957
779
958
780
959
781
960
782
961
783
962
784
963
785
964
786
965
787
966
788
967
789
968
790
969
791
970
792
971
793
972
794
973
795
974
796
975
797
976
798
977
799
978
800
979
801
980
802
981
803
982
804
983
805
984
806
985
807
986
808
987
809
988
810
989
811
990
812
991
813
992
814
993
815
994
816
995
817
996
818
997
819
998
820
999
821
1000
822
1001
823
1002
824
1003
825
1004
826
1005
827
1006
828
1007
829
1008
830
1009
831
1010
832
1011
833
1012
834
1013
835
1014
836
1015
837
1016
838
1017
839
1018
840
1019
841
1020
842
1021
843
1022
844
1023
845
1024
846
1025
847
1026
848
1027
849
1028
850
1029
851
1030
852
1031
853
1032
854
1033
855
1034
856
1035
857
1036
858
1037
859
1038
860
1039
861
1040
862
1041
863
1042
864
1043
865
1044
866
1045
867
1046
868
1047
869
1048
870
1049
871
1050
872
1051
873
1052
874
1053
875
1054
876
1055
877
1056
878
1057
879
1058
880
1059
881
1060
882
1061
883
1062
884
1063
885
1064
886
1065
887
1066
888
1067
889
1068
890
1069
891
1070
892
1071
893
1072
894
1073
895
1074
896
1075
897
1076
898
1077
899
1078
900
1079
901
1080
902
1081
903
1082
904
1083
905
1084
906
1085
907
1086
908
1087
909
1088
910
1089
911
1090
912
1091
1092
914
1093
915
1094
916
1095
917
1096
918
1097
919
1098
920
1099
921
1100
922
1101
923
1102
924
1103
925
1104
926
1105
927
1106
928
1107
929
1108
930
1109
931
1110
932
1111
933
1112
934
1113
935
1114
936
1115
937
1116
938
1117
939
1118
940
1119
941
1120
942
1121
943
1122
944
1123
945
1124
946
1125
947
1126
948
1127
949
1128
950
1129
951
1130
952
1131
953
1132
954
1133
955
1134
956
1135
957
1136
958
1137
959
1138
960
1139
961
1140
962
1141
963
1142
964
1143
965
1144
966
1145
967
1146
968
1147
969
1148
970
1149
971
1150
972
1151
973
1152
974
1153
975
1154
976
1155
977
1156
978
1157
979
1158
980
1159
981
1160
982
1161
983
1162
984
1163
985
1164
986
1165
987
1166
988
1167
989
1168
990
1169
991
1170
992
1171
993
1172
994
1173
995
1174
996
1175
997
1176
998
1177
999
1178
1000
1179
1001
1180
1002
1181
1003
1182
1004
1183
1005
1184
1006
1185
1007
1186
1008
1187
1009
1188
1010
1189
1011
1190
1012
1191
1013
1192
1014
1193
1015
1194
1016
1195
1017
1196
1018
1197
1019
1198
1020
1199
1021
1200
1022
1201
1023
1202
1024
1203
1025
1204
1026
1205
1027
1206
1028
1207
1029
1208
1030
1209
1031
1210
1032
1211
1033
1212
1034
1213
1035
1214
1036
1215
1037
1216
1038
1217
1039
1218
1040
1219
1041
1220
1042
1221
1043
1222
1044
1223
1045
1224
1046
1225
1047
1226
1048
1227
1049
1228
1050
1229
1051
1230
1052
1231
1053
1232
1054
1233
1055
1234
1056
1235
1057
1236
1058
1237
1059
1238
1060
1239
1061
1240
1062
1241
1063
1242
1064
1243
1065
1244
1066
1245
1067
1246
1068
1247
1069
1248
1070
1249
1071
1250
1072
1251
1073
1252
1074
1253
1075
1254
1076
1255
1077
1256
1078
1257
1079
1258
1080
1259
1081
1260
1082
1261
1083
1262
1084
1263
1085
1264
1086
1265
1087
1266
1088
1267
1089
1268
1090
1269
1091
1270
1092
1271
1272
1094
1095
1273
1096
1274
1097
1275
1098
1276
1099
1277
1100
1278
1101
1279
1102
1280
1103
1281
1104
1282
1105
1283
1106
1284
1107
1285
1108
1286
1109
1287
1110
1288
1111
1289
1112
1290
1113
1291
1114
1292
1115
1293
1116
1294
1117
1295
1118
1296
1119
1297
1120
1298
1121
1299
1122
1300
1123
1301
1124
1302
1125
1303
1126
1304
1127
1305
1128
1306
1129
1307
1130
1308
1131
1309
1132
1310
1133
1311
1134
1312
1135
1313
1136
1314
1137
1315
1138
1316
1139
1317
1140
1318
1141
1319
1142
1320
1143
1321
1144
1322
1145
1323
1146
1324
1147
1325
1148
1326
1149
1327
1150
1328
1151
1329
1152
1330
1153
1331
1154
1332
1155
1333
1156
1334
1157
1335
1158
1336
1159
1337
1160
1338
1161
1339
1162
1340
1163
1341
1164
1342
1165
1343
1166
1344
1167
1345
1168
1346
1169
1347
1170
1348
1171
1349
1172
1350
1173
1351
1174
1352
1175
1353
1176
1354
1177
1355
1178
1356
1179
1357
1180
1358
1181
1359
1182
1360
1183
1361
1184
1362
1185
1363
1186
1364
1187
1365
1188
1366
1189
1367
1190
1368
1191
1369
1192
1370
1193
1371
1194
1372
1195
1373
1196
1374
1197
1375
1198
1376
1199
1377
1200
1378
1201
1379
1202
1380
1203
1381
1204
1382
1205
1383
1206
1384
1207
1385
1208
1386
1209
1387
1210
1388
1211
1389
1212
1390
1213
1391
1214
1392
1215
1393
1216
1394
1217
1395
1218
1396
1219
1397
1220
1398
1221
1399
1222
1400
1223
1401
1224
1402
1225
1403
1226
1404
1227
1405
1228
1406
1229
1407
1230
1408
1231
1409
1232
1410
1233
1411
1234
1412
1235
1413
1236
1414
1237
1415
1238
1416
1239
1417
1240
1418
1241
1419
1242
1420
1243
1421
1244
1422
1245
1423
1246
1424
1247
1425
1248
1426
1249
1427
1250
1428
1251
1429
1252
1430
1253
1431
1254
1432
1255
1433
1256
1434
1257
1435
1258
1436
1259
1437
1260
1438
1261
1439
1262
1440
1263
1441
1264
1442
1265
1443
1266
1444
1267
1445
1268
1446
1269
1447
1270
1448
1271
1449
1272
1450
1451
1274
1275
1452
1276
1453
1277
1454
1278
1455
1279
1456
1280
1457
1281
1458
1282
1459
1283
1460
1284
1461
1285
1462
1286
1463
1287
1464
1288
1465
1289
1466
1290
1467
1291
1468
1292
1469
1293
1470
1294
1471
1295
1472
1296
1473
1297
1474
1298
1475
1299
1476
1300
1477
1301
1478
1302
1479
1303
1480
1304
1481
1305
1482
1306
1483
1307
1484
1308
1485
1309
1486
1310
1487
1311
1488
1312
1489
1313
1490
1314
1491
1315
1492
1316
1493
1317
1494
1318
1495
1319
1496
1320
1497
1321
1498
1322
1499
1323
1500
1324
1501
1325
1502
1326
1503
1327
1504
1328
1505
1329
1506
1330
1507
1331
1508
1332
1509
1333
1510
1334
1511
1335
1512
1336
1513
1337
1514
1338
1515
1339
1516
1340
1517
1341
1518
1342
1519
1343
1520
1344
1521
1345
1522
1346
1523
1347
1524
1348
1525
1349
1526
1350
1527
1351
1528
1352
1529
1353
1530
1354
1531
1355
1532
1356
1533
1357
1534
1358
1535
1359
1536
1360
1537
1361
1538
1362
1539
1363
1540
1364
1541
1365
1542
1366
1543
1367
1544
1368
1545
1369
1546
1370
1547
1371
1548
1372
1549
1373
1550
1374
1551
1375
1552
1376
1553
1377
1554
1378
1555
1379
1556
1380
1557
1381
1558
1382
1559
1383
1560
1384
1561
1385
1562
1386
1563
1387
1564
1388
1565
1389
1566
1390
1567
1391
1568
1392
1569
1393
1570
1394
1571
1395
1572
1396
1573
1397
1574
1398
1575
1399
1576
1400
1577
1401
1578
1402
1579
1403
1580
1404
1581
1405
1582
1406
1583
1407
1584
1408
1585
1409
1586
1410
1587
1411
1588
1412
1589
1413
1590
1414
1591
1415
1592
1416
1593
1417
1594
1418
1595
1419
1596
1420
1597
1421
1598
1422
1599
1423
1600
1424
1601
1425
1602
1426
1603
1427
1604
1428
1605
1429
1606
1430
1607
1431
1608
1432
1609
1433
1610
1434
1611
1435
1612
1436
1613
1437
1614
1438
1615
1439
1616
1440
1617
1441
1618
1442
1619
1443
1620
1444
1621
1445
1622
1446
1623
1447
1624
1448
1625
1449
1626
1450
1627
1451
1628
1629
1453
1454
1630
1455
1631
1456
1632
1457
1633
1458
1634
1459
1635
1460
1636
1461
1637
1462
1638
1463
1639
1464
1640
1465
1641
1466
1642
1467
1643
1468
1644
1469
1645
1470
1646
1471
1647
1472
1648
1473
1649
1474
1650
1475
1651
1476
1652
1477
1653
1478
1654
1479
1655
1480
1656
1481
1657
1482
1658
1483
1659
1484
1660
1485
1661
1486
1662
1487
1663
1488
1664
1489
1665
1490
1666
1491
1667
1492
1668
1493
1669
1494
1670
1495
1671
1496
1672
1497
1673
1498
1674
1499
1675
1500
1676
1501
1677
1502
1678
1503
1679
1504
1680
1505
1681
1506
1682
1507
1683
1508
1684
1509
1685
1510
1686
1511
1687
1512
1688
1513
1689
1514
1690
1515
1691
1516
1692
1517
1693
1518
1694
1519
1695
1520
1696
1521
1697
1522
1698
1523
1699
1524
1700
1525
1701
1526
1702
1527
1703
1528
1704
1529
1705
1530
1706
1531
1707
1532
1708
1533
1709
1534
1710
1535
1711
1536
1712
1537
1713
1538
1714
1539
1715
1540
1716
1541
1717
1542
1718
1543
1719
1544
1720
1545
1721
1546
1722
1547
1723
1548
1724
1549
1725
1550
1726
1551
1727
1552
1728
1553
1729
1554
1730
1555
1731
1556
1732
1557
1733
1558
1734
1559
1735
1560
1736
1561
1737
1562
1738
1563
1739
1564
1740
1565
1741
1566
1742
1567
1743
1568
1744
1569
1745
1570
1746
1571
1747
1572
1748
1573
1749
1574
1750
1575
1751
1576
1752
1577
1753
1578
1754
1579
1755
1580
1756
1581
1757
1582
1758
1583
1759
1584
1760
1585
1761
1586
1762
1587
1763
1588
1764
1589
1765
1590
1766
1591
1767
1592
1768
1593
1769
1594
1770
1595
1771
1596
1772
1597
1773
1598
1774
1599
1775
1600
1776
1601
1777
1602
1778
1603
1779
1604
1780
1605
1781
1606
1782
1607
1783
1608
1784
1609
1785
1610
1786
1611
1787
1612
1788
1613
1789
1614
1790
1615
1791
1616
1792
1617
1793
1618
1794
1619
1795
1620
1796
1621
1797
1622
1798
1623
1799
1624
1800
1625
1801
1626
1802
1627
1803
1628
1804
1629
1805
1806
1631
1807
1632
1808
1633
1809
1634
1810
1635
1811
1636
1812
1637
1813
1638
1814
1639
1815
1640
1816
1641
1817
1642
1818
1643
1819
1644
1820
1645
1821
1646
1822
1647
1823
1648
1824
1649
1825
1650
1826
1651
1827
1652
1828
1653
1829
1654
1830
1655
1831
1656
1832
1657
1833
1658
1834
1659
1835
1660
1836
1661
1837
1662
1838
1663
1839
1664
1840
1665
1841
1666
1842
1667
1843
1668
1844
1669
1845
1670
1846
1671
1847
1672
1848
1673
1849
1674
1850
1675
1851
1676
1852
1677
1853
1678
1854
1679
1855
1680
1856
1681
1857
1682
1858
1683
1859
1684
1860
1685
1861
1686
1862
1687
1863
1688
1864
1689
1865
1690
1866
1691
1867
1692
1868
1693
1869
1694
1870
1695
1871
1696
1872
1697
1873
1698
1874
1699
1875
1700
1876
1701
1877
1702
1878
1703
1879
1704
1880
1705
1881
1706
1882
1707
1883
1708
1884
1709
1885
1710
1886
1711
1887
1712
1888
1713
1889
1714
1890
1715
1891
1716
1892
1717
1893
1718
1894
1719
1895
1720
1896
1721
1897
1722
1898
1723
1899
1724
1900
1725
1901
1726
1902
1727
1903
1728
1904
1729
1905
1730
1906
1731
1907
1732
1908
1733
1909
1734
1910
1735
1911
1736
1912
1737
1913
1738
1914
1739
1915
1740
1916
1741
1917
1742
1918
1743
1919
1744
1920
1745
1921
1746
1922
1747
1923
1748
1924
1749
1925
1750
1926
1751
1927
1752
1928
1753
1929
1754
1930
1755
1931
1756
1932
1757
1933
1758
1934
1759
1935
1760
1936
1761
1937
1762
1938
1763
1939
1764
1940
1765
1941
1766
1942
1767
1943
1768
1944
1769
1945
1770
1946
1771
1947
1772
1948
1773
1949
1774
1950
1775
1951
1776
1952
1777
1953
1778
1954
1779
1955
1780
1956
1781
1957
1782
1958
1783
1959
1784
1960
1785
1961
1786
1962
1787
1963
1788
1964
1789
1965
1790
1966
1791
1967
1792
1968
1793
1969
1794
1970
1795
1971
1796
1972
1797
1973
1798
1974
1799
1975
1800
1976
1801
1977
1802
1978
1803
1979
1804
1980
1805
1981
1806
1982
1983
1808
1809
1984
1810
1985
1811
1986
1812
1987
1813
1988
1814
1989
1815
1990
1816
1991
1817
1992
1818
1993
1819
1994
1820
1995
1821
1996
1822
1997
1823
1998
1824
1999
1825
2000
1826
2001
1827
2002
1828
2003
1829
2004
1830
2005
1831
2006
1832
2007
1833
2008
1834
2009
1835
2010
1836
2011
1837
2012
1838
2013
1839
2014
1840
2015
1841
2016
1842
2017
1843
2018
1844
2019
1845
2020
1846
2021
1847
2022
1848
2023
1849
2024
1850
2025
1851
2026
1852
2027
1853
2028
1854
2029
1855
2030
1856
2031
1857
2032
1858
2033
1859
2034
1860
2035
1861
2036
1862
2037
1863
2038
1864
2039
1865
2040
1866
2041
1867
2042
1868
2043
1869
2044
1870
2045
1871
2046
1872
2047
1873
2048
1874
2049
1875
2050
1876
2051
1877
2052
1878
2053
1879
2054
1880
2055
1881
2056
1882
2057
1883
2058
1884
2059
1885
2060
1886
2061
1887
2062
1888
2063
1889
2064
1890
2065
1891
2066
1892
2067
1893
2068
1894
2069
1895
2070
1896
2071
1897
2072
1898
2073
1899
2074
1900
2075
1901
2076
1902
2077
1903
2078
1904
2079
1905
2080
1906
2081
1907
2082
1908
2083
1909
2084
1910
2085
1911
2086
1912
2087
1913
2088
1914
2089
1915
2090
1916
2091
1917
2092
1918
2093
1919
2094
1920
2095
1921
2096
1922
2097
1923
2098
1924
2099
1925
2100
1926
2101
1927
2102
1928
2103
1929
2104
1930
2105
1931
2106
1932
2107
1933
2108
1934
2109
1935
2110
1936
2111
1937
2112
1938
2113
1939
2114
1940
2115
1941
2116
1942
2117
1943
2118
1944
2119
1945
2120
1946
2121
1947
2122
1948
2123
1949
2124
1950
2125
1951
2126
1952
2127
1953
2128
1954
2129
1955
2130
1956
2131
1957
2132
1958
2133
1959
2134
1960
2135
1961
2136
1962
2137
1963
2138
1964
2139
1965
2140
1966
2141
1967
2142
1968
2143
1969
2144
1970
2145
1971
2146
1972
2147
1973
2148
1974
2149
1975
2150
1976
2151
1977
2152
1978
2153
1979
2154
1980
2155
1981
2156
1982
2157
1983
2158
2159
1985
1986
2160
1987
2161
1988
2162
1989
2163
1990
2164
1991
2165
1992
2166
1993
2167
1994
2168
1995
2169
1996
2170
1997
2171
1998
2172
1999
2173
2000
2174
2001
2175
2002
2176
2003
2177
2004
2178
2005
2179
2006
2180
2007
2181
2008
2182
2009
2183
2010
2184
2011
2185
2012
2186
2013
2187
2014
2188
2015
2189
2016
2190
2017
2191
2018
2192
2019
2193
2020
2194
2021
2195
2022
2196
2023
2197
2024
2198
2025
2199
2026
2200
2027
2201
2028
2202
2029
2203
2030
2204
2031
2205
2032
2206
2033
2207
2034
2208
2035
2209
2036
2210
2037
2211
2038
2212
2039
2213
2040
2214
2041
2215
2042
2216
2043
2217
2044
2218
2045
2219
2046
2220
2047
2221
2048
2222
2049
2223
2050
2224
2051
2225
2052
2226
2053
2227
2054
2228
2055
2229
2056
2230
2057
2231
2058
2232
2059
2233
2060
2234
2061
2235
2062
2236
2063
2237
2064
2238
2065
2239
2066
2240
2067
2241
2068
2242
2069
2243
2070
2244
2071
2245
2072
2246
2073
2247
2074
2248
2075
2249
2076
2250
2077
2251
2078
2252
2079
2253
2080
2254
2081
2255
2082
2256
2083
2257
2084
2258
2085
2259
2086
2260
2087
2261
2088
2262
2089
2263
2090
2264
2091
2265
2092
2266
2093
2267
2094
2268
2095
2269
2096
2270
2097
2271
2098
2272
2099
2273
2100
2274
2101
2275
2102
2276
2103
2277
2104
2278
2105
2279
2106
2280
2107
2281
2108
2282
2109
2283
2110
2284
2111
2285
2112
2286
2113
2287
2114
2288
2115
2289
2116
2290
2117
2291
2118
2292
2119
2293
2120
2294
2121
2295
2122
2296
2123
2297
2124
2298
2125
2299
2126
2300
2127
2301
2128
2302
2129
2303
2130
2304
2131
2305
2132
2306
2133
2307
2134
2308
2135
2309
2136
2310
2137
2311
2138
2312
2139
2313
2140
2314
2141
2315
2142
2316
2143
2317
2144
2318
2145
2319
2146
2320
2147
2321
2148
2322
2149
2323
2150
2324
2151
2325
2152
2326
2153
2327
2154
2328
2155
2329
2156
2330
2157
2331
2158
2332
2159
2333
2334
2161
2335
2162
2336
2163
2337
2164
2338
2165
2339
2166
2340
2167
2341
2168
2342
2169
2343
2170
2344
2171
2345
2172
2346
2173
2347
2174
2348
2175
2349
2176
2350
2177
2351
2178
2352
2179
2353
2180
2354
2181
2355
2182
2356
2183
2357
2184
2358
2185
2359
2186
2360
2187
2361
2188
2362
2189
2363
2190
2364
2191
2365
2192
2366
2193
2367
2194
2368
2195
2369
2196
2370
2197
2371
2198
2372
2199
2373
2200
2374
2201
2375
2202
2376
2203
2377
2204
2378
2205
2379
2206
2380
2207
2381
2208
2382
2209
2383
2210
2384
2211
2385
2212
2386
2213
2387
2214
2388
2215
2389
2216
2390
2217
2391
2218
2392
2219
2393
2220
2394
2221
2395
2222
2396
2223
2397
2224
2398
2225
2399
2226
2400
2227
2401
2228
2402
2229
2403
2230
2404
2231
2405
2232
2406
2233
2407
2234
2408
2235
2409
2236
2410
2237
2411
2238
2412
2239
2413
2240
2414
2241
2415
2242
2416
2243
2417
2244
2418
2245
2419
2246
2420
2247
2421
2248
2422
2249
2423
2250
2424
2251
2425
2252
2426
2253
2427
2254
2428
2255
2429
2256
2430
2257
2431
2258
2432
2259
2433
2260
2434
2261
2435
2262
2436
2263
2437
2264
2438
2265
2439
2266
2440
2267
2441
2268
2442
2269
2443
2270
2444
2271
2445
2272
2446
2273
2447
2274
2448
2275
2449
2276
2450
2277
2451
2278
2452
2279
2453
2280
2454
2281
2455
2282
2456
2283
2457
2284
2458
2285
2459
2286
2460
2287
2461
2288
2462
2289
2463
2290
2464
2291
2465
2292
2466
2293
2467
2294
2468
2295
2469
2296
2470
2297
2471
2298
2472
2299
2473
2300
2474
2301
2475
2302
2476
2303
2477
2304
2478
2305
2479
2306
2480
2307
2481
2308
2482
2309
2483
2310
2484
2311
2485
2312
2486
2313
2487
2314
2488
2315
2489
2316
2490
2317
2491
2318
2492
2319
2493
2320
2494
2321
2495
2322
2496
2323
2497
2324
2498
2325
2499
2326
2500
2327
2501
2328
2502
2329
2503
2330
2504
2331
2505
2332
2506
2333
2507
2334
2508
2509
2336
2337
2510
2338
2511
2339
2512
2340
2513
2341
2514
2342
2515
2343
2516
2344
2517
2345
2518
2346
2519
2347
2520
2348
2521
2349
2522
2350
2523
2351
2524
2352
2525
2353
2526
2354
2527
2355
2528
2356
2529
2357
2530
2358
2531
2359
2532
2360
2533
2361
2534
2362
2535
2363
2536
2364
2537
2365
2538
2366
2539
2367
2540
2368
2541
2369
2542
2370
2543
2371
2544
2372
2545
2373
2546
2374
2547
2375
2548
2376
2549
2377
2550
2378
2551
2379
2552
2380
2553
2381
2554
2382
2555
2383
2556
2384
2557
2385
2558
2386
2559
2387
2560
2388
2561
2389
2562
2390
2563
2391
2564
2392
2565
2393
2566
2394
2567
2395
2568
2396
2569
2397
2570
2398
2571
2399
2572
2400
2573
2401
2574
2402
2575
2403
2576
2404
2577
2405
2578
2406
2579
2407
2580
2408
2581
2409
2582
2410
2583
2411
2584
2412
2585
2413
2586
2414
2587
2415
2588
2416
2589
2417
2590
2418
2591
2419
2592
2420
2593
2421
2594
2422
2595
2423
2596
2424
2597
2425
2598
2426
2599
2427
2600
2428
2601
2429
2602
2430
2603
2431
2604
2432
2605
2433
2606
2434
2607
2435
2608
2436
2609
2437
2610
2438
2611
2439
2612
2440
2613
2441
2614
2442
2615
2443
2616
2444
2617
2445
2618
2446
2619
2447
2620
2448
2621
2449
2622
2450
2623
2451
2624
2452
2625
2453
2626
2454
2627
2455
2628
2456
2629
2457
2630
2458
2631
2459
2632
2460
2633
2461
2634
2462
2635
2463
2636
2464
2637
2465
2638
2466
2639
2467
2640
2468
2641
2469
2642
2470
2643
2471
2644
2472
2645
2473
2646
2474
2647
2475
2648
2476
2649
2477
2650
2478
2651
2479
2652
2480
2653
2481
2654
2482
2655
2483
2656
2484
2657
2485
2658
2486
2659
2487
2660
2488
2661
2489
2662
2490
2663
2491
2664
2492
2665
2493
2666
2494
2667
2495
2668
2496
2669
2497
2670
2498
2671
2499
2672
2500
2673
2501
2674
2502
2675
2503
2676
2504
2677
2505
2678
2506
2679
2507
2680
2508
2681
2509
2682
2683
2511
2512
2684
2513
2685
2514
2686
2515
2687
2516
2688
2517
2689
2518
2690
2519
2691
2520
2692
2521
2693
2522
2694
2523
2695
2524
2696
2525
2697
2526
2698
2527
2699
2528
2700
2529
2701
2530
2702
2531
2703
2532
2704
2533
2705
2534
2706
2535
2707
2536
2708
2537
2709
2538
2710
2539
2711
2540
2712
2541
2713
2542
2714
2543
2715
2544
2716
2545
2717
2546
2718
2547
2719
2548
2720
2549
2721
2550
2722
2551
2723
2552
2724
2553
2725
2554
2726
2555
2727
2556
2728
2557
2729
2558
2730
2559
2731
2560
2732
2561
2733
2562
2734
2563
2735
2564
2736
2565
2737
2566
2738
2567
2739
2568
2740
2569
2741
2570
2742
2571
2743
2572
2744
2573
2745
2574
2746
2575
2747
2576
2748
2577
2749
2578
2750
2579
2751
2580
2752
2581
2753
2582
2754
2583
2755
2584
2756
2585
2757
2586
2758
2587
2759
2588
2760
2589
2761
2590
2762
2591
2763
2592
2764
2593
2765
2594
2766
2595
2767
2596
2768
2597
2769
2598
2770
2599
2771
2600
2772
2601
2773
2602
2774
2603
2775
2604
2776
2605
2777
2606
2778
2607
2779
2608
2780
2609
2781
2610
2782
2611
2783
2612
2784
2613
2785
2614
2786
2615
2787
2616
2788
2617
2789
2618
2790
2619
2791
2620
2792
2621
2793
2622
2794
2623
2795
2624
2796
2625
2797
2626
2798
2627
2799
2628
2800
2629
2801
2630
2802
2631
2803
2632
2804
2633
2805
2634
2806
2635
2807
2636
2808
2637
2809
2638
2810
2639
2811
2640
2812
2641
2813
2642
2814
2643
2815
2644
2816
2645
2817
2646
2818
2647
2819
2648
2820
2649
2821
2650
2822
2651
2823
2652
2824
2653
2825
2654
2826
2655
2827
2656
2828
2657
2829
2658
2830
2659
2831
2660
2832
2661
2833
2662
2834
2663
2835
2664
2836
2665
2837
2666
2838
2667
2839
2668
2840
2669
2841
2670
2842
2671
2843
2672
2844
2673
2845
2674
2846
2675
2847
2676
2848
2677
2849
2678
2850
2679
2851
2680
2852
2681
2853
2682
2854
2683
2855
2856
2685
2686
2857
2687
2858
2688
2859
2689
2860
2690
2861
2691
2862
2692
2863
2693
2864
2694
2865
2695
2866
2696
2867
2697
2868
2698
2869
2699
2870
2700
2871
2701
2872
2702
2873
2703
2874
2704
2875
2705
2876
2706
2877
2707
2878
2708
2879
2709
2880
2710
2881
2711
2882
2712
2883
2713
2884
2714
2885
2715
2886
2716
2887
2717
2888
2718
2889
2719
2890
2720
2891
2721
2892
2722
2893
2723
2894
2724
2895
2725
2896
2726
2897
2727
2898
2728
2899
2729
2900
2730
2901
2731
2902
2732
2903
2733
2904
2734
2905
2735
2906
2736
2907
2737
2908
2738
2909
2739
2910
2740
2911
2741
2912
2742
2913
2743
2914
2744
2915
2745
2916
2746
2917
2747
2918
2748
2919
2749
2920
2750
2921
2751
2922
2752
2923
2753
2924
2754
2925
2755
2926
2756
2927
2757
2928
2758
2929
2759
2930
2760
2931
2761
2932
2762
2933
2763
2934
2764
2935
2765
2936
2766
2937
2767
2938
2768
2939
2769
2940
2770
2941
2771
2942
2772
2943
2773
2944
2774
2945
2775
2946
2776
2947
2777
2948
2778
2949
2779
2950
2780
2951
2781
2952
2782
2953
2783
2954
2784
2955
2785
2956
2786
2957
2787
2958
2788
2959
2789
2960
2790
2961
2791
2962
2792
2963
2793
2964
2794
2965
2795
2966
2796
2967
2797
2968
2798
2969
2799
2970
2800
2971
2801
2972
2802
2973
2803
2974
2804
2975
2805
2976
2806
2977
2807
2978
2808
2979
2809
2980
2810
2981
2811
2982
2812
2983
2813
2984
2814
2985
2815
2986
2816
2987
2817
2988
2818
2989
2819
2990
2820
2991
2821
2992
2822
2993
2823
2994
2824
2995
2825
2996
2826
2997
2827
2998
2828
2999
2829
3000
2830
3001
2831
3002
2832
3003
2833
3004
2834
3005
2835
3006
2836
3007
2837
3008
2838
3009
2839
3010
2840
3011
2841
3012
2842
3013
2843
3014
2844
3015
2845
3016
2846
3017
2847
3018
2848
3019
2849
3020
2850
3021
2851
3022
2852
3023
2853
3024
2854
3025
2855
3026
2856
3027
3028
2858
3029
2859
3030
2860
3031
2861
3032
2862
3033
2863
3034
2864
3035
2865
3036
2866
3037
2867
3038
2868
3039
2869
3040
2870
3041
2871
3042
2872
3043
2873
3044
2874
3045
2875
3046
2876
3047
2877
3048
2878
3049
2879
3050
2880
3051
2881
3052
2882
3053
2883
3054
2884
3055
2885
3056
2886
3057
2887
3058
2888
3059
2889
3060
2890
3061
2891
3062
2892
3063
2893
3064
2894
3065
2895
3066
2896
3067
2897
3068
2898
3069
2899
3070
2900
3071
2901
3072
2902
3073
2903
3074
2904
3075
2905
3076
2906
3077
2907
3078
2908
3079
2909
3080
2910
3081
2911
3082
2912
3083
2913
3084
2914
3085
2915
3086
2916
3087
2917
3088
2918
3089
2919
3090
2920
3091
2921
3092
2922
3093
2923
3094
2924
3095
2925
3096
2926
3097
2927
3098
2928
3099
2929
3100
2930
3101
2931
3102
2932
3103
2933
3104
2934
3105
2935
3106
2936
3107
2937
3108
2938
3109
2939
3110
2940
3111
2941
3112
2942
3113
2943
3114
2944
3115
2945
3116
2946
3117
2947
3118
2948
3119
2949
3120
2950
3121
2951
3122
2952
3123
2953
3124
2954
3125
2955
3126
2956
3127
2957
3128
2958
3129
2959
3130
2960
3131
2961
3132
2962
3133
2963
3134
2964
3135
2965
3136
2966
3137
2967
3138
2968
3139
2969
3140
2970
3141
2971
3142
2972
3143
2973
3144
2974
3145
2975
3146
2976
3147
2977
3148
2978
3149
2979
3150
2980
3151
2981
3152
2982
3153
2983
3154
2984
3155
2985
3156
2986
3157
2987
3158
2988
3159
2989
3160
2990
3161
2991
3162
2992
3163
2993
3164
2994
3165
2995
3166
2996
3167
2997
3168
2998
3169
2999
3170
3000
3171
3001
3172
3002
3173
3003
3174
3004
3175
3005
3176
3006
3177
3007
3178
3008
3179
3009
3180
3010
3181
3011
3182
3012
3183
3013
3184
3014
3185
3015
3186
3016
3187
3017
3188
3018
3189
3019
3190
3020
3191
3021
3192
3022
3193
3023
3194
3024
3195
3025
3196
3026
3197
3027
3198
3028
3199
3200
3030
3031
3201
3032
3202
3033
3203
3034
3204
3035
3205
3036
3206
3037
3207
3038
3208
3039
3209
3040
3210
3041
3211
3042
3212
3043
3213
3044
3214
3045
3215
3046
3216
3047
3217
3048
3218
3049
3219
3050
3220
3051
3221
3052
3222
3053
3223
3054
3224
3055
3225
3056
3226
3057
3227
3058
3228
3059
3229
3060
3230
3061
3231
3062
3232
3063
3233
3064
3234
3065
3235
3066
3236
3067
3237
3068
3238
3069
3239
3070
3240
3071
3241
3072
3242
3073
3243
3074
3244
3075
3245
3076
3246
3077
3247
3078
3248
3079
3249
3080
3250
3081
3251
3082
3252
3083
3253
3084
3254
3085
3255
3086
3256
3087
3257
3088
3258
3089
3259
3090
3260
3091
3261
3092
3262
3093
3263
3094
3264
3095
3265
3096
3266
3097
3267
3098
3268
3099
3269
3100
3270
3101
3271
3102
3272
3103
3273
3104
3274
3105
3275
3106
3276
3107
3277
3108
3278
3109
3279
3110
3280
3111
3281
3112
3282
3113
3283
3114
3284
3115
3285
3116
3286
3117
3287
3118
3288
3119
3289
3120
3290
3121
3291
3122
3292
3123
3293
3124
3294
3125
3295
3126
3296
3127
3297
3128
3298
3129
3299
3130
3300
3131
3301
3132
3302
3133
3303
3134
3304
3135
3305
3136
3306
3137
3307
3138
3308
3139
3309
3140
3310
3141
3311
3142
3312
3143
3313
3144
3314
3145
3315
3146
3316
3147
3317
3148
3318
3149
3319
3150
3320
3151
3321
3152
3322
3153
3323
3154
3324
3155
3325
3156
3326
3157
3327
3158
3328
3159
3329
3160
3330
3161
3331
3162
3332
3163
3333
3164
3334
3165
3335
3166
3336
3167
3337
3168
3338
3169
3339
3170
3340
3171
3341
3172
3342
3173
3343
3174
3344
3175
3345
3176
3346
3177
3347
3178
3348
3179
3349
3180
3350
3181
3351
3182
3352
3183
3353
3184
3354
3185
3355
3186
3356
3187
3357
3188
3358
3189
3359
3190
3360
3191
3361
3192
3362
3193
3363
3194
3364
3195
3365
3196
3366
3197
3367
3198
3368
3199
3369
3200
3370
3371
3202
3203
3372
3204
3373
3205
3374
3206
3375
3207
3376
3208
3377
3209
3378
3210
3379
3211
3380
3212
3381
3213
3382
3214
3383
3215
3384
3216
3385
3217
3386
3218
3387
3219
3388
3220
3389
3221
3390
3222
3391
3223
3392
3224
3393
3225
3394
3226
3395
3227
3396
3228
3397
3229
3398
3230
3399
3231
3400
3232
3401
3233
3402
3234
3403
3235
3404
3236
3405
3237
3406
3238
3407
3239
3408
3240
3409
3241
3410
3242
3411
3243
3412
3244
3413
3245
3414
3246
3415
3247
3416
3248
3417
3249
3418
3250
3419
3251
3420
3252
3421
3253
3422
3254
3423
3255
3424
3256
3425
3257
3426
3258
3427
3259
3428
3260
3429
3261
3430
3262
3431
3263
3432
3264
3433
3265
3434
3266
3435
3267
3436
3268
3437
3269
3438
3270
3439
3271
3440
3272
3441
3273
3442
3274
3443
3275
3444
3276
3445
3277
3446
3278
3447
3279
3448
3280
3449
3281
3450
3282
3451
3283
3452
3284
3453
3285
3454
3286
3455
3287
3456
3288
3457
3289
3458
3290
3459
3291
3460
3292
3461
3293
3462
3294
3463
3295
3464
3296
3465
3297
3466
3298
3467
3299
3468
3300
3469
3301
3470
3302
3471
3303
3472
3304
3473
3305
3474
3306
3475
3307
3476
3308
3477
3309
3478
3310
3479
3311
3480
3312
3481
3313
3482
3314
3483
3315
3484
3316
3485
3317
3486
3318
3487
3319
3488
3320
3489
3321
3490
3322
3491
3323
3492
3324
3493
3325
3494
3326
3495
3327
3496
3328
3497
3329
3498
3330
3499
3331
3500
3332
3501
3333
3502
3334
3503
3335
3504
3336
3505
3337
3506
3338
3507
3339
3508
3340
3509
3341
3510
3342
3511
3343
3512
3344
3513
3345
3514
3346
3515
3347
3516
3348
3517
3349
3518
3350
3519
3351
3520
3352
3521
3353
3522
3354
3523
3355
3524
3356
3525
3357
3526
3358
3527
3359
3528
3360
3529
3361
3530
3362
3531
3363
3532
3364
3533
3365
3534
3366
3535
3367
3536
3368
3537
3369
3538
3370
3539
3371
3540
3541
3373
3542
3374
3543
3375
3544
3376
3545
3377
3546
3378
3547
3379
3548
3380
3549
3381
3550
3382
3551
3383
3552
3384
3553
3385
3554
3386
3555
3387
3556
3388
3557
3389
3558
3390
3559
3391
3560
3392
3561
3393
3562
3394
3563
3395
3564
3396
3565
3397
3566
3398
3567
3399
3568
3400
3569
3401
3570
3402
3571
3403
3572
3404
3573
3405
3574
3406
3575
3407
3576
3408
3577
3409
3578
3410
3579
3411
3580
3412
3581
3413
3582
3414
3583
3415
3584
3416
3585
3417
3586
3418
3587
3419
3588
3420
3589
3421
3590
3422
3591
3423
3592
3424
3593
3425
3594
3426
3595
3427
3596
3428
3597
3429
3598
3430
3599
3431
3600
3432
3601
3433
3602
3434
3603
3435
3604
3436
3605
3437
3606
3438
3607
3439
3608
3440
3609
3441
3610
3442
3611
3443
3612
3444
3613
3445
3614
3446
3615
3447
3616
3448
3617
3449
3618
3450
3619
3451
3620
3452
3621
3453
3622
3454
3623
3455
3624
3456
3625
3457
3626
3458
3627
3459
3628
3460
3629
3461
3630
3462
3631
3463
3632
3464
3633
3465
3634
3466
3635
3467
3636
3468
3637
3469
3638
3470
3639
3471
3640
3472
3641
3473
3642
3474
3643
3475
3644
3476
3645
3477
3646
3478
3647
3479
3648
3480
3649
3481
3650
3482
3651
3483
3652
3484
3653
3485
3654
3486
3655
3487
3656
3488
3657
3489
3658
3490
3659
3491
3660
3492
3661
3493
3662
3494
3663
3495
3664
3496
3665
3497
3666
3498
3667
3499
3668
3500
3669
3501
3670
3502
3671
3503
3672
3504
3673
3505
3674
3506
3675
3507
3676
3508
3677
3509
3678
3510
3679
3511
3680
3512
3681
3513
3682
3514
3683
3515
3684
3516
3685
3517
3686
3518
3687
3519
3688
3520
3689
3521
3690
3522
3691
3523
3692
3524
3693
3525
3694
3526
3695
3527
3696
3528
3697
3529
3698
3530
3699
3531
3700
3532
3701
3533
3702
3534
3703
3535
3704
3536
3705
3537
3706
3538
3707
3539
3708
3540
3709
3541
3710
3711
3543
3544
3712
3545
3713
3546
3714
3547
3715
3548
3716
3549
3717
3550
3718
3551
3719
3552
3720
3553
3721
3554
3722
3555
3723
3556
3724
3557
3725
3558
3726
3559
3727
3560
3728
3561
3729
3562
3730
3563
3731
3564
3732
3565
3733
3566
3734
3567
3735
3568
3736
3569
3737
3570
3738
3571
3739
3572
3740
3573
3741
3574
3742
3575
3743
3576
3744
3577
3745
3578
3746
3579
3747
3580
3748
3581
3749
3582
3750
3583
3751
3584
3752
3585
3753
3586
3754
3587
3755
3588
3756
3589
3757
3590
3758
3591
3759
3592
3760
3593
3761
3594
3762
3595
3763
3596
3764
3597
3765
3598
3766
3599
3767
3600
3768
3601
3769
3602
3770
3603
3771
3604
3772
3605
3773
3606
3774
3607
3775
3608
3776
3609
3777
3610
3778
3611
3779
3612
3780
3613
3781
3614
3782
3615
3783
3616
3784
3617
3785
3618
3786
3619
3787
3620
3788
3621
3789
3622
3790
3623
3791
3624
3792
3625
3793
3626
3794
3627
3795
3628
3796
3629
3797
3630
3798
3631
3799
3632
3800
3633
3801
3634
3802
3635
3803
3636
3804
3637
3805
3638
3806
3639
3807
3640
3808
3641
3809
3642
3810
3643
3811
3644
3812
3645
3813
3646
3814
3647
3815
3648
3816
3649
3817
3650
3818
3651
3819
3652
3820
3653
3821
3654
3822
3655
3823
3656
3824
3657
3825
3658
3826
3659
3827
3660
3828
3661
3829
3662
3830
3663
3831
3664
3832
3665
3833
3666
3834
3667
3835
3668
3836
3669
3837
3670
3838
3671
3839
3672
3840
3673
3841
3674
3842
3675
3843
3676
3844
3677
3845
3678
3846
3679
3847
3680
3848
3681
3849
3682
3850
3683
3851
3684
3852
3685
3853
3686
3854
3687
3855
3688
3856
3689
3857
3690
3858
3691
3859
3692
3860
3693
3861
3694
3862
3695
3863
3696
3864
3697
3865
3698
3866
3699
3867
3700
3868
3701
3869
3702
3870
3703
3871
3704
3872
3705
3873
3706
3874
3707
3875
3708
3876
3709
3877
3710
3878
3711
3879
3880
3713
3714
3881
3715
3882
3716
3883
3717
3884
3718
3885
3719
3886
3720
3887
3721
3888
3722
3889
3723
3890
3724
3891
3725
3892
3726
3893
3727
3894
3728
3895
3729
3896
3730
3897
3731
3898
3732
3899
3733
3900
3734
3901
3735
3902
3736
3903
3737
3904
3738
3905
3739
3906
3740
3907
3741
3908
3742
3909
3743
3910
3744
3911
3745
3912
3746
3913
3747
3914
3748
3915
3749
3916
3750
3917
3751
3918
3752
3919
3753
3920
3754
3921
3755
3922
3756
3923
3757
3924
3758
3925
3759
3926
3760
3927
3761
3928
3762
3929
3763
3930
3764
3931
3765
3932
3766
3933
3767
3934
3768
3935
3769
3936
3770
3937
3771
3938
3772
3939
3773
3940
3774
3941
3775
3942
3776
3943
3777
3944
3778
3945
3779
3946
3780
3947
3781
3948
3782
3949
3783
3950
3784
3951
3785
3952
3786
3953
3787
3954
3788
3955
3789
3956
3790
3957
3791
3958
3792
3959
3793
3960
3794
3961
3795
3962
3796
3963
3797
3964
3798
3965
3799
3966
3800
3967
3801
3968
3802
3969
3803
3970
3804
3971
3805
3972
3806
3973
3807
3974
3808
3975
3809
3976
3810
3977
3811
3978
3812
3979
3813
3980
3814
3981
3815
3982
3816
3983
3817
3984
3818
3985
3819
3986
3820
3987
3821
3988
3822
3989
3823
3990
3824
3991
3825
3992
3826
3993
3827
3994
3828
3995
3829
3996
3830
3997
3831
3998
3832
3999
3833
4000
3834
4001
3835
4002
3836
4003
3837
4004
3838
4005
3839
4006
3840
4007
3841
4008
3842
4009
3843
4010
3844
4011
3845
4012
3846
4013
3847
4014
3848
4015
3849
4016
3850
4017
3851
4018
3852
4019
3853
4020
3854
4021
3855
4022
3856
4023
3857
4024
3858
4025
3859
4026
3860
4027
3861
4028
3862
4029
3863
4030
3864
4031
3865
4032
3866
4033
3867
4034
3868
4035
3869
4036
3870
4037
3871
4038
3872
4039
3873
4040
3874
4041
3875
4042
3876
4043
3877
4044
3878
4045
3879
4046
3880
4047
4048
3882
3883
4049
3884
4050
3885
4051
3886
4052
3887
4053
3888
4054
3889
4055
3890
4056
3891
4057
3892
4058
3893
4059
3894
4060
3895
4061
3896
4062
3897
4063
3898
4064
3899
4065
3900
4066
3901
4067
3902
4068
3903
4069
3904
4070
3905
4071
3906
4072
3907
4073
3908
4074
3909
4075
3910
4076
3911
4077
3912
4078
3913
4079
3914
4080
3915
4081
3916
4082
3917
4083
3918
4084
3919
4085
3920
4086
3921
4087
3922
4088
3923
4089
3924
4090
3925
4091
3926
4092
3927
4093
3928
4094
3929
4095
3930
4096
3931
4097
3932
4098
3933
4099
3934
4100
3935
4101
3936
4102
3937
4103
3938
4104
3939
4105
3940
4106
3941
4107
3942
4108
3943
4109
3944
4110
3945
4111
3946
4112
3947
4113
3948
4114
3949
4115
3950
4116
3951
4117
3952
4118
3953
4119
3954
4120
3955
4121
3956
4122
3957
4123
3958
4124
3959
4125
3960
4126
3961
4127
3962
4128
3963
4129
3964
4130
3965
4131
3966
4132
3967
4133
3968
4134
3969
4135
3970
4136
3971
4137
3972
4138
3973
4139
3974
4140
3975
4141
3976
4142
3977
4143
3978
4144
3979
4145
3980
4146
3981
4147
3982
4148
3983
4149
3984
4150
3985
4151
3986
4152
3987
4153
3988
4154
3989
4155
3990
4156
3991
4157
3992
4158
3993
4159
3994
4160
3995
4161
3996
4162
3997
4163
3998
4164
3999
4165
4000
4166
4001
4167
4002
4168
4003
4169
4004
4170
4005
4171
4006
4172
4007
4173
4008
4174
4009
4175
4010
4176
4011
4177
4012
4178
4013
4179
4014
4180
4015
4181
4016
4182
4017
4183
4018
4184
4019
4185
4020
4186
4021
4187
4022
4188
4023
4189
4024
4190
4025
4191
4026
4192
4027
4193
4028
4194
4029
4195
4030
4196
4031
4197
4032
4198
4033
4199
4034
4200
4035
4201
4036
4202
4037
4203
4038
4204
4039
4205
4040
4206
4041
4207
4042
4208
4043
4209
4044
4210
4045
4211
4046
4212
4047
4213
4048
4214
4215
4050
4216
4051
4217
4052
4218
4053
4219
4054
4220
4055
4221
4056
4222
4057
4223
4058
4224
4059
4225
4060
4226
4061
4227
4062
4228
4063
4229
4064
4230
4065
4231
4066
4232
4067
4233
4068
4234
4069
4235
4070
4236
4071
4237
4072
4238
4073
4239
4074
4240
4075
4241
4076
4242
4077
4243
4078
4244
4079
4245
4080
4246
4081
4247
4082
4248
4083
4249
4084
4250
4085
4251
4086
4252
4087
4253
4088
4254
4089
4255
4090
4256
4091
4257
4092
4258
4093
4259
4094
4260
4095
4261
4096
4262
4097
4263
4098
4264
4099
4265
4100
4266
4101
4267
4102
4268
4103
4269
4104
4270
4105
4271
4106
4272
4107
4273
4108
4274
4109
4275
4110
4276
4111
4277
4112
4278
4113
4279
4114
4280
4115
4281
4116
4282
4117
4283
4118
4284
4119
4285
4120
4286
4121
4287
4122
4288
4123
4289
4124
4290
4125
4291
4126
4292
4127
4293
4128
4294
4129
4295
4130
4296
4131
4297
4132
4298
4133
4299
4134
4300
4135
4301
4136
4302
4137
4303
4138
4304
4139
4305
4140
4306
4141
4307
4142
4308
4143
4309
4144
4310
4145
4311
4146
4312
4147
4313
4148
4314
4149
4315
4150
4316
4151
4317
4152
4318
4153
4319
4154
4320
4155
4321
4156
4322
4157
4323
4158
4324
4159
4325
4160
4326
4161
4327
4162
4328
4163
4329
4164
4330
4165
4331
4166
4332
4167
4333
4168
4334
4169
4335
4170
4336
4171
4337
4172
4338
4173
4339
4174
4340
4175
4341
4176
4342
4177
4343
4178
4344
4179
4345
4180
4346
4181
4347
4182
4348
4183
4349
4184
4350
4185
4351
4186
4352
4187
4353
4188
4354
4189
4355
4190
4356
4191
4357
4192
4358
4193
4359
4194
4360
4195
4361
4196
4362
4197
4363
4198
4364
4199
4365
4200
4366
4201
4367
4202
4368
4203
4369
4204
4370
4205
4371
4206
4372
4207
4373
4208
4374
4209
4375
4210
4376
4211
4377
4212
4378
4213
4379
4214
4380
4215
4381
4382
4217
4218
4383
4219
4384
4220
4385
4221
4386
4222
4387
4223
4388
4224
4389
4225
4390
4226
4391
4227
4392
4228
4393
4229
4394
4230
4395
4231
4396
4232
4397
4233
4398
4234
4399
4235
4400
4236
4401
4237
4402
4238
4403
4239
4404
4240
4405
4241
4406
4242
4407
4243
4408
4244
4409
4245
4410
4246
4411
4247
4412
4248
4413
4249
4414
4250
4415
4251
4416
4252
4417
4253
4418
4254
4419
4255
4420
4256
4421
4257
4422
4258
4423
4259
4424
4260
4425
4261
4426
4262
4427
4263
4428
4264
4429
4265
4430
4266
4431
4267
4432
4268
4433
4269
4434
4270
4435
4271
4436
4272
4437
4273
4438
4274
4439
4275
4440
4276
4441
4277
4442
4278
4443
4279
4444
4280
4445
4281
4446
4282
4447
4283
4448
4284
4449
4285
4450
4286
4451
4287
4452
4288
4453
4289
4454
4290
4455
4291
4456
4292
4457
4293
4458
4294
4459
4295
4460
4296
4461
4297
4462
4298
4463
4299
4464
4300
4465
4301
4466
4302
4467
4303
4468
4304
4469
4305
4470
4306
4471
4307
4472
4308
4473
4309
4474
4310
4475
4311
4476
4312
4477
4313
4478
4314
4479
4315
4480
4316
4481
4317
4482
4318
4483
4319
4484
4320
4485
4321
4486
4322
4487
4323
4488
4324
4489
4325
4490
4326
4491
4327
4492
4328
4493
4329
4494
4330
4495
4331
4496
4332
4497
4333
4498
4334
4499
4335
4500
4336
4501
4337
4502
4338
4503
4339
4504
4340
4505
4341
4506
4342
4507
4343
4508
4344
4509
4345
4510
4346
4511
4347
4512
4348
4513
4349
4514
4350
4515
4351
4516
4352
4517
4353
4518
4354
4519
4355
4520
4356
4521
4357
4522
4358
4523
4359
4524
4360
4525
4361
4526
4362
4527
4363
4528
4364
4529
4365
4530
4366
4531
4367
4532
4368
4533
4369
4534
4370
4535
4371
4536
4372
4537
4373
4538
4374
4539
4375
4540
4376
4541
4377
4542
4378
4543
4379
4544
4380
4545
4381
4546
4382
4547
4548
4384
4385
4549
4386
4550
4387
4551
4388
4552
4389
4553
4390
4554
4391
4555
4392
4556
4393
4557
4394
4558
4395
4559
4396
4560
4397
4561
4398
4562
4399
4563
4400
4564
4401
4565
4402
4566
4403
4567
4404
4568
4405
4569
4406
4570
4407
4571
4408
4572
4409
4573
4410
4574
4411
4575
4412
4576
4413
4577
4414
4578
4415
4579
4416
4580
4417
4581
4418
4582
4419
4583
4420
4584
4421
4585
4422
4586
4423
4587
4424
4588
4425
4589
4426
4590
4427
4591
4428
4592
4429
4593
4430
4594
4431
4595
4432
4596
4433
4597
4434
4598
4435
4599
4436
4600
4437
4601
4438
4602
4439
4603
4440
4604
4441
4605
4442
4606
4443
4607
4444
4608
4445
4609
4446
4610
4447
4611
4448
4612
4449
4613
4450
4614
4451
4615
4452
4616
4453
4617
4454
4618
4455
4619
4456
4620
4457
4621
4458
4622
4459
4623
4460
4624
4461
4625
4462
4626
4463
4627
4464
4628
4465
4629
4466
4630
4467
4631
4468
4632
4469
4633
4470
4634
4471
4635
4472
4636
4473
4637
4474
4638
4475
4639
4476
4640
4477
4641
4478
4642
4479
4643
4480
4644
4481
4645
4482
4646
4483
4647
4484
4648
4485
4649
4486
4650
4487
4651
4488
4652
4489
4653
4490
4654
4491
4655
4492
4656
4493
4657
4494
4658
4495
4659
4496
4660
4497
4661
4498
4662
4499
4663
4500
4664
4501
4665
4502
4666
4503
4667
4504
4668
4505
4669
4506
4670
4507
4671
4508
4672
4509
4673
4510
4674
4511
4675
4512
4676
4513
4677
4514
4678
4515
4679
4516
4680
4517
4681
4518
4682
4519
4683
4520
4684
4521
4685
4522
4686
4523
4687
4524
4688
4525
4689
4526
4690
4527
4691
4528
4692
4529
4693
4530
4694
4531
4695
4532
4696
4533
4697
4534
4698
4535
4699
4536
4700
4537
4701
4538
4702
4539
4703
4540
4704
4541
4705
4542
4706
4543
4707
4544
4708
4545
4709
4546
4710
4547
4711
4548
4712
4713
4550
4714
4551
4715
4552
4716
4553
4717
4554
4718
4555
4719
4556
4720
4557
4721
4558
4722
4559
4723
4560
4724
4561
4725
4562
4726
4563
4727
4564
4728
4565
4729
4566
4730
4567
4731
4568
4732
4569
4733
4570
4734
4571
4735
4572
4736
4573
4737
4574
4738
4575
4739
4576
4740
4577
4741
4578
4742
4579
4743
4580
4744
4581
4745
4582
4746
4583
4747
4584
4748
4585
4749
4586
4750
4587
4751
4588
4752
4589
4753
4590
4754
4591
4755
4592
4756
4593
4757
4594
4758
4595
4759
4596
4760
4597
4761
4598
4762
4599
4763
4600
4764
4601
4765
4602
4766
4603
4767
4604
4768
4605
4769
4606
4770
4607
4771
4608
4772
4609
4773
4610
4774
4611
4775
4612
4776
4613
4777
4614
4778
4615
4779
4616
4780
4617
4781
4618
4782
4619
4783
4620
4784
4621
4785
4622
4786
4623
4787
4624
4788
4625
4789
4626
4790
4627
4791
4628
4792
4629
4793
4630
4794
4631
4795
4632
4796
4633
4797
4634
4798
4635
4799
4636
4800
4637
4801
4638
4802
4639
4803
4640
4804
4641
4805
4642
4806
4643
4807
4644
4808
4645
4809
4646
4810
4647
4811
4648
4812
4649
4813
4650
4814
4651
4815
4652
4816
4653
4817
4654
4818
4655
4819
4656
4820
4657
4821
4658
4822
4659
4823
4660
4824
4661
4825
4662
4826
4663
4827
4664
4828
4665
4829
4666
4830
4667
4831
4668
4832
4669
4833
4670
4834
4671
4835
4672
4836
4673
4837
4674
4838
4675
4839
4676
4840
4677
4841
4678
4842
4679
4843
4680
4844
4681
4845
4682
4846
4683
4847
4684
4848
4685
4849
4686
4850
4687
4851
4688
4852
4689
4853
4690
4854
4691
4855
4692
4856
4693
4857
4694
4858
4695
4859
4696
4860
4697
4861
4698
4862
4699
4863
4700
4864
4701
4865
4702
4866
4703
4867
4704
4868
4705
4869
4706
4870
4707
4871
4708
4872
4709
4873
4710
4874
4711
4875
4712
4876
4713
4877
4878
4715
4716
4879
4717
4880
4718
4881
4719
4882
4720
4883
4721
4884
4722
4885
4723
4886
4724
4887
4725
4888
4726
4889
4727
4890
4728
4891
4729
4892
4730
4893
4731
4894
4732
4895
4733
4896
4734
4897
4735
4898
4736
4899
4737
4900
4738
4901
4739
4902
4740
4903
4741
4904
4742
4905
4743
4906
4744
4907
4745
4908
4746
4909
4747
4910
4748
4911
4749
4912
4750
4913
4751
4914
4752
4915
4753
4916
4754
4917
4755
4918
4756
4919
4757
4920
4758
4921
4759
4922
4760
4923
4761
4924
4762
4925
4763
4926
4764
4927
4765
4928
4766
4929
4767
4930
4768
4931
4769
4932
4770
4933
4771
4934
4772
4935
4773
4936
4774
4937
4775
4938
4776
4939
4777
4940
4778
4941
4779
4942
4780
4943
4781
4944
4782
4945
4783
4946
4784
4947
4785
4948
4786
4949
4787
4950
4788
4951
4789
4952
4790
4953
4791
4954
4792
4955
4793
4956
4794
4957
4795
4958
4796
4959
4797
4960
4798
4961
4799
4962
4800
4963
4801
4964
4802
4965
4803
4966
4804
4967
4805
4968
4806
4969
4807
4970
4808
4971
4809
4972
4810
4973
4811
4974
4812
4975
4813
4976
4814
4977
4815
4978
4816
4979
4817
4980
4818
4981
4819
4982
4820
4983
4821
4984
4822
4985
4823
4986
4824
4987
4825
4988
4826
4989
4827
4990
4828
4991
4829
4992
4830
4993
4831
4994
4832
4995
4833
4996
4834
4997
4835
4998
4836
4999
4837
5000
4838
5001
4839
5002
4840
5003
4841
5004
4842
5005
4843
5006
4844
5007
4845
5008
4846
5009
4847
5010
4848
5011
4849
5012
4850
5013
4851
5014
4852
5015
4853
5016
4854
5017
4855
5018
4856
5019
4857
5020
4858
5021
4859
5022
4860
5023
4861
5024
4862
5025
4863
5026
4864
5027
4865
5028
4866
5029
4867
5030
4868
5031
4869
5032
4870
5033
4871
5034
4872
5035
4873
5036
4874
5037
4875
5038
4876
5039
4877
5040
4878
5041
5042
4880
4881
5043
4882
5044
4883
5045
4884
5046
4885
5047
4886
5048
4887
5049
4888
5050
4889
5051
4890
5052
4891
5053
4892
5054
4893
5055
4894
5056
4895
5057
4896
5058
4897
5059
4898
5060
4899
5061
4900
5062
4901
5063
4902
5064
4903
5065
4904
5066
4905
5067
4906
5068
4907
5069
4908
5070
4909
5071
4910
5072
4911
5073
4912
5074
4913
5075
4914
5076
4915
5077
4916
5078
4917
5079
4918
5080
4919
5081
4920
5082
4921
5083
4922
5084
4923
5085
4924
5086
4925
5087
4926
5088
4927
5089
4928
5090
4929
5091
4930
5092
4931
5093
4932
5094
4933
5095
4934
5096
4935
5097
4936
5098
4937
5099
4938
5100
4939
5101
4940
5102
4941
5103
4942
5104
4943
5105
4944
5106
4945
5107
4946
5108
4947
5109
4948
5110
4949
5111
4950
5112
4951
5113
4952
5114
4953
5115
4954
5116
4955
5117
4956
5118
4957
5119
4958
5120
4959
5121
4960
5122
4961
5123
4962
5124
4963
5125
4964
5126
4965
5127
4966
5128
4967
5129
4968
5130
4969
5131
4970
5132
4971
5133
4972
5134
4973
5135
4974
5136
4975
5137
4976
5138
4977
5139
4978
5140
4979
5141
4980
5142
4981
5143
4982
5144
4983
5145
4984
5146
4985
5147
4986
5148
4987
5149
4988
5150
4989
5151
4990
5152
4991
5153
4992
5154
4993
5155
4994
5156
4995
5157
4996
5158
4997
5159
4998
5160
4999
5161
5000
5162
5001
5163
5002
5164
5003
5165
5004
5166
5005
5167
5006
5168
5007
5169
5008
5170
5009
5171
5010
5172
5011
5173
5012
5174
5013
5175
5014
5176
5015
5177
5016
5178
5017
5179
5018
5180
5019
5181
5020
5182
5021
5183
5022
5184
5023
5185
5024
5186
5025
5187
5026
5188
5027
5189
5028
5190
5029
5191
5030
5192
5031
5193
5032
5194
5033
5195
5034
5196
5035
5197
5036
5198
5037
5199
5038
5200
5039
5201
5040
5202
5041
5203
5042
5204
5205
5044
5045
5206
5046
5207
5047
5208
5048
5209
5049
5210
5050
5211
5051
5212
5052
5213
5053
5214
5054
5215
5055
5216
5056
5217
5057
5218
5058
5219
5059
5220
5060
5221
5061
5222
5062
5223
5063
5224
5064
5225
5065
5226
5066
5227
5067
5228
5068
5229
5069
5230
5070
5231
5071
5232
5072
5233
5073
5234
5074
5235
5075
5236
5076
5237
5077
5238
5078
5239
5079
5240
5080
5241
5081
5242
5082
5243
5083
5244
5084
5245
5085
5246
5086
5247
5087
5248
5088
5249
5089
5250
5090
5251
5091
5252
5092
5253
5093
5254
5094
5255
5095
5256
5096
5257
5097
5258
5098
5259
5099
5260
5100
5261
5101
5262
5102
5263
5103
5264
5104
5265
5105
5266
5106
5267
5107
5268
5108
5269
5109
5270
5110
5271
5111
5272
5112
5273
5113
5274
5114
5275
5115
5276
5116
5277
5117
5278
5118
5279
5119
5280
5120
5281
5121
5282
5122
5283
5123
5284
5124
5285
5125
5286
5126
5287
5127
5288
5128
5289
5129
5290
5130
5291
5131
5292
5132
5293
5133
5294
5134
5295
5135
5296
5136
5297
5137
5298
5138
5299
5139
5300
5140
5301
5141
5302
5142
5303
5143
5304
5144
5305
5145
5306
5146
5307
5147
5308
5148
5309
5149
5310
5150
5311
5151
5312
5152
5313
5153
5314
5154
5315
5155
5316
5156
5317
5157
5318
5158
5319
5159
5320
5160
5321
5161
5322
5162
5323
5163
5324
5164
5325
5165
5326
5166
5327
5167
5328
5168
5329
5169
5330
5170
5331
5171
5332
5172
5333
5173
5334
5174
5335
5175
5336
5176
5337
5177
5338
5178
5339
5179
5340
5180
5341
5181
5342
5182
5343
5183
5344
5184
5345
5185
5346
5186
5347
5187
5348
5188
5349
5189
5350
5190
5351
5191
5352
5192
5353
5193
5354
5194
5355
5195
5356
5196
5357
5197
5358
5198
5359
5199
5360
5200
5361
5201
5362
5202
5363
5203
5364
5204
5365
5205
5366
5367
5207
5368
5208
5369
5209
5370
5210
5371
5211
5372
5212
5373
5213
5374
5214
5375
5215
5376
5216
5377
5217
5378
5218
5379
5219
5380
5220
5381
5221
5382
5222
5383
5223
5384
5224
5385
5225
5386
5226
5387
5227
5388
5228
5389
5229
5390
5230
5391
5231
5392
5232
5393
5233
5394
5234
5395
5235
5396
5236
5397
5237
5398
5238
5399
5239
5400
5240
5401
5241
5402
5242
5403
5243
5404
5244
5405
5245
5406
5246
5407
5247
5408
5248
5409
5249
5410
5250
5411
5251
5412
5252
5413
5253
5414
5254
5415
5255
5416
5256
5417
5257
5418
5258
5419
5259
5420
5260
5421
5261
5422
5262
5423
5263
5424
5264
5425
5265
5426
5266
5427
5267
5428
5268
5429
5269
5430
5270
5431
5271
5432
5272
5433
5273
5434
5274
5435
5275
5436
5276
5437
5277
5438
5278
5439
5279
5440
5280
5441
5281
5442
5282
5443
5283
5444
5284
5445
5285
5446
5286
5447
5287
5448
5288
5449
5289
5450
5290
5451
5291
5452
5292
5453
5293
5454
5294
5455
5295
5456
5296
5457
5297
5458
5298
5459
5299
5460
5300
5461
5301
5462
5302
5463
5303
5464
5304
5465
5305
5466
5306
5467
5307
5468
5308
5469
5309
5470
5310
5471
5311
5472
5312
5473
5313
5474
5314
5475
5315
5476
5316
5477
5317
5478
5318
5479
5319
5480
5320
5481
5321
5482
5322
5483
5323
5484
5324
5485
5325
5486
5326
5487
5327
5488
5328
5489
5329
5490
5330
5491
5331
5492
5332
5493
5333
5494
5334
5495
5335
5496
5336
5497
5337
5498
5338
5499
5339
5500
5340
5501
5341
5502
5342
5503
5343
5504
5344
5505
5345
5506
5346
5507
5347
5508
5348
5509
5349
5510
5350
5511
5351
5512
5352
5513
5353
5514
5354
5515
5355
5516
5356
5517
5357
5518
5358
5519
5359
5520
5360
5521
5361
5522
5362
5523
5363
5524
5364
5525
5365
5526
5366
5527
5367
5528
5529
5369
5370
5530
5371
5531
5372
5532
5373
5533
5374
5534
5375
5535
5376
5536
5377
5537
5378
5538
5379
5539
5380
5540
5381
5541
5382
5542
5383
5543
5384
5544
5385
5545
5386
5546
5387
5547
5388
5548
5389
5549
5390
5550
5391
5551
5392
5552
5393
5553
5394
5554
5395
5555
5396
5556
5397
5557
5398
5558
5399
5559
5400
5560
5401
5561
5402
5562
5403
5563
5404
5564
5405
5565
5406
5566
5407
5567
5408
5568
5409
5569
5410
5570
5411
5571
5412
5572
5413
5573
5414
5574
5415
5575
5416
5576
5417
5577
5418
5578
5419
5579
5420
5580
5421
5581
5422
5582
5423
5583
5424
5584
5425
5585
5426
5586
5427
5587
5428
5588
5429
5589
5430
5590
5431
5591
5432
5592
5433
5593
5434
5594
5435
5595
5436
5596
5437
5597
5438
5598
5439
5599
5440
5600
5441
5601
5442
5602
5443
5603
5444
5604
5445
5605
5446
5606
5447
5607
5448
5608
5449
5609
5450
5610
5451
5611
5452
5612
5453
5613
5454
5614
5455
5615
5456
5616
5457
5617
5458
5618
5459
5619
5460
5620
5461
5621
5462
5622
5463
5623
5464
5624
5465
5625
5466
5626
5467
5627
5468
5628
5469
5629
5470
5630
5471
5631
5472
5632
5473
5633
5474
5634
5475
5635
5476
5636
5477
5637
5478
5638
5479
5639
5480
5640
5481
5641
5482
5642
5483
5643
5484
5644
5485
5645
5486
5646
5487
5647
5488
5648
5489
5649
5490
5650
5491
5651
5492
5652
5493
5653
5494
5654
5495
5655
5496
5656
5497
5657
5498
5658
5499
5659
5500
5660
5501
5661
5502
5662
5503
5663
5504
5664
5505
5665
5506
5666
5507
5667
5508
5668
5509
5669
5510
5670
5511
5671
5512
5672
5513
5673
5514
5674
5515
5675
5516
5676
5517
5677
5518
5678
5519
5679
5520
5680
5521
5681
5522
5682
5523
5683
5524
5684
5525
5685
5526
5686
5527
5687
5528
5688
5529
5689
5690
5531
5532
5691
5533
5692
5534
5693
5535
5694
5536
5695
5537
5696
5538
5697
5539
5698
5540
5699
5541
5700
5542
5701
5543
5702
5544
5703
5545
5704
5546
5705
5547
5706
5548
5707
5549
5708
5550
5709
5551
5710
5552
5711
5553
5712
5554
5713
5555
5714
5556
5715
5557
5716
5558
5717
5559
5718
5560
5719
5561
5720
5562
5721
5563
5722
5564
5723
5565
5724
5566
5725
5567
5726
5568
5727
5569
5728
5570
5729
5571
5730
5572
5731
5573
5732
5574
5733
5575
5734
5576
5735
5577
5736
5578
5737
5579
5738
5580
5739
5581
5740
5582
5741
5583
5742
5584
5743
5585
5744
5586
5745
5587
5746
5588
5747
5589
5748
5590
5749
5591
5750
5592
5751
5593
5752
5594
5753
5595
5754
5596
5755
5597
5756
5598
5757
5599
5758
5600
5759
5601
5760
5602
5761
5603
5762
5604
5763
5605
5764
5606
5765
5607
5766
5608
5767
5609
5768
5610
5769
5611
5770
5612
5771
5613
5772
5614
5773
5615
5774
5616
5775
5617
5776
5618
5777
5619
5778
5620
5779
5621
5780
5622
5781
5623
5782
5624
5783
5625
5784
5626
5785
5627
5786
5628
5787
5629
5788
5630
5789
5631
5790
5632
5791
5633
5792
5634
5793
5635
5794
5636
5795
5637
5796
5638
5797
5639
5798
5640
5799
5641
5800
5642
5801
5643
5802
5644
5803
5645
5804
5646
5805
5647
5806
5648
5807
5649
5808
5650
5809
5651
5810
5652
5811
5653
5812
5654
5813
5655
5814
5656
5815
5657
5816
5658
5817
5659
5818
5660
5819
5661
5820
5662
5821
5663
5822
5664
5823
5665
5824
5666
5825
5667
5826
5668
5827
5669
5828
5670
5829
5671
5830
5672
5831
5673
5832
5674
5833
5675
5834
5676
5835
5677
5836
5678
5837
5679
5838
5680
5839
5681
5840
5682
5841
5683
5842
5684
5843
5685
5844
5686
5845
5687
5846
5688
5847
5689
5848
5690
5849
5850
5692
5851
5693
5852
5694
5853
5695
5854
5696
5855
5697
5856
5698
5857
5699
5858
5700
5859
5701
5860
5702
5861
5703
5862
5704
5863
5705
5864
5706
5865
5707
5866
5708
5867
5709
5868
5710
5869
5711
5870
5712
5871
5713
5872
5714
5873
5715
5874
5716
5875
5717
5876
5718
5877
5719
5878
5720
5879
5721
5880
5722
5881
5723
5882
5724
5883
5725
5884
5726
5885
5727
5886
5728
5887
5729
5888
5730
5889
5731
5890
5732
5891
5733
5892
5734
5893
5735
5894
5736
5895
5737
5896
5738
5897
5739
5898
5740
5899
5741
5900
5742
5901
5743
5902
5744
5903
5745
5904
5746
5905
5747
5906
5748
5907
5749
5908
5750
5909
5751
5910
5752
5911
5753
5912
5754
5913
5755
5914
5756
5915
5757
5916
5758
5917
5759
5918
5760
5919
5761
5920
5762
5921
5763
5922
5764
5923
5765
5924
5766
5925
5767
5926
5768
5927
5769
5928
5770
5929
5771
5930
5772
5931
5773
5932
5774
5933
5775
5934
5776
5935
5777
5936
5778
5937
5779
5938
5780
5939
5781
5940
5782
5941
5783
5942
5784
5943
5785
5944
5786
5945
5787
5946
5788
5947
5789
5948
5790
5949
5791
5950
5792
5951
5793
5952
5794
5953
5795
5954
5796
5955
5797
5956
5798
5957
5799
5958
5800
5959
5801
5960
5802
5961
5803
5962
5804
5963
5805
5964
5806
5965
5807
5966
5808
5967
5809
5968
5810
5969
5811
5970
5812
5971
5813
5972
5814
5973
5815
5974
5816
5975
5817
5976
5818
5977
5819
5978
5820
5979
5821
5980
5822
5981
5823
5982
5824
5983
5825
5984
5826
5985
5827
5986
5828
5987
5829
5988
5830
5989
5831
5990
5832
5991
5833
5992
5834
5993
5835
5994
5836
5995
5837
5996
5838
5997
5839
5998
5840
5999
5841
6000
5842
6001
5843
6002
5844
6003
5845
6004
5846
6005
5847
6006
5848
6007
5849
6008
5850
6009
6010
5852
5853
6011
5854
6012
5855
6013
5856
6014
5857
6015
5858
6016
5859
6017
5860
6018
5861
6019
5862
6020
5863
6021
5864
6022
5865
6023
5866
6024
5867
6025
5868
6026
5869
6027
5870
6028
5871
6029
5872
6030
5873
6031
5874
6032
5875
6033
5876
6034
5877
6035
5878
6036
5879
6037
5880
6038
5881
6039
5882
6040
5883
6041
5884
6042
5885
6043
5886
6044
5887
6045
5888
6046
5889
6047
5890
6048
5891
6049
5892
6050
5893
6051
5894
6052
5895
6053
5896
6054
5897
6055
5898
6056
5899
6057
5900
6058
5901
6059
5902
6060
5903
6061
5904
6062
5905
6063
5906
6064
5907
6065
5908
6066
5909
6067
5910
6068
5911
6069
5912
6070
5913
6071
5914
6072
5915
6073
5916
6074
5917
6075
5918
6076
5919
6077
5920
6078
5921
6079
5922
6080
5923
6081
5924
6082
5925
6083
5926
6084
5927
6085
5928
6086
5929
6087
5930
6088
5931
6089
5932
6090
5933
6091
5934
6092
5935
6093
5936
6094
5937
6095
5938
6096
5939
6097
5940
6098
5941
6099
5942
6100
5943
6101
5944
6102
5945
6103
5946
6104
5947
6105
5948
6106
5949
6107
5950
6108
5951
6109
5952
6110
5953
6111
5954
6112
5955
6113
5956
6114
5957
6115
5958
6116
5959
6117
5960
6118
5961
6119
5962
6120
5963
6121
5964
6122
5965
6123
5966
6124
5967
6125
5968
6126
5969
6127
5970
6128
5971
6129
5972
6130
5973
6131
5974
6132
5975
6133
5976
6134
5977
6135
5978
6136
5979
6137
5980
6138
5981
6139
5982
6140
5983
6141
5984
6142
5985
6143
5986
6144
5987
6145
5988
6146
5989
6147
5990
6148
5991
6149
5992
6150
5993
6151
5994
6152
5995
6153
5996
6154
5997
6155
5998
6156
5999
6157
6000
6158
6001
6159
6002
6160
6003
6161
6004
6162
6005
6163
6006
6164
6007
6165
6008
6166
6009
6167
6010
6168
6169
6012
6013
6170
6014
6171
6015
6172
6016
6173
6017
6174
6018
6175
6019
6176
6020
6177
6021
6178
6022
6179
6023
6180
6024
6181
6025
6182
6026
6183
6027
6184
6028
6185
6029
6186
6030
6187
6031
6188
6032
6189
6033
6190
6034
6191
6035
6192
6036
6193
6037
6194
6038
6195
6039
6196
6040
6197
6041
6198
6042
6199
6043
6200
6044
6201
6045
6202
6046
6203
6047
6204
6048
6205
6049
6206
6050
6207
6051
6208
6052
6209
6053
6210
6054
6211
6055
6212
6056
6213
6057
6214
6058
6215
6059
6216
6060
6217
6061
6218
6062
6219
6063
6220
6064
6221
6065
6222
6066
6223
6067
6224
6068
6225
6069
6226
6070
6227
6071
6228
6072
6229
6073
6230
6074
6231
6075
6232
6076
6233
6077
6234
6078
6235
6079
6236
6080
6237
6081
6238
6082
6239
6083
6240
6084
6241
6085
6242
6086
6243
6087
6244
6088
6245
6089
6246
6090
6247
6091
6248
6092
6249
6093
6250
6094
6251
6095
6252
6096
6253
6097
6254
6098
6255
6099
6256
6100
6257
6101
6258
6102
6259
6103
6260
6104
6261
6105
6262
6106
6263
6107
6264
6108
6265
6109
6266
6110
6267
6111
6268
6112
6269
6113
6270
6114
6271
6115
6272
6116
6273
6117
6274
6118
6275
6119
6276
6120
6277
6121
6278
6122
6279
6123
6280
6124
6281
6125
6282
6126
6283
6127
6284
6128
6285
6129
6286
6130
6287
6131
6288
6132
6289
6133
6290
6134
6291
6135
6292
6136
6293
6137
6294
6138
6295
6139
6296
6140
6297
6141
6298
6142
6299
6143
6300
6144
6301
6145
6302
6146
6303
6147
6304
6148
6305
6149
6306
6150
6307
6151
6308
6152
6309
6153
6310
6154
6311
6155
6312
6156
6313
6157
6314
6158
6315
6159
6316
6160
6317
6161
6318
6162
6319
6163
6320
6164
6321
6165
6322
6166
6323
6167
6324
6168
6325
6169
6326
6327
6171
6172
6328
6173
6329
6174
6330
6175
6331
6176
6332
6177
6333
6178
6334
6179
6335
6180
6336
6181
6337
6182
6338
6183
6339
6184
6340
6185
6341
6186
6342
6187
6343
6188
6344
6189
6345
6190
6346
6191
6347
6192
6348
6193
6349
6194
6350
6195
6351
6196
6352
6197
6353
6198
6354
6199
6355
6200
6356
6201
6357
6202
6358
6203
6359
6204
6360
6205
6361
6206
6362
6207
6363
6208
6364
6209
6365
6210
6366
6211
6367
6212
6368
6213
6369
6214
6370
6215
6371
6216
6372
6217
6373
6218
6374
6219
6375
6220
6376
6221
6377
6222
6378
6223
6379
6224
6380
6225
6381
6226
6382
6227
6383
6228
6384
6229
6385
6230
6386
6231
6387
6232
6388
6233
6389
6234
6390
6235
6391
6236
6392
6237
6393
6238
6394
6239
6395
6240
6396
6241
6397
6242
6398
6243
6399
6244
6400
6245
6401
6246
6402
6247
6403
6248
6404
6249
6405
6250
6406
6251
6407
6252
6408
6253
6409
6254
6410
6255
6411
6256
6412
6257
6413
6258
6414
6259
6415
6260
6416
6261
6417
6262
6418
6263
6419
6264
6420
6265
6421
6266
6422
6267
6423
6268
6424
6269
6425
6270
6426
6271
6427
6272
6428
6273
6429
6274
6430
6275
6431
6276
6432
6277
6433
6278
6434
6279
6435
6280
6436
6281
6437
6282
6438
6283
6439
6284
6440
6285
6441
6286
6442
6287
6443
6288
6444
6289
6445
6290
6446
6291
6447
6292
6448
6293
6449
6294
6450
6295
6451
6296
6452
6297
6453
6298
6454
6299
6455
6300
6456
6301
6457
6302
6458
6303
6459
6304
6460
6305
6461
6306
6462
6307
6463
6308
6464
6309
6465
6310
6466
6311
6467
6312
6468
6313
6469
6314
6470
6315
6471
6316
6472
6317
6473
6318
6474
6319
6475
6320
6476
6321
6477
6322
6478
6323
6479
6324
6480
6325
6481
6326
6482
6327
6483
6484
6329
6485
6330
6486
6331
6487
6332
6488
6333
6489
6334
6490
6335
6491
6336
6492
6337
6493
6338
6494
6339
6495
6340
6496
6341
6497
6342
6498
6343
6499
6344
6500
6345
6501
6346
6502
6347
6503
6348
6504
6349
6505
6350
6506
6351
6507
6352
6508
6353
6509
6354
6510
6355
6511
6356
6512
6357
6513
6358
6514
6359
6515
6360
6516
6361
6517
6362
6518
6363
6519
6364
6520
6365
6521
6366
6522
6367
6523
6368
6524
6369
6525
6370
6526
6371
6527
6372
6528
6373
6529
6374
6530
6375
6531
6376
6532
6377
6533
6378
6534
6379
6535
6380
6536
6381
6537
6382
6538
6383
6539
6384
6540
6385
6541
6386
6542
6387
6543
6388
6544
6389
6545
6390
6546
6391
6547
6392
6548
6393
6549
6394
6550
6395
6551
6396
6552
6397
6553
6398
6554
6399
6555
6400
6556
6401
6557
6402
6558
6403
6559
6404
6560
6405
6561
6406
6562
6407
6563
6408
6564
6409
6565
6410
6566
6411
6567
6412
6568
6413
6569
6414
6570
6415
6571
6416
6572
6417
6573
6418
6574
6419
6575
6420
6576
6421
6577
6422
6578
6423
6579
6424
6580
6425
6581
6426
6582
6427
6583
6428
6584
6429
6585
6430
6586
6431
6587
6432
6588
6433
6589
6434
6590
6435
6591
6436
6592
6437
6593
6438
6594
6439
6595
6440
6596
6441
6597
6442
6598
6443
6599
6444
6600
6445
6601
6446
6602
6447
6603
6448
6604
6449
6605
6450
6606
6451
6607
6452
6608
6453
6609
6454
6610
6455
6611
6456
6612
6457
6613
6458
6614
6459
6615
6460
6616
6461
6617
6462
6618
6463
6619
6464
6620
6465
6621
6466
6622
6467
6623
6468
6624
6469
6625
6470
6626
6471
6627
6472
6628
6473
6629
6474
6630
6475
6631
6476
6632
6477
6633
6478
6634
6479
6635
6480
6636
6481
6637
6482
6638
6483
6639
6484
6640
6641
6486
6487
6642
6488
6643
6489
6644
6490
6645
6491
6646
6492
6647
6493
6648
6494
6649
6495
6650
6496
6651
6497
6652
6498
6653
6499
6654
6500
6655
6501
6656
6502
6657
6503
6658
6504
6659
6505
6660
6506
6661
6507
6662
6508
6663
6509
6664
6510
6665
6511
6666
6512
6667
6513
6668
6514
6669
6515
6670
6516
6671
6517
6672
6518
6673
6519
6674
6520
6675
6521
6676
6522
6677
6523
6678
6524
6679
6525
6680
6526
6681
6527
6682
6528
6683
6529
6684
6530
6685
6531
6686
6532
6687
6533
6688
6534
6689
6535
6690
6536
6691
6537
6692
6538
6693
6539
6694
6540
6695
6541
6696
6542
6697
6543
6698
6544
6699
6545
6700
6546
6701
6547
6702
6548
6703
6549
6704
6550
6705
6551
6706
6552
6707
6553
6708
6554
6709
6555
6710
6556
6711
6557
6712
6558
6713
6559
6714
6560
6715
6561
6716
6562
6717
6563
6718
6564
6719
6565
6720
6566
6721
6567
6722
6568
6723
6569
6724
6570
6725
6571
6726
6572
6727
6573
6728
6574
6729
6575
6730
6576
6731
6577
6732
6578
6733
6579
6734
6580
6735
6581
6736
6582
6737
6583
6738
6584
6739
6585
6740
6586
6741
6587
6742
6588
6743
6589
6744
6590
6745
6591
6746
6592
6747
6593
6748
6594
6749
6595
6750
6596
6751
6597
6752
6598
6753
6599
6754
6600
6755
6601
6756
6602
6757
6603
6758
6604
6759
6605
6760
6606
6761
6607
6762
6608
6763
6609
6764
6610
6765
6611
6766
6612
6767
6613
6768
6614
6769
6615
6770
6616
6771
6617
6772
6618
6773
6619
6774
6620
6775
6621
6776
6622
6777
6623
6778
6624
6779
6625
6780
6626
6781
6627
6782
6628
6783
6629
6784
6630
6785
6631
6786
6632
6787
6633
6788
6634
6789
6635
6790
6636
6791
6637
6792
6638
6793
6639
6794
6640
6795
6641
6796
6797
6643
6644
6798
6645
6799
6646
6800
6647
6801
6648
6802
6649
6803
6650
6804
6651
6805
6652
6806
6653
6807
6654
6808
6655
6809
6656
6810
6657
6811
6658
6812
6659
6813
6660
6814
6661
6815
6662
6816
6663
6817
6664
6818
6665
6819
6666
6820
6667
6821
6668
6822
6669
6823
6670
6824
6671
6825
6672
6826
6673
6827
6674
6828
6675
6829
6676
6830
6677
6831
6678
6832
6679
6833
6680
6834
6681
6835
6682
6836
6683
6837
6684
6838
6685
6839
6686
6840
6687
6841
6688
6842
6689
6843
6690
6844
6691
6845
6692
6846
6693
6847
6694
6848
6695
6849
6696
6850
6697
6851
6698
6852
6699
6853
6700
6854
6701
6855
6702
6856
6703
6857
6704
6858
6705
6859
6706
6860
6707
6861
6708
6862
6709
6863
6710
6864
6711
6865
6712
6866
6713
6867
6714
6868
6715
6869
6716
6870
6717
6871
6718
6872
6719
6873
6720
6874
6721
6875
6722
6876
6723
6877
6724
6878
6725
6879
6726
6880
6727
6881
6728
6882
6729
6883
6730
6884
6731
6885
6732
6886
6733
6887
6734
6888
6735
6889
6736
6890
6737
6891
6738
6892
6739
6893
6740
6894
6741
6895
6742
6896
6743
6897
6744
6898
6745
6899
6746
6900
6747
6901
6748
6902
6749
6903
6750
6904
6751
6905
6752
6906
6753
6907
6754
6908
6755
6909
6756
6910
6757
6911
6758
6912
6759
6913
6760
6914
6761
6915
6762
6916
6763
6917
6764
6918
6765
6919
6766
6920
6767
6921
6768
6922
6769
6923
6770
6924
6771
6925
6772
6926
6773
6927
6774
6928
6775
6929
6776
6930
6777
6931
6778
6932
6779
6933
6780
6934
6781
6935
6782
6936
6783
6937
6784
6938
6785
6939
6786
6940
6787
6941
6788
6942
6789
6943
6790
6944
6791
6945
6792
6946
6793
6947
6794
6948
6795
6949
6796
6950
6797
6951
6952
6799
6800
6953
6801
6954
6802
6955
6803
6956
6804
6957
6805
6958
6806
6959
6807
6960
6808
6961
6809
6962
6810
6963
6811
6964
6812
6965
6813
6966
6814
6967
6815
6968
6816
6969
6817
6970
6818
6971
6819
6972
6820
6973
6821
6974
6822
6975
6823
6976
6824
6977
6825
6978
6826
6979
6827
6980
6828
6981
6829
6982
6830
6983
6831
6984
6832
6985
6833
6986
6834
6987
6835
6988
6836
6989
6837
6990
6838
6991
6839
6992
6840
6993
6841
6994
6842
6995
6843
6996
6844
6997
6845
6998
6846
6999
6847
7000
6848
7001
6849
7002
6850
7003
6851
7004
6852
7005
6853
7006
6854
7007
6855
7008
6856
7009
6857
7010
6858
7011
6859
7012
6860
7013
6861
7014
6862
7015
6863
7016
6864
7017
6865
7018
6866
7019
6867
7020
6868
7021
6869
7022
6870
7023
6871
7024
6872
7025
6873
7026
6874
7027
6875
7028
6876
7029
6877
7030
6878
7031
6879
7032
6880
7033
6881
7034
6882
7035
6883
7036
6884
7037
6885
7038
6886
7039
6887
7040
6888
7041
6889
7042
6890
7043
6891
7044
6892
7045
6893
7046
6894
7047
6895
7048
6896
7049
6897
7050
6898
7051
6899
7052
6900
7053
6901
7054
6902
7055
6903
7056
6904
7057
6905
7058
6906
7059
6907
7060
6908
7061
6909
7062
6910
7063
6911
7064
6912
7065
6913
7066
6914
7067
6915
7068
6916
7069
6917
7070
6918
7071
6919
7072
6920
7073
6921
7074
6922
7075
6923
7076
6924
7077
6925
7078
6926
7079
6927
7080
6928
7081
6929
7082
6930
7083
6931
7084
6932
7085
6933
7086
6934
7087
6935
7088
6936
7089
6937
7090
6938
7091
6939
7092
6940
7093
6941
7094
6942
7095
6943
7096
6944
7097
6945
7098
6946
7099
6947
7100
6948
7101
6949
7102
6950
7103
6951
7104
6952
7105
7106
6954
7107
6955
7108
6956
7109
6957
7110
6958
7111
6959
7112
6960
7113
6961
7114
6962
7115
6963
7116
6964
7117
6965
7118
6966
7119
6967
7120
6968
7121
6969
7122
6970
7123
6971
7124
6972
7125
6973
7126
6974
7127
6975
7128
6976
7129
6977
7130
6978
7131
6979
7132
6980
7133
6981
7134
6982
7135
6983
7136
6984
7137
6985
7138
6986
7139
6987
7140
6988
7141
6989
7142
6990
7143
6991
7144
6992
7145
6993
7146
6994
7147
6995
7148
6996
7149
6997
7150
6998
7151
6999
7152
7000
7153
7001
7154
7002
7155
7003
7156
7004
7157
7005
7158
7006
7159
7007
7160
7008
7161
7009
7162
7010
7163
7011
7164
7012
7165
7013
7166
7014
7167
7015
7168
7016
7169
7017
7170
7018
7171
7019
7172
7020
7173
7021
7174
7022
7175
7023
7176
7024
7177
7025
7178
7026
7179
7027
7180
7028
7181
7029
7182
7030
7183
7031
7184
7032
7185
7033
7186
7034
7187
7035
7188
7036
7189
7037
7190
7038
7191
7039
7192
7040
7193
7041
7194
7042
7195
7043
7196
7044
7197
7045
7198
7046
7199
7047
7200
7048
7201
7049
7202
7050
7203
7051
7204
7052
7205
7053
7206
7054
7207
7055
7208
7056
7209
7057
7210
7058
7211
7059
7212
7060
7213
7061
7214
7062
7215
7063
7216
7064
7217
7065
7218
7066
7219
7067
7220
7068
7221
7069
7222
7070
7223
7071
7224
7072
7225
7073
7226
7074
7227
7075
7228
7076
7229
7077
7230
7078
7231
7079
7232
7080
7233
7081
7234
7082
7235
7083
7236
7084
7237
7085
7238
7086
7239
7087
7240
7088
7241
7089
7242
7090
7243
7091
7244
7092
7245
7093
7246
7094
7247
7095
7248
7096
7249
7097
7250
7098
7251
7099
7252
7100
7253
7101
7254
7102
7255
7103
7256
7104
7257
7105
7258
7106
7259
7260
7108
7109
7261
7110
7262
7111
7263
7112
7264
7113
7265
7114
7266
7115
7267
7116
7268
7117
7269
7118
7270
7119
7271
7120
7272
7121
7273
7122
7274
7123
7275
7124
7276
7125
7277
7126
7278
7127
7279
7128
7280
7129
7281
7130
7282
7131
7283
7132
7284
7133
7285
7134
7286
7135
7287
7136
7288
7137
7289
7138
7290
7139
7291
7140
7292
7141
7293
7142
7294
7143
7295
7144
7296
7145
7297
7146
7298
7147
7299
7148
7300
7149
7301
7150
7302
7151
7303
7152
7304
7153
7305
7154
7306
7155
7307
7156
7308
7157
7309
7158
7310
7159
7311
7160
7312
7161
7313
7162
7314
7163
7315
7164
7316
7165
7317
7166
7318
7167
7319
7168
7320
7169
7321
7170
7322
7171
7323
7172
7324
7173
7325
7174
7326
7175
7327
7176
7328
7177
7329
7178
7330
7179
7331
7180
7332
7181
7333
7182
7334
7183
7335
7184
7336
7185
7337
7186
7338
7187
7339
7188
7340
7189
7341
7190
7342
7191
7343
7192
7344
7193
7345
7194
7346
7195
7347
7196
7348
7197
7349
7198
7350
7199
7351
7200
7352
7201
7353
7202
7354
7203
7355
7204
7356
7205
7357
7206
7358
7207
7359
7208
7360
7209
7361
7210
7362
7211
7363
7212
7364
7213
7365
7214
7366
7215
7367
7216
7368
7217
7369
7218
7370
7219
7371
7220
7372
7221
7373
7222
7374
7223
7375
7224
7376
7225
7377
7226
7378
7227
7379
7228
7380
7229
7381
7230
7382
7231
7383
7232
7384
7233
7385
7234
7386
7235
7387
7236
7388
7237
7389
7238
7390
7239
7391
7240
7392
7241
7393
7242
7394
7243
7395
7244
7396
7245
7397
7246
7398
7247
7399
7248
7400
7249
7401
7250
7402
7251
7403
7252
7404
7253
7405
7254
7406
7255
7407
7256
7408
7257
7409
7258
7410
7259
7411
7260
7412
7413
7262
7263
7414
7264
7415
7265
7416
7266
7417
7267
7418
7268
7419
7269
7420
7270
7421
7271
7422
7272
7423
7273
7424
7274
7425
7275
7426
7276
7427
7277
7428
7278
7429
7279
7430
7280
7431
7281
7432
7282
7433
7283
7434
7284
7435
7285
7436
7286
7437
7287
7438
7288
7439
7289
7440
7290
7441
7291
7442
7292
7443
7293
7444
7294
7445
7295
7446
7296
7447
7297
7448
7298
7449
7299
7450
7300
7451
7301
7452
7302
7453
7303
7454
7304
7455
7305
7456
7306
7457
7307
7458
7308
7459
7309
7460
7310
7461
7311
7462
7312
7463
7313
7464
7314
7465
7315
7466
7316
7467
7317
7468
7318
7469
7319
7470
7320
7471
7321
7472
7322
7473
7323
7474
7324
7475
7325
7476
7326
7477
7327
7478
7328
7479
7329
7480
7330
7481
7331
7482
7332
7483
7333
7484
7334
7485
7335
7486
7336
7487
7337
7488
7338
7489
7339
7490
7340
7491
7341
7492
7342
7493
7343
7494
7344
7495
7345
7496
7346
7497
7347
7498
7348
7499
7349
7500
7350
7501
7351
7502
7352
7503
7353
7504
7354
7505
7355
7506
7356
7507
7357
7508
7358
7509
7359
7510
7360
7511
7361
7512
7362
7513
7363
7514
7364
7515
7365
7516
7366
7517
7367
7518
7368
7519
7369
7520
7370
7521
7371
7522
7372
7523
7373
7524
7374
7525
7375
7526
7376
7527
7377
7528
7378
7529
7379
7530
7380
7531
7381
7532
7382
7533
7383
7534
7384
7535
7385
7536
7386
7537
7387
7538
7388
7539
7389
7540
7390
7541
7391
7542
7392
7543
7393
7544
7394
7545
7395
7546
7396
7547
7397
7548
7398
7549
7399
7550
7400
7551
7401
7552
7402
7553
7403
7554
7404
7555
7405
7556
7406
7557
7407
7558
7408
7559
7409
7560
7410
7561
7411
7562
7412
7563
7413
7564
7565
7415
7566
7416
7567
7417
7568
7418
7569
7419
7570
7420
7571
7421
7572
7422
7573
7423
7574
7424
7575
7425
7576
7426
7577
7427
7578
7428
7579
7429
7580
7430
7581
7431
7582
7432
7583
7433
7584
7434
7585
7435
7586
7436
7587
7437
7588
7438
7589
7439
7590
7440
7591
7441
7592
7442
7593
7443
7594
7444
7595
7445
7596
7446
7597
7447
7598
7448
7599
7449
7600
7450
7601
7451
7602
7452
7603
7453
7604
7454
7605
7455
7606
7456
7607
7457
7608
7458
7609
7459
7610
7460
7611
7461
7612
7462
7613
7463
7614
7464
7615
7465
7616
7466
7617
7467
7618
7468
7619
7469
7620
7470
7621
7471
7622
7472
7623
7473
7624
7474
7625
7475
7626
7476
7627
7477
7628
7478
7629
7479
7630
7480
7631
7481
7632
7482
7633
7483
7634
7484
7635
7485
7636
7486
7637
7487
7638
7488
7639
7489
7640
7490
7641
7491
7642
7492
7643
7493
7644
7494
7645
7495
7646
7496
7647
7497
7648
7498
7649
7499
7650
7500
7651
7501
7652
7502
7653
7503
7654
7504
7655
7505
7656
7506
7657
7507
7658
7508
7659
7509
7660
7510
7661
7511
7662
7512
7663
7513
7664
7514
7665
7515
7666
7516
7667
7517
7668
7518
7669
7519
7670
7520
7671
7521
7672
7522
7673
7523
7674
7524
7675
7525
7676
7526
7677
7527
7678
7528
7679
7529
7680
7530
7681
7531
7682
7532
7683
7533
7684
7534
7685
7535
7686
7536
7687
7537
7688
7538
7689
7539
7690
7540
7691
7541
7692
7542
7693
7543
7694
7544
7695
7545
7696
7546
7697
7547
7698
7548
7699
7549
7700
7550
7701
7551
7702
7552
7703
7553
7704
7554
7705
7555
7706
7556
7707
7557
7708
7558
7709
7559
7710
7560
7711
7561
7712
7562
7713
7563
7714
7564
7715
7565
7716
7717
7567
7568
7718
7569
7719
7570
7720
7571
7721
7572
7722
7573
7723
7574
7724
7575
7725
7576
7726
7577
7727
7578
7728
7579
7729
7580
7730
7581
7731
7582
7732
7583
7733
7584
7734
7585
7735
7586
7736
7587
7737
7588
7738
7589
7739
7590
7740
7591
7741
7592
7742
7593
7743
7594
7744
7595
7745
7596
7746
7597
7747
7598
7748
7599
7749
7600
7750
7601
7751
7602
7752
7603
7753
7604
7754
7605
7755
7606
7756
7607
7757
7608
7758
7609
7759
7610
7760
7611
7761
7612
7762
7613
7763
7614
7764
7615
7765
7616
7766
7617
7767
7618
7768
7619
7769
7620
7770
7621
7771
7622
7772
7623
7773
7624
7774
7625
7775
7626
7776
7627
7777
7628
7778
7629
7779
7630
7780
7631
7781
7632
7782
7633
7783
7634
7784
7635
7785
7636
7786
7637
7787
7638
7788
7639
7789
7640
7790
7641
7791
7642
7792
7643
7793
7644
7794
7645
7795
7646
7796
7647
7797
7648
7798
7649
7799
7650
7800
7651
7801
7652
7802
7653
7803
7654
7804
7655
7805
7656
7806
7657
7807
7658
7808
7659
7809
7660
7810
7661
7811
7662
7812
7663
7813
7664
7814
7665
7815
7666
7816
7667
7817
7668
7818
7669
7819
7670
7820
7671
7821
7672
7822
7673
7823
7674
7824
7675
7825
7676
7826
7677
7827
7678
7828
7679
7829
7680
7830
7681
7831
7682
7832
7683
7833
7684
7834
7685
7835
7686
7836
7687
7837
7688
7838
7689
7839
7690
7840
7691
7841
7692
7842
7693
7843
7694
7844
7695
7845
7696
7846
7697
7847
7698
7848
7699
7849
7700
7850
7701
7851
7702
7852
7703
7853
7704
7854
7705
7855
7706
7856
7707
7857
7708
7858
7709
7859
7710
7860
7711
7861
7712
7862
7713
7863
7714
7864
7715
7865
7716
7866
7717
7867
7868
7719
7720
7869
7721
7870
7722
7871
7723
7872
7724
7873
7725
7874
7726
7875
7727
7876
7728
7877
7729
7878
7730
7879
7731
7880
7732
7881
7733
7882
7734
7883
7735
7884
7736
7885
7737
7886
7738
7887
7739
7888
7740
7889
7741
7890
7742
7891
7743
7892
7744
7893
7745
7894
7746
7895
7747
7896
7748
7897
7749
7898
7750
7899
7751
7900
7752
7901
7753
7902
7754
7903
7755
7904
7756
7905
7757
7906
7758
7907
7759
7908
7760
7909
7761
7910
7762
7911
7763
7912
7764
7913
7765
7914
7766
7915
7767
7916
7768
7917
7769
7918
7770
7919
7771
7920
7772
7921
7773
7922
7774
7923
7775
7924
7776
7925
7777
7926
7778
7927
7779
7928
7780
7929
7781
7930
7782
7931
7783
7932
7784
7933
7785
7934
7786
7935
7787
7936
7788
7937
7789
7938
7790
7939
7791
7940
7792
7941
7793
7942
7794
7943
7795
7944
7796
7945
7797
7946
7798
7947
7799
7948
7800
7949
7801
7950
7802
7951
7803
7952
7804
7953
7805
7954
7806
7955
7807
7956
7808
7957
7809
7958
7810
7959
7811
7960
7812
7961
7813
7962
7814
7963
7815
7964
7816
7965
7817
7966
7818
7967
7819
7968
7820
7969
7821
7970
7822
7971
7823
7972
7824
7973
7825
7974
7826
7975
7827
7976
7828
7977
7829
7978
7830
7979
7831
7980
7832
7981
7833
7982
7834
7983
7835
7984
7836
7985
7837
7986
7838
7987
7839
7988
7840
7989
7841
7990
7842
7991
7843
7992
7844
7993
7845
7994
7846
7995
7847
7996
7848
7997
7849
7998
7850
7999
7851
8000
7852
8001
7853
8002
7854
8003
7855
8004
7856
8005
7857
8006
7858
8007
7859
8008
7860
8009
7861
8010
7862
8011
7863
8012
7864
8013
7865
8014
7866
8015
7867
8016
7868
8017
8018
7870
7871
8019
7872
8020
7873
8021
7874
8022
7875
8023
7876
8024
7877
8025
7878
8026
7879
8027
7880
8028
7881
8029
7882
8030
7883
8031
7884
8032
7885
8033
7886
8034
7887
8035
7888
8036
7889
8037
7890
8038
7891
8039
7892
8040
7893
8041
7894
8042
7895
8043
7896
8044
7897
8045
7898
8046
7899
8047
7900
8048
7901
8049
7902
8050
7903
8051
7904
8052
7905
8053
7906
8054
7907
8055
7908
8056
7909
8057
7910
8058
7911
8059
7912
8060
7913
8061
7914
8062
7915
8063
7916
8064
7917
8065
7918
8066
7919
8067
7920
8068
7921
8069
7922
8070
7923
8071
7924
8072
7925
8073
7926
8074
7927
8075
7928
8076
7929
8077
7930
8078
7931
8079
7932
8080
7933
8081
7934
8082
7935
8083
7936
8084
7937
8085
7938
8086
7939
8087
7940
8088
7941
8089
7942
8090
7943
8091
7944
8092
7945
8093
7946
8094
7947
8095
7948
8096
7949
8097
7950
8098
7951
8099
7952
8100
7953
8101
7954
8102
7955
8103
7956
8104
7957
8105
7958
8106
7959
8107
7960
8108
7961
8109
7962
8110
7963
8111
7964
8112
7965
8113
7966
8114
7967
8115
7968
8116
7969
8117
7970
8118
7971
8119
7972
8120
7973
8121
7974
8122
7975
8123
7976
8124
7977
8125
7978
8126
7979
8127
7980
8128
7981
8129
7982
8130
7983
8131
7984
8132
7985
8133
7986
8134
7987
8135
7988
8136
7989
8137
7990
8138
7991
8139
7992
8140
7993
8141
7994
8142
7995
8143
7996
8144
7997
8145
7998
8146
7999
8147
8000
8148
8001
8149
8002
8150
8003
8151
8004
8152
8005
8153
8006
8154
8007
8155
8008
8156
8009
8157
8010
8158
8011
8159
8012
8160
8013
8161
8014
8162
8015
8163
8016
8164
8017
8165
8018
8166
8167
8020
8168
8021
8169
8022
8170
8023
8171
8024
8172
8025
8173
8026
8174
8027
8175
8028
8176
8029
8177
8030
8178
8031
8179
8032
8180
8033
8181
8034
8182
8035
8183
8036
8184
8037
8185
8038
8186
8039
8187
8040
8188
8041
8189
8042
8190
8043
8191
8044
8192
8045
8193
8046
8194
8047
8195
8048
8196
8049
8197
8050
8198
8051
8199
8052
8200
8053
8201
8054
8202
8055
8203
8056
8204
8057
8205
8058
8206
8059
8207
8060
8208
8061
8209
8062
8210
8063
8211
8064
8212
8065
8213
8066
8214
8067
8215
8068
8216
8069
8217
8070
8218
8071
8219
8072
8220
8073
8221
8074
8222
8075
8223
8076
8224
8077
8225
8078
8226
8079
8227
8080
8228
8081
8229
8082
8230
8083
8231
8084
8232
8085
8233
8086
8234
8087
8235
8088
8236
8089
8237
8090
8238
8091
8239
8092
8240
8093
8241
8094
8242
8095
8243
8096
8244
8097
8245
8098
8246
8099
8247
8100
8248
8101
8249
8102
8250
8103
8251
8104
8252
8105
8253
8106
8254
8107
8255
8108
8256
8109
8257
8110
8258
8111
8259
8112
8260
8113
8261
8114
8262
8115
8263
8116
8264
8117
8265
8118
8266
8119
8267
8120
8268
8121
8269
8122
8270
8123
8271
8124
8272
8125
8273
8126
8274
8127
8275
8128
8276
8129
8277
8130
8278
8131
8279
8132
8280
8133
8281
8134
8282
8135
8283
8136
8284
8137
8285
8138
8286
8139
8287
8140
8288
8141
8289
8142
8290
8143
8291
8144
8292
8145
8293
8146
8294
8147
8295
8148
8296
8149
8297
8150
8298
8151
8299
8152
8300
8153
8301
8154
8302
8155
8303
8156
8304
8157
8305
8158
8306
8159
8307
8160
8308
8161
8309
8162
8310
8163
8311
8164
8312
8165
8313
8166
8314
8167
8315
8316
8169
8170
8171
8172
8173
8174
8175
8176
8177
8178
8179
8180
8181
8182
8183
8184
8185
8186
8187
8188
8189
8190
8191
8192
8193
8194
8195
8196
8197
8198
8199
8200
8201
8202
8203
8204
8205
8206
8207
8208
8209
8210
8211
8212
8213
8214
8215
8216
8217
8218
8219
8220
8221
8222
8223
8224
8225
8226
8227
8228
8229
8230
8231
8232
8233
8234
8235
8236
8237
8238
8239
8240
8241
8242
8243
8244
8245
8246
8247
8248
8249
8250
8251
8252
8253
8254
8255
8256
8257
8258
8259
8260
8261
8262
8263
8264
8265
8266
8267
8268
8269
8270
8271
8272
8273
8274
8275
8276
8277
8278
8279
8280
8281
8282
8283
8284
8285
8286
8287
8288
8289
8290
8291
8292
8293
8294
8295
8296
8297
8298
8299
8300
8301
8317
8302
8318
8303
8319
8304
8320
8305
8321
8306
8322
8307
8323
8308
8324
8309
8325
8310
8326
8311
8327
8312
8328
8313
8329
8314
8330
8315
8331
8316
8332
8333
8318
8319
8320
8321
8322
8323
8324
8325
8326
8327
8328
8329
8330
8331
8332
8333
)


// ************************************************************************* //
