/*--------------------------------*- C++ -*----------------------------------*\
| =========                 |                                                 |
| \\      /  F ield         | OpenFOAM: The Open Source CFD Toolbox           |
|  \\    /   O peration     | Version:  2512                                  |
|   \\  /    A nd           | Website:  www.openfoam.com                      |
|    \\/     M anipulation  |                                                 |
\*---------------------------------------------------------------------------*/
FoamFile
{
    version     2.0;
    format      ascii;
    arch        "LSB;label=32;scalar=64";
    class       volScalarField;
    location    "0.1";
    object      p;
}
// * * * * * * * * * * * * * * * * * * * * * * * * * * * * * * * * * * * * * //

dimensions      [1 -1 -2 0 0 0 0];

internalField   nonuniform List<scalar> 
8333
(
-522.652
-523.446
-524.241
-525.036
-525.832
-526.627
-527.423
-528.22
-529.016
-529.813
-530.609
-531.406
-532.204
-533.001
-533.799
-534.597
-535.395
-536.193
-536.992
-537.79
-538.589
-539.388
-540.187
-540.986
-541.786
-542.585
-543.385
-544.185
-544.985
-545.785
-546.585
-547.386
-548.186
-548.987
-549.787
-550.588
-551.389
-552.19
-552.991
-553.792
-554.594
-555.395
-556.196
-556.998
-557.799
-558.601
-559.403
-560.204
-561.006
-561.808
-562.609
-563.411
-564.213
-565.015
-565.817
-566.619
-567.42
-568.222
-569.024
-569.826
-570.628
-571.429
-572.231
-573.033
-573.835
-574.636
-575.438
-576.239
-577.041
-577.842
-578.643
-579.445
-580.246
-581.047
-581.848
-582.649
-583.45
-584.251
-585.051
-585.852
-586.652
-587.452
-588.253
-589.053
-589.852
-590.652
-591.452
-592.251
-593.051
-593.85
-594.649
-595.448
-596.246
-597.045
-597.843
-598.641
-599.439
-600.237
-601.034
-601.831
-602.629
-603.425
-604.222
-605.018
-605.815
-606.611
-607.406
-608.202
-608.997
-609.792
-610.587
-611.381
-612.175
-612.969
-613.763
-614.556
-615.35
-616.142
-616.935
-617.727
-618.519
-619.31
-620.102
-620.893
-621.683
-622.474
-623.264
-624.053
-624.843
-625.631
-626.42
-627.208
-627.996
-628.784
-629.571
-630.358
-631.144
-631.93
-632.716
-633.501
-634.286
-635.07
-635.854
-636.638
-637.421
-638.204
-638.987
-639.769
-526.89
-527.684
-528.479
-529.274
-530.07
-530.865
-531.661
-532.457
-533.254
-534.051
-534.847
-535.644
-536.442
-537.239
-538.037
-538.835
-539.633
-540.431
-541.229
-542.028
-542.827
-543.626
-544.425
-545.224
-546.024
-546.823
-547.623
-548.423
-549.223
-550.023
-550.823
-551.624
-552.424
-553.225
-554.025
-554.826
-555.627
-556.428
-557.229
-558.03
-558.832
-559.633
-560.434
-561.236
-562.037
-562.839
-563.641
-564.442
-565.244
-566.046
-566.847
-567.649
-568.451
-569.253
-570.055
-570.856
-571.658
-572.46
-573.262
-574.064
-574.866
-575.667
-576.469
-577.271
-578.072
-578.874
-579.676
-580.477
-581.279
-582.08
-582.881
-583.683
-584.484
-585.285
-586.086
-586.887
-587.688
-588.488
-589.289
-590.09
-590.89
-591.69
-592.49
-593.29
-594.09
-594.89
-595.69
-596.489
-597.288
-598.088
-598.887
-599.685
-600.484
-601.282
-602.081
-602.879
-603.677
-604.474
-605.272
-606.069
-606.866
-607.663
-608.46
-609.256
-610.053
-610.849
-611.644
-612.44
-613.235
-614.03
-614.825
-615.619
-616.413
-617.207
-618.001
-618.794
-619.587
-620.38
-621.173
-621.965
-622.757
-623.548
-624.34
-625.131
-625.921
-626.711
-627.501
-628.291
-629.08
-629.869
-630.658
-631.446
-632.234
-633.022
-633.809
-634.595
-635.382
-636.168
-636.954
-637.739
-638.524
-639.308
-640.092
-640.876
-641.659
-642.442
-643.224
-644.006
-644.788
-531.128
-531.922
-532.717
-533.512
-534.308
-535.103
-535.899
-536.695
-537.492
-538.288
-539.085
-539.882
-540.68
-541.477
-542.275
-543.073
-543.871
-544.669
-545.467
-546.266
-547.065
-547.864
-548.663
-549.462
-550.262
-551.061
-551.861
-552.661
-553.461
-554.261
-555.061
-555.862
-556.662
-557.463
-558.263
-559.064
-559.865
-560.666
-561.467
-562.268
-563.07
-563.871
-564.672
-565.474
-566.275
-567.077
-567.878
-568.68
-569.482
-570.284
-571.085
-571.887
-572.689
-573.491
-574.293
-575.094
-575.896
-576.698
-577.5
-578.302
-579.103
-579.905
-580.707
-581.509
-582.31
-583.112
-583.914
-584.715
-585.517
-586.318
-587.119
-587.921
-588.722
-589.523
-590.324
-591.125
-591.926
-592.726
-593.527
-594.327
-595.128
-595.928
-596.728
-597.528
-598.328
-599.128
-599.928
-600.727
-601.526
-602.325
-603.124
-603.923
-604.722
-605.52
-606.319
-607.117
-607.915
-608.712
-609.51
-610.307
-611.104
-611.901
-612.698
-613.494
-614.29
-615.086
-615.882
-616.678
-617.473
-618.268
-619.063
-619.857
-620.651
-621.445
-622.239
-623.032
-623.825
-624.618
-625.411
-626.203
-626.995
-627.786
-628.577
-629.368
-630.159
-630.949
-631.739
-632.529
-633.318
-634.107
-634.896
-635.684
-636.472
-637.259
-638.047
-638.833
-639.62
-640.406
-641.191
-641.977
-642.761
-643.546
-644.33
-645.114
-645.897
-646.68
-647.462
-648.244
-649.026
-649.807
-535.366
-536.16
-536.955
-537.75
-538.546
-539.341
-540.137
-540.933
-541.73
-542.526
-543.323
-544.12
-544.918
-545.715
-546.513
-547.311
-548.109
-548.907
-549.705
-550.504
-551.303
-552.102
-552.901
-553.7
-554.5
-555.299
-556.099
-556.899
-557.699
-558.499
-559.299
-560.099
-560.9
-561.701
-562.501
-563.302
-564.103
-564.904
-565.705
-566.506
-567.308
-568.109
-568.91
-569.712
-570.513
-571.315
-572.116
-572.918
-573.72
-574.521
-575.323
-576.125
-576.927
-577.729
-578.53
-579.332
-580.134
-580.936
-581.738
-582.54
-583.341
-584.143
-584.945
-585.747
-586.548
-587.35
-588.151
-588.953
-589.754
-590.556
-591.357
-592.158
-592.96
-593.761
-594.562
-595.363
-596.164
-596.964
-597.765
-598.565
-599.366
-600.166
-600.966
-601.766
-602.566
-603.366
-604.165
-604.965
-605.764
-606.563
-607.362
-608.161
-608.96
-609.758
-610.557
-611.355
-612.153
-612.95
-613.748
-614.545
-615.342
-616.139
-616.936
-617.732
-618.528
-619.324
-620.12
-620.916
-621.711
-622.506
-623.3
-624.095
-624.889
-625.683
-626.477
-627.27
-628.063
-628.856
-629.648
-630.441
-631.232
-632.024
-632.815
-633.606
-634.397
-635.187
-635.977
-636.767
-637.556
-638.345
-639.134
-639.922
-640.71
-641.497
-642.284
-643.071
-643.858
-644.644
-645.429
-646.214
-646.999
-647.784
-648.568
-649.351
-650.135
-650.918
-651.7
-652.482
-653.264
-654.045
-654.825
-539.603
-540.398
-541.193
-541.988
-542.784
-543.579
-544.375
-545.171
-545.968
-546.764
-547.561
-548.358
-549.156
-549.953
-550.751
-551.549
-552.347
-553.145
-553.943
-554.742
-555.541
-556.34
-557.139
-557.938
-558.737
-559.537
-560.337
-561.137
-561.937
-562.737
-563.537
-564.337
-565.138
-565.939
-566.739
-567.54
-568.341
-569.142
-569.943
-570.744
-571.545
-572.347
-573.148
-573.95
-574.751
-575.553
-576.354
-577.156
-577.958
-578.759
-579.561
-580.363
-581.165
-581.967
-582.768
-583.57
-584.372
-585.174
-585.976
-586.778
-587.579
-588.381
-589.183
-589.985
-590.786
-591.588
-592.389
-593.191
-593.992
-594.794
-595.595
-596.396
-597.198
-597.999
-598.8
-599.601
-600.401
-601.202
-602.003
-602.803
-603.604
-604.404
-605.204
-606.004
-606.804
-607.604
-608.403
-609.203
-610.002
-610.801
-611.6
-612.399
-613.198
-613.996
-614.794
-615.593
-616.39
-617.188
-617.986
-618.783
-619.58
-620.377
-621.174
-621.97
-622.766
-623.562
-624.358
-625.153
-625.949
-626.744
-627.538
-628.333
-629.127
-629.921
-630.715
-631.508
-632.301
-633.094
-633.886
-634.678
-635.47
-636.262
-637.053
-637.844
-638.635
-639.425
-640.215
-641.005
-641.794
-642.583
-643.371
-644.16
-644.948
-645.735
-646.522
-647.309
-648.095
-648.881
-649.667
-650.452
-651.237
-652.022
-652.806
-653.589
-654.373
-655.155
-655.938
-656.72
-657.502
-658.283
-659.063
-543.841
-544.636
-545.431
-546.226
-547.022
-547.817
-548.613
-549.409
-550.206
-551.002
-551.799
-552.596
-553.393
-554.191
-554.989
-555.786
-556.585
-557.383
-558.181
-558.98
-559.779
-560.578
-561.377
-562.176
-562.975
-563.775
-564.575
-565.375
-566.175
-566.975
-567.775
-568.575
-569.376
-570.176
-570.977
-571.778
-572.579
-573.38
-574.181
-574.982
-575.783
-576.585
-577.386
-578.188
-578.989
-579.791
-580.592
-581.394
-582.196
-582.997
-583.799
-584.601
-585.403
-586.204
-587.006
-587.808
-588.61
-589.412
-590.214
-591.015
-591.817
-592.619
-593.421
-594.222
-595.024
-595.826
-596.627
-597.429
-598.23
-599.032
-599.833
-600.634
-601.435
-602.237
-603.038
-603.838
-604.639
-605.44
-606.241
-607.041
-607.842
-608.642
-609.442
-610.242
-611.042
-611.842
-612.641
-613.441
-614.24
-615.039
-615.838
-616.637
-617.436
-618.234
-619.032
-619.83
-620.628
-621.426
-622.224
-623.021
-623.818
-624.615
-625.411
-626.208
-627.004
-627.8
-628.596
-629.391
-630.187
-630.981
-631.776
-632.571
-633.365
-634.159
-634.952
-635.746
-636.539
-637.332
-638.124
-638.916
-639.708
-640.5
-641.291
-642.082
-642.873
-643.663
-644.453
-645.243
-646.032
-646.821
-647.609
-648.398
-649.185
-649.973
-650.76
-651.547
-652.333
-653.119
-653.905
-654.69
-655.475
-656.259
-657.044
-657.827
-658.61
-659.393
-660.176
-660.958
-661.739
-662.52
-663.301
-664.081
-548.079
-548.874
-549.669
-550.464
-551.26
-552.055
-552.851
-553.647
-554.444
-555.24
-556.037
-556.834
-557.631
-558.429
-559.227
-560.024
-560.822
-561.621
-562.419
-563.218
-564.017
-564.816
-565.615
-566.414
-567.213
-568.013
-568.813
-569.613
-570.413
-571.213
-572.013
-572.813
-573.614
-574.414
-575.215
-576.016
-576.817
-577.618
-578.419
-579.22
-580.021
-580.823
-581.624
-582.425
-583.227
-584.029
-584.83
-585.632
-586.434
-587.235
-588.037
-588.839
-589.641
-590.442
-591.244
-592.046
-592.848
-593.65
-594.452
-595.253
-596.055
-596.857
-597.659
-598.46
-599.262
-600.064
-600.865
-601.667
-602.468
-603.27
-604.071
-604.872
-605.673
-606.474
-607.275
-608.076
-608.877
-609.678
-610.479
-611.279
-612.079
-612.88
-613.68
-614.48
-615.28
-616.08
-616.879
-617.679
-618.478
-619.277
-620.076
-620.875
-621.673
-622.472
-623.27
-624.068
-624.866
-625.664
-626.461
-627.259
-628.056
-628.853
-629.649
-630.446
-631.242
-632.038
-632.834
-633.629
-634.424
-635.219
-636.014
-636.809
-637.603
-638.397
-639.19
-639.984
-640.777
-641.57
-642.362
-643.154
-643.946
-644.738
-645.529
-646.32
-647.111
-647.901
-648.691
-649.48
-650.27
-651.059
-651.847
-652.635
-653.423
-654.211
-654.998
-655.785
-656.571
-657.357
-658.143
-658.928
-659.713
-660.497
-661.281
-662.065
-662.848
-663.631
-664.414
-665.196
-665.977
-666.758
-667.539
-668.319
-669.098
-552.317
-553.112
-553.907
-554.702
-555.497
-556.293
-557.089
-557.885
-558.682
-559.478
-560.275
-561.072
-561.869
-562.667
-563.465
-564.262
-565.06
-565.859
-566.657
-567.456
-568.255
-569.053
-569.853
-570.652
-571.451
-572.251
-573.051
-573.85
-574.65
-575.451
-576.251
-577.051
-577.852
-578.652
-579.453
-580.254
-581.055
-581.856
-582.657
-583.458
-584.259
-585.061
-585.862
-586.663
-587.465
-588.266
-589.068
-589.87
-590.671
-591.473
-592.275
-593.077
-593.879
-594.68
-595.482
-596.284
-597.086
-597.888
-598.689
-599.491
-600.293
-601.095
-601.897
-602.698
-603.5
-604.302
-605.103
-605.905
-606.706
-607.507
-608.309
-609.11
-609.911
-610.712
-611.513
-612.314
-613.115
-613.916
-614.716
-615.517
-616.317
-617.118
-617.918
-618.718
-619.518
-620.317
-621.117
-621.917
-622.716
-623.515
-624.314
-625.113
-625.911
-626.71
-627.508
-628.306
-629.104
-629.902
-630.699
-631.497
-632.294
-633.091
-633.887
-634.684
-635.48
-636.276
-637.072
-637.867
-638.662
-639.457
-640.252
-641.046
-641.841
-642.635
-643.428
-644.222
-645.015
-645.807
-646.6
-647.392
-648.184
-648.976
-649.767
-650.558
-651.348
-652.139
-652.929
-653.718
-654.508
-655.297
-656.085
-656.873
-657.661
-658.449
-659.236
-660.023
-660.809
-661.595
-662.381
-663.166
-663.951
-664.735
-665.519
-666.303
-667.086
-667.869
-668.651
-669.433
-670.215
-670.996
-671.777
-672.557
-673.336
-556.555
-557.35
-558.145
-558.94
-559.735
-560.531
-561.327
-562.123
-562.92
-563.716
-564.513
-565.31
-566.107
-566.905
-567.702
-568.5
-569.298
-570.097
-570.895
-571.694
-572.492
-573.291
-574.091
-574.89
-575.689
-576.489
-577.289
-578.088
-578.888
-579.689
-580.489
-581.289
-582.09
-582.89
-583.691
-584.492
-585.293
-586.094
-586.895
-587.696
-588.497
-589.298
-590.1
-590.901
-591.703
-592.504
-593.306
-594.108
-594.909
-595.711
-596.513
-597.315
-598.116
-598.918
-599.72
-600.522
-601.324
-602.126
-602.927
-603.729
-604.531
-605.333
-606.134
-606.936
-607.738
-608.539
-609.341
-610.143
-610.944
-611.745
-612.547
-613.348
-614.149
-614.95
-615.751
-616.552
-617.353
-618.154
-618.954
-619.755
-620.555
-621.356
-622.156
-622.956
-623.756
-624.555
-625.355
-626.154
-626.954
-627.753
-628.552
-629.351
-630.149
-630.948
-631.746
-632.544
-633.342
-634.14
-634.937
-635.735
-636.532
-637.328
-638.125
-638.922
-639.718
-640.514
-641.309
-642.105
-642.9
-643.695
-644.49
-645.284
-646.079
-646.872
-647.666
-648.459
-649.253
-650.045
-650.838
-651.63
-652.422
-653.213
-654.005
-654.796
-655.586
-656.377
-657.167
-657.956
-658.745
-659.534
-660.323
-661.111
-661.899
-662.687
-663.474
-664.26
-665.047
-665.833
-666.619
-667.404
-668.189
-668.973
-669.757
-670.541
-671.324
-672.107
-672.889
-673.671
-674.453
-675.234
-676.014
-676.795
-677.574
-678.353
-560.793
-561.588
-562.383
-563.178
-563.973
-564.769
-565.565
-566.361
-567.158
-567.954
-568.751
-569.548
-570.345
-571.143
-571.94
-572.738
-573.536
-574.335
-575.133
-575.932
-576.73
-577.529
-578.328
-579.128
-579.927
-580.727
-581.526
-582.326
-583.126
-583.926
-584.727
-585.527
-586.328
-587.128
-587.929
-588.73
-589.531
-590.332
-591.133
-591.934
-592.735
-593.536
-594.338
-595.139
-595.941
-596.742
-597.544
-598.346
-599.147
-599.949
-600.751
-601.553
-602.354
-603.156
-603.958
-604.76
-605.562
-606.363
-607.165
-607.967
-608.769
-609.571
-610.372
-611.174
-611.976
-612.777
-613.579
-614.38
-615.182
-615.983
-616.785
-617.586
-618.387
-619.188
-619.989
-620.79
-621.591
-622.392
-623.192
-623.993
-624.793
-625.593
-626.394
-627.194
-627.994
-628.793
-629.593
-630.392
-631.192
-631.991
-632.79
-633.589
-634.387
-635.186
-635.984
-636.782
-637.58
-638.378
-639.175
-639.972
-640.77
-641.566
-642.363
-643.159
-643.956
-644.752
-645.547
-646.343
-647.138
-647.933
-648.728
-649.522
-650.316
-651.11
-651.904
-652.697
-653.49
-654.283
-655.076
-655.868
-656.66
-657.451
-658.243
-659.034
-659.824
-660.614
-661.404
-662.194
-662.983
-663.772
-664.561
-665.349
-666.137
-666.924
-667.712
-668.498
-669.285
-670.071
-670.856
-671.642
-672.426
-673.211
-673.995
-674.779
-675.562
-676.345
-677.127
-677.909
-678.69
-679.472
-680.252
-681.032
-681.812
-682.591
-683.37
-565.031
-565.826
-566.621
-567.416
-568.211
-569.007
-569.803
-570.599
-571.395
-572.192
-572.989
-573.786
-574.583
-575.381
-576.178
-576.976
-577.774
-578.573
-579.371
-580.17
-580.968
-581.767
-582.566
-583.366
-584.165
-584.965
-585.764
-586.564
-587.364
-588.164
-588.965
-589.765
-590.566
-591.366
-592.167
-592.968
-593.769
-594.57
-595.371
-596.172
-596.973
-597.774
-598.576
-599.377
-600.179
-600.98
-601.782
-602.584
-603.385
-604.187
-604.989
-605.79
-606.592
-607.394
-608.196
-608.998
-609.8
-610.601
-611.403
-612.205
-613.007
-613.809
-614.61
-615.412
-616.214
-617.015
-617.817
-618.618
-619.42
-620.221
-621.023
-621.824
-622.625
-623.426
-624.227
-625.028
-625.829
-626.63
-627.43
-628.231
-629.031
-629.831
-630.632
-631.432
-632.231
-633.031
-633.831
-634.63
-635.43
-636.229
-637.028
-637.826
-638.625
-639.424
-640.222
-641.02
-641.818
-642.616
-643.413
-644.21
-645.007
-645.804
-646.601
-647.397
-648.194
-648.99
-649.785
-650.581
-651.376
-652.171
-652.966
-653.76
-654.554
-655.348
-656.142
-656.935
-657.728
-658.521
-659.314
-660.106
-660.898
-661.689
-662.48
-663.271
-664.062
-664.852
-665.642
-666.432
-667.221
-668.01
-668.799
-669.587
-670.375
-671.162
-671.949
-672.736
-673.523
-674.309
-675.094
-675.879
-676.664
-677.449
-678.233
-679.016
-679.8
-680.582
-681.365
-682.147
-682.928
-683.709
-684.49
-685.27
-686.05
-686.829
-687.608
-688.386
-569.269
-570.064
-570.859
-571.654
-572.449
-573.245
-574.041
-574.837
-575.633
-576.43
-577.227
-578.024
-578.821
-579.619
-580.416
-581.214
-582.012
-582.81
-583.609
-584.407
-585.206
-586.005
-586.804
-587.604
-588.403
-589.203
-590.002
-590.802
-591.602
-592.402
-593.203
-594.003
-594.803
-595.604
-596.405
-597.206
-598.006
-598.807
-599.609
-600.41
-601.211
-602.012
-602.814
-603.615
-604.417
-605.218
-606.02
-606.821
-607.623
-608.425
-609.227
-610.028
-610.83
-611.632
-612.434
-613.236
-614.038
-614.839
-615.641
-616.443
-617.245
-618.046
-618.848
-619.65
-620.452
-621.253
-622.055
-622.856
-623.658
-624.459
-625.26
-626.062
-626.863
-627.664
-628.465
-629.266
-630.067
-630.867
-631.668
-632.469
-633.269
-634.069
-634.869
-635.669
-636.469
-637.269
-638.069
-638.868
-639.667
-640.467
-641.266
-642.064
-642.863
-643.661
-644.46
-645.258
-646.056
-646.853
-647.651
-648.448
-649.245
-650.042
-650.839
-651.635
-652.431
-653.227
-654.023
-654.819
-655.614
-656.409
-657.204
-657.998
-658.792
-659.586
-660.38
-661.173
-661.966
-662.759
-663.551
-664.344
-665.136
-665.927
-666.718
-667.509
-668.3
-669.09
-669.88
-670.67
-671.459
-672.248
-673.037
-673.825
-674.613
-675.4
-676.187
-676.974
-677.76
-678.546
-679.332
-680.117
-680.902
-681.687
-682.471
-683.254
-684.037
-684.82
-685.603
-686.385
-687.166
-687.947
-688.728
-689.508
-690.288
-691.067
-691.845
-692.624
-573.507
-574.302
-575.097
-575.892
-576.687
-577.483
-578.279
-579.075
-579.871
-580.668
-581.465
-582.262
-583.059
-583.857
-584.654
-585.452
-586.25
-587.048
-587.847
-588.645
-589.444
-590.243
-591.042
-591.842
-592.641
-593.441
-594.24
-595.04
-595.84
-596.64
-597.441
-598.241
-599.041
-599.842
-600.643
-601.443
-602.244
-603.045
-603.846
-604.648
-605.449
-606.25
-607.052
-607.853
-608.655
-609.456
-610.258
-611.059
-611.861
-612.663
-613.465
-614.266
-615.068
-615.87
-616.672
-617.474
-618.275
-619.077
-619.879
-620.681
-621.483
-622.284
-623.086
-623.888
-624.69
-625.491
-626.293
-627.094
-627.896
-628.697
-629.498
-630.3
-631.101
-631.902
-632.703
-633.504
-634.305
-635.105
-635.906
-636.707
-637.507
-638.307
-639.107
-639.907
-640.707
-641.507
-642.307
-643.106
-643.905
-644.704
-645.503
-646.302
-647.101
-647.899
-648.698
-649.496
-650.294
-651.091
-651.889
-652.686
-653.483
-654.28
-655.077
-655.873
-656.669
-657.465
-658.261
-659.056
-659.852
-660.647
-661.441
-662.236
-663.03
-663.824
-664.618
-665.411
-666.204
-666.997
-667.789
-668.582
-669.373
-670.165
-670.956
-671.747
-672.538
-673.328
-674.118
-674.908
-675.697
-676.486
-677.274
-678.063
-678.851
-679.638
-680.425
-681.212
-681.998
-682.784
-683.57
-684.355
-685.14
-685.924
-686.708
-687.492
-688.275
-689.058
-689.84
-690.622
-691.404
-692.185
-692.966
-693.746
-694.525
-695.305
-696.083
-696.861
-697.639
-577.745
-578.54
-579.334
-580.13
-580.925
-581.721
-582.517
-583.313
-584.109
-584.906
-585.703
-586.5
-587.297
-588.095
-588.892
-589.69
-590.488
-591.286
-592.085
-592.883
-593.682
-594.481
-595.28
-596.079
-596.879
-597.678
-598.478
-599.278
-600.078
-600.878
-601.678
-602.479
-603.279
-604.08
-604.881
-605.681
-606.482
-607.283
-608.084
-608.886
-609.687
-610.488
-611.29
-612.091
-612.892
-613.694
-614.496
-615.297
-616.099
-616.901
-617.702
-618.504
-619.306
-620.108
-620.91
-621.712
-622.513
-623.315
-624.117
-624.919
-625.721
-626.522
-627.324
-628.126
-628.927
-629.729
-630.531
-631.332
-632.134
-632.935
-633.736
-634.538
-635.339
-636.14
-636.941
-637.742
-638.543
-639.343
-640.144
-640.944
-641.745
-642.545
-643.345
-644.145
-644.945
-645.745
-646.544
-647.344
-648.143
-648.942
-649.741
-650.54
-651.339
-652.137
-652.936
-653.734
-654.532
-655.329
-656.127
-656.924
-657.721
-658.518
-659.315
-660.111
-660.907
-661.703
-662.499
-663.294
-664.09
-664.885
-665.679
-666.474
-667.268
-668.062
-668.855
-669.649
-670.442
-671.235
-672.027
-672.819
-673.611
-674.403
-675.194
-675.985
-676.776
-677.566
-678.356
-679.146
-679.935
-680.724
-681.512
-682.301
-683.088
-683.876
-684.663
-685.45
-686.236
-687.022
-687.808
-688.593
-689.378
-690.162
-690.946
-691.73
-692.513
-693.296
-694.078
-694.86
-695.642
-696.423
-697.203
-697.984
-698.763
-699.542
-700.321
-701.099
-701.877
-702.654
-581.983
-582.777
-583.572
-584.368
-585.163
-585.959
-586.755
-587.551
-588.347
-589.144
-589.941
-590.738
-591.535
-592.332
-593.13
-593.928
-594.726
-595.524
-596.323
-597.121
-597.92
-598.719
-599.518
-600.317
-601.117
-601.916
-602.716
-603.516
-604.316
-605.116
-605.916
-606.717
-607.517
-608.318
-609.119
-609.919
-610.72
-611.521
-612.322
-613.124
-613.925
-614.726
-615.527
-616.329
-617.13
-617.932
-618.734
-619.535
-620.337
-621.139
-621.94
-622.742
-623.544
-624.346
-625.148
-625.949
-626.751
-627.553
-628.355
-629.157
-629.958
-630.76
-631.562
-632.364
-633.165
-633.967
-634.769
-635.57
-636.371
-637.173
-637.974
-638.775
-639.577
-640.378
-641.179
-641.98
-642.78
-643.581
-644.382
-645.182
-645.983
-646.783
-647.583
-648.383
-649.183
-649.983
-650.782
-651.582
-652.381
-653.18
-653.979
-654.778
-655.577
-656.375
-657.173
-657.972
-658.769
-659.567
-660.365
-661.162
-661.959
-662.756
-663.552
-664.349
-665.145
-665.941
-666.737
-667.532
-668.327
-669.122
-669.917
-670.712
-671.506
-672.3
-673.093
-673.887
-674.68
-675.473
-676.265
-677.057
-677.849
-678.641
-679.432
-680.223
-681.014
-681.804
-682.594
-683.383
-684.173
-684.962
-685.75
-686.538
-687.326
-688.114
-688.901
-689.688
-690.474
-691.26
-692.046
-692.831
-693.616
-694.4
-695.184
-695.968
-696.751
-697.534
-698.316
-699.098
-699.88
-700.661
-701.441
-702.221
-703.001
-703.78
-704.559
-705.337
-706.115
-706.892
-586.221
-587.015
-587.81
-588.606
-589.401
-590.197
-590.993
-591.789
-592.585
-593.382
-594.179
-594.976
-595.773
-596.57
-597.368
-598.166
-598.964
-599.762
-600.561
-601.359
-602.158
-602.957
-603.756
-604.555
-605.355
-606.154
-606.954
-607.754
-608.554
-609.354
-610.154
-610.955
-611.755
-612.556
-613.356
-614.157
-614.958
-615.759
-616.56
-617.361
-618.163
-618.964
-619.765
-620.567
-621.368
-622.17
-622.972
-623.773
-624.575
-625.377
-626.178
-626.98
-627.782
-628.584
-629.386
-630.187
-630.989
-631.791
-632.593
-633.395
-634.196
-634.998
-635.8
-636.602
-637.403
-638.205
-639.006
-639.808
-640.609
-641.411
-642.212
-643.013
-643.815
-644.616
-645.417
-646.218
-647.018
-647.819
-648.62
-649.42
-650.221
-651.021
-651.821
-652.621
-653.421
-654.221
-655.02
-655.82
-656.619
-657.418
-658.217
-659.016
-659.815
-660.613
-661.411
-662.209
-663.007
-663.805
-664.603
-665.4
-666.197
-666.994
-667.79
-668.587
-669.383
-670.179
-670.975
-671.77
-672.565
-673.36
-674.155
-674.95
-675.744
-676.538
-677.331
-678.125
-678.918
-679.71
-680.503
-681.295
-682.087
-682.879
-683.67
-684.461
-685.251
-686.042
-686.832
-687.621
-688.411
-689.199
-689.988
-690.776
-691.564
-692.352
-693.139
-693.926
-694.712
-695.498
-696.284
-697.069
-697.854
-698.638
-699.422
-700.206
-700.989
-701.772
-702.554
-703.336
-704.117
-704.898
-705.679
-706.459
-707.239
-708.018
-708.797
-709.575
-710.353
-711.13
-711.907
-589.665
-590.459
-591.253
-592.048
-592.844
-593.639
-594.435
-595.231
-596.027
-596.823
-597.62
-598.417
-599.214
-600.011
-600.808
-601.606
-602.404
-603.202
-604
-604.799
-605.597
-606.396
-607.195
-607.994
-608.793
-609.593
-610.392
-611.192
-611.992
-612.792
-613.592
-614.392
-615.193
-615.993
-616.794
-617.594
-618.395
-619.196
-619.997
-620.798
-621.599
-622.401
-623.202
-624.003
-624.805
-625.606
-626.408
-627.209
-628.011
-628.813
-629.614
-630.416
-631.218
-632.02
-632.822
-633.623
-634.425
-635.227
-636.029
-636.831
-637.633
-638.434
-639.236
-640.038
-640.84
-641.641
-642.443
-643.244
-644.046
-644.847
-645.649
-646.45
-647.251
-648.052
-648.854
-649.655
-650.455
-651.256
-652.057
-652.858
-653.658
-654.459
-655.259
-656.059
-656.859
-657.659
-658.459
-659.258
-660.058
-660.857
-661.656
-662.455
-663.254
-664.052
-664.851
-665.649
-666.447
-667.245
-668.043
-668.84
-669.638
-670.435
-671.232
-672.028
-672.825
-673.621
-674.417
-675.213
-676.008
-676.803
-677.598
-678.393
-679.187
-679.982
-680.776
-681.569
-682.363
-683.156
-683.948
-684.741
-685.533
-686.325
-687.116
-687.908
-688.699
-689.489
-690.28
-691.07
-691.859
-692.648
-693.437
-694.226
-695.014
-695.802
-696.59
-697.377
-698.163
-698.95
-699.736
-700.521
-701.307
-702.091
-702.876
-703.66
-704.444
-705.227
-706.009
-706.792
-707.574
-708.355
-709.136
-709.917
-710.697
-711.477
-712.256
-713.034
-713.813
-714.59
-715.368
-716.144
-716.921
-593.902
-594.697
-595.491
-596.286
-597.082
-597.877
-598.673
-599.469
-600.265
-601.061
-601.858
-602.655
-603.452
-604.249
-605.046
-605.844
-606.642
-607.44
-608.238
-609.037
-609.835
-610.634
-611.433
-612.232
-613.031
-613.831
-614.63
-615.43
-616.23
-617.03
-617.83
-618.63
-619.431
-620.231
-621.032
-621.832
-622.633
-623.434
-624.235
-625.036
-625.837
-626.639
-627.44
-628.241
-629.043
-629.844
-630.646
-631.447
-632.249
-633.051
-633.852
-634.654
-635.456
-636.258
-637.06
-637.861
-638.663
-639.465
-640.267
-641.069
-641.87
-642.672
-643.474
-644.276
-645.077
-645.879
-646.681
-647.482
-648.284
-649.085
-649.887
-650.688
-651.489
-652.29
-653.091
-653.892
-654.693
-655.494
-656.295
-657.096
-657.896
-658.696
-659.497
-660.297
-661.097
-661.897
-662.697
-663.496
-664.296
-665.095
-665.894
-666.693
-667.492
-668.29
-669.089
-669.887
-670.685
-671.483
-672.281
-673.078
-673.876
-674.673
-675.47
-676.266
-677.063
-677.859
-678.655
-679.45
-680.246
-681.041
-681.836
-682.631
-683.425
-684.22
-685.013
-685.807
-686.6
-687.393
-688.186
-688.979
-689.771
-690.563
-691.354
-692.146
-692.937
-693.727
-694.517
-695.307
-696.097
-696.886
-697.675
-698.464
-699.252
-700.04
-700.827
-701.615
-702.401
-703.188
-703.974
-704.759
-705.545
-706.329
-707.114
-707.898
-708.681
-709.465
-710.247
-711.03
-711.812
-712.593
-713.374
-714.155
-714.935
-715.714
-716.494
-717.272
-718.05
-718.828
-719.605
-720.382
-721.158
-721.934
-598.14
-598.935
-599.729
-600.524
-601.319
-602.115
-602.911
-603.706
-604.503
-605.299
-606.096
-606.892
-607.689
-608.487
-609.284
-610.082
-610.88
-611.678
-612.476
-613.274
-614.073
-614.872
-615.671
-616.47
-617.269
-618.069
-618.868
-619.668
-620.468
-621.268
-622.068
-622.868
-623.668
-624.469
-625.27
-626.07
-626.871
-627.672
-628.473
-629.274
-630.075
-630.876
-631.678
-632.479
-633.281
-634.082
-634.884
-635.685
-636.487
-637.289
-638.09
-638.892
-639.694
-640.496
-641.297
-642.099
-642.901
-643.703
-644.505
-645.307
-646.108
-646.91
-647.712
-648.514
-649.315
-650.117
-650.919
-651.72
-652.522
-653.323
-654.125
-654.926
-655.727
-656.528
-657.329
-658.13
-658.931
-659.732
-660.533
-661.333
-662.134
-662.934
-663.735
-664.535
-665.335
-666.135
-666.934
-667.734
-668.533
-669.333
-670.132
-670.931
-671.73
-672.528
-673.327
-674.125
-674.923
-675.721
-676.519
-677.316
-678.113
-678.911
-679.707
-680.504
-681.301
-682.097
-682.893
-683.688
-684.484
-685.279
-686.074
-686.869
-687.663
-688.457
-689.251
-690.045
-690.838
-691.631
-692.424
-693.217
-694.009
-694.801
-695.592
-696.384
-697.174
-697.965
-698.755
-699.545
-700.335
-701.124
-701.913
-702.702
-703.49
-704.278
-705.065
-705.852
-706.639
-707.426
-708.212
-708.997
-709.782
-710.567
-711.352
-712.136
-712.919
-713.702
-714.485
-715.268
-716.049
-716.831
-717.612
-718.392
-719.173
-719.952
-720.731
-721.51
-722.288
-723.066
-723.843
-724.62
-725.396
-726.172
-602.378
-603.173
-603.967
-604.762
-605.557
-606.353
-607.149
-607.944
-608.741
-609.537
-610.334
-611.13
-611.927
-612.725
-613.522
-614.32
-615.118
-615.916
-616.714
-617.512
-618.311
-619.11
-619.909
-620.708
-621.507
-622.307
-623.106
-623.906
-624.706
-625.506
-626.306
-627.106
-627.906
-628.707
-629.508
-630.308
-631.109
-631.91
-632.711
-633.512
-634.313
-635.114
-635.916
-636.717
-637.519
-638.32
-639.122
-639.923
-640.725
-641.527
-642.328
-643.13
-643.932
-644.734
-645.535
-646.337
-647.139
-647.941
-648.743
-649.545
-650.346
-651.148
-651.95
-652.752
-653.553
-654.355
-655.157
-655.958
-656.76
-657.561
-658.362
-659.164
-659.965
-660.766
-661.567
-662.368
-663.169
-663.97
-664.771
-665.571
-666.372
-667.172
-667.973
-668.773
-669.573
-670.373
-671.172
-671.972
-672.771
-673.571
-674.37
-675.169
-675.968
-676.766
-677.565
-678.363
-679.161
-679.959
-680.757
-681.554
-682.351
-683.148
-683.945
-684.742
-685.538
-686.335
-687.131
-687.926
-688.722
-689.517
-690.312
-691.107
-691.901
-692.695
-693.489
-694.283
-695.076
-695.869
-696.662
-697.455
-698.247
-699.039
-699.83
-700.621
-701.412
-702.203
-702.993
-703.783
-704.573
-705.362
-706.151
-706.94
-707.728
-708.516
-709.303
-710.09
-710.877
-711.663
-712.449
-713.235
-714.02
-714.805
-715.589
-716.373
-717.157
-717.94
-718.723
-719.505
-720.287
-721.069
-721.85
-722.63
-723.41
-724.19
-724.969
-725.748
-726.526
-727.304
-728.081
-728.858
-729.634
-730.41
-731.185
-606.616
-607.411
-608.205
-609
-609.795
-610.591
-611.386
-612.182
-612.979
-613.775
-614.572
-615.368
-616.165
-616.963
-617.76
-618.558
-619.356
-620.154
-620.952
-621.75
-622.549
-623.348
-624.147
-624.946
-625.745
-626.544
-627.344
-628.144
-628.944
-629.744
-630.544
-631.344
-632.144
-632.945
-633.745
-634.546
-635.347
-636.148
-636.949
-637.75
-638.551
-639.352
-640.154
-640.955
-641.756
-642.558
-643.36
-644.161
-644.963
-645.764
-646.566
-647.368
-648.17
-648.972
-649.773
-650.575
-651.377
-652.179
-652.981
-653.782
-654.584
-655.386
-656.188
-656.989
-657.791
-658.593
-659.394
-660.196
-660.998
-661.799
-662.6
-663.402
-664.203
-665.004
-665.805
-666.606
-667.407
-668.208
-669.009
-669.809
-670.61
-671.41
-672.21
-673.011
-673.811
-674.61
-675.41
-676.21
-677.009
-677.809
-678.608
-679.407
-680.205
-681.004
-681.803
-682.601
-683.399
-684.197
-684.995
-685.792
-686.589
-687.386
-688.183
-688.98
-689.776
-690.572
-691.368
-692.164
-692.96
-693.755
-694.55
-695.345
-696.139
-696.933
-697.727
-698.521
-699.314
-700.107
-700.9
-701.692
-702.485
-703.276
-704.068
-704.859
-705.65
-706.441
-707.231
-708.021
-708.811
-709.6
-710.389
-711.177
-711.966
-712.754
-713.541
-714.328
-715.115
-715.901
-716.687
-717.473
-718.258
-719.043
-719.827
-720.611
-721.395
-722.178
-722.961
-723.743
-724.525
-725.307
-726.088
-726.868
-727.648
-728.428
-729.207
-729.986
-730.764
-731.542
-732.319
-733.096
-733.872
-734.648
-735.423
-736.197
-610.854
-611.649
-612.443
-613.238
-614.033
-614.829
-615.624
-616.42
-617.216
-618.013
-618.809
-619.606
-620.403
-621.201
-621.998
-622.796
-623.594
-624.392
-625.19
-625.988
-626.787
-627.586
-628.385
-629.184
-629.983
-630.782
-631.582
-632.382
-633.182
-633.982
-634.782
-635.582
-636.382
-637.183
-637.983
-638.784
-639.585
-640.386
-641.187
-641.988
-642.789
-643.59
-644.392
-645.193
-645.994
-646.796
-647.597
-648.399
-649.201
-650.002
-650.804
-651.606
-652.408
-653.209
-654.011
-654.813
-655.615
-656.417
-657.219
-658.02
-658.822
-659.624
-660.426
-661.227
-662.029
-662.831
-663.632
-664.434
-665.235
-666.037
-666.838
-667.64
-668.441
-669.242
-670.043
-670.844
-671.645
-672.446
-673.247
-674.047
-674.848
-675.648
-676.448
-677.249
-678.049
-678.848
-679.648
-680.448
-681.247
-682.046
-682.846
-683.645
-684.443
-685.242
-686.04
-686.839
-687.637
-688.435
-689.232
-690.03
-690.827
-691.624
-692.421
-693.218
-694.014
-694.81
-695.606
-696.402
-697.198
-697.993
-698.788
-699.582
-700.377
-701.171
-701.965
-702.759
-703.552
-704.345
-705.138
-705.93
-706.722
-707.514
-708.306
-709.097
-709.888
-710.679
-711.469
-712.259
-713.049
-713.838
-714.627
-715.415
-716.204
-716.991
-717.779
-718.566
-719.353
-720.139
-720.925
-721.711
-722.496
-723.281
-724.065
-724.849
-725.633
-726.416
-727.199
-727.981
-728.763
-729.544
-730.325
-731.106
-731.886
-732.666
-733.445
-734.224
-735.002
-735.779
-736.557
-737.333
-738.11
-738.885
-739.661
-740.435
-615.092
-615.886
-616.681
-617.476
-618.271
-619.067
-619.862
-620.658
-621.454
-622.251
-623.047
-623.844
-624.641
-625.439
-626.236
-627.034
-627.831
-628.63
-629.428
-630.226
-631.025
-631.824
-632.623
-633.422
-634.221
-635.02
-635.82
-636.62
-637.419
-638.219
-639.02
-639.82
-640.62
-641.421
-642.221
-643.022
-643.823
-644.624
-645.425
-646.226
-647.027
-647.828
-648.629
-649.431
-650.232
-651.034
-651.835
-652.637
-653.439
-654.24
-655.042
-655.844
-656.646
-657.447
-658.249
-659.051
-659.853
-660.655
-661.456
-662.258
-663.06
-663.862
-664.664
-665.465
-666.267
-667.069
-667.87
-668.672
-669.473
-670.275
-671.076
-671.878
-672.679
-673.48
-674.281
-675.082
-675.883
-676.684
-677.485
-678.285
-679.086
-679.886
-680.686
-681.486
-682.286
-683.086
-683.886
-684.686
-685.485
-686.284
-687.084
-687.882
-688.681
-689.48
-690.278
-691.077
-691.875
-692.673
-693.47
-694.268
-695.065
-695.862
-696.659
-697.456
-698.252
-699.048
-699.844
-700.64
-701.435
-702.231
-703.026
-703.82
-704.615
-705.409
-706.203
-706.997
-707.79
-708.583
-709.376
-710.168
-710.96
-711.752
-712.544
-713.335
-714.126
-714.917
-715.707
-716.497
-717.286
-718.076
-718.865
-719.653
-720.441
-721.229
-722.017
-722.804
-723.591
-724.377
-725.163
-725.949
-726.734
-727.519
-728.303
-729.087
-729.871
-730.654
-731.437
-732.219
-733.001
-733.782
-734.563
-735.344
-736.124
-736.904
-737.683
-738.461
-739.24
-740.017
-740.794
-741.571
-742.347
-743.123
-743.898
-744.673
-745.447
-619.33
-620.124
-620.919
-621.714
-622.509
-623.305
-624.1
-624.896
-625.692
-626.489
-627.285
-628.082
-628.879
-629.676
-630.474
-631.272
-632.069
-632.867
-633.666
-634.464
-635.263
-636.062
-636.86
-637.66
-638.459
-639.258
-640.058
-640.858
-641.657
-642.457
-643.258
-644.058
-644.858
-645.659
-646.459
-647.26
-648.061
-648.862
-649.663
-650.464
-651.265
-652.066
-652.867
-653.669
-654.47
-655.272
-656.073
-656.875
-657.677
-658.478
-659.28
-660.082
-660.883
-661.685
-662.487
-663.289
-664.091
-664.893
-665.694
-666.496
-667.298
-668.1
-668.902
-669.703
-670.505
-671.307
-672.108
-672.91
-673.711
-674.513
-675.314
-676.115
-676.917
-677.718
-678.519
-679.32
-680.121
-680.922
-681.722
-682.523
-683.324
-684.124
-684.924
-685.724
-686.524
-687.324
-688.124
-688.924
-689.723
-690.522
-691.321
-692.12
-692.919
-693.718
-694.516
-695.315
-696.113
-696.911
-697.708
-698.506
-699.303
-700.1
-700.897
-701.694
-702.49
-703.286
-704.082
-704.878
-705.673
-706.469
-707.264
-708.058
-708.853
-709.647
-710.441
-711.234
-712.028
-712.821
-713.614
-714.406
-715.198
-715.99
-716.782
-717.573
-718.364
-719.155
-719.945
-720.735
-721.524
-722.314
-723.103
-723.891
-724.679
-725.467
-726.255
-727.042
-727.829
-728.615
-729.401
-730.187
-730.972
-731.757
-732.541
-733.325
-734.109
-734.892
-735.674
-736.457
-737.239
-738.02
-738.801
-739.582
-740.362
-741.141
-741.921
-742.699
-743.477
-744.255
-745.032
-745.809
-746.585
-747.361
-748.136
-748.911
-749.685
-750.459
-623.568
-624.362
-625.157
-625.952
-626.747
-627.543
-628.338
-629.134
-629.93
-630.727
-631.523
-632.32
-633.117
-633.914
-634.712
-635.51
-636.307
-637.105
-637.904
-638.702
-639.501
-640.299
-641.098
-641.898
-642.697
-643.496
-644.296
-645.095
-645.895
-646.695
-647.495
-648.296
-649.096
-649.897
-650.697
-651.498
-652.299
-653.1
-653.901
-654.702
-655.503
-656.304
-657.105
-657.907
-658.708
-659.51
-660.311
-661.113
-661.914
-662.716
-663.518
-664.32
-665.121
-665.923
-666.725
-667.527
-668.329
-669.13
-669.932
-670.734
-671.536
-672.338
-673.139
-673.941
-674.743
-675.545
-676.346
-677.148
-677.949
-678.751
-679.552
-680.353
-681.155
-681.956
-682.757
-683.558
-684.359
-685.16
-685.96
-686.761
-687.561
-688.362
-689.162
-689.962
-690.762
-691.562
-692.362
-693.161
-693.961
-694.76
-695.559
-696.358
-697.157
-697.956
-698.754
-699.552
-700.351
-701.148
-701.946
-702.744
-703.541
-704.338
-705.135
-705.931
-706.728
-707.524
-708.32
-709.116
-709.911
-710.706
-711.501
-712.296
-713.091
-713.885
-714.679
-715.472
-716.266
-717.059
-717.852
-718.644
-719.436
-720.228
-721.02
-721.811
-722.602
-723.392
-724.183
-724.973
-725.762
-726.552
-727.34
-728.129
-728.917
-729.705
-730.493
-731.28
-732.066
-732.853
-733.639
-734.424
-735.21
-735.994
-736.779
-737.563
-738.346
-739.13
-739.912
-740.695
-741.477
-742.258
-743.039
-743.819
-744.6
-745.379
-746.158
-746.937
-747.715
-748.493
-749.27
-750.047
-750.823
-751.599
-752.374
-753.149
-753.923
-754.697
-755.47
-627.806
-628.6
-629.395
-630.19
-630.985
-631.781
-632.576
-633.372
-634.168
-634.965
-635.761
-636.558
-637.355
-638.152
-638.95
-639.747
-640.545
-641.343
-642.142
-642.94
-643.739
-644.537
-645.336
-646.135
-646.935
-647.734
-648.534
-649.333
-650.133
-650.933
-651.733
-652.534
-653.334
-654.134
-654.935
-655.736
-656.537
-657.337
-658.138
-658.94
-659.741
-660.542
-661.343
-662.145
-662.946
-663.748
-664.549
-665.351
-666.152
-666.954
-667.756
-668.558
-669.359
-670.161
-670.963
-671.765
-672.567
-673.368
-674.17
-674.972
-675.774
-676.576
-677.377
-678.179
-678.981
-679.782
-680.584
-681.386
-682.187
-682.989
-683.79
-684.591
-685.393
-686.194
-686.995
-687.796
-688.597
-689.398
-690.198
-690.999
-691.799
-692.6
-693.4
-694.2
-695
-695.8
-696.6
-697.399
-698.199
-698.998
-699.797
-700.596
-701.395
-702.194
-702.992
-703.79
-704.588
-705.386
-706.184
-706.982
-707.779
-708.576
-709.373
-710.169
-710.966
-711.762
-712.558
-713.354
-714.149
-714.944
-715.739
-716.534
-717.328
-718.123
-718.917
-719.71
-720.504
-721.297
-722.089
-722.882
-723.674
-724.466
-725.258
-726.049
-726.84
-727.63
-728.421
-729.211
-730
-730.789
-731.578
-732.367
-733.155
-733.943
-734.73
-735.518
-736.304
-737.091
-737.877
-738.662
-739.448
-740.232
-741.017
-741.801
-742.584
-743.367
-744.15
-744.933
-745.714
-746.496
-747.277
-748.057
-748.837
-749.617
-750.396
-751.175
-751.953
-752.731
-753.508
-754.285
-755.061
-755.837
-756.612
-757.387
-758.161
-758.934
-759.708
-632.044
-632.838
-633.633
-634.428
-635.223
-636.018
-636.814
-637.61
-638.406
-639.203
-639.999
-640.796
-641.593
-642.39
-643.188
-643.985
-644.783
-645.581
-646.38
-647.178
-647.977
-648.775
-649.574
-650.373
-651.173
-651.972
-652.772
-653.571
-654.371
-655.171
-655.971
-656.772
-657.572
-658.372
-659.173
-659.974
-660.775
-661.575
-662.376
-663.177
-663.979
-664.78
-665.581
-666.383
-667.184
-667.986
-668.787
-669.589
-670.39
-671.192
-671.994
-672.795
-673.597
-674.399
-675.201
-676.003
-676.804
-677.606
-678.408
-679.21
-680.012
-680.814
-681.615
-682.417
-683.219
-684.02
-684.822
-685.624
-686.425
-687.226
-688.028
-688.829
-689.63
-690.432
-691.233
-692.034
-692.835
-693.635
-694.436
-695.237
-696.037
-696.838
-697.638
-698.438
-699.238
-700.038
-700.838
-701.637
-702.437
-703.236
-704.035
-704.834
-705.633
-706.432
-707.23
-708.028
-708.826
-709.624
-710.422
-711.219
-712.017
-712.814
-713.611
-714.407
-715.204
-716
-716.796
-717.592
-718.387
-719.182
-719.977
-720.772
-721.566
-722.361
-723.154
-723.948
-724.741
-725.535
-726.327
-727.12
-727.912
-728.704
-729.495
-730.287
-731.078
-731.868
-732.658
-733.448
-734.238
-735.027
-735.816
-736.605
-737.393
-738.181
-738.968
-739.756
-740.542
-741.329
-742.115
-742.9
-743.685
-744.47
-745.255
-746.039
-746.822
-747.605
-748.388
-749.17
-749.952
-750.734
-751.515
-752.295
-753.075
-753.855
-754.634
-755.413
-756.191
-756.969
-757.746
-758.523
-759.299
-760.074
-760.85
-761.624
-762.399
-763.172
-763.945
-764.718
-636.282
-637.076
-637.871
-638.666
-639.461
-640.256
-641.052
-641.848
-642.644
-643.44
-644.237
-645.034
-645.831
-646.628
-647.426
-648.223
-649.021
-649.819
-650.617
-651.416
-652.214
-653.013
-653.812
-654.611
-655.411
-656.21
-657.01
-657.809
-658.609
-659.409
-660.209
-661.009
-661.81
-662.61
-663.411
-664.212
-665.012
-665.813
-666.614
-667.415
-668.217
-669.018
-669.819
-670.62
-671.422
-672.223
-673.025
-673.827
-674.628
-675.43
-676.232
-677.033
-677.835
-678.637
-679.439
-680.241
-681.042
-681.844
-682.646
-683.448
-684.25
-685.051
-685.853
-686.655
-687.457
-688.258
-689.06
-689.861
-690.663
-691.464
-692.266
-693.067
-693.868
-694.67
-695.471
-696.272
-697.073
-697.873
-698.674
-699.475
-700.275
-701.076
-701.876
-702.676
-703.476
-704.276
-705.076
-705.875
-706.675
-707.474
-708.273
-709.072
-709.871
-710.669
-711.468
-712.266
-713.064
-713.862
-714.66
-715.457
-716.255
-717.052
-717.849
-718.645
-719.442
-720.238
-721.034
-721.829
-722.625
-723.42
-724.215
-725.01
-725.804
-726.598
-727.392
-728.186
-728.979
-729.772
-730.565
-731.358
-732.15
-732.942
-733.733
-734.525
-735.316
-736.106
-736.896
-737.686
-738.476
-739.265
-740.054
-740.843
-741.631
-742.419
-743.206
-743.993
-744.78
-745.567
-746.352
-747.138
-747.923
-748.708
-749.492
-750.276
-751.06
-751.843
-752.626
-753.408
-754.19
-754.972
-755.753
-756.533
-757.313
-758.093
-758.872
-759.651
-760.429
-761.206
-761.984
-762.76
-763.537
-764.312
-765.088
-765.862
-766.636
-767.41
-768.183
-768.956
-769.728
-640.52
-641.314
-642.109
-642.904
-643.699
-644.494
-645.29
-646.086
-646.882
-647.678
-648.475
-649.272
-650.069
-650.866
-651.664
-652.461
-653.259
-654.057
-654.855
-655.654
-656.452
-657.251
-658.05
-658.849
-659.649
-660.448
-661.247
-662.047
-662.847
-663.647
-664.447
-665.247
-666.048
-666.848
-667.649
-668.45
-669.25
-670.051
-670.852
-671.653
-672.454
-673.256
-674.057
-674.858
-675.66
-676.461
-677.263
-678.065
-678.866
-679.668
-680.47
-681.271
-682.073
-682.875
-683.677
-684.479
-685.28
-686.082
-686.884
-687.686
-688.488
-689.289
-690.091
-690.893
-691.695
-692.496
-693.298
-694.099
-694.901
-695.702
-696.504
-697.305
-698.106
-698.907
-699.709
-700.51
-701.31
-702.111
-702.912
-703.713
-704.513
-705.313
-706.114
-706.914
-707.714
-708.514
-709.314
-710.113
-710.913
-711.712
-712.511
-713.31
-714.109
-714.907
-715.706
-716.504
-717.302
-718.1
-718.898
-719.695
-720.493
-721.29
-722.086
-722.883
-723.68
-724.476
-725.272
-726.067
-726.863
-727.658
-728.453
-729.248
-730.042
-730.836
-731.63
-732.424
-733.217
-734.01
-734.803
-735.596
-736.388
-737.18
-737.971
-738.762
-739.553
-740.344
-741.134
-741.924
-742.714
-743.503
-744.292
-745.081
-745.869
-746.657
-747.444
-748.231
-749.018
-749.804
-750.59
-751.376
-752.161
-752.946
-753.73
-754.514
-755.298
-756.081
-756.864
-757.646
-758.428
-759.209
-759.99
-760.771
-761.551
-762.331
-763.11
-763.888
-764.667
-765.444
-766.221
-766.998
-767.774
-768.55
-769.325
-770.1
-770.874
-771.648
-772.421
-773.194
-773.966
-644.758
-645.552
-646.347
-647.142
-647.937
-648.732
-649.528
-650.324
-651.12
-651.916
-652.713
-653.51
-654.307
-655.104
-655.902
-656.699
-657.497
-658.295
-659.093
-659.892
-660.69
-661.489
-662.288
-663.087
-663.886
-664.686
-665.485
-666.285
-667.085
-667.885
-668.685
-669.485
-670.286
-671.086
-671.887
-672.687
-673.488
-674.289
-675.09
-675.891
-676.692
-677.494
-678.295
-679.096
-679.898
-680.699
-681.501
-682.302
-683.104
-683.906
-684.707
-685.509
-686.311
-687.113
-687.915
-688.716
-689.518
-690.32
-691.122
-691.924
-692.726
-693.527
-694.329
-695.131
-695.932
-696.734
-697.536
-698.337
-699.139
-699.94
-700.742
-701.543
-702.344
-703.145
-703.946
-704.747
-705.548
-706.349
-707.15
-707.951
-708.751
-709.551
-710.352
-711.152
-711.952
-712.752
-713.551
-714.351
-715.15
-715.95
-716.749
-717.548
-718.347
-719.145
-719.944
-720.742
-721.54
-722.338
-723.136
-723.933
-724.73
-725.528
-726.324
-727.121
-727.917
-728.714
-729.51
-730.305
-731.101
-731.896
-732.691
-733.486
-734.28
-735.074
-735.868
-736.662
-737.455
-738.248
-739.041
-739.834
-740.626
-741.418
-742.209
-743
-743.791
-744.582
-745.372
-746.162
-746.952
-747.741
-748.53
-749.319
-750.107
-750.895
-751.682
-752.469
-753.256
-754.042
-754.828
-755.614
-756.399
-757.184
-757.968
-758.752
-759.536
-760.319
-761.102
-761.884
-762.666
-763.447
-764.228
-765.009
-765.789
-766.568
-767.348
-768.126
-768.904
-769.682
-770.459
-771.236
-772.012
-772.788
-773.563
-774.338
-775.112
-775.886
-776.659
-777.431
-778.204
-778.975
-648.996
-649.79
-650.585
-651.38
-652.175
-652.97
-653.766
-654.562
-655.358
-656.154
-656.951
-657.748
-658.545
-659.342
-660.139
-660.937
-661.735
-662.533
-663.331
-664.13
-664.928
-665.727
-666.526
-667.325
-668.124
-668.924
-669.723
-670.523
-671.323
-672.123
-672.923
-673.723
-674.524
-675.324
-676.125
-676.925
-677.726
-678.527
-679.328
-680.129
-680.93
-681.732
-682.533
-683.334
-684.136
-684.937
-685.739
-686.54
-687.342
-688.144
-688.945
-689.747
-690.549
-691.351
-692.153
-692.954
-693.756
-694.558
-695.36
-696.162
-696.963
-697.765
-698.567
-699.369
-700.17
-700.972
-701.774
-702.575
-703.377
-704.178
-704.98
-705.781
-706.582
-707.383
-708.184
-708.985
-709.786
-710.587
-711.388
-712.188
-712.989
-713.789
-714.59
-715.39
-716.19
-716.99
-717.789
-718.589
-719.388
-720.188
-720.987
-721.786
-722.585
-723.383
-724.182
-724.98
-725.778
-726.576
-727.374
-728.171
-728.968
-729.765
-730.562
-731.359
-732.155
-732.952
-733.747
-734.543
-735.339
-736.134
-736.929
-737.724
-738.518
-739.312
-740.106
-740.9
-741.693
-742.486
-743.279
-744.071
-744.864
-745.655
-746.447
-747.238
-748.029
-748.82
-749.61
-750.4
-751.19
-751.979
-752.768
-753.556
-754.345
-755.132
-755.92
-756.707
-757.494
-758.28
-759.066
-759.852
-760.637
-761.422
-762.206
-762.99
-763.774
-764.557
-765.34
-766.122
-766.904
-767.685
-768.466
-769.247
-770.027
-770.806
-771.585
-772.364
-773.142
-773.92
-774.697
-775.474
-776.25
-777.026
-777.801
-778.576
-779.35
-780.124
-780.897
-781.669
-782.441
-783.213
-783.984
-653.234
-654.028
-654.823
-655.618
-656.413
-657.208
-658.004
-658.8
-659.596
-660.392
-661.189
-661.986
-662.783
-663.58
-664.377
-665.175
-665.973
-666.771
-667.569
-668.368
-669.166
-669.965
-670.764
-671.563
-672.362
-673.162
-673.961
-674.761
-675.561
-676.361
-677.161
-677.961
-678.762
-679.562
-680.363
-681.163
-681.964
-682.765
-683.566
-684.367
-685.168
-685.97
-686.771
-687.572
-688.374
-689.175
-689.977
-690.778
-691.58
-692.382
-693.183
-693.985
-694.787
-695.589
-696.39
-697.192
-697.994
-698.796
-699.598
-700.4
-701.201
-702.003
-702.805
-703.607
-704.408
-705.21
-706.012
-706.813
-707.615
-708.416
-709.217
-710.019
-710.82
-711.621
-712.422
-713.223
-714.024
-714.825
-715.626
-716.426
-717.227
-718.027
-718.827
-719.628
-720.428
-721.228
-722.027
-722.827
-723.626
-724.426
-725.225
-726.024
-726.822
-727.621
-728.42
-729.218
-730.016
-730.814
-731.611
-732.409
-733.206
-734.003
-734.8
-735.597
-736.393
-737.189
-737.985
-738.781
-739.577
-740.372
-741.167
-741.961
-742.756
-743.55
-744.344
-745.138
-745.931
-746.724
-747.517
-748.309
-749.101
-749.893
-750.685
-751.476
-752.267
-753.058
-753.848
-754.638
-755.428
-756.217
-757.006
-757.794
-758.583
-759.37
-760.158
-760.945
-761.732
-762.518
-763.304
-764.09
-764.875
-765.66
-766.444
-767.228
-768.012
-768.795
-769.577
-770.36
-771.142
-771.923
-772.704
-773.485
-774.265
-775.044
-775.823
-776.602
-777.38
-778.158
-778.935
-779.712
-780.488
-781.264
-782.039
-782.814
-783.588
-784.361
-785.135
-785.907
-786.679
-787.451
-788.222
-788.992
-657.472
-658.266
-659.061
-659.855
-660.651
-661.446
-662.242
-663.038
-663.834
-664.63
-665.427
-666.224
-667.021
-667.818
-668.615
-669.413
-670.211
-671.009
-671.807
-672.606
-673.404
-674.203
-675.002
-675.801
-676.6
-677.4
-678.199
-678.999
-679.799
-680.599
-681.399
-682.199
-682.999
-683.8
-684.601
-685.401
-686.202
-687.003
-687.804
-688.605
-689.406
-690.207
-691.009
-691.81
-692.612
-693.413
-694.215
-695.016
-695.818
-696.62
-697.421
-698.223
-699.025
-699.827
-700.628
-701.43
-702.232
-703.034
-703.836
-704.637
-705.439
-706.241
-707.043
-707.845
-708.646
-709.448
-710.249
-711.051
-711.853
-712.654
-713.455
-714.257
-715.058
-715.859
-716.66
-717.461
-718.262
-719.063
-719.864
-720.664
-721.465
-722.265
-723.065
-723.866
-724.666
-725.465
-726.265
-727.065
-727.864
-728.663
-729.463
-730.262
-731.06
-731.859
-732.657
-733.456
-734.254
-735.052
-735.849
-736.647
-737.444
-738.241
-739.038
-739.835
-740.631
-741.427
-742.223
-743.019
-743.814
-744.61
-745.405
-746.199
-746.994
-747.788
-748.582
-749.376
-750.169
-750.962
-751.755
-752.547
-753.339
-754.131
-754.923
-755.714
-756.505
-757.296
-758.086
-758.876
-759.665
-760.455
-761.244
-762.032
-762.82
-763.608
-764.396
-765.183
-765.97
-766.756
-767.542
-768.328
-769.113
-769.898
-770.682
-771.466
-772.249
-773.033
-773.815
-774.598
-775.379
-776.161
-776.942
-777.722
-778.502
-779.282
-780.061
-780.84
-781.618
-782.396
-783.173
-783.95
-784.726
-785.502
-786.277
-787.051
-787.826
-788.599
-789.372
-790.145
-790.917
-791.689
-792.459
-793.23
-661.71
-662.504
-663.298
-664.093
-664.889
-665.684
-666.48
-667.276
-668.072
-668.868
-669.665
-670.461
-671.259
-672.056
-672.853
-673.651
-674.449
-675.247
-676.045
-676.843
-677.642
-678.441
-679.24
-680.039
-680.838
-681.638
-682.437
-683.237
-684.037
-684.837
-685.637
-686.437
-687.237
-688.038
-688.838
-689.639
-690.44
-691.241
-692.042
-692.843
-693.644
-694.445
-695.247
-696.048
-696.849
-697.651
-698.453
-699.254
-700.056
-700.857
-701.659
-702.461
-703.263
-704.064
-704.866
-705.668
-706.47
-707.272
-708.074
-708.875
-709.677
-710.479
-711.281
-712.082
-712.884
-713.686
-714.487
-715.289
-716.09
-716.892
-717.693
-718.495
-719.296
-720.097
-720.898
-721.699
-722.5
-723.301
-724.102
-724.902
-725.703
-726.503
-727.303
-728.103
-728.903
-729.703
-730.503
-731.303
-732.102
-732.901
-733.701
-734.5
-735.298
-736.097
-736.895
-737.694
-738.492
-739.29
-740.087
-740.885
-741.682
-742.479
-743.276
-744.073
-744.869
-745.665
-746.461
-747.257
-748.052
-748.848
-749.643
-750.437
-751.232
-752.026
-752.82
-753.613
-754.407
-755.2
-755.993
-756.785
-757.577
-758.369
-759.161
-759.952
-760.743
-761.534
-762.324
-763.114
-763.903
-764.693
-765.482
-766.27
-767.058
-767.846
-768.634
-769.421
-770.208
-770.994
-771.78
-772.565
-773.351
-774.135
-774.92
-775.704
-776.487
-777.27
-778.053
-778.836
-779.617
-780.399
-781.18
-781.96
-782.74
-783.52
-784.299
-785.078
-785.856
-786.634
-787.411
-788.187
-788.964
-789.739
-790.515
-791.289
-792.063
-792.837
-793.61
-794.383
-795.155
-795.926
-796.697
-797.468
-798.238
-665.947
-666.742
-667.536
-668.331
-669.127
-669.922
-670.718
-671.513
-672.31
-673.106
-673.903
-674.699
-675.496
-676.294
-677.091
-677.889
-678.687
-679.485
-680.283
-681.081
-681.88
-682.679
-683.478
-684.277
-685.076
-685.875
-686.675
-687.475
-688.275
-689.075
-689.875
-690.675
-691.475
-692.276
-693.076
-693.877
-694.678
-695.479
-696.28
-697.081
-697.882
-698.683
-699.485
-700.286
-701.087
-701.889
-702.69
-703.492
-704.294
-705.095
-705.897
-706.699
-707.501
-708.302
-709.104
-709.906
-710.708
-711.51
-712.312
-713.113
-713.915
-714.717
-715.519
-716.32
-717.122
-717.924
-718.725
-719.527
-720.328
-721.13
-721.931
-722.733
-723.534
-724.335
-725.136
-725.937
-726.738
-727.539
-728.339
-729.14
-729.941
-730.741
-731.541
-732.341
-733.141
-733.941
-734.741
-735.541
-736.34
-737.139
-737.938
-738.737
-739.536
-740.335
-741.133
-741.932
-742.73
-743.528
-744.325
-745.123
-745.92
-746.717
-747.514
-748.311
-749.107
-749.903
-750.699
-751.495
-752.29
-753.086
-753.88
-754.675
-755.47
-756.264
-757.058
-757.851
-758.645
-759.438
-760.231
-761.023
-761.815
-762.607
-763.399
-764.19
-764.981
-765.771
-766.562
-767.352
-768.141
-768.931
-769.719
-770.508
-771.296
-772.084
-772.872
-773.659
-774.445
-775.232
-776.018
-776.803
-777.589
-778.373
-779.158
-779.942
-780.725
-781.508
-782.291
-783.073
-783.855
-784.637
-785.418
-786.198
-786.978
-787.758
-788.537
-789.316
-790.094
-790.871
-791.649
-792.425
-793.202
-793.977
-794.752
-795.527
-796.301
-797.075
-797.848
-798.621
-799.393
-800.164
-800.935
-801.706
-802.475
-803.245
-670.185
-670.98
-671.774
-672.569
-673.364
-674.16
-674.956
-675.751
-676.548
-677.344
-678.141
-678.937
-679.734
-680.532
-681.329
-682.127
-682.925
-683.723
-684.521
-685.319
-686.118
-686.917
-687.716
-688.515
-689.314
-690.113
-690.913
-691.713
-692.513
-693.313
-694.113
-694.913
-695.713
-696.514
-697.314
-698.115
-698.916
-699.717
-700.518
-701.319
-702.12
-702.921
-703.723
-704.524
-705.325
-706.127
-706.928
-707.73
-708.532
-709.333
-710.135
-710.937
-711.739
-712.54
-713.342
-714.144
-714.946
-715.748
-716.549
-717.351
-718.153
-718.955
-719.757
-720.558
-721.36
-722.162
-722.963
-723.765
-724.566
-725.368
-726.169
-726.97
-727.772
-728.573
-729.374
-730.175
-730.976
-731.777
-732.577
-733.378
-734.179
-734.979
-735.779
-736.579
-737.379
-738.179
-738.979
-739.779
-740.578
-741.377
-742.176
-742.975
-743.774
-744.573
-745.371
-746.169
-746.968
-747.765
-748.563
-749.361
-750.158
-750.955
-751.752
-752.548
-753.345
-754.141
-754.937
-755.733
-756.528
-757.323
-758.118
-758.913
-759.708
-760.502
-761.296
-762.089
-762.883
-763.676
-764.468
-765.261
-766.053
-766.845
-767.637
-768.428
-769.219
-770.009
-770.8
-771.59
-772.379
-773.168
-773.957
-774.746
-775.534
-776.322
-777.109
-777.897
-778.683
-779.47
-780.256
-781.041
-781.826
-782.611
-783.396
-784.18
-784.963
-785.746
-786.529
-787.311
-788.093
-788.875
-789.656
-790.436
-791.216
-791.996
-792.775
-793.553
-794.332
-795.109
-795.886
-796.663
-797.439
-798.215
-798.99
-799.765
-800.539
-801.313
-802.086
-802.859
-803.631
-804.402
-805.173
-805.943
-806.713
-807.482
-808.251
-674.423
-675.218
-676.012
-676.807
-677.602
-678.398
-679.193
-679.989
-680.785
-681.582
-682.378
-683.175
-683.972
-684.77
-685.567
-686.365
-687.163
-687.961
-688.759
-689.557
-690.356
-691.155
-691.954
-692.753
-693.552
-694.351
-695.151
-695.951
-696.75
-697.55
-698.351
-699.151
-699.951
-700.752
-701.552
-702.353
-703.154
-703.955
-704.756
-705.557
-706.358
-707.159
-707.96
-708.762
-709.563
-710.365
-711.166
-711.968
-712.77
-713.571
-714.373
-715.175
-715.976
-716.778
-717.58
-718.382
-719.184
-719.986
-720.787
-721.589
-722.391
-723.193
-723.994
-724.796
-725.598
-726.4
-727.201
-728.003
-728.804
-729.606
-730.407
-731.208
-732.01
-732.811
-733.612
-734.413
-735.214
-736.015
-736.815
-737.616
-738.416
-739.217
-740.017
-740.817
-741.617
-742.417
-743.217
-744.016
-744.816
-745.615
-746.414
-747.213
-748.012
-748.811
-749.609
-750.407
-751.205
-752.003
-752.801
-753.599
-754.396
-755.193
-755.99
-756.786
-757.583
-758.379
-759.175
-759.971
-760.766
-761.561
-762.356
-763.151
-763.945
-764.74
-765.534
-766.327
-767.121
-767.914
-768.706
-769.499
-770.291
-771.083
-771.874
-772.666
-773.457
-774.247
-775.038
-775.827
-776.617
-777.406
-778.195
-778.984
-779.772
-780.56
-781.347
-782.134
-782.921
-783.708
-784.494
-785.279
-786.064
-786.849
-787.633
-788.417
-789.201
-789.984
-790.767
-791.549
-792.331
-793.112
-793.893
-794.674
-795.454
-796.234
-797.013
-797.791
-798.569
-799.347
-800.124
-800.901
-801.677
-802.453
-803.228
-804.003
-804.777
-805.551
-806.324
-807.096
-807.868
-808.64
-809.411
-810.181
-810.951
-811.72
-812.489
-678.661
-679.456
-680.25
-681.045
-681.84
-682.636
-683.431
-684.227
-685.023
-685.82
-686.616
-687.413
-688.21
-689.007
-689.805
-690.603
-691.4
-692.199
-692.997
-693.795
-694.594
-695.393
-696.191
-696.991
-697.79
-698.589
-699.389
-700.189
-700.988
-701.788
-702.589
-703.389
-704.189
-704.99
-705.79
-706.591
-707.392
-708.193
-708.994
-709.795
-710.596
-711.397
-712.198
-713
-713.801
-714.603
-715.404
-716.206
-717.007
-717.809
-718.611
-719.413
-720.214
-721.016
-721.818
-722.62
-723.422
-724.223
-725.025
-725.827
-726.629
-727.431
-728.232
-729.034
-729.836
-730.637
-731.439
-732.241
-733.042
-733.844
-734.645
-735.446
-736.248
-737.049
-737.85
-738.651
-739.452
-740.253
-741.053
-741.854
-742.654
-743.455
-744.255
-745.055
-745.855
-746.655
-747.455
-748.254
-749.054
-749.853
-750.652
-751.451
-752.25
-753.049
-753.847
-754.645
-755.443
-756.241
-757.039
-757.836
-758.634
-759.431
-760.228
-761.024
-761.821
-762.617
-763.413
-764.209
-765.004
-765.799
-766.594
-767.389
-768.183
-768.978
-769.771
-770.565
-771.358
-772.152
-772.944
-773.737
-774.529
-775.321
-776.112
-776.904
-777.695
-778.485
-779.275
-780.065
-780.855
-781.644
-782.433
-783.222
-784.01
-784.798
-785.585
-786.372
-787.159
-787.945
-788.731
-789.517
-790.302
-791.087
-791.871
-792.655
-793.439
-794.222
-795.005
-795.787
-796.569
-797.35
-798.131
-798.912
-799.692
-800.471
-801.251
-802.029
-802.807
-803.585
-804.362
-805.139
-805.915
-806.691
-807.466
-808.241
-809.015
-809.789
-810.562
-811.334
-812.106
-812.878
-813.649
-814.419
-815.189
-815.958
-816.727
-817.495
-682.899
-683.693
-684.488
-685.283
-686.078
-686.874
-687.669
-688.465
-689.261
-690.058
-690.854
-691.651
-692.448
-693.245
-694.043
-694.841
-695.638
-696.436
-697.235
-698.033
-698.832
-699.63
-700.429
-701.229
-702.028
-702.827
-703.627
-704.426
-705.226
-706.026
-706.826
-707.627
-708.427
-709.228
-710.028
-710.829
-711.63
-712.431
-713.232
-714.033
-714.834
-715.635
-716.436
-717.238
-718.039
-718.841
-719.642
-720.444
-721.245
-722.047
-722.849
-723.651
-724.452
-725.254
-726.056
-726.858
-727.66
-728.461
-729.263
-730.065
-730.867
-731.669
-732.47
-733.272
-734.074
-734.875
-735.677
-736.479
-737.28
-738.081
-738.883
-739.684
-740.485
-741.287
-742.088
-742.889
-743.69
-744.49
-745.291
-746.092
-746.892
-747.693
-748.493
-749.293
-750.093
-750.893
-751.693
-752.492
-753.292
-754.091
-754.89
-755.689
-756.488
-757.287
-758.085
-758.883
-759.681
-760.479
-761.277
-762.074
-762.872
-763.669
-764.466
-765.262
-766.059
-766.855
-767.651
-768.446
-769.242
-770.037
-770.832
-771.627
-772.421
-773.215
-774.009
-774.803
-775.596
-776.389
-777.182
-777.975
-778.767
-779.559
-780.35
-781.142
-781.932
-782.723
-783.513
-784.303
-785.093
-785.882
-786.671
-787.46
-788.248
-789.036
-789.823
-790.61
-791.397
-792.183
-792.969
-793.755
-794.54
-795.325
-796.109
-796.893
-797.677
-798.46
-799.243
-800.025
-800.807
-801.588
-802.369
-803.15
-803.93
-804.709
-805.488
-806.267
-807.045
-807.823
-808.6
-809.377
-810.153
-810.929
-811.704
-812.479
-813.253
-814.026
-814.8
-815.572
-816.344
-817.116
-817.887
-818.657
-819.427
-820.196
-820.965
-821.733
-822.5
-687.137
-687.931
-688.726
-689.521
-690.316
-691.112
-691.907
-692.703
-693.499
-694.296
-695.092
-695.889
-696.686
-697.483
-698.281
-699.078
-699.876
-700.674
-701.473
-702.271
-703.07
-703.868
-704.667
-705.466
-706.266
-707.065
-707.865
-708.664
-709.464
-710.264
-711.064
-711.865
-712.665
-713.465
-714.266
-715.067
-715.868
-716.668
-717.469
-718.271
-719.072
-719.873
-720.674
-721.476
-722.277
-723.079
-723.88
-724.682
-725.483
-726.285
-727.087
-727.888
-728.69
-729.492
-730.294
-731.096
-731.897
-732.699
-733.501
-734.303
-735.105
-735.906
-736.708
-737.51
-738.312
-739.113
-739.915
-740.716
-741.518
-742.319
-743.121
-743.922
-744.723
-745.525
-746.326
-747.127
-747.928
-748.728
-749.529
-750.33
-751.13
-751.931
-752.731
-753.531
-754.331
-755.131
-755.931
-756.73
-757.53
-758.329
-759.128
-759.927
-760.726
-761.524
-762.323
-763.121
-763.919
-764.717
-765.515
-766.312
-767.11
-767.907
-768.704
-769.5
-770.297
-771.093
-771.889
-772.684
-773.48
-774.275
-775.07
-775.865
-776.659
-777.453
-778.247
-779.041
-779.834
-780.627
-781.42
-782.213
-783.005
-783.797
-784.588
-785.379
-786.17
-786.961
-787.751
-788.541
-789.331
-790.12
-790.909
-791.698
-792.486
-793.274
-794.061
-794.848
-795.635
-796.421
-797.207
-797.993
-798.778
-799.563
-800.347
-801.131
-801.915
-802.698
-803.481
-804.263
-805.045
-805.826
-806.607
-807.388
-808.168
-808.947
-809.726
-810.505
-811.283
-812.061
-812.838
-813.615
-814.391
-815.167
-815.942
-816.717
-817.491
-818.264
-819.037
-819.81
-820.582
-821.354
-822.124
-822.895
-823.665
-824.434
-825.203
-825.971
-826.738
-691.375
-692.169
-692.964
-693.759
-694.554
-695.349
-696.145
-696.941
-697.737
-698.534
-699.33
-700.127
-700.924
-701.721
-702.519
-703.316
-704.114
-704.912
-705.711
-706.509
-707.308
-708.106
-708.905
-709.704
-710.504
-711.303
-712.103
-712.902
-713.702
-714.502
-715.302
-716.103
-716.903
-717.703
-718.504
-719.305
-720.105
-720.906
-721.707
-722.508
-723.31
-724.111
-724.912
-725.714
-726.515
-727.316
-728.118
-728.92
-729.721
-730.523
-731.325
-732.126
-732.928
-733.73
-734.532
-735.334
-736.135
-736.937
-737.739
-738.541
-739.343
-740.144
-740.946
-741.748
-742.55
-743.351
-744.153
-744.954
-745.756
-746.557
-747.359
-748.16
-748.961
-749.762
-750.564
-751.365
-752.165
-752.966
-753.767
-754.568
-755.368
-756.168
-756.969
-757.769
-758.569
-759.369
-760.168
-760.968
-761.768
-762.567
-763.366
-764.165
-764.964
-765.762
-766.561
-767.359
-768.157
-768.955
-769.753
-770.55
-771.347
-772.145
-772.941
-773.738
-774.534
-775.331
-776.127
-776.922
-777.718
-778.513
-779.308
-780.103
-780.897
-781.691
-782.485
-783.279
-784.072
-784.865
-785.658
-786.451
-787.243
-788.035
-788.826
-789.617
-790.408
-791.199
-791.989
-792.779
-793.569
-794.358
-795.147
-795.935
-796.724
-797.512
-798.299
-799.086
-799.873
-800.659
-801.445
-802.231
-803.016
-803.801
-804.585
-805.369
-806.153
-806.936
-807.718
-808.501
-809.283
-810.064
-810.845
-811.625
-812.406
-813.185
-813.964
-814.743
-815.521
-816.299
-817.076
-817.853
-818.629
-819.405
-820.18
-820.954
-821.729
-822.502
-823.275
-824.048
-824.82
-825.591
-826.362
-827.133
-827.903
-828.672
-829.441
-830.209
-830.976
-831.743
-695.613
-696.407
-697.202
-697.997
-698.792
-699.587
-700.383
-701.179
-701.975
-702.771
-703.568
-704.365
-705.162
-705.959
-706.757
-707.554
-708.352
-709.15
-709.948
-710.747
-711.545
-712.344
-713.143
-713.942
-714.742
-715.541
-716.341
-717.14
-717.94
-718.74
-719.54
-720.34
-721.141
-721.941
-722.742
-723.543
-724.343
-725.144
-725.945
-726.746
-727.548
-728.349
-729.15
-729.951
-730.753
-731.554
-732.356
-733.158
-733.959
-734.761
-735.563
-736.364
-737.166
-737.968
-738.77
-739.571
-740.373
-741.175
-741.977
-742.779
-743.581
-744.382
-745.184
-745.986
-746.787
-747.589
-748.391
-749.192
-749.994
-750.795
-751.597
-752.398
-753.199
-754
-754.801
-755.602
-756.403
-757.204
-758.005
-758.806
-759.606
-760.406
-761.207
-762.007
-762.807
-763.607
-764.406
-765.206
-766.005
-766.805
-767.604
-768.403
-769.202
-770
-770.799
-771.597
-772.395
-773.193
-773.991
-774.788
-775.585
-776.382
-777.179
-777.976
-778.772
-779.569
-780.365
-781.16
-781.956
-782.751
-783.546
-784.341
-785.135
-785.929
-786.723
-787.517
-788.31
-789.103
-789.896
-790.688
-791.481
-792.272
-793.064
-793.855
-794.646
-795.437
-796.227
-797.017
-797.807
-798.596
-799.385
-800.173
-800.962
-801.749
-802.537
-803.324
-804.111
-804.897
-805.683
-806.469
-807.254
-808.039
-808.823
-809.607
-810.391
-811.174
-811.956
-812.739
-813.521
-814.302
-815.083
-815.863
-816.643
-817.423
-818.202
-818.981
-819.759
-820.537
-821.314
-822.091
-822.867
-823.642
-824.418
-825.192
-825.966
-826.74
-827.513
-828.286
-829.058
-829.829
-830.6
-831.371
-832.14
-832.91
-833.678
-834.447
-835.214
-835.981
-836.747
-699.851
-700.645
-701.44
-702.235
-703.03
-703.825
-704.621
-705.417
-706.213
-707.009
-707.806
-708.603
-709.4
-710.197
-710.995
-711.792
-712.59
-713.388
-714.186
-714.985
-715.783
-716.582
-717.381
-718.18
-718.979
-719.779
-720.578
-721.378
-722.178
-722.978
-723.778
-724.578
-725.379
-726.179
-726.98
-727.781
-728.581
-729.382
-730.183
-730.984
-731.785
-732.587
-733.388
-734.189
-734.991
-735.792
-736.594
-737.395
-738.197
-738.999
-739.8
-740.602
-741.404
-742.206
-743.008
-743.809
-744.611
-745.413
-746.215
-747.017
-747.818
-748.62
-749.422
-750.224
-751.025
-751.827
-752.629
-753.43
-754.232
-755.033
-755.835
-756.636
-757.437
-758.238
-759.039
-759.84
-760.641
-761.442
-762.243
-763.043
-763.844
-764.644
-765.445
-766.245
-767.045
-767.845
-768.644
-769.444
-770.243
-771.043
-771.842
-772.641
-773.44
-774.238
-775.037
-775.835
-776.633
-777.431
-778.229
-779.026
-779.823
-780.62
-781.417
-782.214
-783.01
-783.807
-784.602
-785.398
-786.194
-786.989
-787.784
-788.579
-789.373
-790.167
-790.961
-791.755
-792.548
-793.341
-794.134
-794.926
-795.719
-796.51
-797.302
-798.093
-798.884
-799.675
-800.465
-801.255
-802.045
-802.834
-803.623
-804.411
-805.2
-805.987
-806.775
-807.562
-808.349
-809.135
-809.921
-810.707
-811.492
-812.277
-813.061
-813.845
-814.628
-815.412
-816.194
-816.977
-817.758
-818.54
-819.321
-820.101
-820.881
-821.661
-822.44
-823.219
-823.997
-824.775
-825.552
-826.328
-827.105
-827.88
-828.655
-829.43
-830.204
-830.978
-831.751
-832.524
-833.296
-834.067
-834.838
-835.609
-836.378
-837.148
-837.916
-838.684
-839.452
-840.219
-840.985
-841.751
-704.089
-704.883
-705.678
-706.473
-707.268
-708.063
-708.859
-709.655
-710.451
-711.247
-712.044
-712.841
-713.638
-714.435
-715.232
-716.03
-716.828
-717.626
-718.424
-719.223
-720.021
-720.82
-721.619
-722.418
-723.217
-724.017
-724.816
-725.616
-726.416
-727.216
-728.016
-728.816
-729.617
-730.417
-731.218
-732.018
-732.819
-733.62
-734.421
-735.222
-736.023
-736.825
-737.626
-738.427
-739.229
-740.03
-740.832
-741.633
-742.435
-743.237
-744.038
-744.84
-745.642
-746.444
-747.246
-748.047
-748.849
-749.651
-750.453
-751.255
-752.056
-752.858
-753.66
-754.462
-755.263
-756.065
-756.867
-757.668
-758.47
-759.271
-760.072
-760.874
-761.675
-762.476
-763.277
-764.078
-764.879
-765.68
-766.481
-767.281
-768.082
-768.882
-769.683
-770.483
-771.283
-772.083
-772.882
-773.682
-774.481
-775.281
-776.08
-776.879
-777.677
-778.476
-779.275
-780.073
-780.871
-781.669
-782.466
-783.264
-784.061
-784.858
-785.655
-786.452
-787.248
-788.044
-788.84
-789.636
-790.432
-791.227
-792.022
-792.816
-793.611
-794.405
-795.199
-795.993
-796.786
-797.579
-798.372
-799.164
-799.956
-800.748
-801.54
-802.331
-803.122
-803.913
-804.703
-805.493
-806.282
-807.072
-807.861
-808.649
-809.437
-810.225
-811.013
-811.8
-812.587
-813.373
-814.159
-814.945
-815.73
-816.514
-817.299
-818.083
-818.866
-819.65
-820.432
-821.214
-821.996
-822.778
-823.559
-824.339
-825.119
-825.899
-826.678
-827.457
-828.235
-829.012
-829.79
-830.566
-831.343
-832.118
-832.893
-833.668
-834.442
-835.216
-835.989
-836.762
-837.534
-838.305
-839.076
-839.846
-840.616
-841.386
-842.154
-842.922
-843.69
-844.457
-845.223
-845.989
-708.327
-709.121
-709.916
-710.711
-711.506
-712.301
-713.097
-713.893
-714.689
-715.485
-716.282
-717.079
-717.876
-718.673
-719.47
-720.268
-721.066
-721.864
-722.662
-723.461
-724.259
-725.058
-725.857
-726.656
-727.455
-728.255
-729.054
-729.854
-730.654
-731.454
-732.254
-733.054
-733.855
-734.655
-735.456
-736.256
-737.057
-737.858
-738.659
-739.46
-740.261
-741.063
-741.864
-742.665
-743.467
-744.268
-745.07
-745.871
-746.673
-747.475
-748.276
-749.078
-749.88
-750.682
-751.483
-752.285
-753.087
-753.889
-754.691
-755.493
-756.294
-757.096
-757.898
-758.7
-759.501
-760.303
-761.105
-761.906
-762.708
-763.509
-764.31
-765.112
-765.913
-766.714
-767.515
-768.316
-769.117
-769.918
-770.719
-771.519
-772.32
-773.12
-773.92
-774.721
-775.521
-776.32
-777.12
-777.92
-778.719
-779.519
-780.318
-781.117
-781.915
-782.714
-783.512
-784.311
-785.109
-785.907
-786.704
-787.502
-788.299
-789.096
-789.893
-790.69
-791.486
-792.282
-793.078
-793.874
-794.669
-795.465
-796.26
-797.054
-797.849
-798.643
-799.437
-800.231
-801.024
-801.817
-802.61
-803.402
-804.194
-804.986
-805.778
-806.569
-807.36
-808.151
-808.941
-809.731
-810.52
-811.31
-812.099
-812.887
-813.675
-814.463
-815.251
-816.038
-816.825
-817.611
-818.397
-819.182
-819.968
-820.752
-821.537
-822.321
-823.104
-823.887
-824.67
-825.452
-826.234
-827.016
-827.797
-828.577
-829.357
-830.137
-830.916
-831.694
-832.473
-833.25
-834.028
-834.804
-835.58
-836.356
-837.131
-837.906
-838.68
-839.454
-840.227
-840.999
-841.771
-842.543
-843.314
-844.084
-844.854
-845.623
-846.392
-847.16
-847.928
-848.695
-849.461
-850.227
-850.992
-712.565
-713.359
-714.154
-714.948
-715.744
-716.539
-717.335
-718.131
-718.927
-719.723
-720.52
-721.317
-722.114
-722.911
-723.708
-724.506
-725.304
-726.102
-726.9
-727.699
-728.497
-729.296
-730.095
-730.894
-731.693
-732.493
-733.292
-734.092
-734.892
-735.692
-736.492
-737.292
-738.093
-738.893
-739.694
-740.494
-741.295
-742.096
-742.897
-743.698
-744.499
-745.3
-746.102
-746.903
-747.705
-748.506
-749.308
-750.109
-750.911
-751.713
-752.514
-753.316
-754.118
-754.92
-755.721
-756.523
-757.325
-758.127
-758.929
-759.73
-760.532
-761.334
-762.136
-762.937
-763.739
-764.541
-765.342
-766.144
-766.945
-767.747
-768.548
-769.35
-770.151
-770.952
-771.753
-772.554
-773.355
-774.156
-774.957
-775.757
-776.558
-777.358
-778.158
-778.958
-779.758
-780.558
-781.358
-782.158
-782.957
-783.756
-784.556
-785.355
-786.153
-786.952
-787.75
-788.549
-789.347
-790.145
-790.942
-791.74
-792.537
-793.334
-794.131
-794.928
-795.724
-796.52
-797.316
-798.112
-798.907
-799.703
-800.498
-801.292
-802.087
-802.881
-803.675
-804.468
-805.262
-806.055
-806.848
-807.64
-808.432
-809.224
-810.016
-810.807
-811.598
-812.388
-813.179
-813.969
-814.758
-815.548
-816.336
-817.125
-817.913
-818.701
-819.489
-820.276
-821.062
-821.849
-822.635
-823.42
-824.206
-824.99
-825.775
-826.559
-827.342
-828.125
-828.908
-829.69
-830.472
-831.254
-832.035
-832.815
-833.595
-834.375
-835.154
-835.932
-836.711
-837.488
-838.265
-839.042
-839.818
-840.594
-841.369
-842.144
-842.918
-843.692
-844.465
-845.237
-846.009
-846.781
-847.552
-848.322
-849.092
-849.861
-850.63
-851.398
-852.166
-852.933
-853.699
-854.465
-855.23
-855.994
-716.803
-717.597
-718.391
-719.186
-719.982
-720.777
-721.573
-722.369
-723.165
-723.961
-724.758
-725.555
-726.352
-727.149
-727.946
-728.744
-729.542
-730.34
-731.138
-731.936
-732.735
-733.534
-734.333
-735.132
-735.931
-736.731
-737.53
-738.33
-739.13
-739.93
-740.73
-741.53
-742.33
-743.131
-743.932
-744.732
-745.533
-746.334
-747.135
-747.936
-748.737
-749.538
-750.34
-751.141
-751.942
-752.744
-753.546
-754.347
-755.149
-755.95
-756.752
-757.554
-758.356
-759.157
-759.959
-760.761
-761.563
-762.365
-763.167
-763.968
-764.77
-765.572
-766.374
-767.175
-767.977
-768.779
-769.58
-770.382
-771.183
-771.985
-772.786
-773.588
-774.389
-775.19
-775.991
-776.792
-777.593
-778.394
-779.195
-779.995
-780.796
-781.596
-782.396
-783.196
-783.996
-784.796
-785.596
-786.396
-787.195
-787.994
-788.793
-789.592
-790.391
-791.19
-791.988
-792.787
-793.585
-794.383
-795.18
-795.978
-796.775
-797.572
-798.369
-799.166
-799.962
-800.758
-801.554
-802.35
-803.145
-803.941
-804.736
-805.53
-806.325
-807.119
-807.913
-808.706
-809.5
-810.293
-811.086
-811.878
-812.67
-813.462
-814.254
-815.045
-815.836
-816.626
-817.417
-818.207
-818.996
-819.786
-820.574
-821.363
-822.151
-822.939
-823.727
-824.514
-825.3
-826.087
-826.873
-827.658
-828.443
-829.228
-830.013
-830.797
-831.58
-832.363
-833.146
-833.928
-834.71
-835.491
-836.272
-837.053
-837.833
-838.613
-839.392
-840.17
-840.948
-841.726
-842.503
-843.28
-844.056
-844.832
-845.607
-846.382
-847.156
-847.93
-848.703
-849.475
-850.247
-851.019
-851.79
-852.56
-853.33
-854.099
-854.868
-855.636
-856.404
-857.17
-857.937
-858.703
-859.468
-860.232
-721.041
-721.835
-722.629
-723.424
-724.22
-725.015
-725.811
-726.607
-727.403
-728.199
-728.996
-729.792
-730.589
-731.387
-732.184
-732.982
-733.78
-734.578
-735.376
-736.174
-736.973
-737.772
-738.571
-739.37
-740.169
-740.968
-741.768
-742.568
-743.368
-744.168
-744.968
-745.768
-746.568
-747.369
-748.169
-748.97
-749.771
-750.572
-751.373
-752.174
-752.975
-753.776
-754.578
-755.379
-756.18
-756.982
-757.783
-758.585
-759.387
-760.188
-760.99
-761.792
-762.594
-763.395
-764.197
-764.999
-765.801
-766.603
-767.404
-768.206
-769.008
-769.81
-770.612
-771.413
-772.215
-773.017
-773.818
-774.62
-775.421
-776.223
-777.024
-777.825
-778.627
-779.428
-780.229
-781.03
-781.831
-782.632
-783.432
-784.233
-785.034
-785.834
-786.634
-787.434
-788.234
-789.034
-789.834
-790.634
-791.433
-792.232
-793.031
-793.83
-794.629
-795.428
-796.226
-797.025
-797.823
-798.62
-799.418
-800.216
-801.013
-801.81
-802.607
-803.404
-804.2
-804.996
-805.792
-806.588
-807.383
-808.178
-808.973
-809.768
-810.563
-811.357
-812.151
-812.944
-813.738
-814.531
-815.323
-816.116
-816.908
-817.7
-818.492
-819.283
-820.074
-820.864
-821.655
-822.445
-823.234
-824.023
-824.812
-825.601
-826.389
-827.177
-827.964
-828.752
-829.538
-830.325
-831.111
-831.896
-832.681
-833.466
-834.251
-835.034
-835.818
-836.601
-837.384
-838.166
-838.948
-839.729
-840.51
-841.291
-842.071
-842.85
-843.63
-844.408
-845.186
-845.964
-846.741
-847.518
-848.294
-849.07
-849.845
-850.62
-851.394
-852.168
-852.941
-853.713
-854.485
-855.257
-856.028
-856.798
-857.568
-858.337
-859.106
-859.874
-860.641
-861.408
-862.175
-862.94
-863.706
-864.47
-865.234
-725.278
-726.073
-726.867
-727.662
-728.457
-729.253
-730.049
-730.844
-731.641
-732.437
-733.234
-734.03
-734.827
-735.625
-736.422
-737.22
-738.018
-738.816
-739.614
-740.412
-741.211
-742.01
-742.809
-743.608
-744.407
-745.206
-746.006
-746.806
-747.606
-748.406
-749.206
-750.006
-750.806
-751.607
-752.407
-753.208
-754.009
-754.81
-755.611
-756.412
-757.213
-758.014
-758.816
-759.617
-760.418
-761.22
-762.021
-762.823
-763.625
-764.426
-765.228
-766.03
-766.832
-767.633
-768.435
-769.237
-770.039
-770.841
-771.642
-772.444
-773.246
-774.048
-774.85
-775.651
-776.453
-777.255
-778.056
-778.858
-779.659
-780.461
-781.262
-782.063
-782.865
-783.666
-784.467
-785.268
-786.069
-786.87
-787.67
-788.471
-789.271
-790.072
-790.872
-791.672
-792.472
-793.272
-794.072
-794.871
-795.671
-796.47
-797.269
-798.068
-798.867
-799.666
-800.464
-801.262
-802.061
-802.858
-803.656
-804.454
-805.251
-806.048
-806.845
-807.641
-808.438
-809.234
-810.03
-810.826
-811.621
-812.416
-813.211
-814.006
-814.801
-815.595
-816.389
-817.182
-817.976
-818.769
-819.561
-820.354
-821.146
-821.938
-822.729
-823.521
-824.312
-825.102
-825.893
-826.682
-827.472
-828.261
-829.05
-829.839
-830.627
-831.415
-832.202
-832.989
-833.776
-834.563
-835.349
-836.134
-836.919
-837.704
-838.488
-839.272
-840.056
-840.839
-841.622
-842.404
-843.186
-843.967
-844.748
-845.529
-846.309
-847.088
-847.868
-848.646
-849.424
-850.202
-850.979
-851.756
-852.532
-853.308
-854.083
-854.858
-855.632
-856.405
-857.179
-857.951
-858.723
-859.495
-860.266
-861.036
-861.806
-862.575
-863.344
-864.112
-864.879
-865.646
-866.413
-867.178
-867.944
-868.708
-869.472
-870.235
-729.516
-730.311
-731.105
-731.9
-732.695
-733.491
-734.286
-735.082
-735.878
-736.675
-737.471
-738.268
-739.065
-739.863
-740.66
-741.458
-742.256
-743.054
-743.852
-744.65
-745.449
-746.248
-747.047
-747.846
-748.645
-749.444
-750.244
-751.044
-751.843
-752.643
-753.444
-754.244
-755.044
-755.845
-756.645
-757.446
-758.247
-759.048
-759.849
-760.65
-761.451
-762.252
-763.053
-763.855
-764.656
-765.458
-766.259
-767.061
-767.863
-768.664
-769.466
-770.268
-771.069
-771.871
-772.673
-773.475
-774.277
-775.078
-775.88
-776.682
-777.484
-778.286
-779.087
-779.889
-780.691
-781.492
-782.294
-783.096
-783.897
-784.699
-785.5
-786.301
-787.103
-787.904
-788.705
-789.506
-790.307
-791.108
-791.908
-792.709
-793.509
-794.31
-795.11
-795.91
-796.71
-797.51
-798.31
-799.109
-799.909
-800.708
-801.507
-802.306
-803.105
-803.904
-804.702
-805.5
-806.298
-807.096
-807.894
-808.691
-809.489
-810.286
-811.083
-811.879
-812.676
-813.472
-814.268
-815.064
-815.859
-816.654
-817.449
-818.244
-819.038
-819.833
-820.626
-821.42
-822.213
-823.007
-823.799
-824.592
-825.384
-826.176
-826.967
-827.759
-828.55
-829.34
-830.13
-830.92
-831.71
-832.499
-833.288
-834.077
-834.865
-835.653
-836.44
-837.227
-838.014
-838.8
-839.586
-840.372
-841.157
-841.942
-842.726
-843.51
-844.294
-845.077
-845.86
-846.642
-847.424
-848.205
-848.986
-849.767
-850.547
-851.326
-852.105
-852.884
-853.662
-854.44
-855.217
-855.994
-856.77
-857.546
-858.321
-859.096
-859.87
-860.643
-861.416
-862.189
-862.961
-863.733
-864.503
-865.274
-866.044
-866.813
-867.582
-868.35
-869.117
-869.884
-870.651
-871.416
-872.181
-872.946
-873.71
-874.473
-875.235
)
;

boundaryField
{
    inlet
    {
        type            zeroGradient;
    }
    outlet
    {
        type            fixedValue;
        value           nonuniform List<scalar> 0();
    }
    lowerWall
    {
        type            zeroGradient;
    }
    upperWall
    {
        type            zeroGradient;
    }
    frontAndBack
    {
        type            zeroGradient;
    }
    procBoundary5to2
    {
        type            processor;
        value           nonuniform List<scalar> 
148
(
-518.414
-519.209
-520.003
-520.799
-521.594
-522.39
-523.186
-523.982
-524.778
-525.575
-526.372
-527.169
-527.966
-528.764
-529.561
-530.359
-531.157
-531.955
-532.754
-533.552
-534.351
-535.15
-535.949
-536.749
-537.548
-538.348
-539.147
-539.947
-540.747
-541.547
-542.348
-543.148
-543.949
-544.749
-545.55
-546.351
-547.152
-547.953
-548.754
-549.555
-550.356
-551.157
-551.959
-552.76
-553.562
-554.363
-555.165
-555.967
-556.768
-557.57
-558.372
-559.174
-559.975
-560.777
-561.579
-562.381
-563.183
-563.985
-564.786
-565.588
-566.39
-567.192
-567.994
-568.795
-569.597
-570.399
-571.2
-572.002
-572.803
-573.605
-574.406
-575.207
-576.008
-576.809
-577.611
-578.411
-579.212
-580.013
-580.814
-581.614
-582.415
-583.215
-584.015
-584.815
-585.615
-586.415
-587.214
-588.014
-588.813
-589.612
-590.411
-591.21
-592.009
-592.807
-593.605
-594.403
-595.201
-595.999
-596.797
-597.594
-598.391
-599.188
-599.985
-600.781
-601.577
-602.373
-603.169
-603.964
-604.76
-605.555
-606.349
-607.144
-607.938
-608.732
-609.526
-610.319
-611.112
-611.905
-612.697
-613.49
-614.281
-615.073
-615.864
-616.655
-617.446
-618.236
-619.026
-619.816
-620.605
-621.394
-622.183
-622.971
-623.759
-624.546
-625.333
-626.12
-626.907
-627.693
-628.478
-629.264
-630.048
-630.833
-631.617
-632.401
-633.184
-633.967
-634.749
-635.531
)
;
    }
    procBoundary5to10
    {
        type            processor;
        value           nonuniform List<scalar> 
51
(
-521.857
-526.095
-530.333
-534.571
-538.809
-543.047
-547.285
-551.523
-555.761
-559.999
-564.237
-568.475
-572.713
-576.951
-581.189
-585.427
-585.427
-588.871
-593.108
-597.346
-601.584
-605.822
-610.06
-614.298
-618.536
-622.774
-627.012
-631.25
-635.488
-639.726
-643.964
-648.202
-652.44
-656.678
-660.916
-665.153
-669.391
-673.629
-677.867
-682.105
-686.343
-690.581
-694.819
-699.057
-703.295
-707.533
-711.771
-716.009
-720.246
-724.484
-728.722
)
;
    }
    procBoundary5to11
    {
        type            processor;
        value           nonuniform List<scalar> 
86
(
-640.551
-640.551
-645.569
-645.569
-650.588
-650.588
-655.605
-659.843
-659.843
-664.861
-664.861
-669.877
-674.116
-674.116
-679.132
-679.132
-684.148
-684.148
-689.163
-693.402
-693.402
-698.417
-698.417
-703.43
-707.669
-707.669
-712.683
-712.683
-717.696
-717.696
-722.709
-726.947
-726.947
-731.96
-731.96
-736.971
-741.21
-741.21
-746.221
-746.221
-751.232
-751.232
-756.242
-760.48
-760.48
-765.49
-765.49
-770.499
-774.737
-774.737
-779.746
-779.746
-784.754
-784.754
-789.761
-794
-794
-799.007
-799.007
-804.013
-804.013
-809.019
-813.257
-813.257
-818.263
-818.263
-823.267
-827.505
-827.505
-832.51
-832.51
-837.513
-837.513
-842.515
-846.754
-846.754
-851.756
-851.756
-856.758
-860.996
-860.996
-865.997
-865.997
-870.997
-870.997
-875.996
)
;
    }
}


// ************************************************************************* //
