/*--------------------------------*- C++ -*----------------------------------*\
| =========                 |                                                 |
| \\      /  F ield         | OpenFOAM: The Open Source CFD Toolbox           |
|  \\    /   O peration     | Version:  2512                                  |
|   \\  /    A nd           | Website:  www.openfoam.com                      |
|    \\/     M anipulation  |                                                 |
\*---------------------------------------------------------------------------*/
FoamFile
{
    version     2.0;
    format      ascii;
    arch        "LSB;label=32;scalar=64";
    class       volScalarField;
    location    "0.1";
    object      pB;
}
// * * * * * * * * * * * * * * * * * * * * * * * * * * * * * * * * * * * * * //

dimensions      [1 1 -3 0 0 -1 0];

internalField   nonuniform List<scalar> 
8333
(
5.83774
5.84737
5.85702
5.86666
5.87629
5.88589
5.89548
5.90505
5.91461
5.92415
5.93368
5.9432
5.95271
5.96221
5.97171
5.98121
5.9907
6.00018
6.00967
6.01915
6.02864
6.03812
6.04761
6.05709
6.06657
6.07606
6.08554
6.09503
6.10452
6.114
6.12349
6.13298
6.14247
6.15196
6.16145
6.17094
6.18043
6.18992
6.19941
6.2089
6.21839
6.22789
6.23738
6.24687
6.25636
6.26585
6.27534
6.28483
6.29431
6.3038
6.31329
6.32277
6.33226
6.34174
6.35122
6.3607
6.37018
6.37966
6.38914
6.39861
6.40809
6.41756
6.42703
6.4365
6.44596
6.45543
6.46489
6.47435
6.48381
6.49326
6.50272
6.51217
6.52162
6.53106
6.54051
6.54995
6.55938
6.56882
6.57825
6.58768
6.5971
6.60652
6.61593
6.62535
6.63475
6.64416
6.65356
6.66295
6.67234
6.68172
6.6911
6.70047
6.70984
6.71919
6.72855
6.73789
6.74723
6.75655
6.76587
6.77518
6.78448
6.79377
6.80305
6.81232
6.82157
6.83081
6.84004
6.84926
6.85846
6.86765
6.87682
6.88597
6.8951
6.90421
6.9133
6.92237
6.93142
6.94044
6.94945
6.95842
6.96737
6.9763
6.98519
6.99406
7.0029
7.01171
7.02049
7.02925
7.03797
7.04667
7.05534
7.06398
7.0726
7.08119
7.08976
7.09832
7.10686
7.11539
7.12391
7.13243
7.14094
7.14946
7.15798
7.1665
7.17503
7.18355
7.19204
7.20047
6.25211
6.26347
6.27485
6.2862
6.29753
6.30883
6.3201
6.33134
6.34256
6.35376
6.36494
6.37611
6.38726
6.3984
6.40954
6.42067
6.43179
6.44291
6.45403
6.46514
6.47625
6.48736
6.49847
6.50958
6.52069
6.5318
6.5429
6.55401
6.56512
6.57623
6.58733
6.59844
6.60954
6.62065
6.63175
6.64286
6.65396
6.66506
6.67615
6.68725
6.69835
6.70944
6.72053
6.73161
6.7427
6.75378
6.76486
6.77594
6.78701
6.79808
6.80914
6.8202
6.83126
6.84232
6.85337
6.86441
6.87545
6.88649
6.89752
6.90855
6.91957
6.93059
6.9416
6.95261
6.96361
6.97461
6.9856
6.99658
7.00757
7.01854
7.02951
7.04047
7.05143
7.06238
7.07333
7.08427
7.0952
7.10613
7.11705
7.12796
7.13887
7.14977
7.16066
7.17154
7.18242
7.19329
7.20416
7.21501
7.22586
7.2367
7.24753
7.25836
7.26917
7.27998
7.29078
7.30157
7.31235
7.32311
7.33387
7.34462
7.35536
7.36609
7.37681
7.38751
7.39821
7.40889
7.41956
7.43021
7.44086
7.45149
7.46211
7.47271
7.48329
7.49386
7.50442
7.51496
7.52548
7.53598
7.54647
7.55694
7.56739
7.57782
7.58824
7.59863
7.60901
7.61937
7.62971
7.64004
7.65035
7.66065
7.67093
7.6812
7.69147
7.70172
7.71197
7.72222
7.73247
7.74273
7.753
7.76328
7.77357
7.78389
7.79423
7.80459
7.81498
7.82538
7.83581
7.8462
7.85656
6.66578
6.67889
6.69199
6.70506
6.71809
6.73107
6.74401
6.75693
6.7698
6.78266
6.79549
6.8083
6.82109
6.83387
6.84664
6.8594
6.87215
6.8849
6.89764
6.91038
6.92311
6.93585
6.94858
6.96131
6.97404
6.98677
6.9995
7.01223
7.02495
7.03768
7.0504
7.06312
7.07584
7.08856
7.10127
7.11398
7.12669
7.1394
7.1521
7.1648
7.17749
7.19019
7.20287
7.21555
7.22823
7.2409
7.25357
7.26623
7.27888
7.29153
7.30417
7.31681
7.32943
7.34206
7.35467
7.36728
7.37988
7.39247
7.40505
7.41763
7.4302
7.44276
7.45531
7.46786
7.48039
7.49292
7.50544
7.51795
7.53045
7.54294
7.55542
7.5679
7.58036
7.59282
7.60526
7.6177
7.63012
7.64254
7.65494
7.66734
7.67973
7.6921
7.70447
7.71683
7.72917
7.74151
7.75384
7.76615
7.77846
7.79075
7.80304
7.81531
7.82758
7.83983
7.85207
7.8643
7.87652
7.88873
7.90093
7.91311
7.92529
7.93745
7.94961
7.96175
7.97388
7.986
7.9981
8.0102
8.02229
8.03436
8.04642
8.05847
8.07051
8.08254
8.09455
8.10655
8.11854
8.13053
8.1425
8.15446
8.16641
8.17835
8.19028
8.2022
8.21411
8.22602
8.23792
8.24982
8.26171
8.27361
8.2855
8.2974
8.30931
8.32122
8.33315
8.34509
8.35705
8.36903
8.38104
8.39308
8.40516
8.41728
8.42944
8.44164
8.45389
8.46618
8.47854
8.4909
8.50327
8.51533
7.07845
7.09329
7.10811
7.12289
7.13761
7.15227
7.16689
7.18147
7.196
7.2105
7.22498
7.23942
7.25385
7.26826
7.28266
7.29705
7.31143
7.3258
7.34016
7.35452
7.36888
7.38323
7.39759
7.41193
7.42628
7.44063
7.45497
7.46931
7.48365
7.49799
7.51232
7.52666
7.54099
7.55531
7.56963
7.58395
7.59826
7.61257
7.62688
7.64117
7.65546
7.66975
7.68403
7.6983
7.71256
7.72682
7.74107
7.75531
7.76954
7.78377
7.79798
7.81219
7.82638
7.84057
7.85474
7.86891
7.88306
7.89721
7.91134
7.92546
7.93957
7.95367
7.96776
7.98184
7.9959
8.00996
8.024
8.03803
8.05204
8.06605
8.08004
8.09402
8.10799
8.12194
8.13588
8.14981
8.16373
8.17763
8.19152
8.2054
8.21926
8.23311
8.24695
8.26077
8.27458
8.28838
8.30217
8.31594
8.3297
8.34344
8.35718
8.3709
8.3846
8.3983
8.41198
8.42565
8.43931
8.45295
8.46659
8.48021
8.49381
8.50741
8.521
8.53457
8.54813
8.56168
8.57523
8.58876
8.60228
8.61579
8.6293
8.64279
8.65628
8.66976
8.68323
8.69669
8.71015
8.72361
8.73706
8.7505
8.76395
8.77739
8.79084
8.80428
8.81772
8.83117
8.84463
8.8581
8.87157
8.88506
8.89856
8.91209
8.92563
8.9392
8.9528
8.96643
8.98009
8.9938
9.00755
9.02135
9.0352
9.04912
9.06309
9.07713
9.09124
9.10542
9.11969
9.134
9.14832
9.16237
9.17596
7.48978
7.50636
7.5229
7.53938
7.55579
7.57212
7.58841
7.60464
7.62082
7.63696
7.65308
7.66916
7.68522
7.70125
7.71728
7.73329
7.74928
7.76527
7.78125
7.79723
7.8132
7.82917
7.84514
7.8611
7.87706
7.89301
7.90897
7.92492
7.94087
7.95681
7.97276
7.98869
8.00463
8.02056
8.03648
8.0524
8.06831
8.08421
8.10011
8.116
8.13189
8.14776
8.16363
8.17948
8.19533
8.21117
8.22699
8.24281
8.25862
8.27441
8.29019
8.30596
8.32172
8.33746
8.35319
8.36891
8.38462
8.40031
8.41599
8.43165
8.4473
8.46293
8.47855
8.49416
8.50975
8.52532
8.54088
8.55642
8.57195
8.58746
8.60296
8.61844
8.63391
8.64935
8.66479
8.6802
8.6956
8.71099
8.72636
8.74171
8.75704
8.77236
8.78767
8.80295
8.81822
8.83348
8.84872
8.86394
8.87915
8.89434
8.90952
8.92468
8.93983
8.95496
8.97008
8.98518
9.00027
9.01535
9.03041
9.04546
9.0605
9.07552
9.09053
9.10554
9.12053
9.13551
9.15048
9.16544
9.1804
9.19535
9.21029
9.22522
9.24015
9.25508
9.27
9.28492
9.29985
9.31477
9.32969
9.34462
9.35956
9.3745
9.38945
9.40441
9.41938
9.43437
9.44938
9.46441
9.47946
9.49454
9.50964
9.52478
9.53996
9.55518
9.57044
9.58576
9.60112
9.61655
9.63203
9.64759
9.66321
9.67891
9.6947
9.71057
9.72653
9.74259
9.75876
9.77498
9.79121
9.80721
9.82274
7.89947
7.91777
7.93603
7.9542
7.97228
7.99028
8.00822
8.0261
8.04393
8.06171
8.07945
8.09716
8.11484
8.1325
8.15014
8.16776
8.18537
8.20297
8.22057
8.23815
8.25573
8.27331
8.29088
8.30845
8.32601
8.34357
8.36113
8.37869
8.39624
8.41378
8.43133
8.44886
8.4664
8.48392
8.50144
8.51895
8.53646
8.55395
8.57144
8.58892
8.60639
8.62384
8.64129
8.65873
8.67615
8.69356
8.71096
8.72834
8.74571
8.76307
8.78041
8.79774
8.81506
8.83235
8.84963
8.8669
8.88415
8.90138
8.91859
8.93579
8.95297
8.97013
8.98728
9.0044
9.02151
9.0386
9.05567
9.07273
9.08976
9.10677
9.12377
9.14074
9.1577
9.17464
9.19156
9.20846
9.22533
9.24219
9.25903
9.27585
9.29266
9.30944
9.3262
9.34295
9.35967
9.37638
9.39306
9.40973
9.42639
9.44302
9.45963
9.47623
9.49281
9.50938
9.52592
9.54246
9.55897
9.57547
9.59196
9.60843
9.62489
9.64134
9.65777
9.6742
9.69061
9.70702
9.72341
9.7398
9.75618
9.77256
9.78893
9.8053
9.82167
9.83804
9.85441
9.87078
9.88716
9.90354
9.91994
9.93634
9.95276
9.9692
9.98565
10.0021
10.0186
10.0351
10.0517
10.0683
10.0849
10.1016
10.1183
10.135
10.1518
10.1687
10.1856
10.2026
10.2196
10.2368
10.254
10.2713
10.2887
10.3062
10.3238
10.3415
10.3593
10.3772
10.3952
10.4133
10.4314
10.4493
10.4668
10.4837
8.30718
8.3272
8.34717
8.36702
8.38677
8.40643
8.42601
8.44553
8.46499
8.4844
8.50376
8.52309
8.54238
8.56165
8.5809
8.60013
8.61935
8.63855
8.65775
8.67694
8.69612
8.71529
8.73446
8.75363
8.77279
8.79195
8.81111
8.83026
8.8494
8.86854
8.88768
8.90681
8.92593
8.94504
8.96415
8.98325
9.00234
9.02141
9.04048
9.05954
9.07859
9.09762
9.11664
9.13565
9.15464
9.17362
9.19258
9.21152
9.23045
9.24937
9.26826
9.28714
9.306
9.32485
9.34367
9.36247
9.38126
9.40002
9.41877
9.43749
9.4562
9.47488
9.49354
9.51218
9.5308
9.5494
9.56797
9.58653
9.60506
9.62357
9.64205
9.66052
9.67896
9.69738
9.71578
9.73415
9.7525
9.77083
9.78913
9.80742
9.82568
9.84391
9.86213
9.88032
9.8985
9.91665
9.93478
9.95288
9.97097
9.98904
10.0071
10.0251
10.0431
10.0611
10.0791
10.097
10.115
10.1329
10.1508
10.1687
10.1866
10.2044
10.2223
10.2401
10.2579
10.2758
10.2936
10.3114
10.3292
10.347
10.3648
10.3826
10.4004
10.4182
10.436
10.4538
10.4716
10.4895
10.5073
10.5252
10.5431
10.561
10.579
10.5969
10.6149
10.633
10.6511
10.6692
10.6874
10.7056
10.7239
10.7423
10.7607
10.7792
10.7978
10.8164
10.8352
10.854
10.8729
10.892
10.9111
10.9304
10.9498
10.9693
10.9889
11.0087
11.0286
11.0485
11.0685
11.0883
11.1076
11.1265
11.1449
8.71261
8.73433
8.756
8.77752
8.79892
8.82022
8.84145
8.86259
8.88368
8.9047
8.92567
8.94661
8.96751
8.98838
9.00923
9.03006
9.05087
9.07167
9.09246
9.11324
9.13401
9.15478
9.17554
9.19629
9.21704
9.23779
9.25853
9.27927
9.3
9.32073
9.34144
9.36216
9.38286
9.40355
9.42424
9.44491
9.46558
9.48623
9.50687
9.5275
9.54811
9.56871
9.5893
9.60987
9.63042
9.65095
9.67147
9.69197
9.71245
9.73291
9.75335
9.77377
9.79417
9.81455
9.83491
9.85525
9.87556
9.89585
9.91611
9.93636
9.95658
9.97677
9.99694
10.0171
10.0372
10.0573
10.0774
10.0974
10.1174
10.1374
10.1574
10.1774
10.1973
10.2172
10.237
10.2569
10.2767
10.2965
10.3162
10.336
10.3557
10.3754
10.395
10.4147
10.4343
10.4539
10.4734
10.493
10.5125
10.532
10.5514
10.5709
10.5903
10.6097
10.6291
10.6485
10.6678
10.6871
10.7065
10.7258
10.745
10.7643
10.7836
10.8028
10.822
10.8413
10.8605
10.8797
10.8989
10.9181
10.9374
10.9566
10.9758
10.995
11.0143
11.0335
11.0528
11.0721
11.0914
11.1107
11.1301
11.1495
11.1689
11.1884
11.2079
11.2275
11.2471
11.2668
11.2865
11.3063
11.3262
11.3461
11.3662
11.3863
11.4065
11.4268
11.4472
11.4678
11.4884
11.5092
11.5301
11.5511
11.5722
11.5935
11.615
11.6366
11.6583
11.6801
11.7019
11.7235
11.7447
11.7655
11.7858
9.11541
9.13884
9.16219
9.18536
9.2084
9.23134
9.25419
9.27695
9.29965
9.32228
9.34485
9.36738
9.38988
9.41234
9.43478
9.45719
9.47959
9.50197
9.52434
9.54671
9.56906
9.59141
9.61375
9.63608
9.65841
9.68074
9.70306
9.72537
9.74768
9.76997
9.79227
9.81455
9.83683
9.85909
9.88134
9.90359
9.92582
9.94803
9.97024
9.99242
10.0146
10.0368
10.0589
10.081
10.1031
10.1252
10.1473
10.1693
10.1913
10.2133
10.2353
10.2572
10.2792
10.3011
10.323
10.3448
10.3667
10.3885
10.4102
10.432
10.4537
10.4754
10.4971
10.5187
10.5403
10.5619
10.5835
10.605
10.6265
10.648
10.6694
10.6908
10.7122
10.7336
10.7549
10.7762
10.7975
10.8187
10.8399
10.8611
10.8822
10.9034
10.9245
10.9455
10.9666
10.9876
11.0086
11.0295
11.0505
11.0714
11.0923
11.1131
11.134
11.1548
11.1756
11.1963
11.2171
11.2378
11.2585
11.2792
11.2999
11.3206
11.3412
11.3619
11.3825
11.4031
11.4238
11.4444
11.465
11.4856
11.5062
11.5269
11.5475
11.5681
11.5888
11.6095
11.6302
11.6509
11.6717
11.6924
11.7133
11.7341
11.755
11.776
11.797
11.8181
11.8392
11.8604
11.8817
11.9031
11.9245
11.946
11.9677
11.9894
12.0113
12.0332
12.0553
12.0775
12.0998
12.1223
12.145
12.1677
12.1906
12.2137
12.237
12.2604
12.2839
12.3075
12.3311
12.3545
12.3776
12.4002
12.4224
12.4439
9.51528
9.54041
9.56541
9.59023
9.61489
9.63945
9.66391
9.68828
9.71257
9.73679
9.76096
9.78507
9.80915
9.83319
9.8572
9.88119
9.90516
9.92912
9.95306
9.977
10.0009
10.0248
10.0487
10.0726
10.0965
10.1204
10.1443
10.1682
10.1921
10.2159
10.2398
10.2636
10.2875
10.3113
10.3351
10.3589
10.3827
10.4064
10.4302
10.4539
10.4777
10.5014
10.525
10.5487
10.5723
10.596
10.6196
10.6431
10.6667
10.6902
10.7137
10.7372
10.7606
10.784
10.8074
10.8308
10.8541
10.8774
10.9007
10.924
10.9472
10.9704
10.9935
11.0167
11.0398
11.0628
11.0859
11.1089
11.1318
11.1548
11.1777
11.2005
11.2234
11.2462
11.269
11.2917
11.3144
11.3371
11.3598
11.3824
11.4049
11.4275
11.45
11.4725
11.495
11.5174
11.5398
11.5622
11.5845
11.6068
11.6291
11.6514
11.6736
11.6958
11.718
11.7402
11.7623
11.7844
11.8065
11.8286
11.8507
11.8728
11.8948
11.9168
11.9388
11.9609
11.9829
12.0049
12.0269
12.0489
12.0709
12.093
12.115
12.137
12.1591
12.1812
12.2033
12.2255
12.2477
12.2699
12.2922
12.3145
12.3369
12.3593
12.3818
12.4044
12.427
12.4497
12.4725
12.4954
12.5184
12.5415
12.5648
12.5881
12.6116
12.6352
12.6589
12.6828
12.7068
12.731
12.7553
12.7798
12.8045
12.8293
12.8544
12.8795
12.9049
12.9303
12.9556
12.9808
13.0057
13.0302
13.0542
13.0776
13.1004
9.9119
9.9387
9.96535
9.99179
10.0181
10.0442
10.0703
10.0962
10.1221
10.1479
10.1737
10.1993
10.225
10.2506
10.2762
10.3017
10.3272
10.3528
10.3783
10.4038
10.4292
10.4547
10.4802
10.5056
10.5311
10.5565
10.582
10.6074
10.6328
10.6582
10.6836
10.709
10.7344
10.7598
10.7851
10.8105
10.8358
10.8611
10.8864
10.9117
10.9369
10.9622
10.9874
11.0126
11.0377
11.0629
11.088
11.1131
11.1381
11.1632
11.1882
11.2132
11.2381
11.263
11.2879
11.3128
11.3376
11.3624
11.3872
11.4119
11.4366
11.4613
11.4859
11.5105
11.5351
11.5596
11.5841
11.6086
11.633
11.6574
11.6818
11.7061
11.7304
11.7546
11.7788
11.803
11.8272
11.8513
11.8753
11.8994
11.9234
11.9473
11.9713
11.9952
12.019
12.0429
12.0667
12.0904
12.1142
12.1379
12.1616
12.1852
12.2088
12.2324
12.256
12.2796
12.3031
12.3266
12.3501
12.3735
12.397
12.4204
12.4438
12.4672
12.4906
12.514
12.5374
12.5608
12.5842
12.6076
12.631
12.6544
12.6778
12.7013
12.7248
12.7483
12.7718
12.7954
12.819
12.8426
12.8663
12.8901
12.9139
12.9378
12.9618
12.9858
13.01
13.0342
13.0585
13.083
13.1075
13.1322
13.157
13.1819
13.207
13.2322
13.2576
13.2831
13.3088
13.3347
13.3607
13.3869
13.4133
13.4399
13.4667
13.4936
13.5207
13.5478
13.575
13.6019
13.6286
13.6549
13.6806
13.7059
13.7305
13.7545
10.3049
10.3334
10.3617
10.3897
10.4176
10.4453
10.473
10.5005
10.5279
10.5553
10.5826
10.6098
10.637
10.6642
10.6913
10.7184
10.7455
10.7726
10.7996
10.8266
10.8537
10.8807
10.9077
10.9347
10.9617
10.9887
11.0156
11.0426
11.0696
11.0965
11.1234
11.1504
11.1773
11.2042
11.2311
11.2579
11.2848
11.3116
11.3384
11.3652
11.392
11.4188
11.4455
11.4722
11.4989
11.5255
11.5522
11.5788
11.6053
11.6319
11.6584
11.6848
11.7113
11.7377
11.7641
11.7904
11.8167
11.843
11.8693
11.8955
11.9216
11.9478
11.9739
11.9999
12.0259
12.0519
12.0779
12.1038
12.1297
12.1555
12.1813
12.207
12.2328
12.2584
12.2841
12.3097
12.3352
12.3607
12.3862
12.4117
12.4371
12.4625
12.4878
12.5131
12.5383
12.5636
12.5888
12.6139
12.639
12.6641
12.6892
12.7142
12.7392
12.7642
12.7891
12.814
12.8389
12.8638
12.8887
12.9135
12.9383
12.9631
12.9879
13.0126
13.0374
13.0622
13.0869
13.1117
13.1364
13.1612
13.186
13.2108
13.2356
13.2604
13.2853
13.3102
13.3351
13.3601
13.3851
13.4102
13.4353
13.4605
13.4857
13.5111
13.5365
13.562
13.5876
13.6134
13.6392
13.6652
13.6912
13.7174
13.7438
13.7703
13.797
13.8238
13.8508
13.8779
13.9053
13.9328
13.9605
13.9885
14.0166
14.0449
14.0734
14.1021
14.1309
14.1598
14.1886
14.2173
14.2457
14.2738
14.3013
14.3283
14.3547
14.3805
10.6941
10.7242
10.7541
10.7837
10.8131
10.8424
10.8716
10.9007
10.9297
10.9586
10.9875
11.0162
11.045
11.0737
11.1023
11.131
11.1596
11.1882
11.2167
11.2453
11.2738
11.3024
11.3309
11.3594
11.388
11.4165
11.445
11.4735
11.5019
11.5304
11.5589
11.5873
11.6157
11.6442
11.6726
11.7009
11.7293
11.7577
11.786
11.8143
11.8426
11.8708
11.899
11.9273
11.9554
11.9836
12.0117
12.0398
12.0678
12.0959
12.1238
12.1518
12.1797
12.2076
12.2355
12.2633
12.2911
12.3188
12.3465
12.3742
12.4018
12.4294
12.4569
12.4844
12.5119
12.5393
12.5667
12.594
12.6213
12.6486
12.6758
12.703
12.7301
12.7572
12.7843
12.8113
12.8382
12.8651
12.892
12.9189
12.9457
12.9724
12.9992
13.0258
13.0525
13.0791
13.1056
13.1322
13.1587
13.1851
13.2115
13.2379
13.2643
13.2906
13.3169
13.3432
13.3694
13.3957
13.4219
13.448
13.4742
13.5004
13.5265
13.5526
13.5787
13.6048
13.6309
13.657
13.6832
13.7093
13.7354
13.7616
13.7877
13.8139
13.8402
13.8664
13.8928
13.9191
13.9455
13.972
13.9985
14.0252
14.0518
14.0786
14.1055
14.1325
14.1595
14.1867
14.2141
14.2415
14.2691
14.2969
14.3248
14.3528
14.3811
14.4095
14.4381
14.4668
14.4958
14.525
14.5544
14.584
14.6138
14.6438
14.674
14.7044
14.7349
14.7655
14.7961
14.8265
14.8566
14.8864
14.9157
14.9444
14.9725
15
15.0268
11.079
11.1107
11.1422
11.1733
11.2043
11.2352
11.266
11.2966
11.3271
11.3575
11.3879
11.4182
11.4485
11.4787
11.5089
11.539
11.5691
11.5992
11.6293
11.6594
11.6894
11.7195
11.7495
11.7796
11.8096
11.8396
11.8696
11.8996
11.9296
11.9596
11.9895
12.0195
12.0494
12.0793
12.1092
12.1391
12.169
12.1988
12.2286
12.2584
12.2882
12.3179
12.3476
12.3773
12.407
12.4366
12.4662
12.4958
12.5253
12.5548
12.5843
12.6137
12.6431
12.6724
12.7017
12.731
12.7602
12.7894
12.8185
12.8476
12.8767
12.9057
12.9347
12.9636
12.9925
13.0214
13.0502
13.0789
13.1076
13.1363
13.1649
13.1935
13.2221
13.2505
13.279
13.3074
13.3357
13.364
13.3923
13.4205
13.4487
13.4768
13.5049
13.533
13.561
13.589
13.6169
13.6448
13.6726
13.7004
13.7282
13.7559
13.7836
13.8113
13.839
13.8666
13.8942
13.9217
13.9493
13.9768
14.0043
14.0318
14.0592
14.0867
14.1141
14.1416
14.169
14.1965
14.2239
14.2514
14.2789
14.3064
14.3339
14.3614
14.389
14.4167
14.4443
14.4721
14.4999
14.5277
14.5557
14.5837
14.6118
14.64
14.6683
14.6967
14.7252
14.7539
14.7827
14.8116
14.8407
14.8699
14.8994
14.929
14.9588
14.9887
15.0189
15.0493
15.0799
15.1107
15.1417
15.173
15.2045
15.2362
15.268
15.3001
15.3323
15.3646
15.3968
15.4289
15.4607
15.4922
15.5232
15.5536
15.5835
15.6126
15.6411
15.6688
11.4595
11.4927
11.5257
11.5584
11.5909
11.6233
11.6556
11.6877
11.7198
11.7517
11.7836
11.8154
11.8472
11.8789
11.9105
11.9422
11.9738
12.0054
12.037
12.0686
12.1001
12.1316
12.1632
12.1947
12.2262
12.2577
12.2892
12.3207
12.3522
12.3836
12.4151
12.4465
12.4779
12.5093
12.5407
12.5721
12.6034
12.6347
12.666
12.6973
12.7285
12.7597
12.7909
12.8221
12.8532
12.8843
12.9153
12.9463
12.9773
13.0083
13.0392
13.0701
13.1009
13.1317
13.1624
13.1931
13.2238
13.2544
13.285
13.3155
13.346
13.3764
13.4068
13.4372
13.4675
13.4977
13.5279
13.5581
13.5882
13.6182
13.6483
13.6782
13.7081
13.738
13.7678
13.7976
13.8273
13.857
13.8866
13.9162
13.9458
13.9753
14.0047
14.0341
14.0635
14.0928
14.122
14.1513
14.1805
14.2096
14.2387
14.2678
14.2968
14.3258
14.3548
14.3837
14.4126
14.4415
14.4704
14.4992
14.528
14.5568
14.5856
14.6144
14.6432
14.6719
14.7007
14.7295
14.7583
14.787
14.8159
14.8447
14.8735
14.9024
14.9314
14.9603
14.9894
15.0185
15.0476
15.0768
15.1061
15.1355
15.165
15.1946
15.2243
15.2542
15.2841
15.3142
15.3445
15.3749
15.4055
15.4362
15.4671
15.4983
15.5296
15.5611
15.5929
15.6248
15.657
15.6894
15.7221
15.755
15.7881
15.8214
15.855
15.8887
15.9225
15.9565
15.9903
16.0241
16.0576
16.0907
16.1234
16.1555
16.187
16.2178
16.248
16.2773
11.835
11.8698
11.9042
11.9385
11.9725
12.0064
12.0402
12.0739
12.1074
12.1408
12.1742
12.2075
12.2407
12.2739
12.3071
12.3402
12.3733
12.4064
12.4394
12.4724
12.5055
12.5385
12.5715
12.6045
12.6375
12.6704
12.7034
12.7364
12.7693
12.8022
12.8351
12.868
12.9009
12.9338
12.9666
12.9995
13.0323
13.065
13.0978
13.1305
13.1632
13.1959
13.2285
13.2611
13.2936
13.3262
13.3587
13.3911
13.4235
13.4559
13.4883
13.5206
13.5528
13.585
13.6172
13.6493
13.6814
13.7134
13.7454
13.7773
13.8092
13.8411
13.8728
13.9046
13.9363
13.9679
13.9995
14.031
14.0625
14.094
14.1254
14.1567
14.188
14.2192
14.2504
14.2815
14.3126
14.3436
14.3746
14.4056
14.4364
14.4673
14.498
14.5288
14.5595
14.5901
14.6207
14.6513
14.6818
14.7122
14.7427
14.7731
14.8034
14.8337
14.864
14.8942
14.9245
14.9547
14.9848
15.015
15.0451
15.0752
15.1053
15.1353
15.1654
15.1955
15.2256
15.2556
15.2857
15.3158
15.3459
15.3761
15.4062
15.4365
15.4667
15.497
15.5274
15.5578
15.5883
15.6189
15.6496
15.6803
15.7112
15.7422
15.7733
15.8045
15.8359
15.8674
15.8991
15.9309
15.963
15.9952
16.0276
16.0602
16.0931
16.1261
16.1594
16.1929
16.2267
16.2607
16.295
16.3294
16.3642
16.3991
16.4343
16.4697
16.5051
16.5407
16.5762
16.6116
16.6467
16.6814
16.7157
16.7495
16.7827
16.8151
16.8469
16.8779
16.908
12.169
12.2054
12.2416
12.2776
12.3133
12.3488
12.3842
12.4195
12.4546
12.4896
12.5245
12.5594
12.5941
12.6288
12.6635
12.6981
12.7326
12.7672
12.8017
12.8362
12.8707
12.9052
12.9397
12.9741
13.0086
13.043
13.0774
13.1118
13.1462
13.1806
13.215
13.2494
13.2837
13.318
13.3524
13.3866
13.4209
13.4551
13.4893
13.5235
13.5577
13.5918
13.6259
13.66
13.694
13.728
13.7619
13.7958
13.8297
13.8636
13.8973
13.9311
13.9648
13.9985
14.0321
14.0656
14.0992
14.1326
14.166
14.1994
14.2327
14.266
14.2992
14.3324
14.3655
14.3986
14.4316
14.4645
14.4974
14.5303
14.5631
14.5958
14.6285
14.6612
14.6937
14.7263
14.7587
14.7911
14.8235
14.8558
14.8881
14.9203
14.9524
14.9845
15.0166
15.0486
15.0805
15.1124
15.1443
15.1761
15.2079
15.2396
15.2713
15.3029
15.3345
15.3661
15.3977
15.4292
15.4606
15.4921
15.5235
15.5549
15.5863
15.6177
15.649
15.6804
15.7117
15.7431
15.7745
15.8058
15.8372
15.8686
15.9001
15.9315
15.9631
15.9946
16.0262
16.0579
16.0897
16.1215
16.1534
16.1854
16.2175
16.2497
16.2821
16.3145
16.3472
16.3799
16.4129
16.446
16.4792
16.5127
16.5464
16.5803
16.6144
16.6487
16.6833
16.7181
16.7531
16.7884
16.824
16.8598
16.8959
16.9322
16.9688
17.0055
17.0425
17.0796
17.1167
17.1538
17.1908
17.2275
17.2639
17.2998
17.3352
17.3699
17.404
17.4374
17.4699
17.5017
17.5325
12.5323
12.5702
12.6079
12.6453
12.6825
12.7195
12.7564
12.7931
12.8297
12.8661
12.9025
12.9388
12.9749
13.0111
13.0472
13.0832
13.1192
13.1552
13.1912
13.2271
13.263
13.2989
13.3348
13.3707
13.4066
13.4425
13.4783
13.5142
13.55
13.5858
13.6216
13.6574
13.6932
13.7289
13.7646
13.8003
13.836
13.8717
13.9073
13.9429
13.9785
14.014
14.0495
14.085
14.1204
14.1558
14.1912
14.2265
14.2617
14.297
14.3322
14.3673
14.4024
14.4374
14.4724
14.5074
14.5423
14.5771
14.6119
14.6466
14.6813
14.716
14.7505
14.7851
14.8195
14.854
14.8883
14.9226
14.9569
14.9911
15.0252
15.0593
15.0933
15.1272
15.1611
15.195
15.2288
15.2625
15.2962
15.3298
15.3634
15.3969
15.4303
15.4637
15.4971
15.5304
15.5636
15.5968
15.63
15.6631
15.6961
15.7291
15.7621
15.795
15.8279
15.8607
15.8935
15.9263
15.959
15.9918
16.0245
16.0571
16.0898
16.1224
16.155
16.1877
16.2203
16.2529
16.2855
16.3182
16.3508
16.3835
16.4162
16.449
16.4818
16.5146
16.5475
16.5805
16.6135
16.6467
16.6799
16.7132
16.7467
16.7802
16.8139
16.8477
16.8817
16.9158
16.9501
16.9846
17.0193
17.0542
17.0893
17.1246
17.1602
17.196
17.2321
17.2684
17.3049
17.3418
17.3789
17.4162
17.4539
17.4917
17.5299
17.5682
17.6067
17.6454
17.6841
17.7227
17.7613
17.7995
17.8375
17.875
17.9119
17.9483
17.9839
18.0189
18.053
18.0863
18.1186
18.15
12.8897
12.9292
12.9683
13.0071
13.0458
13.0842
13.1225
13.1607
13.1987
13.2366
13.2744
13.312
13.3497
13.3872
13.4247
13.4622
13.4996
13.537
13.5743
13.6117
13.649
13.6863
13.7237
13.7609
13.7982
13.8355
13.8728
13.91
13.9472
13.9845
14.0217
14.0589
14.096
14.1332
14.1703
14.2074
14.2445
14.2815
14.3186
14.3555
14.3925
14.4294
14.4663
14.5032
14.54
14.5768
14.6135
14.6502
14.6868
14.7234
14.76
14.7965
14.8329
14.8693
14.9057
14.942
14.9783
15.0144
15.0506
15.0867
15.1227
15.1587
15.1946
15.2305
15.2663
15.302
15.3377
15.3733
15.4089
15.4444
15.4798
15.5152
15.5506
15.5858
15.621
15.6562
15.6913
15.7263
15.7613
15.7962
15.831
15.8658
15.9006
15.9352
15.9699
16.0044
16.0389
16.0734
16.1078
16.1422
16.1765
16.2107
16.245
16.2791
16.3133
16.3474
16.3814
16.4155
16.4494
16.4834
16.5173
16.5513
16.5852
16.619
16.6529
16.6868
16.7206
16.7545
16.7884
16.8223
16.8562
16.8901
16.9241
16.9581
16.9921
17.0263
17.0604
17.0947
17.129
17.1634
17.1979
17.2326
17.2673
17.3022
17.3372
17.3723
17.4076
17.4431
17.4788
17.5147
17.5507
17.587
17.6235
17.6603
17.6972
17.7345
17.772
17.8098
17.8478
17.8862
17.9248
17.9636
18.0028
18.0422
18.0819
18.1218
18.1618
18.202
18.2422
18.2824
18.3225
18.3623
18.4018
18.4408
18.4793
18.5172
18.5544
18.5909
18.6266
18.6614
18.6952
18.728
13.2409
13.2818
13.3224
13.3627
13.4028
13.4427
13.4824
13.5219
13.5613
13.6006
13.6398
13.6789
13.7179
13.7568
13.7957
13.8346
13.8734
13.9122
13.9509
13.9896
14.0284
14.0671
14.1058
14.1444
14.1831
14.2217
14.2604
14.299
14.3376
14.3762
14.4148
14.4534
14.4919
14.5305
14.569
14.6074
14.6459
14.6843
14.7227
14.7611
14.7994
14.8377
14.8759
14.9141
14.9523
14.9904
15.0285
15.0666
15.1046
15.1425
15.1804
15.2183
15.2561
15.2938
15.3315
15.3691
15.4067
15.4442
15.4817
15.5191
15.5565
15.5938
15.631
15.6682
15.7053
15.7423
15.7793
15.8163
15.8531
15.8899
15.9267
15.9633
16
16.0365
16.073
16.1094
16.1458
16.1821
16.2183
16.2545
16.2906
16.3267
16.3627
16.3986
16.4345
16.4703
16.5061
16.5418
16.5774
16.613
16.6486
16.6841
16.7195
16.7549
16.7903
16.8256
16.8609
16.8962
16.9314
16.9666
17.0017
17.0369
17.072
17.1071
17.1422
17.1773
17.2124
17.2475
17.2826
17.3177
17.3528
17.388
17.4232
17.4584
17.4937
17.5291
17.5645
17.6
17.6356
17.6712
17.707
17.7429
17.7789
17.8151
17.8514
17.8879
17.9245
17.9613
17.9983
18.0355
18.0729
18.1106
18.1485
18.1866
18.225
18.2637
18.3026
18.3418
18.3813
18.4211
18.4612
18.5016
18.5422
18.5832
18.6243
18.6657
18.7073
18.749
18.7907
18.8324
18.874
18.9153
18.9563
18.9969
19.0369
19.0763
19.115
19.153
19.1901
19.2264
19.2616
19.2959
19.3291
13.5856
13.628
13.67
13.7117
13.7532
13.7945
13.8356
13.8765
13.9173
13.958
13.9985
14.039
14.0793
14.1196
14.1599
14.2001
14.2403
14.2804
14.3205
14.3606
14.4007
14.4407
14.4808
14.5208
14.5608
14.6009
14.6409
14.6808
14.7208
14.7608
14.8007
14.8406
14.8805
14.9204
14.9602
15.0001
15.0399
15.0796
15.1194
15.1591
15.1987
15.2384
15.278
15.3175
15.357
15.3965
15.4359
15.4753
15.5146
15.5539
15.5931
15.6323
15.6714
15.7104
15.7494
15.7884
15.8273
15.8661
15.9049
15.9436
15.9822
16.0208
16.0593
16.0978
16.1362
16.1745
16.2128
16.251
16.2891
16.3272
16.3652
16.4032
16.441
16.4789
16.5166
16.5543
16.5919
16.6294
16.6669
16.7044
16.7417
16.779
16.8162
16.8534
16.8905
16.9276
16.9645
17.0015
17.0384
17.0752
17.1119
17.1487
17.1853
17.2219
17.2585
17.2951
17.3315
17.368
17.4044
17.4408
17.4772
17.5135
17.5498
17.5861
17.6224
17.6587
17.695
17.7313
17.7676
17.8039
17.8403
17.8766
17.913
17.9495
17.986
18.0226
18.0592
18.096
18.1328
18.1697
18.2067
18.2439
18.2811
18.3185
18.3561
18.3939
18.4318
18.4699
18.5082
18.5467
18.5855
18.6245
18.6637
18.7032
18.743
18.7831
18.8234
18.8641
18.905
18.9462
18.9878
19.0296
19.0717
19.1141
19.1567
19.1996
19.2426
19.2858
19.329
19.3722
19.4152
19.458
19.5005
19.5425
19.584
19.6249
19.6651
19.7045
19.7431
19.7808
19.8175
19.8532
19.8878
19.9212
13.9234
13.9673
14.0107
14.0538
14.0967
14.1393
14.1818
14.2241
14.2662
14.3082
14.3501
14.3919
14.4336
14.4753
14.5168
14.5584
14.5999
14.6414
14.6828
14.7242
14.7656
14.807
14.8484
14.8898
14.9311
14.9725
15.0138
15.0551
15.0964
15.1377
15.179
15.2202
15.2614
15.3026
15.3438
15.385
15.4261
15.4672
15.5082
15.5492
15.5902
15.6312
15.6721
15.7129
15.7537
15.7945
15.8352
15.8759
15.9165
15.9571
15.9976
16.0381
16.0785
16.1188
16.1591
16.1993
16.2395
16.2796
16.3197
16.3596
16.3996
16.4394
16.4792
16.5189
16.5586
16.5982
16.6377
16.6772
16.7166
16.7559
16.7951
16.8343
16.8734
16.9125
16.9515
16.9904
17.0292
17.068
17.1067
17.1453
17.1839
17.2224
17.2609
17.2992
17.3375
17.3758
17.414
17.4521
17.4902
17.5282
17.5662
17.6041
17.6419
17.6797
17.7175
17.7552
17.7929
17.8305
17.8681
17.9057
17.9432
17.9807
18.0182
18.0557
18.0932
18.1306
18.1681
18.2056
18.2431
18.2806
18.3181
18.3556
18.3932
18.4309
18.4686
18.5064
18.5442
18.5821
18.6201
18.6583
18.6965
18.7349
18.7734
18.8121
18.8509
18.8899
18.9291
18.9684
19.008
19.0479
19.0879
19.1282
19.1688
19.2097
19.2508
19.2922
19.3339
19.3759
19.4183
19.4609
19.5039
19.5471
19.5907
19.6345
19.6786
19.7229
19.7674
19.812
19.8566
19.9012
19.9457
19.9899
20.0339
20.0773
20.1203
20.1626
20.2042
20.2451
20.2851
20.3242
20.3623
20.3994
20.4353
20.4701
14.2542
14.2994
14.3442
14.3887
14.4329
14.4769
14.5207
14.5643
14.6078
14.6511
14.6943
14.7374
14.7804
14.8234
14.8663
14.9091
14.9519
14.9947
15.0375
15.0802
15.1229
15.1656
15.2083
15.2509
15.2936
15.3362
15.3789
15.4215
15.4641
15.5067
15.5492
15.5918
15.6343
15.6768
15.7193
15.7617
15.8041
15.8465
15.8888
15.9312
15.9734
16.0156
16.0578
16.1
16.1421
16.1841
16.2261
16.2681
16.31
16.3518
16.3936
16.4353
16.477
16.5186
16.5601
16.6016
16.6431
16.6844
16.7257
16.7669
16.8081
16.8492
16.8902
16.9312
16.9721
17.0129
17.0537
17.0943
17.135
17.1755
17.216
17.2564
17.2967
17.3369
17.3771
17.4172
17.4573
17.4973
17.5372
17.577
17.6168
17.6565
17.6961
17.7356
17.7751
17.8146
17.8539
17.8932
17.9325
17.9717
18.0108
18.0499
18.0889
18.1279
18.1668
18.2056
18.2445
18.2833
18.322
18.3607
18.3994
18.4381
18.4768
18.5154
18.554
18.5926
18.6312
18.6699
18.7085
18.7471
18.7858
18.8245
18.8633
18.9021
18.941
18.9799
19.0189
19.058
19.0972
19.1366
19.176
19.2156
19.2553
19.2951
19.3352
19.3754
19.4158
19.4565
19.4973
19.5384
19.5797
19.6213
19.6632
19.7054
19.7478
19.7906
19.8336
19.877
19.9207
19.9647
20.009
20.0537
20.0986
20.1439
20.1894
20.2351
20.281
20.327
20.373
20.4191
20.4649
20.5106
20.5559
20.6008
20.6451
20.6888
20.7319
20.7741
20.8155
20.856
20.8955
20.9339
20.9712
21.0073
21.0421
14.5775
14.6241
14.6702
14.716
14.7616
14.8069
14.852
14.8969
14.9416
14.9862
15.0307
15.0751
15.1194
15.1636
15.2078
15.2519
15.296
15.3401
15.3841
15.4281
15.4721
15.5161
15.56
15.604
15.6479
15.6918
15.7357
15.7796
15.8235
15.8673
15.9112
15.955
15.9988
16.0425
16.0863
16.13
16.1736
16.2173
16.2609
16.3045
16.348
16.3915
16.4349
16.4783
16.5217
16.565
16.6082
16.6514
16.6945
16.7376
16.7806
16.8236
16.8665
16.9094
16.9521
16.9948
17.0375
17.0801
17.1226
17.165
17.2074
17.2497
17.292
17.3341
17.3762
17.4183
17.4602
17.5021
17.5439
17.5856
17.6273
17.6689
17.7104
17.7518
17.7932
17.8345
17.8757
17.9169
17.9579
17.9989
18.0399
18.0807
18.1215
18.1622
18.2029
18.2435
18.284
18.3244
18.3648
18.4051
18.4454
18.4856
18.5258
18.5659
18.6059
18.6459
18.6859
18.7258
18.7657
18.8056
18.8454
18.8852
18.9249
18.9647
19.0044
19.0442
19.0839
19.1237
19.1634
19.2032
19.243
19.2829
19.3228
19.3627
19.4027
19.4428
19.483
19.5232
19.5636
19.604
19.6446
19.6854
19.7263
19.7673
19.8086
19.85
19.8916
19.9335
19.9756
20.0179
20.0605
20.1033
20.1465
20.1899
20.2336
20.2777
20.322
20.3667
20.4118
20.4571
20.5028
20.5488
20.5952
20.6418
20.6886
20.7357
20.783
20.8304
20.8778
20.9252
20.9724
21.0194
21.0661
21.1124
21.1581
21.2032
21.2476
21.2912
21.3339
21.3758
21.4166
21.4563
21.4949
21.5322
21.5683
21.6031
14.893
14.9409
14.9884
15.0355
15.0823
15.1289
15.1753
15.2215
15.2675
15.3133
15.3591
15.4047
15.4502
15.4957
15.5411
15.5865
15.6318
15.6771
15.7224
15.7677
15.8129
15.8581
15.9033
15.9485
15.9937
16.0388
16.084
16.1291
16.1742
16.2193
16.2644
16.3094
16.3545
16.3995
16.4444
16.4894
16.5343
16.5792
16.624
16.6688
16.7135
16.7583
16.8029
16.8475
16.8921
16.9366
16.9811
17.0255
17.0699
17.1141
17.1584
17.2026
17.2467
17.2907
17.3347
17.3786
17.4225
17.4662
17.5099
17.5536
17.5971
17.6406
17.6841
17.7274
17.7707
17.8139
17.857
17.9001
17.943
17.9859
18.0288
18.0715
18.1142
18.1568
18.1993
18.2417
18.2841
18.3264
18.3686
18.4107
18.4528
18.4948
18.5367
18.5785
18.6203
18.662
18.7037
18.7452
18.7867
18.8282
18.8696
18.9109
18.9522
18.9934
19.0345
19.0756
19.1167
19.1577
19.1987
19.2397
19.2806
19.3215
19.3623
19.4032
19.444
19.4849
19.5257
19.5666
19.6074
19.6483
19.6892
19.7302
19.7712
19.8122
19.8533
19.8945
19.9358
19.9772
20.0187
20.0603
20.102
20.1439
20.186
20.2282
20.2706
20.3132
20.356
20.399
20.4423
20.4858
20.5296
20.5737
20.6181
20.6627
20.7077
20.7531
20.7987
20.8447
20.891
20.9377
20.9847
21.032
21.0797
21.1276
21.1758
21.2243
21.2729
21.3216
21.3703
21.419
21.4676
21.516
21.564
21.6116
21.6586
21.705
21.7508
21.7957
21.8398
21.8829
21.925
21.966
22.0059
22.0445
22.0818
22.1178
22.1524
15.2004
15.2496
15.2984
15.3468
15.3949
15.4427
15.4903
15.5377
15.5849
15.632
15.679
15.7258
15.7726
15.8193
15.8659
15.9125
15.959
16.0055
16.052
16.0985
16.1449
16.1914
16.2378
16.2842
16.3305
16.3769
16.4233
16.4696
16.5159
16.5622
16.6085
16.6548
16.701
16.7472
16.7934
16.8395
16.8857
16.9317
16.9778
17.0238
17.0697
17.1156
17.1615
17.2073
17.2531
17.2988
17.3444
17.39
17.4355
17.481
17.5264
17.5718
17.6171
17.6623
17.7074
17.7525
17.7975
17.8425
17.8873
17.9321
17.9769
18.0215
18.0661
18.1106
18.155
18.1994
18.2436
18.2878
18.3319
18.376
18.4199
18.4638
18.5076
18.5513
18.5949
18.6385
18.682
18.7254
18.7687
18.812
18.8551
18.8982
18.9412
18.9842
19.0271
19.0699
19.1126
19.1553
19.1978
19.2404
19.2828
19.3253
19.3676
19.4099
19.4521
19.4943
19.5365
19.5786
19.6206
19.6626
19.7046
19.7466
19.7885
19.8304
19.8724
19.9143
19.9562
19.9981
20.04
20.082
20.124
20.166
20.2081
20.2502
20.2924
20.3347
20.3771
20.4195
20.4621
20.5048
20.5477
20.5907
20.6338
20.6772
20.7207
20.7644
20.8084
20.8526
20.897
20.9417
20.9867
21.032
21.0776
21.1234
21.1697
21.2162
21.2631
21.3104
21.358
21.4059
21.4542
21.5028
21.5517
21.601
21.6505
21.7002
21.7501
21.8001
21.8502
21.9002
21.9501
21.9997
22.049
22.0979
22.1463
22.194
22.241
22.2872
22.3326
22.3769
22.4203
22.4625
22.5036
22.5435
22.582
22.6191
22.6548
15.4994
15.5499
15.5999
15.6495
15.6988
15.7479
15.7967
15.8453
15.8937
15.942
15.9901
16.0381
16.0861
16.1339
16.1818
16.2295
16.2772
16.3249
16.3726
16.4202
16.4679
16.5155
16.5631
16.6106
16.6582
16.7057
16.7533
16.8008
16.8483
16.8958
16.9432
16.9907
17.0381
17.0855
17.1328
17.1801
17.2274
17.2746
17.3218
17.369
17.4161
17.4632
17.5102
17.5572
17.6041
17.651
17.6978
17.7445
17.7912
17.8378
17.8844
17.9309
17.9773
18.0237
18.07
18.1162
18.1623
18.2084
18.2544
18.3003
18.3462
18.392
18.4377
18.4833
18.5288
18.5743
18.6196
18.6649
18.7102
18.7553
18.8004
18.8453
18.8902
18.935
18.9798
19.0244
19.069
19.1135
19.1579
19.2022
19.2464
19.2906
19.3347
19.3787
19.4227
19.4665
19.5103
19.554
19.5977
19.6413
19.6848
19.7283
19.7717
19.815
19.8583
19.9015
19.9447
19.9878
20.0309
20.074
20.117
20.16
20.203
20.246
20.2889
20.3319
20.3748
20.4178
20.4608
20.5038
20.5468
20.5899
20.633
20.6762
20.7194
20.7628
20.8062
20.8497
20.8934
20.9372
20.9811
21.0252
21.0694
21.1139
21.1585
21.2033
21.2484
21.2937
21.3393
21.3851
21.4313
21.4777
21.5244
21.5715
21.6189
21.6667
21.7148
21.7632
21.8121
21.8613
21.9108
21.9607
22.0109
22.0613
22.1121
22.1631
22.2143
22.2656
22.3169
22.3681
22.4193
22.4702
22.5207
22.5709
22.6205
22.6694
22.7177
22.7652
22.8118
22.8574
22.9019
22.9454
22.9877
23.0287
23.0684
23.1066
23.1434
23.1787
15.7897
15.8413
15.8926
15.9434
15.9939
16.0441
16.0941
16.1438
16.1934
16.2428
16.2921
16.3413
16.3904
16.4394
16.4884
16.5373
16.5862
16.635
16.6838
16.7326
16.7814
16.8301
16.8788
16.9276
16.9763
17.025
17.0736
17.1223
17.1709
17.2196
17.2682
17.3167
17.3653
17.4138
17.4623
17.5107
17.5592
17.6075
17.6559
17.7042
17.7524
17.8006
17.8488
17.8969
17.9449
17.9929
18.0408
18.0887
18.1365
18.1842
18.2319
18.2795
18.327
18.3745
18.4219
18.4692
18.5165
18.5636
18.6107
18.6578
18.7047
18.7516
18.7983
18.8451
18.8917
18.9382
18.9847
19.031
19.0773
19.1235
19.1697
19.2157
19.2617
19.3075
19.3533
19.399
19.4446
19.4902
19.5356
19.581
19.6263
19.6715
19.7167
19.7617
19.8067
19.8516
19.8964
19.9412
19.9858
20.0305
20.075
20.1195
20.1639
20.2083
20.2526
20.2968
20.341
20.3852
20.4293
20.4734
20.5174
20.5614
20.6054
20.6494
20.6933
20.7373
20.7813
20.8252
20.8692
20.9132
20.9573
21.0014
21.0455
21.0897
21.134
21.1783
21.2228
21.2674
21.3121
21.3569
21.4018
21.447
21.4923
21.5378
21.5835
21.6294
21.6755
21.7219
21.7686
21.8156
21.8628
21.9104
21.9582
22.0065
22.055
22.1039
22.1532
22.2029
22.2529
22.3033
22.354
22.4051
22.4565
22.5082
22.5602
22.6124
22.6648
22.7173
22.7699
22.8223
22.8747
22.9268
22.9786
23.0299
23.0808
23.131
23.1804
23.2291
23.2769
23.3237
23.3694
23.414
23.4575
23.4996
23.5404
23.5798
23.6177
23.654
23.6888
16.0709
16.1237
16.1761
16.2281
16.2797
16.3311
16.3822
16.4331
16.4838
16.5343
16.5847
16.635
16.6852
16.7353
16.7854
16.8354
16.8854
16.9354
16.9853
17.0352
17.085
17.1349
17.1847
17.2346
17.2844
17.3342
17.384
17.4337
17.4835
17.5332
17.5829
17.6326
17.6823
17.7319
17.7815
17.831
17.8805
17.93
17.9794
18.0288
18.0782
18.1275
18.1767
18.2259
18.275
18.3241
18.3731
18.4221
18.471
18.5198
18.5685
18.6172
18.6658
18.7144
18.7628
18.8112
18.8595
18.9078
18.9559
19.004
19.052
19.0999
19.1478
19.1955
19.2432
19.2908
19.3383
19.3857
19.433
19.4803
19.5274
19.5745
19.6215
19.6684
19.7152
19.7619
19.8086
19.8551
19.9016
19.948
19.9943
20.0405
20.0867
20.1327
20.1787
20.2246
20.2704
20.3162
20.3619
20.4075
20.453
20.4985
20.5439
20.5893
20.6345
20.6798
20.725
20.7701
20.8152
20.8602
20.9053
20.9503
20.9952
21.0402
21.0851
21.1301
21.175
21.2199
21.2649
21.3099
21.3549
21.4
21.4451
21.4903
21.5356
21.5809
21.6264
21.6719
21.7176
21.7635
21.8094
21.8556
21.9019
21.9484
21.9952
22.0421
22.0893
22.1368
22.1845
22.2325
22.2809
22.3295
22.3785
22.4278
22.4775
22.5275
22.578
22.6287
22.6799
22.7315
22.7834
22.8356
22.8882
22.9411
22.9943
23.0477
23.1012
23.1549
23.2086
23.2623
23.3158
23.3691
23.4221
23.4746
23.5266
23.578
23.6286
23.6785
23.7274
23.7753
23.8222
23.868
23.9125
23.9558
23.9977
24.0381
24.0771
24.1144
24.1502
16.3427
16.3967
16.4502
16.5033
16.556
16.6085
16.6607
16.7127
16.7644
16.816
16.8675
16.9189
16.9702
17.0214
17.0725
17.1236
17.1747
17.2257
17.2767
17.3276
17.3786
17.4295
17.4804
17.5313
17.5822
17.6331
17.6839
17.7348
17.7856
17.8364
17.8872
17.9379
17.9886
18.0393
18.09
18.1406
18.1912
18.2417
18.2922
18.3427
18.3931
18.4434
18.4937
18.544
18.5942
18.6443
18.6943
18.7443
18.7943
18.8441
18.8939
18.9437
18.9933
19.0429
19.0924
19.1418
19.1912
19.2404
19.2896
19.3387
19.3877
19.4367
19.4855
19.5343
19.583
19.6316
19.6801
19.7285
19.7769
19.8251
19.8733
19.9213
19.9693
20.0172
20.065
20.1127
20.1604
20.2079
20.2554
20.3027
20.35
20.3972
20.4443
20.4914
20.5383
20.5852
20.632
20.6787
20.7254
20.7719
20.8184
20.8648
20.9112
20.9575
21.0038
21.0499
21.0961
21.1422
21.1882
21.2342
21.2802
21.3261
21.372
21.4179
21.4638
21.5097
21.5556
21.6015
21.6474
21.6933
21.7393
21.7853
21.8314
21.8775
21.9238
21.9701
22.0165
22.063
22.1097
22.1565
22.2034
22.2506
22.2979
22.3454
22.3931
22.4411
22.4893
22.5378
22.5865
22.6356
22.685
22.7347
22.7847
22.8351
22.8858
22.937
22.9885
23.0404
23.0927
23.1453
23.1983
23.2517
23.3055
23.3595
23.4138
23.4684
23.5231
23.5779
23.6328
23.6876
23.7422
23.7967
23.8508
23.9044
23.9575
24.01
24.0618
24.1128
24.1628
24.2119
24.2599
24.3067
24.3523
24.3966
24.4396
24.4811
24.521
24.5594
24.5961
24.6311
16.6048
16.6599
16.7145
16.7687
16.8225
16.876
16.9292
16.9822
17.0351
17.0877
17.1402
17.1926
17.245
17.2972
17.3494
17.4015
17.4536
17.5056
17.5577
17.6097
17.6616
17.7136
17.7656
17.8175
17.8694
17.9213
17.9732
18.0251
18.0769
18.1287
18.1806
18.2323
18.2841
18.3358
18.3875
18.4391
18.4907
18.5423
18.5938
18.6453
18.6967
18.7481
18.7994
18.8507
18.9019
18.953
19.0041
19.0551
19.106
19.1569
19.2077
19.2584
19.3091
19.3597
19.4102
19.4606
19.5109
19.5612
19.6114
19.6615
19.7115
19.7614
19.8112
19.861
19.9106
19.9602
20.0097
20.0591
20.1084
20.1576
20.2068
20.2558
20.3047
20.3536
20.4023
20.451
20.4996
20.5481
20.5965
20.6448
20.693
20.7412
20.7892
20.8372
20.8851
20.9329
20.9806
21.0283
21.0758
21.1233
21.1708
21.2181
21.2654
21.3126
21.3598
21.4069
21.4539
21.5009
21.5479
21.5948
21.6417
21.6885
21.7354
21.7822
21.829
21.8758
21.9226
21.9694
22.0162
22.063
22.1099
22.1569
22.2039
22.2509
22.2981
22.3453
22.3926
22.4401
22.4877
22.5354
22.5833
22.6314
22.6797
22.7281
22.7768
22.8258
22.875
22.9244
22.9742
23.0242
23.0746
23.1253
23.1764
23.2278
23.2796
23.3318
23.3843
23.4373
23.4906
23.5444
23.5985
23.653
23.7078
23.7629
23.8183
23.874
23.9298
23.9857
24.0417
24.0976
24.1533
24.2089
24.2641
24.3188
24.373
24.4266
24.4795
24.5315
24.5826
24.6327
24.6818
24.7297
24.7763
24.8217
24.8656
24.9081
24.949
24.9884
25.0261
25.062
25.0962
16.8569
16.913
16.9687
17.0239
17.0787
17.1332
17.1875
17.2415
17.2953
17.349
17.4025
17.4559
17.5092
17.5624
17.6156
17.6687
17.7218
17.7748
17.8279
17.8809
17.9338
17.9868
18.0397
18.0927
18.1456
18.1985
18.2514
18.3042
18.3571
18.4099
18.4627
18.5155
18.5682
18.6209
18.6736
18.7262
18.7788
18.8314
18.8839
18.9363
18.9887
19.0411
19.0934
19.1456
19.1978
19.2499
19.302
19.3539
19.4058
19.4577
19.5095
19.5612
19.6128
19.6643
19.7158
19.7672
19.8185
19.8697
19.9208
19.9718
20.0228
20.0737
20.1245
20.1751
20.2258
20.2763
20.3267
20.377
20.4273
20.4774
20.5275
20.5774
20.6273
20.6771
20.7267
20.7763
20.8258
20.8752
20.9246
20.9738
21.0229
21.072
21.1209
21.1698
21.2186
21.2673
21.3159
21.3645
21.4129
21.4613
21.5096
21.5579
21.606
21.6541
21.7022
21.7502
21.7981
21.846
21.8938
21.9416
21.9894
22.0371
22.0848
22.1325
22.1802
22.2278
22.2755
22.3232
22.3709
22.4186
22.4664
22.5142
22.5621
22.61
22.658
22.7062
22.7544
22.8028
22.8512
22.8999
22.9487
22.9977
23.0468
23.0962
23.1458
23.1957
23.2458
23.2962
23.3469
23.398
23.4493
23.501
23.553
23.6054
23.6582
23.7114
23.765
23.819
23.8733
23.9281
23.9833
24.0388
24.0947
24.1509
24.2073
24.264
24.3209
24.3779
24.4349
24.4918
24.5487
24.6052
24.6615
24.7173
24.7726
24.8272
24.8811
24.9341
24.9863
25.0374
25.0875
25.1364
25.184
25.2304
25.2753
25.3187
25.3606
25.4009
25.4395
25.4764
25.5114
25.5446
17.0986
17.1558
17.2124
17.2686
17.3244
17.3799
17.4351
17.4901
17.5449
17.5995
17.654
17.7083
17.7626
17.8168
17.8709
17.925
17.979
18.033
18.087
18.1409
18.1949
18.2488
18.3027
18.3566
18.4104
18.4643
18.5181
18.5719
18.6257
18.6795
18.7332
18.787
18.8406
18.8943
18.9479
19.0015
19.055
19.1085
19.162
19.2154
19.2687
19.322
19.3753
19.4284
19.4816
19.5346
19.5876
19.6405
19.6933
19.7461
19.7988
19.8514
19.904
19.9564
20.0088
20.0611
20.1133
20.1655
20.2175
20.2695
20.3213
20.3731
20.4248
20.4764
20.5279
20.5793
20.6306
20.6819
20.733
20.784
20.835
20.8858
20.9366
20.9873
21.0378
21.0883
21.1387
21.1889
21.2391
21.2892
21.3392
21.3892
21.439
21.4887
21.5384
21.5879
21.6374
21.6868
21.7361
21.7854
21.8345
21.8836
21.9327
21.9816
22.0305
22.0793
22.1281
22.1768
22.2255
22.2742
22.3228
22.3713
22.4199
22.4684
22.5169
22.5654
22.6139
22.6624
22.711
22.7596
22.8082
22.8568
22.9056
22.9544
23.0032
23.0522
23.1013
23.1505
23.1999
23.2494
23.299
23.3489
23.3989
23.4492
23.4997
23.5505
23.6015
23.6528
23.7044
23.7563
23.8086
23.8612
23.9142
23.9676
24.0213
24.0754
24.13
24.185
24.2403
24.2961
24.3522
24.4088
24.4656
24.5228
24.5803
24.638
24.6959
24.7539
24.8119
24.8699
24.9277
24.9853
25.0426
25.0994
25.1556
25.2113
25.2662
25.3202
25.3733
25.4255
25.4765
25.5264
25.5749
25.6222
25.6681
25.7124
25.7552
25.7964
25.8359
25.8736
25.9095
25.9435
17.3297
17.3878
17.4454
17.5025
17.5593
17.6157
17.6718
17.7277
17.7834
17.8389
17.8943
17.9496
18.0048
18.0599
18.1149
18.1699
18.2248
18.2797
18.3346
18.3895
18.4443
18.4992
18.554
18.6088
18.6635
18.7183
18.773
18.8278
18.8825
18.9372
18.9918
19.0464
19.101
19.1556
19.2101
19.2646
19.3191
19.3735
19.4278
19.4821
19.5364
19.5906
19.6447
19.6988
19.7528
19.8067
19.8606
19.9144
19.9681
20.0218
20.0754
20.1289
20.1823
20.2357
20.2889
20.3421
20.3952
20.4482
20.5011
20.5539
20.6067
20.6593
20.7119
20.7643
20.8167
20.869
20.9212
20.9733
21.0252
21.0771
21.1289
21.1806
21.2322
21.2837
21.3351
21.3865
21.4377
21.4888
21.5398
21.5908
21.6416
21.6923
21.743
21.7936
21.844
21.8944
21.9447
21.9949
22.0451
22.0951
22.1451
22.195
22.2449
22.2946
22.3443
22.394
22.4435
22.4931
22.5426
22.592
22.6414
22.6908
22.7401
22.7895
22.8388
22.8881
22.9374
22.9867
23.0361
23.0854
23.1349
23.1843
23.2339
23.2835
23.3332
23.3829
23.4328
23.4829
23.533
23.5834
23.6339
23.6846
23.7354
23.7866
23.8379
23.8895
23.9414
23.9936
24.046
24.0989
24.152
24.2055
24.2594
24.3137
24.3683
24.4234
24.4789
24.5347
24.591
24.6478
24.7049
24.7623
24.8202
24.8783
24.9368
24.9955
25.0543
25.1133
25.1723
25.2312
25.29
25.3485
25.4067
25.4645
25.5217
25.5783
25.6342
25.6892
25.7433
25.7963
25.8483
25.899
25.9485
25.9967
26.0434
26.0887
26.1323
26.1743
26.2147
26.2532
26.2899
26.3247
26.3576
17.5498
17.6088
17.6673
17.7253
17.783
17.8403
17.8973
17.954
18.0106
18.067
18.1232
18.1794
18.2354
18.2914
18.3473
18.4031
18.4589
18.5147
18.5705
18.6262
18.6819
18.7376
18.7933
18.849
18.9046
18.9602
19.0158
19.0714
19.127
19.1826
19.2381
19.2936
19.349
19.4045
19.4599
19.5152
19.5705
19.6258
19.681
19.7361
19.7913
19.8463
19.9013
19.9562
20.0111
20.0659
20.1206
20.1753
20.2298
20.2843
20.3388
20.3931
20.4474
20.5016
20.5557
20.6097
20.6636
20.7175
20.7712
20.8249
20.8784
20.9319
20.9853
21.0386
21.0918
21.1449
21.1979
21.2508
21.3036
21.3563
21.4089
21.4614
21.5138
21.5661
21.6183
21.6704
21.7224
21.7744
21.8262
21.8779
21.9295
21.9811
22.0325
22.0839
22.1351
22.1863
22.2374
22.2884
22.3393
22.3901
22.4409
22.4916
22.5422
22.5927
22.6432
22.6936
22.744
22.7943
22.8445
22.8947
22.9449
22.995
23.0451
23.0952
23.1453
23.1954
23.2455
23.2956
23.3457
23.3958
23.446
23.4962
23.5465
23.5969
23.6474
23.6979
23.7486
23.7994
23.8504
23.9015
23.9528
24.0042
24.0559
24.1078
24.16
24.2124
24.2651
24.3181
24.3714
24.4251
24.479
24.5334
24.5881
24.6433
24.6988
24.7547
24.8111
24.8679
24.9251
24.9827
25.0407
25.0991
25.1578
25.2169
25.2763
25.3359
25.3956
25.4555
25.5154
25.5753
25.635
25.6944
25.7536
25.8122
25.8704
25.9279
25.9846
26.0405
26.0955
26.1494
26.2023
26.2539
26.3043
26.3533
26.4009
26.4469
26.4914
26.5342
26.5754
26.6147
26.6522
26.6877
26.7214
26.753
17.7586
17.8184
17.8778
17.9366
17.9951
18.0532
18.1111
18.1687
18.226
18.2833
18.3403
18.3973
18.4542
18.5109
18.5677
18.6244
18.681
18.7376
18.7942
18.8507
18.9073
18.9638
19.0203
19.0768
19.1332
19.1897
19.2461
19.3026
19.3589
19.4153
19.4717
19.528
19.5843
19.6405
19.6967
19.7529
19.809
19.8651
19.9211
19.9771
20.033
20.0889
20.1447
20.2004
20.2561
20.3117
20.3672
20.4227
20.4781
20.5334
20.5886
20.6438
20.6988
20.7538
20.8087
20.8635
20.9182
20.9729
21.0274
21.0819
21.1362
21.1905
21.2446
21.2987
21.3527
21.4065
21.4603
21.514
21.5676
21.621
21.6744
21.7277
21.7809
21.8339
21.8869
21.9398
21.9926
22.0452
22.0978
22.1503
22.2027
22.255
22.3071
22.3592
22.4112
22.4632
22.515
22.5667
22.6184
22.67
22.7215
22.7729
22.8242
22.8755
22.9267
22.9778
23.0289
23.0799
23.1309
23.1819
23.2327
23.2836
23.3344
23.3853
23.4361
23.4869
23.5377
23.5885
23.6393
23.6902
23.7411
23.7921
23.8431
23.8942
23.9454
23.9967
24.0481
24.0997
24.1514
24.2032
24.2552
24.3075
24.3599
24.4126
24.4655
24.5187
24.5722
24.6259
24.68
24.7344
24.7892
24.8444
24.8999
24.9559
25.0122
25.069
25.1262
25.1838
25.2419
25.3003
25.3592
25.4184
25.4781
25.538
25.5982
25.6587
25.7193
25.7801
25.8409
25.9016
25.9622
26.0225
26.0825
26.142
26.201
26.2594
26.317
26.3738
26.4296
26.4844
26.538
26.5905
26.6417
26.6915
26.7399
26.7867
26.832
26.8756
26.9175
26.9575
26.9957
27.032
27.0663
27.0987
27.1289
17.9557
18.0164
18.0765
18.1362
18.1954
18.2543
18.313
18.3713
18.4295
18.4875
18.5453
18.6031
18.6607
18.7183
18.7758
18.8332
18.8906
18.948
19.0054
19.0627
19.12
19.1773
19.2346
19.2919
19.3491
19.4064
19.4636
19.5208
19.5779
19.6351
19.6922
19.7493
19.8064
19.8634
19.9204
19.9773
20.0342
20.091
20.1478
20.2046
20.2613
20.3179
20.3745
20.431
20.4874
20.5438
20.6001
20.6563
20.7124
20.7685
20.8245
20.8804
20.9362
20.992
21.0476
21.1032
21.1586
21.214
21.2693
21.3245
21.3796
21.4346
21.4895
21.5443
21.599
21.6536
21.7081
21.7625
21.8168
21.871
21.9251
21.9791
22.033
22.0868
22.1405
22.1941
22.2476
22.301
22.3543
22.4075
22.4605
22.5135
22.5664
22.6192
22.672
22.7246
22.7771
22.8295
22.8819
22.9342
22.9863
23.0385
23.0905
23.1425
23.1944
23.2462
23.298
23.3497
23.4013
23.453
23.5045
23.5561
23.6076
23.6591
23.7106
23.7621
23.8136
23.8651
23.9166
23.9681
24.0197
24.0714
24.1231
24.1749
24.2268
24.2788
24.3309
24.3831
24.4355
24.4881
24.5408
24.5938
24.6469
24.7003
24.7539
24.8079
24.8621
24.9166
24.9714
25.0266
25.0821
25.138
25.1943
25.251
25.3082
25.3657
25.4237
25.4821
25.5409
25.6002
25.6599
25.72
25.7804
25.8412
25.9022
25.9635
26.025
26.0865
26.1481
26.2097
26.2711
26.3322
26.393
26.4534
26.5132
26.5724
26.6308
26.6884
26.745
26.8006
26.855
26.9083
26.9602
27.0108
27.0599
27.1075
27.1535
27.1978
27.2404
27.2812
27.3201
27.357
27.392
27.425
27.4559
18.1408
18.2023
18.2632
18.3236
18.3836
18.4432
18.5026
18.5617
18.6205
18.6793
18.7378
18.7963
18.8547
18.913
18.9712
19.0294
19.0875
19.1457
19.2037
19.2618
19.3199
19.3779
19.4359
19.4939
19.5519
19.6098
19.6678
19.7257
19.7836
19.8415
19.8993
19.9572
20.0149
20.0727
20.1304
20.1881
20.2457
20.3033
20.3608
20.4183
20.4757
20.533
20.5903
20.6475
20.7047
20.7618
20.8188
20.8757
20.9326
20.9893
21.046
21.1027
21.1592
21.2156
21.272
21.3283
21.3844
21.4405
21.4965
21.5524
21.6082
21.6639
21.7195
21.775
21.8304
21.8856
21.9408
21.9959
22.0509
22.1058
22.1606
22.2153
22.2698
22.3243
22.3787
22.433
22.4871
22.5412
22.5951
22.649
22.7028
22.7564
22.81
22.8634
22.9168
22.9701
23.0233
23.0764
23.1294
23.1823
23.2352
23.2879
23.3406
23.3932
23.4458
23.4982
23.5507
23.603
23.6553
23.7076
23.7598
23.812
23.8642
23.9163
23.9684
24.0206
24.0727
24.1248
24.177
24.2292
24.2815
24.3337
24.3861
24.4386
24.4911
24.5437
24.5965
24.6494
24.7024
24.7557
24.8091
24.8627
24.9165
24.9705
25.0248
25.0794
25.1343
25.1895
25.245
25.3009
25.3572
25.4138
25.4708
25.5282
25.5861
25.6444
25.7031
25.7622
25.8218
25.8819
25.9423
26.0031
26.0643
26.1259
26.1877
26.2497
26.312
26.3743
26.4367
26.499
26.5612
26.6231
26.6847
26.7458
26.8064
26.8663
26.9255
26.9838
27.0412
27.0975
27.1527
27.2067
27.2594
27.3106
27.3605
27.4088
27.4554
27.5004
27.5437
27.5851
27.6247
27.6623
27.6979
27.7315
27.7629
27.7923
18.3137
18.3759
18.4375
18.4986
18.5592
18.6196
18.6796
18.7393
18.7989
18.8583
18.9176
18.9767
19.0358
19.0947
19.1537
19.2125
19.2714
19.3302
19.3889
19.4477
19.5064
19.5651
19.6238
19.6825
19.7412
19.7998
19.8584
19.917
19.9756
20.0342
20.0927
20.1512
20.2097
20.2681
20.3265
20.3848
20.4431
20.5014
20.5596
20.6177
20.6758
20.7338
20.7918
20.8497
20.9075
20.9653
21.0229
21.0805
21.1381
21.1955
21.2529
21.3102
21.3673
21.4245
21.4815
21.5384
21.5952
21.6519
21.7086
21.7651
21.8216
21.8779
21.9342
21.9903
22.0463
22.1023
22.1581
22.2139
22.2695
22.325
22.3804
22.4357
22.491
22.5461
22.6011
22.656
22.7107
22.7654
22.82
22.8745
22.9289
22.9832
23.0373
23.0914
23.1454
23.1993
23.2531
23.3068
23.3604
23.414
23.4674
23.5208
23.5741
23.6273
23.6805
23.7335
23.7866
23.8395
23.8924
23.9453
23.9981
24.0509
24.1037
24.1564
24.2092
24.2619
24.3146
24.3674
24.4201
24.4729
24.5258
24.5787
24.6316
24.6847
24.7378
24.7911
24.8444
24.8979
24.9516
25.0054
25.0595
25.1137
25.1681
25.2228
25.2778
25.333
25.3885
25.4443
25.5005
25.557
25.6139
25.6712
25.7289
25.787
25.8455
25.9045
25.9639
26.0238
26.0841
26.1448
26.2059
26.2675
26.3294
26.3916
26.4542
26.517
26.5799
26.643
26.7061
26.7691
26.832
26.8946
26.9569
27.0188
27.0801
27.1407
27.2006
27.2596
27.3177
27.3747
27.4306
27.4853
27.5386
27.5906
27.641
27.69
27.7373
27.7829
27.8268
27.8688
27.909
27.9472
27.9834
28.0176
28.0496
28.0795
28.1073
18.474
18.5368
18.599
18.6608
18.7221
18.783
18.8436
18.9041
18.9642
19.0243
19.0842
19.1439
19.2036
19.2632
19.3228
19.3823
19.4417
19.5012
19.5606
19.62
19.6793
19.7387
19.798
19.8573
19.9166
19.9759
20.0351
20.0944
20.1536
20.2128
20.2719
20.3311
20.3902
20.4492
20.5083
20.5672
20.6262
20.685
20.7439
20.8026
20.8613
20.92
20.9786
21.0371
21.0955
21.1539
21.2122
21.2704
21.3286
21.3866
21.4446
21.5025
21.5603
21.618
21.6756
21.7332
21.7906
21.8479
21.9052
21.9623
22.0194
22.0763
22.1332
22.1899
22.2466
22.3031
22.3595
22.4159
22.4721
22.5282
22.5842
22.6401
22.6959
22.7516
22.8072
22.8627
22.918
22.9733
23.0285
23.0835
23.1385
23.1933
23.2481
23.3028
23.3573
23.4118
23.4662
23.5204
23.5746
23.6287
23.6827
23.7367
23.7905
23.8443
23.898
23.9517
24.0052
24.0588
24.1122
24.1657
24.219
24.2724
24.3257
24.379
24.4323
24.4856
24.5389
24.5922
24.6455
24.6988
24.7522
24.8057
24.8592
24.9128
24.9665
25.0203
25.0743
25.1283
25.1826
25.237
25.2916
25.3464
25.4014
25.4566
25.5122
25.568
25.6241
25.6805
25.7373
25.7944
25.8519
25.9098
25.9681
26.0269
26.086
26.1456
26.2057
26.2662
26.3271
26.3885
26.4503
26.5125
26.5751
26.638
26.7012
26.7646
26.8283
26.892
26.9558
27.0195
27.083
27.1463
27.2093
27.2718
27.3338
27.3951
27.4556
27.5153
27.574
27.6317
27.6882
27.7435
27.7974
27.85
27.9011
27.9506
27.9986
28.0448
28.0892
28.1318
28.1725
28.2113
28.248
28.2827
28.3153
28.3458
28.374
18.6213
18.6847
18.7476
18.8099
18.8717
18.9332
18.9945
19.0554
19.1162
19.1768
19.2373
19.2976
19.3579
19.4181
19.4782
19.5383
19.5984
19.6584
19.7183
19.7783
19.8383
19.8982
19.9581
20.018
20.0779
20.1377
20.1976
20.2574
20.3172
20.377
20.4367
20.4964
20.5561
20.6157
20.6753
20.7349
20.7944
20.8538
20.9132
20.9726
21.0319
21.0911
21.1502
21.2093
21.2683
21.3273
21.3862
21.445
21.5037
21.5623
21.6208
21.6793
21.7377
21.7959
21.8541
21.9122
21.9702
22.0281
22.0859
22.1436
22.2012
22.2587
22.3161
22.3734
22.4306
22.4877
22.5447
22.6015
22.6583
22.715
22.7715
22.828
22.8843
22.9405
22.9966
23.0527
23.1086
23.1644
23.2201
23.2757
23.3312
23.3865
23.4418
23.497
23.5521
23.6071
23.662
23.7168
23.7715
23.8261
23.8806
23.9351
23.9895
24.0438
24.098
24.1522
24.2062
24.2603
24.3143
24.3682
24.4221
24.476
24.5298
24.5836
24.6374
24.6912
24.745
24.7988
24.8526
24.9065
24.9604
25.0144
25.0684
25.1225
25.1768
25.2311
25.2855
25.3401
25.3949
25.4498
25.5049
25.5602
25.6158
25.6716
25.7277
25.784
25.8407
25.8976
25.955
26.0126
26.0707
26.1292
26.188
26.2473
26.3071
26.3673
26.4279
26.489
26.5505
26.6125
26.6749
26.7377
26.8009
26.8644
26.9282
26.9923
27.0565
27.1209
27.1852
27.2496
27.3137
27.3777
27.4412
27.5044
27.5669
27.6288
27.69
27.7502
27.8096
27.8678
27.9249
27.9808
28.0353
28.0885
28.1401
28.1902
28.2387
28.2854
28.3304
28.3735
28.4148
28.454
28.4913
28.5265
28.5595
28.5905
28.6192
28.6458
18.7554
18.8194
18.8827
18.9455
19.0079
19.0699
19.1317
19.1932
19.2545
19.3156
19.3766
19.4375
19.4983
19.559
19.6197
19.6803
19.7408
19.8014
19.8619
19.9224
19.9829
20.0433
20.1038
20.1642
20.2246
20.285
20.3454
20.4057
20.466
20.5263
20.5866
20.6468
20.707
20.7672
20.8273
20.8874
20.9474
21.0074
21.0674
21.1272
21.187
21.2468
21.3064
21.3661
21.4256
21.4851
21.5444
21.6038
21.663
21.7221
21.7812
21.8402
21.899
21.9578
22.0165
22.0751
22.1336
22.192
22.2503
22.3085
22.3667
22.4247
22.4826
22.5404
22.598
22.6556
22.7131
22.7705
22.8277
22.8849
22.9419
22.9989
23.0557
23.1124
23.169
23.2255
23.2819
23.3382
23.3944
23.4505
23.5065
23.5623
23.6181
23.6738
23.7293
23.7848
23.8402
23.8954
23.9506
24.0057
24.0607
24.1156
24.1705
24.2253
24.28
24.3346
24.3891
24.4436
24.4981
24.5525
24.6069
24.6612
24.7155
24.7698
24.824
24.8783
24.9325
24.9868
25.0411
25.0954
25.1498
25.2043
25.2588
25.3133
25.368
25.4228
25.4777
25.5328
25.588
25.6434
25.699
25.7548
25.8109
25.8672
25.9237
25.9805
26.0377
26.0952
26.153
26.2112
26.2697
26.3287
26.3881
26.4479
26.5082
26.5689
26.6301
26.6917
26.7538
26.8163
26.8792
26.9426
27.0063
27.0704
27.1348
27.1994
27.2642
27.3291
27.394
27.4589
27.5236
27.5881
27.6523
27.7159
27.779
27.8415
27.9032
27.964
28.0239
28.0827
28.1403
28.1967
28.2518
28.3054
28.3576
28.4082
28.4571
28.5044
28.5498
28.5934
28.6351
28.6749
28.7126
28.7482
28.7817
28.8131
28.8423
28.8693
28.8941
18.8759
18.9404
19.0042
19.0674
19.1303
19.1928
19.255
19.317
19.3787
19.4403
19.5018
19.5632
19.6244
19.6856
19.7467
19.8078
19.8689
19.9299
19.9909
20.0518
20.1128
20.1737
20.2347
20.2956
20.3564
20.4173
20.4782
20.539
20.5998
20.6606
20.7213
20.782
20.8427
20.9033
20.9639
21.0245
21.085
21.1454
21.2058
21.2662
21.3264
21.3867
21.4468
21.5069
21.5669
21.6268
21.6867
21.7464
21.8061
21.8657
21.9253
21.9847
22.044
22.1033
22.1624
22.2215
22.2805
22.3393
22.3981
22.4567
22.5153
22.5738
22.6321
22.6904
22.7485
22.8065
22.8645
22.9223
22.98
23.0376
23.0951
23.1525
23.2097
23.2669
23.3239
23.3809
23.4377
23.4944
23.5511
23.6076
23.664
23.7203
23.7765
23.8326
23.8886
23.9445
24.0003
24.056
24.1116
24.1671
24.2225
24.2779
24.3331
24.3883
24.4435
24.4985
24.5535
24.6084
24.6633
24.7181
24.7729
24.8276
24.8823
24.937
24.9917
25.0464
25.1011
25.1558
25.2105
25.2652
25.32
25.3749
25.4298
25.4848
25.5399
25.5951
25.6505
25.706
25.7616
25.8174
25.8735
25.9297
25.9862
26.0429
26.0999
26.1571
26.2147
26.2727
26.3309
26.3896
26.4486
26.508
26.5679
26.6282
26.6889
26.7501
26.8117
26.8738
26.9364
26.9994
27.0628
27.1267
27.1909
27.2555
27.3204
27.3855
27.4508
27.5162
27.5816
27.647
27.7122
27.7772
27.8419
27.906
27.9697
28.0326
28.0948
28.1561
28.2164
28.2757
28.3338
28.3907
28.4462
28.5004
28.553
28.604
28.6534
28.7011
28.747
28.791
28.8331
28.8733
28.9114
28.9474
28.9814
29.0132
29.0428
29.0702
29.0954
29.1184
18.9825
19.0474
19.1116
19.1752
19.2385
19.3014
19.364
19.4264
19.4886
19.5506
19.6125
19.6743
19.736
19.7976
19.8591
19.9206
19.9821
20.0435
20.1049
20.1663
20.2277
20.2891
20.3504
20.4117
20.473
20.5343
20.5956
20.6568
20.7181
20.7793
20.8404
20.9016
20.9626
21.0237
21.0847
21.1457
21.2066
21.2675
21.3283
21.3891
21.4497
21.5104
21.5709
21.6314
21.6918
21.7522
21.8125
21.8726
21.9327
21.9928
22.0527
22.1125
22.1723
22.2319
22.2915
22.351
22.4103
22.4696
22.5288
22.5878
22.6468
22.7056
22.7644
22.823
22.8816
22.94
22.9983
23.0565
23.1146
23.1726
23.2305
23.2883
23.346
23.4035
23.4609
23.5183
23.5755
23.6326
23.6896
23.7465
23.8033
23.86
23.9166
23.973
24.0294
24.0857
24.1419
24.1979
24.2539
24.3098
24.3656
24.4214
24.477
24.5326
24.5881
24.6435
24.6988
24.7541
24.8094
24.8646
24.9197
24.9748
25.0299
25.085
25.14
25.1951
25.2501
25.3052
25.3603
25.4154
25.4705
25.5258
25.581
25.6364
25.6919
25.7475
25.8032
25.8591
25.9151
25.9713
26.0277
26.0843
26.1412
26.1983
26.2556
26.3133
26.3713
26.4296
26.4883
26.5473
26.6067
26.6666
26.7268
26.7875
26.8487
26.9103
26.9723
27.0349
27.0979
27.1613
27.2252
27.2895
27.3541
27.4192
27.4845
27.55
27.6158
27.6816
27.7475
27.8133
27.879
27.9445
28.0095
28.0742
28.1382
28.2016
28.2642
28.326
28.3867
28.4464
28.505
28.5623
28.6182
28.6728
28.7258
28.7772
28.827
28.8751
28.9214
28.9658
29.0083
29.0488
29.0872
29.1237
29.1579
29.1901
29.2201
29.2479
29.2734
29.2967
19.0748
19.1401
19.2046
19.2686
19.3322
19.3955
19.4585
19.5212
19.5838
19.6462
19.7084
19.7705
19.8326
19.8946
19.9565
20.0183
20.0802
20.142
20.2038
20.2655
20.3272
20.389
20.4507
20.5124
20.574
20.6357
20.6973
20.7589
20.8205
20.8821
20.9436
21.0051
21.0666
21.128
21.1894
21.2507
21.312
21.3732
21.4344
21.4955
21.5566
21.6175
21.6785
21.7393
21.8001
21.8608
21.9214
21.982
22.0424
22.1028
22.1631
22.2233
22.2834
22.3434
22.4033
22.4631
22.5228
22.5824
22.642
22.7014
22.7607
22.8199
22.879
22.938
22.9969
23.0556
23.1143
23.1728
23.2313
23.2896
23.3478
23.406
23.464
23.5218
23.5796
23.6373
23.6948
23.7523
23.8096
23.8669
23.924
23.981
24.0379
24.0947
24.1514
24.208
24.2645
24.3209
24.3772
24.4335
24.4896
24.5457
24.6016
24.6575
24.7133
24.7691
24.8247
24.8804
24.9359
24.9914
25.0469
25.1023
25.1577
25.2131
25.2685
25.3238
25.3792
25.4346
25.49
25.5454
25.6009
25.6565
25.7121
25.7678
25.8236
25.8795
25.9355
25.9917
26.0481
26.1046
26.1613
26.2183
26.2754
26.3329
26.3906
26.4486
26.5069
26.5656
26.6246
26.684
26.7437
26.8039
26.8645
26.9256
26.9871
27.0491
27.1115
27.1744
27.2377
27.3016
27.3658
27.4305
27.4955
27.5609
27.6266
27.6926
27.7587
27.8249
27.8912
27.9574
28.0235
28.0893
28.1548
28.2198
28.2842
28.348
28.411
28.4731
28.5343
28.5943
28.6532
28.7109
28.7672
28.8221
28.8755
28.9273
28.9774
29.0258
29.0724
29.1171
29.1599
29.2008
29.2396
29.2763
29.3109
29.3434
29.3736
29.4017
29.4276
29.4512
29.4726
19.1526
19.2182
19.283
19.3473
19.4112
19.4747
19.538
19.6011
19.6639
19.7266
19.7892
19.8516
19.9139
19.9762
20.0384
20.1006
20.1628
20.2249
20.287
20.349
20.4111
20.4731
20.5351
20.5971
20.6591
20.721
20.783
20.8449
20.9068
20.9687
21.0305
21.0923
21.1541
21.2158
21.2775
21.3391
21.4007
21.4622
21.5237
21.5851
21.6465
21.7078
21.769
21.8302
21.8912
21.9522
22.0132
22.074
22.1348
22.1954
22.256
22.3165
22.3769
22.4372
22.4974
22.5575
22.6176
22.6775
22.7373
22.797
22.8566
22.9161
22.9755
23.0347
23.0939
23.153
23.2119
23.2708
23.3295
23.3881
23.4466
23.505
23.5633
23.6215
23.6796
23.7375
23.7954
23.8531
23.9107
23.9682
24.0256
24.0829
24.1401
24.1972
24.2542
24.311
24.3678
24.4245
24.4811
24.5376
24.594
24.6503
24.7066
24.7627
24.8188
24.8748
24.9308
24.9866
25.0425
25.0983
25.154
25.2097
25.2654
25.321
25.3767
25.4323
25.4879
25.5436
25.5993
25.655
25.7107
25.7665
25.8224
25.8784
25.9345
25.9906
26.0469
26.1034
26.16
26.2168
26.2738
26.3311
26.3885
26.4462
26.5042
26.5625
26.6211
26.6801
26.7394
26.799
26.8591
26.9196
26.9805
27.0418
27.1036
27.1659
27.2286
27.2919
27.3555
27.4196
27.4842
27.5492
27.6146
27.6803
27.7463
27.8126
27.879
27.9456
28.0122
28.0788
28.1451
28.2113
28.2771
28.3424
28.4072
28.4713
28.5346
28.597
28.6585
28.7189
28.7781
28.836
28.8927
28.9478
29.0015
29.0536
29.104
29.1527
29.1996
29.2446
29.2877
29.3288
29.3678
29.4048
29.4397
29.4724
29.503
29.5313
29.5574
29.5813
29.603
29.6225
19.2156
19.2814
19.3464
19.4109
19.475
19.5388
19.6023
19.6656
19.7287
19.7916
19.8544
19.9171
19.9797
20.0422
20.1047
20.1671
20.2295
20.2919
20.3542
20.4165
20.4788
20.5411
20.6033
20.6656
20.7278
20.79
20.8522
20.9144
20.9765
21.0386
21.1007
21.1628
21.2248
21.2868
21.3487
21.4106
21.4724
21.5342
21.5959
21.6576
21.7192
21.7807
21.8422
21.9036
21.9649
22.0262
22.0873
22.1484
22.2094
22.2703
22.3312
22.3919
22.4525
22.5131
22.5735
22.6339
22.6941
22.7543
22.8143
22.8743
22.9341
22.9938
23.0535
23.113
23.1724
23.2317
23.2909
23.35
23.4089
23.4678
23.5265
23.5851
23.6437
23.7021
23.7603
23.8185
23.8766
23.9345
23.9924
24.0501
24.1078
24.1653
24.2227
24.28
24.3372
24.3943
24.4513
24.5082
24.565
24.6218
24.6784
24.7349
24.7914
24.8478
24.9041
24.9603
25.0165
25.0726
25.1286
25.1846
25.2406
25.2965
25.3524
25.4083
25.4641
25.52
25.5758
25.6317
25.6876
25.7435
25.7995
25.8555
25.9116
25.9678
26.0241
26.0805
26.137
26.1937
26.2505
26.3076
26.3648
26.4222
26.4799
26.5379
26.5961
26.6546
26.7134
26.7726
26.8321
26.892
26.9523
27.0131
27.0742
27.1358
27.1978
27.2604
27.3233
27.3868
27.4507
27.5151
27.5799
27.6452
27.7108
27.7768
27.8431
27.9096
27.9763
28.0431
28.11
28.1768
28.2435
28.3099
28.3759
28.4415
28.5066
28.5709
28.6345
28.6972
28.7589
28.8195
28.879
28.9372
28.9941
29.0495
29.1034
29.1557
29.2064
29.2553
29.3024
29.3476
29.3909
29.4323
29.4715
29.5087
29.5438
29.5768
29.6075
29.6361
29.6624
29.6865
29.7084
29.7281
19.2632
19.3292
19.3944
19.4591
19.5233
19.5873
19.651
19.7145
19.7778
19.8409
19.9039
19.9667
20.0295
20.0922
20.1549
20.2175
20.2801
20.3426
20.4052
20.4677
20.5301
20.5926
20.6551
20.7175
20.7799
20.8423
20.9047
20.967
21.0294
21.0917
21.1539
21.2162
21.2784
21.3405
21.4027
21.4647
21.5268
21.5887
21.6506
21.7125
21.7743
21.836
21.8977
21.9592
22.0207
22.0822
22.1435
22.2048
22.266
22.3271
22.3881
22.449
22.5098
22.5706
22.6312
22.6917
22.7521
22.8125
22.8727
22.9328
22.9928
23.0528
23.1126
23.1723
23.2318
23.2913
23.3507
23.4099
23.4691
23.5281
23.587
23.6458
23.7045
23.7631
23.8216
23.8799
23.9381
23.9963
24.0543
24.1122
24.17
24.2277
24.2853
24.3428
24.4001
24.4574
24.5146
24.5717
24.6286
24.6855
24.7423
24.799
24.8557
24.9122
24.9687
25.0251
25.0814
25.1377
25.1939
25.2501
25.3062
25.3623
25.4183
25.4744
25.5304
25.5864
25.6424
25.6984
25.7545
25.8106
25.8667
25.9229
25.9792
26.0355
26.092
26.1485
26.2052
26.2621
26.3191
26.3763
26.4337
26.4913
26.5492
26.6073
26.6657
26.7243
26.7834
26.8427
26.9024
26.9625
27.023
27.0839
27.1452
27.207
27.2692
27.3319
27.3951
27.4587
27.5228
27.5874
27.6524
27.7179
27.7837
27.8499
27.9164
27.9831
28.05
28.117
28.1841
28.2511
28.318
28.3846
28.4508
28.5166
28.5819
28.6464
28.7102
28.7731
28.835
28.8958
28.9555
29.0139
29.0709
29.1265
29.1806
29.2331
29.284
29.333
29.3803
29.4257
29.4692
29.5107
29.5501
29.5875
29.6227
29.6558
29.6868
29.7155
29.742
29.7662
29.7883
29.8082
29.8259
19.2954
19.3615
19.4268
19.4915
19.5559
19.62
19.6838
19.7474
19.8108
19.8741
19.9372
20.0002
20.0631
20.1259
20.1887
20.2514
20.3142
20.3768
20.4395
20.5021
20.5647
20.6273
20.6899
20.7524
20.815
20.8775
20.94
21.0025
21.0649
21.1274
21.1898
21.2521
21.3145
21.3768
21.439
21.5012
21.5633
21.6254
21.6875
21.7495
21.8114
21.8732
21.935
21.9967
22.0583
22.1199
22.1814
22.2428
22.3041
22.3653
22.4264
22.4875
22.5484
22.6093
22.67
22.7307
22.7912
22.8517
22.912
22.9723
23.0324
23.0924
23.1524
23.2122
23.2719
23.3315
23.391
23.4503
23.5096
23.5687
23.6278
23.6867
23.7455
23.8042
23.8628
23.9212
23.9796
24.0378
24.096
24.154
24.2119
24.2697
24.3274
24.385
24.4425
24.4999
24.5572
24.6144
24.6715
24.7285
24.7854
24.8422
24.8989
24.9556
25.0122
25.0687
25.1251
25.1815
25.2378
25.2941
25.3504
25.4065
25.4627
25.5189
25.575
25.6311
25.6872
25.7434
25.7995
25.8557
25.912
25.9683
26.0247
26.0811
26.1377
26.1944
26.2512
26.3082
26.3653
26.4226
26.4801
26.5378
26.5958
26.654
26.7125
26.7713
26.8304
26.8899
26.9497
27.0099
27.0705
27.1316
27.193
27.2549
27.3173
27.3801
27.4434
27.5072
27.5714
27.6361
27.7012
27.7668
27.8328
27.8991
27.9657
28.0326
28.0996
28.1668
28.234
28.3011
28.3681
28.4349
28.5013
28.5672
28.6326
28.6973
28.7612
28.8242
28.8862
28.9472
29.007
29.0655
29.1227
29.1784
29.2326
29.2853
29.3362
29.3854
29.4328
29.4783
29.5219
29.5635
29.6031
29.6405
29.6759
29.7091
29.7401
29.769
29.7956
29.8199
29.8421
29.8622
29.8801
29.8959
19.3146
19.3808
19.4461
19.5108
19.5753
19.6395
19.7034
19.7671
19.8305
19.8939
19.957
20.0201
20.0831
20.146
20.2089
20.2717
20.3345
20.3972
20.4599
20.5226
20.5853
20.648
20.7106
20.7733
20.8359
20.8985
20.9611
21.0236
21.0862
21.1487
21.2111
21.2736
21.336
21.3984
21.4607
21.523
21.5852
21.6473
21.7095
21.7715
21.8335
21.8954
21.9573
22.0191
22.0808
22.1424
22.2039
22.2654
22.3268
22.3881
22.4493
22.5104
22.5714
22.6323
22.6932
22.7539
22.8145
22.875
22.9355
22.9958
23.056
23.1161
23.1761
23.236
23.2958
23.3554
23.415
23.4744
23.5338
23.593
23.6521
23.7111
23.77
23.8287
23.8874
23.9459
24.0043
24.0626
24.1208
24.1789
24.2369
24.2948
24.3526
24.4102
24.4678
24.5252
24.5826
24.6399
24.697
24.7541
24.8111
24.8679
24.9248
24.9815
25.0381
25.0947
25.1512
25.2077
25.2641
25.3204
25.3767
25.433
25.4892
25.5454
25.6016
25.6578
25.714
25.7702
25.8264
25.8827
25.939
25.9954
26.0518
26.1083
26.165
26.2217
26.2786
26.3356
26.3928
26.4502
26.5078
26.5656
26.6236
26.6819
26.7404
26.7993
26.8585
26.918
26.9779
27.0382
27.0989
27.16
27.2215
27.2835
27.3459
27.4088
27.4722
27.536
27.6003
27.6651
27.7303
27.796
27.862
27.9284
27.9951
28.0621
28.1292
28.1965
28.2638
28.331
28.3981
28.4649
28.5314
28.5974
28.6628
28.7276
28.7916
28.8547
28.9168
28.9779
29.0377
29.0963
29.1536
29.2094
29.2637
29.3164
29.3674
29.4167
29.4642
29.5098
29.5534
29.5951
29.6347
29.6722
29.7077
29.7409
29.772
29.8009
29.8276
29.852
29.8743
29.8944
29.9125
29.9283
29.9423
)
;

boundaryField
{
    inlet
    {
        type            fixedValue;
        value           nonuniform List<scalar> 0();
    }
    outlet
    {
        type            fixedValue;
        value           nonuniform List<scalar> 0();
    }
    lowerWall
    {
        type            zeroGradient;
    }
    upperWall
    {
        type            zeroGradient;
    }
    frontAndBack
    {
        type            zeroGradient;
    }
    procBoundary5to2
    {
        type            processor;
        value           nonuniform List<scalar> 
148
(
5.4231
5.43099
5.43891
5.44683
5.45476
5.46267
5.47058
5.47848
5.48637
5.49425
5.50213
5.51
5.51786
5.52572
5.53358
5.54144
5.5493
5.55715
5.56501
5.57286
5.58072
5.58858
5.59643
5.60429
5.61215
5.62001
5.62787
5.63573
5.6436
5.65147
5.65933
5.6672
5.67507
5.68295
5.69082
5.6987
5.70658
5.71446
5.72234
5.73023
5.73811
5.746
5.75389
5.76179
5.76968
5.77758
5.78548
5.79338
5.80128
5.80918
5.81709
5.825
5.83291
5.84082
5.84873
5.85665
5.86457
5.87248
5.88041
5.88833
5.89625
5.90418
5.9121
5.92003
5.92796
5.93589
5.94382
5.95176
5.95969
5.96763
5.97556
5.9835
5.99144
5.99938
6.00732
6.01526
6.0232
6.03114
6.03908
6.04702
6.05496
6.0629
6.07084
6.07877
6.08671
6.09464
6.10258
6.11051
6.11844
6.12636
6.13428
6.1422
6.15011
6.15802
6.16593
6.17383
6.18172
6.1896
6.19748
6.20535
6.21321
6.22106
6.2289
6.23673
6.24454
6.25234
6.26013
6.26791
6.27566
6.2834
6.29112
6.29882
6.3065
6.31415
6.32178
6.32938
6.33696
6.3445
6.35201
6.3595
6.36695
6.37436
6.38174
6.38908
6.39638
6.40364
6.41086
6.41804
6.42518
6.43227
6.43933
6.44634
6.45331
6.46024
6.46714
6.474
6.48083
6.48763
6.4944
6.50115
6.50789
6.51461
6.52131
6.528
6.53467
6.54131
6.54788
6.55438
)
;
    }
    procBoundary5to10
    {
        type            processor;
        value           nonuniform List<scalar> 
51
(
5.82813
6.24075
6.65268
7.0636
7.4732
7.88116
8.28715
8.69086
9.09197
9.49015
9.88509
10.2765
10.664
11.0473
11.4261
11.8001
11.8001
12.1322
12.4939
12.8498
13.1996
13.5428
13.8793
14.2086
14.5306
14.8447
15.1509
15.4486
15.7376
16.0176
16.2883
16.5493
16.8003
17.041
17.2711
17.4903
17.6982
17.8944
18.0788
18.251
18.4105
18.5573
18.6908
18.8107
18.9169
19.0088
19.0863
19.1489
19.1964
19.2284
19.2475
)
;
    }
    procBoundary5to11
    {
        type            processor;
        value           nonuniform List<scalar> 
86
(
7.20879
7.20879
7.86667
7.86667
8.52707
8.52707
9.18924
9.83774
9.83774
10.5003
10.5003
11.1629
11.8054
11.8054
12.465
12.465
13.1229
13.1229
13.7782
14.4056
14.4056
15.053
15.053
15.696
16.3059
16.3059
16.9374
16.9374
17.5626
17.5626
18.1807
18.7598
18.7598
19.3613
19.3613
19.9537
20.5036
20.5036
21.0757
21.0757
21.6367
21.6367
22.1857
22.689
22.689
23.2125
23.2125
23.722
24.1842
24.1842
24.6644
24.6644
25.1287
25.1287
25.5762
25.9756
25.9756
26.3886
26.3886
26.7827
26.7827
27.1573
27.4847
27.4847
27.8196
27.8196
28.1331
28.4001
28.4001
28.6702
28.6702
28.9169
28.9169
29.1394
29.3178
29.3178
29.4919
29.4919
29.64
29.7457
29.7457
29.8417
29.8417
29.91
29.91
29.9556
)
;
    }
}


// ************************************************************************* //
