/*--------------------------------*- C++ -*----------------------------------*\
| =========                 |                                                 |
| \\      /  F ield         | OpenFOAM: The Open Source CFD Toolbox           |
|  \\    /   O peration     | Version:  2512                                  |
|   \\  /    A nd           | Website:  www.openfoam.com                      |
|    \\/     M anipulation  |                                                 |
\*---------------------------------------------------------------------------*/
FoamFile
{
    version     2.0;
    format      ascii;
    arch        "LSB;label=32;scalar=64";
    class       volScalarField;
    location    "0.1";
    object      Ux;
}
// * * * * * * * * * * * * * * * * * * * * * * * * * * * * * * * * * * * * * //

dimensions      [0 1 -1 0 0 0 0];

internalField   nonuniform List<scalar> 
8333
(
0.0633882
0.0633758
0.0633646
0.0633545
0.0633441
0.0633332
0.0633223
0.0633114
0.0633005
0.0632895
0.0632785
0.0632675
0.0632564
0.0632453
0.0632341
0.0632229
0.0632116
0.0632003
0.063189
0.0631776
0.0631661
0.0631547
0.0631431
0.0631316
0.06312
0.0631083
0.0630966
0.0630849
0.0630732
0.0630613
0.0630495
0.0630376
0.0630257
0.0630137
0.0630017
0.0629896
0.0629775
0.0629654
0.0629532
0.062941
0.0629287
0.0629164
0.0629041
0.0628917
0.0628793
0.0628668
0.0628543
0.0628418
0.0628292
0.0628166
0.0628039
0.0627912
0.0627785
0.0627657
0.0627529
0.06274
0.0627271
0.0627142
0.0627012
0.0626882
0.0626752
0.0626621
0.0626489
0.0626358
0.0626226
0.0626093
0.062596
0.0625827
0.0625694
0.062556
0.0625425
0.0625291
0.0625156
0.062502
0.0624884
0.0624748
0.0624611
0.0624474
0.0624337
0.0624199
0.0624061
0.0623923
0.0623784
0.0623645
0.0623505
0.0623366
0.0623225
0.0623085
0.0622944
0.0622802
0.0622661
0.0622519
0.0622376
0.0622234
0.062209
0.0621947
0.0621803
0.0621659
0.0621514
0.062137
0.0621224
0.0621079
0.0620933
0.0620787
0.062064
0.0620493
0.0620346
0.0620198
0.062005
0.0619902
0.0619754
0.0619605
0.0619455
0.0619306
0.0619156
0.0619006
0.0618855
0.0618704
0.0618553
0.0618401
0.0618249
0.0618097
0.0617945
0.0617792
0.0617639
0.0617485
0.0617331
0.0617177
0.0617023
0.0616868
0.0616713
0.0616558
0.0616402
0.0616246
0.061609
0.0615933
0.0615777
0.061562
0.0615462
0.0615305
0.0615147
0.061499
0.0614831
0.0614676
0.0614516
0.0614366
0.0614212
0.0614066
0.0633882
0.0633758
0.0633646
0.0633545
0.0633441
0.0633332
0.0633223
0.0633114
0.0633005
0.0632895
0.0632785
0.0632675
0.0632564
0.0632453
0.0632341
0.0632229
0.0632116
0.0632003
0.0631889
0.0631776
0.0631661
0.0631546
0.0631431
0.0631316
0.06312
0.0631083
0.0630966
0.0630849
0.0630731
0.0630613
0.0630495
0.0630376
0.0630257
0.0630137
0.0630017
0.0629896
0.0629775
0.0629654
0.0629532
0.062941
0.0629287
0.0629164
0.0629041
0.0628917
0.0628793
0.0628668
0.0628543
0.0628418
0.0628292
0.0628166
0.0628039
0.0627912
0.0627785
0.0627657
0.0627529
0.06274
0.0627271
0.0627142
0.0627012
0.0626882
0.0626752
0.0626621
0.0626489
0.0626358
0.0626226
0.0626093
0.062596
0.0625827
0.0625694
0.062556
0.0625425
0.0625291
0.0625155
0.062502
0.0624884
0.0624748
0.0624611
0.0624474
0.0624337
0.0624199
0.0624061
0.0623923
0.0623784
0.0623645
0.0623505
0.0623365
0.0623225
0.0623085
0.0622944
0.0622802
0.0622661
0.0622519
0.0622376
0.0622233
0.062209
0.0621947
0.0621803
0.0621659
0.0621514
0.0621369
0.0621224
0.0621079
0.0620933
0.0620787
0.062064
0.0620493
0.0620346
0.0620198
0.062005
0.0619902
0.0619753
0.0619605
0.0619455
0.0619306
0.0619156
0.0619005
0.0618855
0.0618704
0.0618553
0.0618401
0.0618249
0.0618097
0.0617944
0.0617792
0.0617638
0.0617485
0.0617331
0.0617177
0.0617023
0.0616868
0.0616713
0.0616557
0.0616402
0.0616246
0.061609
0.0615933
0.0615776
0.0615619
0.0615462
0.0615305
0.0615147
0.061499
0.0614831
0.0614676
0.0614516
0.0614364
0.0614211
0.0614062
0.0613912
0.0633882
0.0633758
0.0633645
0.0633545
0.0633441
0.0633331
0.0633222
0.0633114
0.0633005
0.0632895
0.0632785
0.0632675
0.0632564
0.0632452
0.0632341
0.0632228
0.0632116
0.0632003
0.0631889
0.0631775
0.0631661
0.0631546
0.0631431
0.0631316
0.06312
0.0631083
0.0630966
0.0630849
0.0630731
0.0630613
0.0630495
0.0630376
0.0630256
0.0630137
0.0630017
0.0629896
0.0629775
0.0629654
0.0629532
0.062941
0.0629287
0.0629164
0.0629041
0.0628917
0.0628793
0.0628668
0.0628543
0.0628418
0.0628292
0.0628166
0.0628039
0.0627912
0.0627785
0.0627657
0.0627529
0.06274
0.0627271
0.0627142
0.0627012
0.0626882
0.0626751
0.062662
0.0626489
0.0626358
0.0626225
0.0626093
0.062596
0.0625827
0.0625693
0.0625559
0.0625425
0.062529
0.0625155
0.062502
0.0624884
0.0624748
0.0624611
0.0624474
0.0624337
0.0624199
0.0624061
0.0623923
0.0623784
0.0623645
0.0623505
0.0623365
0.0623225
0.0623084
0.0622943
0.0622802
0.062266
0.0622518
0.0622376
0.0622233
0.062209
0.0621947
0.0621803
0.0621659
0.0621514
0.0621369
0.0621224
0.0621079
0.0620933
0.0620787
0.062064
0.0620493
0.0620346
0.0620198
0.062005
0.0619902
0.0619753
0.0619604
0.0619455
0.0619306
0.0619156
0.0619005
0.0618855
0.0618704
0.0618553
0.0618401
0.0618249
0.0618097
0.0617944
0.0617791
0.0617638
0.0617485
0.0617331
0.0617177
0.0617022
0.0616868
0.0616713
0.0616557
0.0616402
0.0616246
0.0616089
0.0615933
0.0615776
0.0615619
0.0615462
0.0615304
0.0615147
0.061499
0.0614831
0.0614676
0.0614516
0.0614364
0.0614211
0.0614056
0.061391
0.0613733
0.0633882
0.0633758
0.0633645
0.0633544
0.063344
0.0633331
0.0633222
0.0633114
0.0633005
0.0632895
0.0632785
0.0632675
0.0632564
0.0632452
0.0632341
0.0632228
0.0632116
0.0632003
0.0631889
0.0631775
0.0631661
0.0631546
0.0631431
0.0631316
0.06312
0.0631083
0.0630966
0.0630849
0.0630731
0.0630613
0.0630495
0.0630376
0.0630256
0.0630137
0.0630017
0.0629896
0.0629775
0.0629654
0.0629532
0.062941
0.0629287
0.0629164
0.0629041
0.0628917
0.0628793
0.0628668
0.0628543
0.0628418
0.0628292
0.0628166
0.0628039
0.0627912
0.0627785
0.0627657
0.0627529
0.06274
0.0627271
0.0627142
0.0627012
0.0626882
0.0626751
0.062662
0.0626489
0.0626357
0.0626225
0.0626093
0.062596
0.0625827
0.0625693
0.0625559
0.0625425
0.062529
0.0625155
0.062502
0.0624884
0.0624748
0.0624611
0.0624474
0.0624337
0.0624199
0.0624061
0.0623923
0.0623784
0.0623645
0.0623505
0.0623365
0.0623225
0.0623084
0.0622943
0.0622802
0.062266
0.0622518
0.0622376
0.0622233
0.062209
0.0621947
0.0621803
0.0621659
0.0621514
0.0621369
0.0621224
0.0621079
0.0620933
0.0620786
0.062064
0.0620493
0.0620346
0.0620198
0.062005
0.0619902
0.0619753
0.0619604
0.0619455
0.0619305
0.0619155
0.0619005
0.0618855
0.0618704
0.0618552
0.0618401
0.0618249
0.0618097
0.0617944
0.0617791
0.0617638
0.0617485
0.0617331
0.0617177
0.0617022
0.0616867
0.0616712
0.0616557
0.0616401
0.0616245
0.0616089
0.0615933
0.0615776
0.0615619
0.0615462
0.0615304
0.0615146
0.0614989
0.0614831
0.0614675
0.0614516
0.0614362
0.0614209
0.0614051
0.0613899
0.0613735
0.0613538
0.0633882
0.0633757
0.0633644
0.0633544
0.063344
0.0633331
0.0633222
0.0633114
0.0633005
0.0632895
0.0632785
0.0632675
0.0632564
0.0632452
0.0632341
0.0632228
0.0632116
0.0632003
0.0631889
0.0631775
0.0631661
0.0631546
0.0631431
0.0631315
0.0631199
0.0631083
0.0630966
0.0630849
0.0630731
0.0630613
0.0630495
0.0630376
0.0630256
0.0630137
0.0630016
0.0629896
0.0629775
0.0629654
0.0629532
0.062941
0.0629287
0.0629164
0.0629041
0.0628917
0.0628793
0.0628668
0.0628543
0.0628418
0.0628292
0.0628165
0.0628039
0.0627912
0.0627785
0.0627657
0.0627529
0.06274
0.0627271
0.0627142
0.0627012
0.0626882
0.0626751
0.062662
0.0626489
0.0626357
0.0626225
0.0626093
0.062596
0.0625827
0.0625693
0.0625559
0.0625425
0.062529
0.0625155
0.062502
0.0624884
0.0624748
0.0624611
0.0624474
0.0624337
0.0624199
0.0624061
0.0623923
0.0623784
0.0623645
0.0623505
0.0623365
0.0623225
0.0623084
0.0622943
0.0622802
0.062266
0.0622518
0.0622376
0.0622233
0.062209
0.0621947
0.0621803
0.0621659
0.0621514
0.0621369
0.0621224
0.0621078
0.0620933
0.0620786
0.062064
0.0620493
0.0620346
0.0620198
0.062005
0.0619902
0.0619753
0.0619604
0.0619455
0.0619305
0.0619155
0.0619005
0.0618855
0.0618704
0.0618552
0.0618401
0.0618249
0.0618097
0.0617944
0.0617791
0.0617638
0.0617484
0.0617331
0.0617177
0.0617022
0.0616867
0.0616712
0.0616557
0.0616401
0.0616245
0.0616089
0.0615932
0.0615776
0.0615619
0.0615461
0.0615304
0.0615146
0.0614989
0.0614831
0.0614675
0.0614516
0.0614361
0.0614207
0.0614048
0.0613894
0.0613729
0.0613556
0.0633882
0.0633757
0.0633644
0.0633544
0.063344
0.0633331
0.0633222
0.0633114
0.0633005
0.0632895
0.0632785
0.0632675
0.0632564
0.0632452
0.0632341
0.0632228
0.0632116
0.0632003
0.0631889
0.0631775
0.0631661
0.0631546
0.0631431
0.0631315
0.0631199
0.0631083
0.0630966
0.0630849
0.0630731
0.0630613
0.0630495
0.0630376
0.0630256
0.0630137
0.0630016
0.0629896
0.0629775
0.0629653
0.0629532
0.062941
0.0629287
0.0629164
0.0629041
0.0628917
0.0628792
0.0628668
0.0628543
0.0628417
0.0628292
0.0628165
0.0628039
0.0627912
0.0627784
0.0627657
0.0627529
0.06274
0.0627271
0.0627142
0.0627012
0.0626882
0.0626751
0.062662
0.0626489
0.0626357
0.0626225
0.0626093
0.062596
0.0625827
0.0625693
0.0625559
0.0625425
0.062529
0.0625155
0.062502
0.0624884
0.0624748
0.0624611
0.0624474
0.0624337
0.0624199
0.0624061
0.0623923
0.0623784
0.0623645
0.0623505
0.0623365
0.0623225
0.0623084
0.0622943
0.0622802
0.062266
0.0622518
0.0622376
0.0622233
0.062209
0.0621947
0.0621803
0.0621659
0.0621514
0.0621369
0.0621224
0.0621078
0.0620933
0.0620786
0.062064
0.0620493
0.0620346
0.0620198
0.062005
0.0619902
0.0619753
0.0619604
0.0619455
0.0619305
0.0619155
0.0619005
0.0618854
0.0618703
0.0618552
0.0618401
0.0618249
0.0618097
0.0617944
0.0617791
0.0617638
0.0617484
0.0617331
0.0617176
0.0617022
0.0616867
0.0616712
0.0616557
0.0616401
0.0616245
0.0616089
0.0615932
0.0615775
0.0615618
0.0615461
0.0615304
0.0615146
0.0614989
0.061483
0.0614674
0.0614516
0.061436
0.0614205
0.0614045
0.0613889
0.0613727
0.061356
0.0613384
0.0633882
0.0633756
0.0633644
0.0633544
0.063344
0.0633331
0.0633222
0.0633113
0.0633004
0.0632895
0.0632785
0.0632674
0.0632564
0.0632452
0.063234
0.0632228
0.0632116
0.0632003
0.0631889
0.0631775
0.0631661
0.0631546
0.0631431
0.0631315
0.0631199
0.0631083
0.0630966
0.0630849
0.0630731
0.0630613
0.0630494
0.0630376
0.0630256
0.0630136
0.0630016
0.0629896
0.0629775
0.0629653
0.0629532
0.0629409
0.0629287
0.0629164
0.062904
0.0628917
0.0628792
0.0628668
0.0628543
0.0628417
0.0628292
0.0628165
0.0628039
0.0627912
0.0627784
0.0627657
0.0627528
0.06274
0.0627271
0.0627142
0.0627012
0.0626882
0.0626751
0.062662
0.0626489
0.0626357
0.0626225
0.0626093
0.062596
0.0625827
0.0625693
0.0625559
0.0625425
0.062529
0.0625155
0.062502
0.0624884
0.0624748
0.0624611
0.0624474
0.0624337
0.0624199
0.0624061
0.0623922
0.0623784
0.0623644
0.0623505
0.0623365
0.0623225
0.0623084
0.0622943
0.0622802
0.062266
0.0622518
0.0622376
0.0622233
0.062209
0.0621946
0.0621803
0.0621658
0.0621514
0.0621369
0.0621224
0.0621078
0.0620932
0.0620786
0.062064
0.0620493
0.0620345
0.0620198
0.062005
0.0619902
0.0619753
0.0619604
0.0619455
0.0619305
0.0619155
0.0619005
0.0618854
0.0618703
0.0618552
0.0618401
0.0618249
0.0618096
0.0617944
0.0617791
0.0617638
0.0617484
0.061733
0.0617176
0.0617022
0.0616867
0.0616712
0.0616557
0.0616401
0.0616245
0.0616089
0.0615932
0.0615775
0.0615618
0.0615461
0.0615303
0.0615146
0.0614988
0.061483
0.0614673
0.0614515
0.0614358
0.0614203
0.0614042
0.0613885
0.0613723
0.0613554
0.0613386
0.0613195
0.0633882
0.0633755
0.0633643
0.0633544
0.063344
0.0633331
0.0633222
0.0633113
0.0633004
0.0632895
0.0632785
0.0632674
0.0632563
0.0632452
0.063234
0.0632228
0.0632116
0.0632002
0.0631889
0.0631775
0.0631661
0.0631546
0.0631431
0.0631315
0.0631199
0.0631083
0.0630966
0.0630849
0.0630731
0.0630613
0.0630494
0.0630375
0.0630256
0.0630136
0.0630016
0.0629896
0.0629775
0.0629653
0.0629532
0.0629409
0.0629287
0.0629164
0.062904
0.0628917
0.0628792
0.0628668
0.0628543
0.0628417
0.0628292
0.0628165
0.0628039
0.0627912
0.0627784
0.0627657
0.0627528
0.06274
0.0627271
0.0627141
0.0627012
0.0626882
0.0626751
0.062662
0.0626489
0.0626357
0.0626225
0.0626093
0.062596
0.0625827
0.0625693
0.0625559
0.0625425
0.062529
0.0625155
0.062502
0.0624884
0.0624747
0.0624611
0.0624474
0.0624337
0.0624199
0.0624061
0.0623922
0.0623784
0.0623644
0.0623505
0.0623365
0.0623225
0.0623084
0.0622943
0.0622802
0.062266
0.0622518
0.0622376
0.0622233
0.062209
0.0621946
0.0621803
0.0621658
0.0621514
0.0621369
0.0621224
0.0621078
0.0620932
0.0620786
0.062064
0.0620493
0.0620345
0.0620198
0.062005
0.0619902
0.0619753
0.0619604
0.0619455
0.0619305
0.0619155
0.0619005
0.0618854
0.0618703
0.0618552
0.06184
0.0618249
0.0618096
0.0617944
0.0617791
0.0617638
0.0617484
0.061733
0.0617176
0.0617022
0.0616867
0.0616712
0.0616556
0.0616401
0.0616245
0.0616088
0.0615932
0.0615775
0.0615618
0.0615461
0.0615303
0.0615145
0.0614988
0.061483
0.0614672
0.0614514
0.0614357
0.0614201
0.061404
0.0613882
0.0613719
0.0613553
0.0613384
0.0613217
0.0633881
0.0633754
0.0633642
0.0633544
0.063344
0.0633331
0.0633222
0.0633113
0.0633004
0.0632895
0.0632785
0.0632674
0.0632563
0.0632452
0.063234
0.0632228
0.0632115
0.0632002
0.0631889
0.0631775
0.0631661
0.0631546
0.0631431
0.0631315
0.0631199
0.0631083
0.0630966
0.0630849
0.0630731
0.0630613
0.0630494
0.0630375
0.0630256
0.0630136
0.0630016
0.0629896
0.0629775
0.0629653
0.0629531
0.0629409
0.0629287
0.0629164
0.062904
0.0628916
0.0628792
0.0628668
0.0628543
0.0628417
0.0628291
0.0628165
0.0628039
0.0627912
0.0627784
0.0627656
0.0627528
0.06274
0.0627271
0.0627141
0.0627012
0.0626882
0.0626751
0.062662
0.0626489
0.0626357
0.0626225
0.0626093
0.062596
0.0625827
0.0625693
0.0625559
0.0625425
0.062529
0.0625155
0.0625019
0.0624884
0.0624747
0.0624611
0.0624474
0.0624337
0.0624199
0.0624061
0.0623922
0.0623784
0.0623644
0.0623505
0.0623365
0.0623225
0.0623084
0.0622943
0.0622802
0.062266
0.0622518
0.0622376
0.0622233
0.062209
0.0621946
0.0621803
0.0621658
0.0621514
0.0621369
0.0621224
0.0621078
0.0620932
0.0620786
0.062064
0.0620493
0.0620345
0.0620198
0.062005
0.0619902
0.0619753
0.0619604
0.0619455
0.0619305
0.0619155
0.0619005
0.0618854
0.0618703
0.0618552
0.06184
0.0618248
0.0618096
0.0617944
0.0617791
0.0617638
0.0617484
0.061733
0.0617176
0.0617021
0.0616867
0.0616712
0.0616556
0.06164
0.0616244
0.0616088
0.0615932
0.0615775
0.0615618
0.061546
0.0615303
0.0615145
0.0614987
0.0614829
0.0614672
0.0614514
0.0614356
0.0614199
0.0614038
0.0613879
0.0613716
0.0613551
0.0613382
0.0613219
0.0613043
0.0633881
0.0633752
0.0633642
0.0633544
0.063344
0.063333
0.0633222
0.0633113
0.0633004
0.0632895
0.0632785
0.0632674
0.0632563
0.0632452
0.063234
0.0632228
0.0632115
0.0632002
0.0631889
0.0631775
0.0631661
0.0631546
0.0631431
0.0631315
0.0631199
0.0631083
0.0630966
0.0630849
0.0630731
0.0630613
0.0630494
0.0630375
0.0630256
0.0630136
0.0630016
0.0629896
0.0629775
0.0629653
0.0629531
0.0629409
0.0629287
0.0629164
0.062904
0.0628916
0.0628792
0.0628668
0.0628543
0.0628417
0.0628291
0.0628165
0.0628039
0.0627912
0.0627784
0.0627656
0.0627528
0.06274
0.0627271
0.0627141
0.0627012
0.0626881
0.0626751
0.062662
0.0626489
0.0626357
0.0626225
0.0626093
0.062596
0.0625827
0.0625693
0.0625559
0.0625425
0.062529
0.0625155
0.0625019
0.0624884
0.0624747
0.0624611
0.0624474
0.0624336
0.0624199
0.0624061
0.0623922
0.0623783
0.0623644
0.0623505
0.0623365
0.0623225
0.0623084
0.0622943
0.0622802
0.062266
0.0622518
0.0622376
0.0622233
0.062209
0.0621946
0.0621802
0.0621658
0.0621514
0.0621369
0.0621224
0.0621078
0.0620932
0.0620786
0.0620639
0.0620493
0.0620345
0.0620198
0.062005
0.0619901
0.0619753
0.0619604
0.0619455
0.0619305
0.0619155
0.0619005
0.0618854
0.0618703
0.0618552
0.06184
0.0618248
0.0618096
0.0617944
0.0617791
0.0617637
0.0617484
0.061733
0.0617176
0.0617021
0.0616867
0.0616711
0.0616556
0.06164
0.0616244
0.0616088
0.0615931
0.0615774
0.0615617
0.061546
0.0615302
0.0615145
0.0614987
0.0614829
0.0614671
0.0614513
0.0614354
0.0614197
0.0614036
0.0613876
0.0613714
0.0613548
0.0613381
0.0613215
0.0613048
0.0612867
0.063388
0.063375
0.0633641
0.0633545
0.063344
0.063333
0.0633221
0.0633113
0.0633004
0.0632895
0.0632785
0.0632674
0.0632563
0.0632452
0.063234
0.0632228
0.0632115
0.0632002
0.0631889
0.0631775
0.0631661
0.0631546
0.0631431
0.0631315
0.0631199
0.0631083
0.0630966
0.0630848
0.0630731
0.0630613
0.0630494
0.0630375
0.0630256
0.0630136
0.0630016
0.0629895
0.0629775
0.0629653
0.0629531
0.0629409
0.0629287
0.0629164
0.062904
0.0628916
0.0628792
0.0628668
0.0628543
0.0628417
0.0628291
0.0628165
0.0628039
0.0627912
0.0627784
0.0627656
0.0627528
0.06274
0.0627271
0.0627141
0.0627012
0.0626881
0.0626751
0.062662
0.0626489
0.0626357
0.0626225
0.0626093
0.062596
0.0625827
0.0625693
0.0625559
0.0625425
0.062529
0.0625155
0.0625019
0.0624884
0.0624747
0.0624611
0.0624474
0.0624336
0.0624199
0.0624061
0.0623922
0.0623783
0.0623644
0.0623505
0.0623365
0.0623225
0.0623084
0.0622943
0.0622802
0.062266
0.0622518
0.0622376
0.0622233
0.062209
0.0621946
0.0621802
0.0621658
0.0621514
0.0621369
0.0621224
0.0621078
0.0620932
0.0620786
0.0620639
0.0620492
0.0620345
0.0620198
0.062005
0.0619901
0.0619753
0.0619604
0.0619455
0.0619305
0.0619155
0.0619005
0.0618854
0.0618703
0.0618552
0.06184
0.0618248
0.0618096
0.0617943
0.0617791
0.0617637
0.0617484
0.061733
0.0617176
0.0617021
0.0616866
0.0616711
0.0616556
0.06164
0.0616244
0.0616088
0.0615931
0.0615774
0.0615617
0.061546
0.0615302
0.0615144
0.0614986
0.0614828
0.061467
0.0614512
0.0614353
0.0614195
0.0614034
0.0613874
0.0613711
0.0613546
0.0613379
0.0613212
0.0613043
0.0612871
0.061268
0.0633879
0.0633748
0.0633641
0.0633545
0.063344
0.063333
0.0633221
0.0633113
0.0633004
0.0632895
0.0632785
0.0632674
0.0632563
0.0632452
0.063234
0.0632228
0.0632115
0.0632002
0.0631889
0.0631775
0.063166
0.0631546
0.0631431
0.0631315
0.0631199
0.0631082
0.0630966
0.0630848
0.0630731
0.0630613
0.0630494
0.0630375
0.0630256
0.0630136
0.0630016
0.0629895
0.0629774
0.0629653
0.0629531
0.0629409
0.0629287
0.0629164
0.062904
0.0628916
0.0628792
0.0628668
0.0628542
0.0628417
0.0628291
0.0628165
0.0628038
0.0627911
0.0627784
0.0627656
0.0627528
0.06274
0.0627271
0.0627141
0.0627012
0.0626881
0.0626751
0.062662
0.0626489
0.0626357
0.0626225
0.0626092
0.062596
0.0625826
0.0625693
0.0625559
0.0625425
0.062529
0.0625155
0.0625019
0.0624883
0.0624747
0.0624611
0.0624474
0.0624336
0.0624199
0.0624061
0.0623922
0.0623783
0.0623644
0.0623505
0.0623365
0.0623225
0.0623084
0.0622943
0.0622802
0.062266
0.0622518
0.0622375
0.0622233
0.062209
0.0621946
0.0621802
0.0621658
0.0621514
0.0621369
0.0621224
0.0621078
0.0620932
0.0620786
0.0620639
0.0620492
0.0620345
0.0620198
0.062005
0.0619901
0.0619753
0.0619604
0.0619454
0.0619305
0.0619155
0.0619005
0.0618854
0.0618703
0.0618552
0.06184
0.0618248
0.0618096
0.0617943
0.061779
0.0617637
0.0617484
0.061733
0.0617176
0.0617021
0.0616866
0.0616711
0.0616556
0.06164
0.0616244
0.0616088
0.0615931
0.0615774
0.0615617
0.0615459
0.0615302
0.0615144
0.0614986
0.0614828
0.0614669
0.0614511
0.0614352
0.0614193
0.0614032
0.0613871
0.0613709
0.0613544
0.0613378
0.061321
0.0613043
0.0612871
0.0612701
0.0633876
0.0633745
0.0633641
0.0633546
0.063344
0.063333
0.0633221
0.0633113
0.0633004
0.0632894
0.0632784
0.0632674
0.0632563
0.0632452
0.063234
0.0632228
0.0632115
0.0632002
0.0631889
0.0631775
0.063166
0.0631546
0.063143
0.0631315
0.0631199
0.0631082
0.0630966
0.0630848
0.0630731
0.0630613
0.0630494
0.0630375
0.0630256
0.0630136
0.0630016
0.0629895
0.0629774
0.0629653
0.0629531
0.0629409
0.0629286
0.0629163
0.062904
0.0628916
0.0628792
0.0628667
0.0628542
0.0628417
0.0628291
0.0628165
0.0628038
0.0627911
0.0627784
0.0627656
0.0627528
0.0627399
0.0627271
0.0627141
0.0627011
0.0626881
0.0626751
0.062662
0.0626489
0.0626357
0.0626225
0.0626092
0.062596
0.0625826
0.0625693
0.0625559
0.0625425
0.062529
0.0625155
0.0625019
0.0624883
0.0624747
0.0624611
0.0624474
0.0624336
0.0624199
0.0624061
0.0623922
0.0623783
0.0623644
0.0623505
0.0623365
0.0623224
0.0623084
0.0622943
0.0622802
0.062266
0.0622518
0.0622375
0.0622233
0.062209
0.0621946
0.0621802
0.0621658
0.0621514
0.0621369
0.0621224
0.0621078
0.0620932
0.0620786
0.0620639
0.0620492
0.0620345
0.0620197
0.062005
0.0619901
0.0619753
0.0619604
0.0619454
0.0619305
0.0619155
0.0619005
0.0618854
0.0618703
0.0618552
0.06184
0.0618248
0.0618096
0.0617943
0.061779
0.0617637
0.0617484
0.061733
0.0617175
0.0617021
0.0616866
0.0616711
0.0616556
0.06164
0.0616244
0.0616087
0.0615931
0.0615774
0.0615617
0.0615459
0.0615301
0.0615143
0.0614985
0.0614827
0.0614669
0.061451
0.0614351
0.0614191
0.061403
0.0613869
0.0613706
0.0613542
0.0613376
0.0613208
0.0613041
0.0612871
0.0612706
0.0612533
0.0633874
0.0633741
0.0633641
0.0633546
0.063344
0.063333
0.0633221
0.0633113
0.0633004
0.0632894
0.0632784
0.0632674
0.0632563
0.0632452
0.063234
0.0632228
0.0632115
0.0632002
0.0631889
0.0631775
0.063166
0.0631546
0.063143
0.0631315
0.0631199
0.0631082
0.0630966
0.0630848
0.0630731
0.0630612
0.0630494
0.0630375
0.0630256
0.0630136
0.0630016
0.0629895
0.0629774
0.0629653
0.0629531
0.0629409
0.0629286
0.0629163
0.062904
0.0628916
0.0628792
0.0628667
0.0628542
0.0628417
0.0628291
0.0628165
0.0628038
0.0627911
0.0627784
0.0627656
0.0627528
0.0627399
0.062727
0.0627141
0.0627011
0.0626881
0.0626751
0.062662
0.0626489
0.0626357
0.0626225
0.0626092
0.062596
0.0625826
0.0625693
0.0625559
0.0625424
0.062529
0.0625155
0.0625019
0.0624883
0.0624747
0.0624611
0.0624474
0.0624336
0.0624199
0.062406
0.0623922
0.0623783
0.0623644
0.0623505
0.0623365
0.0623224
0.0623084
0.0622943
0.0622802
0.062266
0.0622518
0.0622375
0.0622233
0.062209
0.0621946
0.0621802
0.0621658
0.0621514
0.0621369
0.0621223
0.0621078
0.0620932
0.0620786
0.0620639
0.0620492
0.0620345
0.0620197
0.0620049
0.0619901
0.0619753
0.0619604
0.0619454
0.0619305
0.0619155
0.0619004
0.0618854
0.0618703
0.0618552
0.06184
0.0618248
0.0618096
0.0617943
0.061779
0.0617637
0.0617483
0.061733
0.0617175
0.0617021
0.0616866
0.0616711
0.0616555
0.06164
0.0616244
0.0616087
0.061593
0.0615774
0.0615616
0.0615459
0.0615301
0.0615143
0.0614985
0.0614826
0.0614668
0.0614509
0.0614349
0.061419
0.0614029
0.0613867
0.0613704
0.061354
0.0613374
0.0613207
0.061304
0.0612871
0.0612701
0.0612535
0.0612341
0.0633869
0.063374
0.0633643
0.0633547
0.063344
0.063333
0.0633221
0.0633113
0.0633004
0.0632894
0.0632784
0.0632674
0.0632563
0.0632452
0.063234
0.0632228
0.0632115
0.0632002
0.0631888
0.0631775
0.063166
0.0631545
0.063143
0.0631315
0.0631199
0.0631082
0.0630965
0.0630848
0.0630731
0.0630612
0.0630494
0.0630375
0.0630256
0.0630136
0.0630016
0.0629895
0.0629774
0.0629653
0.0629531
0.0629409
0.0629286
0.0629163
0.062904
0.0628916
0.0628792
0.0628667
0.0628542
0.0628417
0.0628291
0.0628165
0.0628038
0.0627911
0.0627784
0.0627656
0.0627528
0.0627399
0.062727
0.0627141
0.0627011
0.0626881
0.0626751
0.062662
0.0626488
0.0626357
0.0626225
0.0626092
0.0625959
0.0625826
0.0625693
0.0625559
0.0625424
0.062529
0.0625155
0.0625019
0.0624883
0.0624747
0.062461
0.0624474
0.0624336
0.0624199
0.062406
0.0623922
0.0623783
0.0623644
0.0623505
0.0623365
0.0623224
0.0623084
0.0622943
0.0622801
0.062266
0.0622518
0.0622375
0.0622233
0.0622089
0.0621946
0.0621802
0.0621658
0.0621514
0.0621369
0.0621223
0.0621078
0.0620932
0.0620786
0.0620639
0.0620492
0.0620345
0.0620197
0.0620049
0.0619901
0.0619752
0.0619604
0.0619454
0.0619305
0.0619155
0.0619004
0.0618854
0.0618703
0.0618551
0.06184
0.0618248
0.0618096
0.0617943
0.061779
0.0617637
0.0617483
0.0617329
0.0617175
0.0617021
0.0616866
0.0616711
0.0616555
0.0616399
0.0616243
0.0616087
0.061593
0.0615773
0.0615616
0.0615458
0.0615301
0.0615143
0.0614984
0.0614826
0.0614667
0.0614508
0.0614348
0.0614188
0.0614027
0.0613866
0.0613703
0.0613538
0.0613373
0.0613205
0.0613039
0.061287
0.0612702
0.0612533
0.0612365
0.0633859
0.0633734
0.0633643
0.0633548
0.0633439
0.0633329
0.0633221
0.0633113
0.0633004
0.0632894
0.0632784
0.0632674
0.0632563
0.0632452
0.063234
0.0632228
0.0632115
0.0632002
0.0631888
0.0631774
0.063166
0.0631545
0.063143
0.0631315
0.0631199
0.0631082
0.0630965
0.0630848
0.063073
0.0630612
0.0630494
0.0630375
0.0630256
0.0630136
0.0630016
0.0629895
0.0629774
0.0629653
0.0629531
0.0629409
0.0629286
0.0629163
0.062904
0.0628916
0.0628792
0.0628667
0.0628542
0.0628417
0.0628291
0.0628165
0.0628038
0.0627911
0.0627784
0.0627656
0.0627528
0.0627399
0.062727
0.0627141
0.0627011
0.0626881
0.0626751
0.062662
0.0626488
0.0626357
0.0626225
0.0626092
0.0625959
0.0625826
0.0625693
0.0625559
0.0625424
0.062529
0.0625155
0.0625019
0.0624883
0.0624747
0.062461
0.0624473
0.0624336
0.0624198
0.062406
0.0623922
0.0623783
0.0623644
0.0623504
0.0623365
0.0623224
0.0623084
0.0622943
0.0622801
0.062266
0.0622518
0.0622375
0.0622233
0.0622089
0.0621946
0.0621802
0.0621658
0.0621513
0.0621369
0.0621223
0.0621078
0.0620932
0.0620786
0.0620639
0.0620492
0.0620345
0.0620197
0.0620049
0.0619901
0.0619752
0.0619603
0.0619454
0.0619305
0.0619155
0.0619004
0.0618854
0.0618703
0.0618551
0.06184
0.0618248
0.0618096
0.0617943
0.061779
0.0617637
0.0617483
0.0617329
0.0617175
0.0617021
0.0616866
0.0616711
0.0616555
0.0616399
0.0616243
0.0616087
0.061593
0.0615773
0.0615616
0.0615458
0.06153
0.0615142
0.0614984
0.0614825
0.0614666
0.0614507
0.0614347
0.0614187
0.0614026
0.0613864
0.0613701
0.0613536
0.0613371
0.0613204
0.0613038
0.0612869
0.0612701
0.0612532
0.0612368
0.0612192
0.0634002
0.063386
0.0633737
0.0633645
0.0633548
0.0633439
0.0633329
0.0633221
0.0633113
0.0633004
0.0632894
0.0632784
0.0632674
0.0632563
0.0632451
0.063234
0.0632227
0.0632115
0.0632002
0.0631888
0.0631774
0.063166
0.0631545
0.063143
0.0631315
0.0631199
0.0631082
0.0630965
0.0630848
0.063073
0.0630612
0.0630494
0.0630375
0.0630256
0.0630136
0.0630016
0.0629895
0.0629774
0.0629653
0.0629531
0.0629409
0.0629286
0.0629163
0.062904
0.0628916
0.0628792
0.0628667
0.0628542
0.0628417
0.0628291
0.0628165
0.0628038
0.0627911
0.0627784
0.0627656
0.0627528
0.0627399
0.062727
0.0627141
0.0627011
0.0626881
0.0626751
0.062662
0.0626488
0.0626357
0.0626225
0.0626092
0.0625959
0.0625826
0.0625693
0.0625559
0.0625424
0.062529
0.0625154
0.0625019
0.0624883
0.0624747
0.062461
0.0624473
0.0624336
0.0624198
0.062406
0.0623922
0.0623783
0.0623644
0.0623504
0.0623365
0.0623224
0.0623084
0.0622943
0.0622801
0.062266
0.0622518
0.0622375
0.0622232
0.0622089
0.0621946
0.0621802
0.0621658
0.0621513
0.0621369
0.0621223
0.0621078
0.0620932
0.0620786
0.0620639
0.0620492
0.0620345
0.0620197
0.0620049
0.0619901
0.0619752
0.0619603
0.0619454
0.0619304
0.0619155
0.0619004
0.0618854
0.0618703
0.0618551
0.06184
0.0618248
0.0618095
0.0617943
0.061779
0.0617637
0.0617483
0.0617329
0.0617175
0.061702
0.0616866
0.061671
0.0616555
0.0616399
0.0616243
0.0616087
0.061593
0.0615773
0.0615615
0.0615458
0.06153
0.0615142
0.0614983
0.0614825
0.0614666
0.0614506
0.0614346
0.0614186
0.0614024
0.0613862
0.0613699
0.0613535
0.061337
0.0613203
0.0613036
0.0612868
0.06127
0.0612532
0.0612364
0.0612196
0.0612013
0.0634
0.0633866
0.063374
0.0633644
0.0633547
0.0633439
0.0633329
0.0633221
0.0633113
0.0633004
0.0632894
0.0632784
0.0632674
0.0632563
0.0632451
0.063234
0.0632227
0.0632115
0.0632002
0.0631888
0.0631774
0.063166
0.0631545
0.063143
0.0631315
0.0631199
0.0631082
0.0630965
0.0630848
0.063073
0.0630612
0.0630494
0.0630375
0.0630255
0.0630136
0.0630016
0.0629895
0.0629774
0.0629653
0.0629531
0.0629409
0.0629286
0.0629163
0.062904
0.0628916
0.0628792
0.0628667
0.0628542
0.0628417
0.0628291
0.0628165
0.0628038
0.0627911
0.0627784
0.0627656
0.0627528
0.0627399
0.062727
0.0627141
0.0627011
0.0626881
0.0626751
0.062662
0.0626488
0.0626357
0.0626225
0.0626092
0.0625959
0.0625826
0.0625693
0.0625559
0.0625424
0.062529
0.0625154
0.0625019
0.0624883
0.0624747
0.062461
0.0624473
0.0624336
0.0624198
0.062406
0.0623922
0.0623783
0.0623644
0.0623504
0.0623364
0.0623224
0.0623084
0.0622943
0.0622801
0.062266
0.0622518
0.0622375
0.0622232
0.0622089
0.0621946
0.0621802
0.0621658
0.0621513
0.0621368
0.0621223
0.0621078
0.0620932
0.0620786
0.0620639
0.0620492
0.0620345
0.0620197
0.0620049
0.0619901
0.0619752
0.0619603
0.0619454
0.0619304
0.0619154
0.0619004
0.0618854
0.0618703
0.0618551
0.06184
0.0618248
0.0618095
0.0617943
0.061779
0.0617637
0.0617483
0.0617329
0.0617175
0.061702
0.0616865
0.061671
0.0616555
0.0616399
0.0616243
0.0616086
0.061593
0.0615773
0.0615615
0.0615458
0.06153
0.0615141
0.0614983
0.0614824
0.0614665
0.0614505
0.0614345
0.0614185
0.0614023
0.0613861
0.0613698
0.0613533
0.0613368
0.0613201
0.0613035
0.0612867
0.0612699
0.0612531
0.0612362
0.0612191
0.0612018
0.0611824
0.0633997
0.0633867
0.0633743
0.0633645
0.0633547
0.0633439
0.0633329
0.0633221
0.0633113
0.0633004
0.0632894
0.0632784
0.0632674
0.0632563
0.0632451
0.063234
0.0632227
0.0632115
0.0632002
0.0631888
0.0631774
0.063166
0.0631545
0.063143
0.0631314
0.0631198
0.0631082
0.0630965
0.0630848
0.063073
0.0630612
0.0630494
0.0630375
0.0630255
0.0630136
0.0630016
0.0629895
0.0629774
0.0629653
0.0629531
0.0629409
0.0629286
0.0629163
0.062904
0.0628916
0.0628792
0.0628667
0.0628542
0.0628417
0.0628291
0.0628165
0.0628038
0.0627911
0.0627784
0.0627656
0.0627528
0.0627399
0.062727
0.0627141
0.0627011
0.0626881
0.062675
0.062662
0.0626488
0.0626357
0.0626225
0.0626092
0.0625959
0.0625826
0.0625692
0.0625559
0.0625424
0.0625289
0.0625154
0.0625019
0.0624883
0.0624747
0.062461
0.0624473
0.0624336
0.0624198
0.062406
0.0623922
0.0623783
0.0623644
0.0623504
0.0623364
0.0623224
0.0623084
0.0622943
0.0622801
0.062266
0.0622518
0.0622375
0.0622232
0.0622089
0.0621946
0.0621802
0.0621658
0.0621513
0.0621368
0.0621223
0.0621078
0.0620932
0.0620786
0.0620639
0.0620492
0.0620345
0.0620197
0.0620049
0.0619901
0.0619752
0.0619603
0.0619454
0.0619304
0.0619154
0.0619004
0.0618853
0.0618702
0.0618551
0.06184
0.0618248
0.0618095
0.0617943
0.061779
0.0617637
0.0617483
0.0617329
0.0617175
0.061702
0.0616865
0.061671
0.0616555
0.0616399
0.0616243
0.0616086
0.0615929
0.0615772
0.0615615
0.0615457
0.0615299
0.0615141
0.0614982
0.0614823
0.0614664
0.0614504
0.0614344
0.0614183
0.0614022
0.0613859
0.0613696
0.0613532
0.0613367
0.06132
0.0613034
0.0612866
0.0612698
0.061253
0.0612361
0.0612192
0.0612018
0.0611848
0.0633995
0.0633869
0.0633745
0.0633646
0.0633547
0.0633439
0.0633329
0.0633221
0.0633113
0.0633004
0.0632894
0.0632784
0.0632674
0.0632563
0.0632451
0.0632339
0.0632227
0.0632115
0.0632002
0.0631888
0.0631774
0.063166
0.0631545
0.063143
0.0631314
0.0631198
0.0631082
0.0630965
0.0630848
0.063073
0.0630612
0.0630494
0.0630375
0.0630255
0.0630136
0.0630015
0.0629895
0.0629774
0.0629653
0.0629531
0.0629409
0.0629286
0.0629163
0.062904
0.0628916
0.0628792
0.0628667
0.0628542
0.0628417
0.0628291
0.0628165
0.0628038
0.0627911
0.0627784
0.0627656
0.0627528
0.0627399
0.062727
0.0627141
0.0627011
0.0626881
0.062675
0.062662
0.0626488
0.0626357
0.0626224
0.0626092
0.0625959
0.0625826
0.0625692
0.0625558
0.0625424
0.0625289
0.0625154
0.0625019
0.0624883
0.0624747
0.062461
0.0624473
0.0624336
0.0624198
0.062406
0.0623922
0.0623783
0.0623644
0.0623504
0.0623364
0.0623224
0.0623083
0.0622943
0.0622801
0.0622659
0.0622517
0.0622375
0.0622232
0.0622089
0.0621946
0.0621802
0.0621658
0.0621513
0.0621368
0.0621223
0.0621078
0.0620932
0.0620785
0.0620639
0.0620492
0.0620345
0.0620197
0.0620049
0.0619901
0.0619752
0.0619603
0.0619454
0.0619304
0.0619154
0.0619004
0.0618853
0.0618702
0.0618551
0.0618399
0.0618248
0.0618095
0.0617943
0.061779
0.0617636
0.0617483
0.0617329
0.0617175
0.061702
0.0616865
0.061671
0.0616554
0.0616399
0.0616242
0.0616086
0.0615929
0.0615772
0.0615615
0.0615457
0.0615299
0.061514
0.0614982
0.0614823
0.0614663
0.0614504
0.0614343
0.0614182
0.0614021
0.0613858
0.0613695
0.0613531
0.0613366
0.0613199
0.0613033
0.0612865
0.0612697
0.0612529
0.061236
0.0612191
0.0612019
0.0611852
0.0611677
0.0633993
0.0633869
0.0633747
0.0633647
0.0633547
0.0633439
0.0633329
0.0633221
0.0633113
0.0633004
0.0632894
0.0632784
0.0632673
0.0632563
0.0632451
0.0632339
0.0632227
0.0632115
0.0632002
0.0631888
0.0631774
0.063166
0.0631545
0.063143
0.0631314
0.0631198
0.0631082
0.0630965
0.0630848
0.063073
0.0630612
0.0630494
0.0630375
0.0630255
0.0630136
0.0630015
0.0629895
0.0629774
0.0629653
0.0629531
0.0629409
0.0629286
0.0629163
0.062904
0.0628916
0.0628792
0.0628667
0.0628542
0.0628417
0.0628291
0.0628165
0.0628038
0.0627911
0.0627784
0.0627656
0.0627528
0.0627399
0.062727
0.0627141
0.0627011
0.0626881
0.062675
0.0626619
0.0626488
0.0626356
0.0626224
0.0626092
0.0625959
0.0625826
0.0625692
0.0625558
0.0625424
0.0625289
0.0625154
0.0625019
0.0624883
0.0624747
0.062461
0.0624473
0.0624336
0.0624198
0.062406
0.0623922
0.0623783
0.0623644
0.0623504
0.0623364
0.0623224
0.0623083
0.0622942
0.0622801
0.0622659
0.0622517
0.0622375
0.0622232
0.0622089
0.0621946
0.0621802
0.0621658
0.0621513
0.0621368
0.0621223
0.0621078
0.0620932
0.0620785
0.0620639
0.0620492
0.0620345
0.0620197
0.0620049
0.0619901
0.0619752
0.0619603
0.0619454
0.0619304
0.0619154
0.0619004
0.0618853
0.0618702
0.0618551
0.0618399
0.0618247
0.0618095
0.0617943
0.061779
0.0617636
0.0617483
0.0617329
0.0617175
0.061702
0.0616865
0.061671
0.0616554
0.0616398
0.0616242
0.0616086
0.0615929
0.0615772
0.0615614
0.0615457
0.0615298
0.061514
0.0614981
0.0614822
0.0614663
0.0614503
0.0614342
0.0614181
0.061402
0.0613857
0.0613694
0.0613529
0.0613364
0.0613198
0.0613032
0.0612864
0.0612696
0.0612529
0.0612359
0.061219
0.0612019
0.0611848
0.061168
0.0611485
0.0633991
0.0633869
0.0633749
0.0633647
0.0633546
0.0633439
0.0633329
0.0633221
0.0633113
0.0633004
0.0632894
0.0632784
0.0632673
0.0632562
0.0632451
0.0632339
0.0632227
0.0632115
0.0632001
0.0631888
0.0631774
0.063166
0.0631545
0.063143
0.0631314
0.0631198
0.0631082
0.0630965
0.0630848
0.063073
0.0630612
0.0630493
0.0630375
0.0630255
0.0630136
0.0630015
0.0629895
0.0629774
0.0629652
0.0629531
0.0629409
0.0629286
0.0629163
0.062904
0.0628916
0.0628792
0.0628667
0.0628542
0.0628417
0.0628291
0.0628165
0.0628038
0.0627911
0.0627784
0.0627656
0.0627528
0.0627399
0.062727
0.0627141
0.0627011
0.0626881
0.062675
0.0626619
0.0626488
0.0626356
0.0626224
0.0626092
0.0625959
0.0625826
0.0625692
0.0625558
0.0625424
0.0625289
0.0625154
0.0625019
0.0624883
0.0624747
0.062461
0.0624473
0.0624336
0.0624198
0.062406
0.0623922
0.0623783
0.0623644
0.0623504
0.0623364
0.0623224
0.0623083
0.0622942
0.0622801
0.0622659
0.0622517
0.0622375
0.0622232
0.0622089
0.0621946
0.0621802
0.0621658
0.0621513
0.0621368
0.0621223
0.0621078
0.0620932
0.0620785
0.0620639
0.0620492
0.0620345
0.0620197
0.0620049
0.0619901
0.0619752
0.0619603
0.0619454
0.0619304
0.0619154
0.0619004
0.0618853
0.0618702
0.0618551
0.0618399
0.0618247
0.0618095
0.0617942
0.061779
0.0617636
0.0617483
0.0617329
0.0617174
0.061702
0.0616865
0.061671
0.0616554
0.0616398
0.0616242
0.0616086
0.0615929
0.0615772
0.0615614
0.0615456
0.0615298
0.061514
0.0614981
0.0614822
0.0614662
0.0614502
0.0614341
0.061418
0.0614018
0.0613856
0.0613693
0.0613528
0.0613363
0.0613197
0.0613031
0.0612864
0.0612695
0.0612528
0.0612358
0.061219
0.0612019
0.0611849
0.0611678
0.0611509
0.063399
0.0633868
0.0633751
0.0633648
0.0633546
0.0633438
0.0633329
0.0633221
0.0633113
0.0633003
0.0632894
0.0632784
0.0632673
0.0632562
0.0632451
0.0632339
0.0632227
0.0632114
0.0632001
0.0631888
0.0631774
0.063166
0.0631545
0.063143
0.0631314
0.0631198
0.0631082
0.0630965
0.0630848
0.063073
0.0630612
0.0630493
0.0630375
0.0630255
0.0630135
0.0630015
0.0629895
0.0629774
0.0629652
0.0629531
0.0629408
0.0629286
0.0629163
0.0629039
0.0628916
0.0628791
0.0628667
0.0628542
0.0628416
0.0628291
0.0628164
0.0628038
0.0627911
0.0627783
0.0627656
0.0627528
0.0627399
0.062727
0.0627141
0.0627011
0.0626881
0.062675
0.0626619
0.0626488
0.0626356
0.0626224
0.0626092
0.0625959
0.0625826
0.0625692
0.0625558
0.0625424
0.0625289
0.0625154
0.0625019
0.0624883
0.0624747
0.062461
0.0624473
0.0624336
0.0624198
0.062406
0.0623922
0.0623783
0.0623644
0.0623504
0.0623364
0.0623224
0.0623083
0.0622942
0.0622801
0.0622659
0.0622517
0.0622375
0.0622232
0.0622089
0.0621946
0.0621802
0.0621658
0.0621513
0.0621368
0.0621223
0.0621077
0.0620932
0.0620785
0.0620639
0.0620492
0.0620345
0.0620197
0.0620049
0.0619901
0.0619752
0.0619603
0.0619454
0.0619304
0.0619154
0.0619004
0.0618853
0.0618702
0.0618551
0.0618399
0.0618247
0.0618095
0.0617942
0.0617789
0.0617636
0.0617483
0.0617329
0.0617174
0.061702
0.0616865
0.061671
0.0616554
0.0616398
0.0616242
0.0616085
0.0615929
0.0615771
0.0615614
0.0615456
0.0615298
0.0615139
0.061498
0.0614821
0.0614661
0.0614501
0.0614341
0.0614179
0.0614017
0.0613855
0.0613691
0.0613527
0.0613362
0.0613196
0.061303
0.0612863
0.0612695
0.0612527
0.0612357
0.0612189
0.0612018
0.0611848
0.0611678
0.0611512
0.0611333
0.063399
0.0633868
0.0633751
0.0633649
0.0633546
0.0633438
0.0633329
0.0633221
0.0633113
0.0633003
0.0632894
0.0632784
0.0632673
0.0632562
0.0632451
0.0632339
0.0632227
0.0632114
0.0632001
0.0631888
0.0631774
0.063166
0.0631545
0.063143
0.0631314
0.0631198
0.0631082
0.0630965
0.0630848
0.063073
0.0630612
0.0630493
0.0630374
0.0630255
0.0630135
0.0630015
0.0629895
0.0629774
0.0629652
0.0629531
0.0629408
0.0629286
0.0629163
0.0629039
0.0628916
0.0628791
0.0628667
0.0628542
0.0628416
0.0628291
0.0628164
0.0628038
0.0627911
0.0627783
0.0627656
0.0627527
0.0627399
0.062727
0.0627141
0.0627011
0.0626881
0.062675
0.0626619
0.0626488
0.0626356
0.0626224
0.0626092
0.0625959
0.0625826
0.0625692
0.0625558
0.0625424
0.0625289
0.0625154
0.0625019
0.0624883
0.0624747
0.062461
0.0624473
0.0624336
0.0624198
0.062406
0.0623922
0.0623783
0.0623644
0.0623504
0.0623364
0.0623224
0.0623083
0.0622942
0.0622801
0.0622659
0.0622517
0.0622375
0.0622232
0.0622089
0.0621946
0.0621802
0.0621658
0.0621513
0.0621368
0.0621223
0.0621077
0.0620931
0.0620785
0.0620639
0.0620492
0.0620344
0.0620197
0.0620049
0.0619901
0.0619752
0.0619603
0.0619454
0.0619304
0.0619154
0.0619004
0.0618853
0.0618702
0.0618551
0.0618399
0.0618247
0.0618095
0.0617942
0.0617789
0.0617636
0.0617482
0.0617329
0.0617174
0.061702
0.0616865
0.0616709
0.0616554
0.0616398
0.0616242
0.0616085
0.0615928
0.0615771
0.0615614
0.0615456
0.0615297
0.0615139
0.061498
0.0614821
0.0614661
0.0614501
0.061434
0.0614178
0.0614017
0.0613854
0.061369
0.0613526
0.0613361
0.0613195
0.0613029
0.0612862
0.0612694
0.0612526
0.0612357
0.0612188
0.0612018
0.0611848
0.0611678
0.0611508
0.0611338
0.0611154
0.0633989
0.0633867
0.0633752
0.063365
0.0633546
0.0633438
0.0633329
0.0633221
0.0633112
0.0633003
0.0632894
0.0632784
0.0632673
0.0632562
0.0632451
0.0632339
0.0632227
0.0632114
0.0632001
0.0631888
0.0631774
0.063166
0.0631545
0.063143
0.0631314
0.0631198
0.0631082
0.0630965
0.0630848
0.063073
0.0630612
0.0630493
0.0630374
0.0630255
0.0630135
0.0630015
0.0629895
0.0629774
0.0629652
0.0629531
0.0629408
0.0629286
0.0629163
0.0629039
0.0628916
0.0628791
0.0628667
0.0628542
0.0628416
0.0628291
0.0628164
0.0628038
0.0627911
0.0627783
0.0627656
0.0627527
0.0627399
0.062727
0.0627141
0.0627011
0.0626881
0.062675
0.0626619
0.0626488
0.0626356
0.0626224
0.0626092
0.0625959
0.0625826
0.0625692
0.0625558
0.0625424
0.0625289
0.0625154
0.0625019
0.0624883
0.0624747
0.062461
0.0624473
0.0624336
0.0624198
0.062406
0.0623921
0.0623783
0.0623644
0.0623504
0.0623364
0.0623224
0.0623083
0.0622942
0.0622801
0.0622659
0.0622517
0.0622375
0.0622232
0.0622089
0.0621945
0.0621802
0.0621657
0.0621513
0.0621368
0.0621223
0.0621077
0.0620931
0.0620785
0.0620639
0.0620492
0.0620344
0.0620197
0.0620049
0.0619901
0.0619752
0.0619603
0.0619454
0.0619304
0.0619154
0.0619004
0.0618853
0.0618702
0.0618551
0.0618399
0.0618247
0.0618095
0.0617942
0.0617789
0.0617636
0.0617482
0.0617328
0.0617174
0.061702
0.0616865
0.0616709
0.0616554
0.0616398
0.0616242
0.0616085
0.0615928
0.0615771
0.0615613
0.0615455
0.0615297
0.0615138
0.0614979
0.061482
0.061466
0.06145
0.0614339
0.0614178
0.0614016
0.0613853
0.0613689
0.0613525
0.061336
0.0613194
0.0613028
0.0612861
0.0612693
0.0612525
0.0612356
0.0612188
0.0612017
0.0611847
0.0611677
0.0611507
0.0611333
0.0611158
0.0610964
0.0633989
0.0633867
0.0633753
0.063365
0.0633546
0.0633438
0.0633329
0.0633221
0.0633112
0.0633003
0.0632894
0.0632784
0.0632673
0.0632562
0.0632451
0.0632339
0.0632227
0.0632114
0.0632001
0.0631888
0.0631774
0.0631659
0.0631545
0.063143
0.0631314
0.0631198
0.0631082
0.0630965
0.0630847
0.063073
0.0630612
0.0630493
0.0630374
0.0630255
0.0630135
0.0630015
0.0629895
0.0629774
0.0629652
0.062953
0.0629408
0.0629286
0.0629163
0.0629039
0.0628916
0.0628791
0.0628667
0.0628542
0.0628416
0.062829
0.0628164
0.0628038
0.0627911
0.0627783
0.0627656
0.0627527
0.0627399
0.062727
0.062714
0.0627011
0.0626881
0.062675
0.0626619
0.0626488
0.0626356
0.0626224
0.0626092
0.0625959
0.0625826
0.0625692
0.0625558
0.0625424
0.0625289
0.0625154
0.0625019
0.0624883
0.0624746
0.062461
0.0624473
0.0624336
0.0624198
0.062406
0.0623921
0.0623783
0.0623643
0.0623504
0.0623364
0.0623224
0.0623083
0.0622942
0.0622801
0.0622659
0.0622517
0.0622375
0.0622232
0.0622089
0.0621945
0.0621802
0.0621657
0.0621513
0.0621368
0.0621223
0.0621077
0.0620931
0.0620785
0.0620639
0.0620492
0.0620344
0.0620197
0.0620049
0.06199
0.0619752
0.0619603
0.0619454
0.0619304
0.0619154
0.0619004
0.0618853
0.0618702
0.0618551
0.0618399
0.0618247
0.0618095
0.0617942
0.0617789
0.0617636
0.0617482
0.0617328
0.0617174
0.0617019
0.0616865
0.0616709
0.0616554
0.0616398
0.0616241
0.0616085
0.0615928
0.0615771
0.0615613
0.0615455
0.0615297
0.0615138
0.0614979
0.061482
0.061466
0.0614499
0.0614338
0.0614177
0.0614015
0.0613852
0.0613688
0.0613524
0.0613359
0.0613194
0.0613027
0.061286
0.0612692
0.0612525
0.0612355
0.0612187
0.0612017
0.0611847
0.0611677
0.0611505
0.0611335
0.0611159
0.0610987
0.0633989
0.0633867
0.0633753
0.063365
0.0633547
0.0633438
0.0633329
0.0633221
0.0633112
0.0633003
0.0632894
0.0632784
0.0632673
0.0632562
0.0632451
0.0632339
0.0632227
0.0632114
0.0632001
0.0631888
0.0631774
0.0631659
0.0631545
0.0631429
0.0631314
0.0631198
0.0631081
0.0630965
0.0630847
0.063073
0.0630612
0.0630493
0.0630374
0.0630255
0.0630135
0.0630015
0.0629895
0.0629774
0.0629652
0.062953
0.0629408
0.0629286
0.0629163
0.0629039
0.0628915
0.0628791
0.0628667
0.0628542
0.0628416
0.062829
0.0628164
0.0628038
0.0627911
0.0627783
0.0627655
0.0627527
0.0627399
0.062727
0.062714
0.0627011
0.0626881
0.062675
0.0626619
0.0626488
0.0626356
0.0626224
0.0626092
0.0625959
0.0625826
0.0625692
0.0625558
0.0625424
0.0625289
0.0625154
0.0625018
0.0624883
0.0624746
0.062461
0.0624473
0.0624336
0.0624198
0.062406
0.0623921
0.0623783
0.0623643
0.0623504
0.0623364
0.0623224
0.0623083
0.0622942
0.0622801
0.0622659
0.0622517
0.0622375
0.0622232
0.0622089
0.0621945
0.0621802
0.0621657
0.0621513
0.0621368
0.0621223
0.0621077
0.0620931
0.0620785
0.0620639
0.0620492
0.0620344
0.0620197
0.0620049
0.06199
0.0619752
0.0619603
0.0619454
0.0619304
0.0619154
0.0619004
0.0618853
0.0618702
0.0618551
0.0618399
0.0618247
0.0618095
0.0617942
0.0617789
0.0617636
0.0617482
0.0617328
0.0617174
0.0617019
0.0616864
0.0616709
0.0616554
0.0616398
0.0616241
0.0616085
0.0615928
0.061577
0.0615613
0.0615455
0.0615296
0.0615138
0.0614979
0.0614819
0.0614659
0.0614499
0.0614338
0.0614176
0.0614014
0.0613851
0.0613688
0.0613523
0.0613358
0.0613193
0.0613026
0.0612859
0.0612692
0.0612524
0.0612355
0.0612186
0.0612016
0.0611846
0.0611676
0.0611504
0.0611334
0.061116
0.0610991
0.0610814
0.0633989
0.0633867
0.0633753
0.0633651
0.0633547
0.0633438
0.0633329
0.0633221
0.0633112
0.0633003
0.0632894
0.0632783
0.0632673
0.0632562
0.0632451
0.0632339
0.0632227
0.0632114
0.0632001
0.0631888
0.0631774
0.0631659
0.0631545
0.0631429
0.0631314
0.0631198
0.0631081
0.0630965
0.0630847
0.063073
0.0630612
0.0630493
0.0630374
0.0630255
0.0630135
0.0630015
0.0629894
0.0629773
0.0629652
0.062953
0.0629408
0.0629286
0.0629163
0.0629039
0.0628915
0.0628791
0.0628667
0.0628542
0.0628416
0.062829
0.0628164
0.0628038
0.0627911
0.0627783
0.0627655
0.0627527
0.0627399
0.062727
0.062714
0.0627011
0.0626881
0.062675
0.0626619
0.0626488
0.0626356
0.0626224
0.0626092
0.0625959
0.0625826
0.0625692
0.0625558
0.0625424
0.0625289
0.0625154
0.0625018
0.0624883
0.0624746
0.062461
0.0624473
0.0624336
0.0624198
0.062406
0.0623921
0.0623783
0.0623643
0.0623504
0.0623364
0.0623224
0.0623083
0.0622942
0.0622801
0.0622659
0.0622517
0.0622375
0.0622232
0.0622089
0.0621945
0.0621802
0.0621657
0.0621513
0.0621368
0.0621223
0.0621077
0.0620931
0.0620785
0.0620638
0.0620492
0.0620344
0.0620197
0.0620049
0.06199
0.0619752
0.0619603
0.0619453
0.0619304
0.0619154
0.0619004
0.0618853
0.0618702
0.0618551
0.0618399
0.0618247
0.0618095
0.0617942
0.0617789
0.0617636
0.0617482
0.0617328
0.0617174
0.0617019
0.0616864
0.0616709
0.0616553
0.0616397
0.0616241
0.0616085
0.0615928
0.061577
0.0615613
0.0615455
0.0615296
0.0615137
0.0614978
0.0614819
0.0614659
0.0614498
0.0614337
0.0614175
0.0614013
0.061385
0.0613687
0.0613523
0.0613358
0.0613192
0.0613026
0.0612859
0.0612691
0.0612523
0.0612354
0.0612186
0.0612016
0.0611846
0.0611676
0.0611504
0.0611333
0.061116
0.0610987
0.0610817
0.0610621
0.0633988
0.0633866
0.0633753
0.0633651
0.0633547
0.0633438
0.0633329
0.0633221
0.0633112
0.0633003
0.0632893
0.0632783
0.0632673
0.0632562
0.0632451
0.0632339
0.0632227
0.0632114
0.0632001
0.0631887
0.0631774
0.0631659
0.0631545
0.0631429
0.0631314
0.0631198
0.0631081
0.0630965
0.0630847
0.063073
0.0630612
0.0630493
0.0630374
0.0630255
0.0630135
0.0630015
0.0629894
0.0629773
0.0629652
0.062953
0.0629408
0.0629286
0.0629163
0.0629039
0.0628915
0.0628791
0.0628667
0.0628542
0.0628416
0.062829
0.0628164
0.0628038
0.0627911
0.0627783
0.0627655
0.0627527
0.0627399
0.062727
0.062714
0.0627011
0.062688
0.062675
0.0626619
0.0626488
0.0626356
0.0626224
0.0626092
0.0625959
0.0625826
0.0625692
0.0625558
0.0625424
0.0625289
0.0625154
0.0625018
0.0624883
0.0624746
0.062461
0.0624473
0.0624335
0.0624198
0.062406
0.0623921
0.0623782
0.0623643
0.0623504
0.0623364
0.0623224
0.0623083
0.0622942
0.0622801
0.0622659
0.0622517
0.0622375
0.0622232
0.0622089
0.0621945
0.0621801
0.0621657
0.0621513
0.0621368
0.0621223
0.0621077
0.0620931
0.0620785
0.0620638
0.0620491
0.0620344
0.0620197
0.0620049
0.06199
0.0619752
0.0619603
0.0619453
0.0619304
0.0619154
0.0619003
0.0618853
0.0618702
0.0618551
0.0618399
0.0618247
0.0618095
0.0617942
0.0617789
0.0617636
0.0617482
0.0617328
0.0617174
0.0617019
0.0616864
0.0616709
0.0616553
0.0616397
0.0616241
0.0616084
0.0615927
0.061577
0.0615612
0.0615454
0.0615296
0.0615137
0.0614978
0.0614818
0.0614658
0.0614498
0.0614336
0.0614175
0.0614013
0.061385
0.0613686
0.0613522
0.0613357
0.0613191
0.0613025
0.0612858
0.0612691
0.0612523
0.0612354
0.0612185
0.0612015
0.0611845
0.0611675
0.0611503
0.0611333
0.061116
0.0610988
0.0610815
0.0610644
0.0633988
0.0633866
0.0633753
0.0633651
0.0633547
0.0633438
0.0633329
0.0633221
0.0633112
0.0633003
0.0632893
0.0632783
0.0632673
0.0632562
0.0632451
0.0632339
0.0632227
0.0632114
0.0632001
0.0631887
0.0631774
0.0631659
0.0631544
0.0631429
0.0631314
0.0631198
0.0631081
0.0630964
0.0630847
0.063073
0.0630611
0.0630493
0.0630374
0.0630255
0.0630135
0.0630015
0.0629894
0.0629773
0.0629652
0.062953
0.0629408
0.0629285
0.0629162
0.0629039
0.0628915
0.0628791
0.0628666
0.0628541
0.0628416
0.062829
0.0628164
0.0628037
0.062791
0.0627783
0.0627655
0.0627527
0.0627399
0.062727
0.062714
0.0627011
0.062688
0.062675
0.0626619
0.0626488
0.0626356
0.0626224
0.0626092
0.0625959
0.0625826
0.0625692
0.0625558
0.0625424
0.0625289
0.0625154
0.0625018
0.0624883
0.0624746
0.062461
0.0624473
0.0624335
0.0624198
0.062406
0.0623921
0.0623782
0.0623643
0.0623504
0.0623364
0.0623224
0.0623083
0.0622942
0.0622801
0.0622659
0.0622517
0.0622375
0.0622232
0.0622089
0.0621945
0.0621801
0.0621657
0.0621513
0.0621368
0.0621223
0.0621077
0.0620931
0.0620785
0.0620638
0.0620491
0.0620344
0.0620197
0.0620049
0.06199
0.0619752
0.0619603
0.0619453
0.0619304
0.0619154
0.0619003
0.0618853
0.0618702
0.061855
0.0618399
0.0618247
0.0618095
0.0617942
0.0617789
0.0617636
0.0617482
0.0617328
0.0617174
0.0617019
0.0616864
0.0616709
0.0616553
0.0616397
0.0616241
0.0616084
0.0615927
0.061577
0.0615612
0.0615454
0.0615296
0.0615137
0.0614978
0.0614818
0.0614658
0.0614497
0.0614336
0.0614174
0.0614012
0.0613849
0.0613685
0.0613521
0.0613356
0.0613191
0.0613024
0.0612858
0.061269
0.0612522
0.0612353
0.0612184
0.0612015
0.0611845
0.0611675
0.0611503
0.0611332
0.061116
0.0610988
0.0610815
0.0610647
0.0610467
0.0633988
0.0633866
0.0633753
0.0633651
0.0633547
0.0633438
0.0633329
0.0633221
0.0633112
0.0633003
0.0632893
0.0632783
0.0632673
0.0632562
0.063245
0.0632339
0.0632226
0.0632114
0.0632001
0.0631887
0.0631773
0.0631659
0.0631544
0.0631429
0.0631314
0.0631198
0.0631081
0.0630964
0.0630847
0.0630729
0.0630611
0.0630493
0.0630374
0.0630255
0.0630135
0.0630015
0.0629894
0.0629773
0.0629652
0.062953
0.0629408
0.0629285
0.0629162
0.0629039
0.0628915
0.0628791
0.0628666
0.0628541
0.0628416
0.062829
0.0628164
0.0628037
0.062791
0.0627783
0.0627655
0.0627527
0.0627399
0.062727
0.062714
0.062701
0.062688
0.062675
0.0626619
0.0626488
0.0626356
0.0626224
0.0626091
0.0625959
0.0625825
0.0625692
0.0625558
0.0625424
0.0625289
0.0625154
0.0625018
0.0624882
0.0624746
0.062461
0.0624473
0.0624335
0.0624198
0.062406
0.0623921
0.0623782
0.0623643
0.0623504
0.0623364
0.0623224
0.0623083
0.0622942
0.0622801
0.0622659
0.0622517
0.0622375
0.0622232
0.0622089
0.0621945
0.0621801
0.0621657
0.0621513
0.0621368
0.0621223
0.0621077
0.0620931
0.0620785
0.0620638
0.0620491
0.0620344
0.0620196
0.0620049
0.06199
0.0619752
0.0619603
0.0619453
0.0619304
0.0619154
0.0619003
0.0618853
0.0618702
0.061855
0.0618399
0.0618247
0.0618094
0.0617942
0.0617789
0.0617636
0.0617482
0.0617328
0.0617174
0.0617019
0.0616864
0.0616709
0.0616553
0.0616397
0.0616241
0.0616084
0.0615927
0.061577
0.0615612
0.0615454
0.0615295
0.0615136
0.0614977
0.0614817
0.0614657
0.0614497
0.0614335
0.0614174
0.0614011
0.0613848
0.0613685
0.061352
0.0613356
0.061319
0.0613024
0.0612857
0.0612689
0.0612522
0.0612353
0.0612184
0.0612015
0.0611844
0.0611674
0.0611503
0.0611332
0.061116
0.0610988
0.0610815
0.0610643
0.0610472
0.0610285
0.0633988
0.0633866
0.0633753
0.0633651
0.0633547
0.0633438
0.0633329
0.0633221
0.0633112
0.0633003
0.0632893
0.0632783
0.0632673
0.0632562
0.063245
0.0632339
0.0632226
0.0632114
0.0632001
0.0631887
0.0631773
0.0631659
0.0631544
0.0631429
0.0631314
0.0631198
0.0631081
0.0630964
0.0630847
0.0630729
0.0630611
0.0630493
0.0630374
0.0630255
0.0630135
0.0630015
0.0629894
0.0629773
0.0629652
0.062953
0.0629408
0.0629285
0.0629162
0.0629039
0.0628915
0.0628791
0.0628666
0.0628541
0.0628416
0.062829
0.0628164
0.0628037
0.062791
0.0627783
0.0627655
0.0627527
0.0627398
0.062727
0.062714
0.062701
0.062688
0.062675
0.0626619
0.0626488
0.0626356
0.0626224
0.0626091
0.0625959
0.0625825
0.0625692
0.0625558
0.0625424
0.0625289
0.0625154
0.0625018
0.0624882
0.0624746
0.062461
0.0624473
0.0624335
0.0624198
0.062406
0.0623921
0.0623782
0.0623643
0.0623504
0.0623364
0.0623224
0.0623083
0.0622942
0.0622801
0.0622659
0.0622517
0.0622374
0.0622232
0.0622089
0.0621945
0.0621801
0.0621657
0.0621513
0.0621368
0.0621223
0.0621077
0.0620931
0.0620785
0.0620638
0.0620491
0.0620344
0.0620196
0.0620048
0.06199
0.0619752
0.0619603
0.0619453
0.0619304
0.0619154
0.0619003
0.0618853
0.0618702
0.061855
0.0618399
0.0618247
0.0618094
0.0617942
0.0617789
0.0617635
0.0617482
0.0617328
0.0617174
0.0617019
0.0616864
0.0616709
0.0616553
0.0616397
0.0616241
0.0616084
0.0615927
0.061577
0.0615612
0.0615454
0.0615295
0.0615136
0.0614977
0.0614817
0.0614657
0.0614496
0.0614335
0.0614173
0.0614011
0.0613848
0.0613684
0.061352
0.0613355
0.0613189
0.0613023
0.0612856
0.0612689
0.0612521
0.0612353
0.0612184
0.0612014
0.0611844
0.0611674
0.0611502
0.0611332
0.0611159
0.0610987
0.0610815
0.0610642
0.0610467
0.0610289
0.0610095
0.0633988
0.0633866
0.0633753
0.0633652
0.0633547
0.0633438
0.0633329
0.0633221
0.0633112
0.0633003
0.0632893
0.0632783
0.0632673
0.0632562
0.063245
0.0632339
0.0632226
0.0632114
0.0632001
0.0631887
0.0631773
0.0631659
0.0631544
0.0631429
0.0631314
0.0631198
0.0631081
0.0630964
0.0630847
0.0630729
0.0630611
0.0630493
0.0630374
0.0630255
0.0630135
0.0630015
0.0629894
0.0629773
0.0629652
0.062953
0.0629408
0.0629285
0.0629162
0.0629039
0.0628915
0.0628791
0.0628666
0.0628541
0.0628416
0.062829
0.0628164
0.0628037
0.062791
0.0627783
0.0627655
0.0627527
0.0627398
0.0627269
0.062714
0.062701
0.062688
0.062675
0.0626619
0.0626488
0.0626356
0.0626224
0.0626091
0.0625959
0.0625825
0.0625692
0.0625558
0.0625423
0.0625289
0.0625154
0.0625018
0.0624882
0.0624746
0.062461
0.0624473
0.0624335
0.0624198
0.062406
0.0623921
0.0623782
0.0623643
0.0623504
0.0623364
0.0623223
0.0623083
0.0622942
0.0622801
0.0622659
0.0622517
0.0622374
0.0622232
0.0622089
0.0621945
0.0621801
0.0621657
0.0621513
0.0621368
0.0621223
0.0621077
0.0620931
0.0620785
0.0620638
0.0620491
0.0620344
0.0620196
0.0620048
0.06199
0.0619752
0.0619603
0.0619453
0.0619304
0.0619154
0.0619003
0.0618853
0.0618702
0.061855
0.0618399
0.0618247
0.0618094
0.0617942
0.0617789
0.0617635
0.0617482
0.0617328
0.0617173
0.0617019
0.0616864
0.0616709
0.0616553
0.0616397
0.0616241
0.0616084
0.0615927
0.0615769
0.0615612
0.0615453
0.0615295
0.0615136
0.0614977
0.0614817
0.0614656
0.0614496
0.0614334
0.0614173
0.061401
0.0613847
0.0613684
0.0613519
0.0613354
0.0613189
0.0613023
0.0612856
0.0612689
0.0612521
0.0612352
0.0612183
0.0612014
0.0611844
0.0611673
0.0611502
0.0611331
0.0611159
0.0610987
0.0610815
0.0610641
0.0610469
0.061029
0.0610117
0.0633988
0.0633866
0.0633753
0.0633652
0.0633547
0.0633438
0.0633329
0.0633221
0.0633112
0.0633003
0.0632893
0.0632783
0.0632673
0.0632562
0.063245
0.0632338
0.0632226
0.0632114
0.0632001
0.0631887
0.0631773
0.0631659
0.0631544
0.0631429
0.0631313
0.0631197
0.0631081
0.0630964
0.0630847
0.0630729
0.0630611
0.0630493
0.0630374
0.0630255
0.0630135
0.0630015
0.0629894
0.0629773
0.0629652
0.062953
0.0629408
0.0629285
0.0629162
0.0629039
0.0628915
0.0628791
0.0628666
0.0628541
0.0628416
0.062829
0.0628164
0.0628037
0.062791
0.0627783
0.0627655
0.0627527
0.0627398
0.0627269
0.062714
0.062701
0.062688
0.062675
0.0626619
0.0626488
0.0626356
0.0626224
0.0626091
0.0625959
0.0625825
0.0625692
0.0625558
0.0625423
0.0625289
0.0625154
0.0625018
0.0624882
0.0624746
0.062461
0.0624473
0.0624335
0.0624198
0.0624059
0.0623921
0.0623782
0.0623643
0.0623504
0.0623364
0.0623223
0.0623083
0.0622942
0.0622801
0.0622659
0.0622517
0.0622374
0.0622232
0.0622089
0.0621945
0.0621801
0.0621657
0.0621513
0.0621368
0.0621222
0.0621077
0.0620931
0.0620785
0.0620638
0.0620491
0.0620344
0.0620196
0.0620048
0.06199
0.0619751
0.0619602
0.0619453
0.0619304
0.0619154
0.0619003
0.0618853
0.0618702
0.061855
0.0618399
0.0618247
0.0618094
0.0617942
0.0617789
0.0617635
0.0617482
0.0617328
0.0617173
0.0617019
0.0616864
0.0616708
0.0616553
0.0616397
0.061624
0.0616084
0.0615927
0.0615769
0.0615611
0.0615453
0.0615295
0.0615136
0.0614976
0.0614816
0.0614656
0.0614495
0.0614334
0.0614172
0.061401
0.0613847
0.0613683
0.0613519
0.0613354
0.0613188
0.0613022
0.0612855
0.0612688
0.061252
0.0612352
0.0612183
0.0612013
0.0611843
0.0611673
0.0611502
0.0611331
0.0611159
0.0610986
0.0610814
0.061064
0.0610468
0.0610291
0.0610122
0.060994
0.0633988
0.0633866
0.0633753
0.0633652
0.0633547
0.0633438
0.0633329
0.0633221
0.0633112
0.0633003
0.0632893
0.0632783
0.0632672
0.0632562
0.063245
0.0632338
0.0632226
0.0632114
0.0632001
0.0631887
0.0631773
0.0631659
0.0631544
0.0631429
0.0631313
0.0631197
0.0631081
0.0630964
0.0630847
0.0630729
0.0630611
0.0630493
0.0630374
0.0630254
0.0630135
0.0630015
0.0629894
0.0629773
0.0629652
0.062953
0.0629408
0.0629285
0.0629162
0.0629039
0.0628915
0.0628791
0.0628666
0.0628541
0.0628416
0.062829
0.0628164
0.0628037
0.062791
0.0627783
0.0627655
0.0627527
0.0627398
0.0627269
0.062714
0.062701
0.062688
0.062675
0.0626619
0.0626487
0.0626356
0.0626224
0.0626091
0.0625958
0.0625825
0.0625692
0.0625558
0.0625423
0.0625289
0.0625154
0.0625018
0.0624882
0.0624746
0.0624609
0.0624473
0.0624335
0.0624198
0.0624059
0.0623921
0.0623782
0.0623643
0.0623504
0.0623364
0.0623223
0.0623083
0.0622942
0.06228
0.0622659
0.0622517
0.0622374
0.0622232
0.0622088
0.0621945
0.0621801
0.0621657
0.0621513
0.0621368
0.0621222
0.0621077
0.0620931
0.0620785
0.0620638
0.0620491
0.0620344
0.0620196
0.0620048
0.06199
0.0619751
0.0619602
0.0619453
0.0619303
0.0619154
0.0619003
0.0618853
0.0618702
0.061855
0.0618399
0.0618247
0.0618094
0.0617942
0.0617789
0.0617635
0.0617482
0.0617328
0.0617173
0.0617019
0.0616864
0.0616708
0.0616553
0.0616397
0.061624
0.0616084
0.0615927
0.0615769
0.0615611
0.0615453
0.0615294
0.0615135
0.0614976
0.0614816
0.0614656
0.0614495
0.0614334
0.0614172
0.0614009
0.0613846
0.0613683
0.0613518
0.0613353
0.0613188
0.0613022
0.0612855
0.0612688
0.061252
0.0612351
0.0612182
0.0612013
0.0611843
0.0611673
0.0611502
0.061133
0.0611159
0.0610986
0.0610814
0.061064
0.0610467
0.0610292
0.0610117
0.0609947
0.0609758
0.0633988
0.0633866
0.0633753
0.0633651
0.0633547
0.0633438
0.0633329
0.0633221
0.0633112
0.0633003
0.0632893
0.0632783
0.0632672
0.0632561
0.063245
0.0632338
0.0632226
0.0632113
0.0632
0.0631887
0.0631773
0.0631659
0.0631544
0.0631429
0.0631313
0.0631197
0.0631081
0.0630964
0.0630847
0.0630729
0.0630611
0.0630493
0.0630374
0.0630254
0.0630135
0.0630015
0.0629894
0.0629773
0.0629652
0.062953
0.0629408
0.0629285
0.0629162
0.0629039
0.0628915
0.0628791
0.0628666
0.0628541
0.0628416
0.062829
0.0628164
0.0628037
0.062791
0.0627783
0.0627655
0.0627527
0.0627398
0.0627269
0.062714
0.062701
0.062688
0.062675
0.0626619
0.0626487
0.0626356
0.0626224
0.0626091
0.0625958
0.0625825
0.0625692
0.0625558
0.0625423
0.0625289
0.0625154
0.0625018
0.0624882
0.0624746
0.0624609
0.0624472
0.0624335
0.0624197
0.0624059
0.0623921
0.0623782
0.0623643
0.0623503
0.0623364
0.0623223
0.0623083
0.0622942
0.06228
0.0622659
0.0622517
0.0622374
0.0622232
0.0622088
0.0621945
0.0621801
0.0621657
0.0621512
0.0621368
0.0621222
0.0621077
0.0620931
0.0620785
0.0620638
0.0620491
0.0620344
0.0620196
0.0620048
0.06199
0.0619751
0.0619602
0.0619453
0.0619303
0.0619153
0.0619003
0.0618852
0.0618701
0.061855
0.0618399
0.0618247
0.0618094
0.0617942
0.0617789
0.0617635
0.0617482
0.0617328
0.0617173
0.0617019
0.0616864
0.0616708
0.0616553
0.0616397
0.061624
0.0616083
0.0615926
0.0615769
0.0615611
0.0615453
0.0615294
0.0615135
0.0614976
0.0614816
0.0614656
0.0614495
0.0614333
0.0614171
0.0614009
0.0613846
0.0613682
0.0613518
0.0613353
0.0613187
0.0613021
0.0612855
0.0612687
0.0612519
0.0612351
0.0612182
0.0612013
0.0611843
0.0611672
0.0611501
0.061133
0.0611158
0.0610986
0.0610814
0.0610639
0.0610467
0.0610292
0.0610117
0.060994
0.0609763
0.0609567
0.0633988
0.0633866
0.0633753
0.0633651
0.0633547
0.0633438
0.0633329
0.0633221
0.0633112
0.0633003
0.0632893
0.0632783
0.0632672
0.0632561
0.063245
0.0632338
0.0632226
0.0632113
0.0632
0.0631887
0.0631773
0.0631659
0.0631544
0.0631429
0.0631313
0.0631197
0.0631081
0.0630964
0.0630847
0.0630729
0.0630611
0.0630493
0.0630374
0.0630254
0.0630135
0.0630015
0.0629894
0.0629773
0.0629652
0.062953
0.0629408
0.0629285
0.0629162
0.0629039
0.0628915
0.0628791
0.0628666
0.0628541
0.0628416
0.062829
0.0628164
0.0628037
0.062791
0.0627783
0.0627655
0.0627527
0.0627398
0.0627269
0.062714
0.062701
0.062688
0.062675
0.0626619
0.0626487
0.0626356
0.0626224
0.0626091
0.0625958
0.0625825
0.0625692
0.0625558
0.0625423
0.0625289
0.0625154
0.0625018
0.0624882
0.0624746
0.0624609
0.0624472
0.0624335
0.0624197
0.0624059
0.0623921
0.0623782
0.0623643
0.0623503
0.0623364
0.0623223
0.0623083
0.0622942
0.06228
0.0622659
0.0622517
0.0622374
0.0622231
0.0622088
0.0621945
0.0621801
0.0621657
0.0621512
0.0621368
0.0621222
0.0621077
0.0620931
0.0620785
0.0620638
0.0620491
0.0620344
0.0620196
0.0620048
0.06199
0.0619751
0.0619602
0.0619453
0.0619303
0.0619153
0.0619003
0.0618852
0.0618701
0.061855
0.0618398
0.0618246
0.0618094
0.0617942
0.0617789
0.0617635
0.0617482
0.0617328
0.0617173
0.0617019
0.0616864
0.0616708
0.0616553
0.0616397
0.061624
0.0616083
0.0615926
0.0615769
0.0615611
0.0615453
0.0615294
0.0615135
0.0614976
0.0614816
0.0614655
0.0614494
0.0614333
0.0614171
0.0614009
0.0613845
0.0613682
0.0613517
0.0613353
0.0613187
0.0613021
0.0612854
0.0612687
0.0612519
0.0612351
0.0612182
0.0612012
0.0611842
0.0611672
0.0611501
0.061133
0.0611158
0.0610985
0.0610813
0.0610639
0.0610466
0.0610292
0.0610116
0.0609943
0.0609764
0.0609587
0.0633988
0.0633866
0.0633753
0.0633651
0.0633547
0.0633438
0.0633329
0.0633221
0.0633112
0.0633003
0.0632893
0.0632783
0.0632672
0.0632561
0.063245
0.0632338
0.0632226
0.0632113
0.0632
0.0631887
0.0631773
0.0631659
0.0631544
0.0631429
0.0631313
0.0631197
0.0631081
0.0630964
0.0630847
0.0630729
0.0630611
0.0630493
0.0630374
0.0630254
0.0630135
0.0630014
0.0629894
0.0629773
0.0629652
0.062953
0.0629408
0.0629285
0.0629162
0.0629039
0.0628915
0.0628791
0.0628666
0.0628541
0.0628416
0.062829
0.0628164
0.0628037
0.062791
0.0627783
0.0627655
0.0627527
0.0627398
0.0627269
0.062714
0.062701
0.062688
0.062675
0.0626619
0.0626487
0.0626356
0.0626224
0.0626091
0.0625958
0.0625825
0.0625692
0.0625558
0.0625423
0.0625289
0.0625153
0.0625018
0.0624882
0.0624746
0.0624609
0.0624472
0.0624335
0.0624197
0.0624059
0.0623921
0.0623782
0.0623643
0.0623503
0.0623364
0.0623223
0.0623083
0.0622942
0.06228
0.0622659
0.0622517
0.0622374
0.0622231
0.0622088
0.0621945
0.0621801
0.0621657
0.0621512
0.0621368
0.0621222
0.0621077
0.0620931
0.0620785
0.0620638
0.0620491
0.0620344
0.0620196
0.0620048
0.06199
0.0619751
0.0619602
0.0619453
0.0619303
0.0619153
0.0619003
0.0618852
0.0618701
0.061855
0.0618398
0.0618246
0.0618094
0.0617941
0.0617788
0.0617635
0.0617482
0.0617328
0.0617173
0.0617019
0.0616864
0.0616708
0.0616552
0.0616396
0.061624
0.0616083
0.0615926
0.0615769
0.0615611
0.0615453
0.0615294
0.0615135
0.0614975
0.0614815
0.0614655
0.0614494
0.0614333
0.0614171
0.0614008
0.0613845
0.0613681
0.0613517
0.0613352
0.0613187
0.0613021
0.0612854
0.0612687
0.0612519
0.0612351
0.0612182
0.0612012
0.0611842
0.0611672
0.0611501
0.061133
0.0611158
0.0610985
0.0610813
0.0610639
0.0610466
0.0610292
0.0610116
0.0609942
0.0609764
0.0609593
0.060941
0.0633988
0.0633866
0.0633753
0.0633651
0.0633547
0.0633438
0.0633329
0.063322
0.0633112
0.0633002
0.0632893
0.0632783
0.0632672
0.0632561
0.063245
0.0632338
0.0632226
0.0632113
0.0632
0.0631887
0.0631773
0.0631659
0.0631544
0.0631429
0.0631313
0.0631197
0.0631081
0.0630964
0.0630847
0.0630729
0.0630611
0.0630492
0.0630374
0.0630254
0.0630135
0.0630014
0.0629894
0.0629773
0.0629652
0.062953
0.0629408
0.0629285
0.0629162
0.0629039
0.0628915
0.0628791
0.0628666
0.0628541
0.0628416
0.062829
0.0628164
0.0628037
0.062791
0.0627783
0.0627655
0.0627527
0.0627398
0.0627269
0.062714
0.062701
0.062688
0.0626749
0.0626619
0.0626487
0.0626356
0.0626224
0.0626091
0.0625958
0.0625825
0.0625692
0.0625558
0.0625423
0.0625289
0.0625153
0.0625018
0.0624882
0.0624746
0.0624609
0.0624472
0.0624335
0.0624197
0.0624059
0.0623921
0.0623782
0.0623643
0.0623503
0.0623363
0.0623223
0.0623083
0.0622942
0.06228
0.0622659
0.0622517
0.0622374
0.0622231
0.0622088
0.0621945
0.0621801
0.0621657
0.0621512
0.0621367
0.0621222
0.0621077
0.0620931
0.0620785
0.0620638
0.0620491
0.0620344
0.0620196
0.0620048
0.06199
0.0619751
0.0619602
0.0619453
0.0619303
0.0619153
0.0619003
0.0618852
0.0618701
0.061855
0.0618398
0.0618246
0.0618094
0.0617941
0.0617788
0.0617635
0.0617481
0.0617327
0.0617173
0.0617018
0.0616863
0.0616708
0.0616552
0.0616396
0.061624
0.0616083
0.0615926
0.0615769
0.0615611
0.0615452
0.0615294
0.0615135
0.0614975
0.0614815
0.0614655
0.0614494
0.0614332
0.061417
0.0614008
0.0613845
0.0613681
0.0613517
0.0613352
0.0613186
0.061302
0.0612854
0.0612686
0.0612519
0.061235
0.0612181
0.0612012
0.0611842
0.0611672
0.0611501
0.0611329
0.0611158
0.0610985
0.0610813
0.0610639
0.0610465
0.0610292
0.0610115
0.0609942
0.0609766
0.0609587
0.0609414
0.0609216
0.0633988
0.0633866
0.0633753
0.0633651
0.0633546
0.0633438
0.0633329
0.063322
0.0633112
0.0633002
0.0632893
0.0632783
0.0632672
0.0632561
0.063245
0.0632338
0.0632226
0.0632113
0.0632
0.0631887
0.0631773
0.0631658
0.0631544
0.0631429
0.0631313
0.0631197
0.0631081
0.0630964
0.0630847
0.0630729
0.0630611
0.0630492
0.0630374
0.0630254
0.0630134
0.0630014
0.0629894
0.0629773
0.0629651
0.062953
0.0629408
0.0629285
0.0629162
0.0629039
0.0628915
0.0628791
0.0628666
0.0628541
0.0628416
0.062829
0.0628164
0.0628037
0.062791
0.0627783
0.0627655
0.0627527
0.0627398
0.0627269
0.062714
0.062701
0.062688
0.0626749
0.0626619
0.0626487
0.0626356
0.0626224
0.0626091
0.0625958
0.0625825
0.0625691
0.0625558
0.0625423
0.0625288
0.0625153
0.0625018
0.0624882
0.0624746
0.0624609
0.0624472
0.0624335
0.0624197
0.0624059
0.0623921
0.0623782
0.0623643
0.0623503
0.0623363
0.0623223
0.0623083
0.0622942
0.06228
0.0622659
0.0622517
0.0622374
0.0622231
0.0622088
0.0621945
0.0621801
0.0621657
0.0621512
0.0621367
0.0621222
0.0621077
0.0620931
0.0620785
0.0620638
0.0620491
0.0620344
0.0620196
0.0620048
0.06199
0.0619751
0.0619602
0.0619453
0.0619303
0.0619153
0.0619003
0.0618852
0.0618701
0.061855
0.0618398
0.0618246
0.0618094
0.0617941
0.0617788
0.0617635
0.0617481
0.0617327
0.0617173
0.0617018
0.0616863
0.0616708
0.0616552
0.0616396
0.061624
0.0616083
0.0615926
0.0615769
0.0615611
0.0615452
0.0615294
0.0615135
0.0614975
0.0614815
0.0614655
0.0614494
0.0614332
0.061417
0.0614008
0.0613845
0.0613681
0.0613517
0.0613352
0.0613186
0.061302
0.0612853
0.0612686
0.0612518
0.061235
0.0612181
0.0612012
0.0611842
0.0611672
0.0611501
0.0611329
0.0611157
0.0610985
0.0610812
0.0610639
0.0610465
0.0610291
0.0610115
0.0609941
0.0609765
0.060959
0.0609413
0.0609236
0.0633988
0.0633866
0.0633753
0.0633651
0.0633546
0.0633437
0.0633329
0.063322
0.0633111
0.0633002
0.0632893
0.0632782
0.0632672
0.0632561
0.063245
0.0632338
0.0632226
0.0632113
0.0632
0.0631887
0.0631773
0.0631658
0.0631544
0.0631428
0.0631313
0.0631197
0.0631081
0.0630964
0.0630846
0.0630729
0.0630611
0.0630492
0.0630373
0.0630254
0.0630134
0.0630014
0.0629894
0.0629773
0.0629651
0.062953
0.0629407
0.0629285
0.0629162
0.0629038
0.0628915
0.062879
0.0628666
0.0628541
0.0628415
0.062829
0.0628163
0.0628037
0.062791
0.0627783
0.0627655
0.0627527
0.0627398
0.0627269
0.062714
0.062701
0.062688
0.0626749
0.0626618
0.0626487
0.0626355
0.0626223
0.0626091
0.0625958
0.0625825
0.0625691
0.0625557
0.0625423
0.0625288
0.0625153
0.0625018
0.0624882
0.0624746
0.0624609
0.0624472
0.0624335
0.0624197
0.0624059
0.0623921
0.0623782
0.0623643
0.0623503
0.0623363
0.0623223
0.0623082
0.0622941
0.06228
0.0622658
0.0622516
0.0622374
0.0622231
0.0622088
0.0621945
0.0621801
0.0621657
0.0621512
0.0621367
0.0621222
0.0621077
0.0620931
0.0620784
0.0620638
0.0620491
0.0620344
0.0620196
0.0620048
0.06199
0.0619751
0.0619602
0.0619453
0.0619303
0.0619153
0.0619003
0.0618852
0.0618701
0.061855
0.0618398
0.0618246
0.0618094
0.0617941
0.0617788
0.0617635
0.0617481
0.0617327
0.0617173
0.0617018
0.0616863
0.0616708
0.0616552
0.0616396
0.061624
0.0616083
0.0615926
0.0615768
0.0615611
0.0615452
0.0615294
0.0615134
0.0614975
0.0614815
0.0614654
0.0614493
0.0614332
0.061417
0.0614007
0.0613844
0.0613681
0.0613516
0.0613351
0.0613186
0.061302
0.0612853
0.0612686
0.0612518
0.061235
0.0612181
0.0612012
0.0611842
0.0611671
0.06115
0.0611329
0.0611157
0.0610985
0.0610812
0.0610639
0.0610465
0.0610291
0.0610115
0.0609941
0.0609765
0.0609589
0.0609412
0.0609242
0.0609055
0.0633988
0.0633866
0.0633752
0.063365
0.0633545
0.0633436
0.0633328
0.0633219
0.0633111
0.0633001
0.0632892
0.0632782
0.0632671
0.063256
0.0632449
0.0632337
0.0632225
0.0632112
0.0631999
0.0631886
0.0631772
0.0631658
0.0631543
0.0631428
0.0631312
0.0631196
0.063108
0.0630963
0.0630846
0.0630728
0.063061
0.0630492
0.0630373
0.0630253
0.0630134
0.0630014
0.0629893
0.0629772
0.0629651
0.0629529
0.0629407
0.0629284
0.0629161
0.0629038
0.0628914
0.062879
0.0628665
0.062854
0.0628415
0.0628289
0.0628163
0.0628036
0.0627909
0.0627782
0.0627654
0.0627526
0.0627397
0.0627268
0.0627139
0.0627009
0.0626879
0.0626749
0.0626618
0.0626487
0.0626355
0.0626223
0.062609
0.0625958
0.0625824
0.0625691
0.0625557
0.0625422
0.0625288
0.0625153
0.0625017
0.0624881
0.0624745
0.0624609
0.0624472
0.0624334
0.0624197
0.0624059
0.062392
0.0623781
0.0623642
0.0623503
0.0623363
0.0623222
0.0623082
0.0622941
0.06228
0.0622658
0.0622516
0.0622373
0.0622231
0.0622088
0.0621944
0.06218
0.0621656
0.0621512
0.0621367
0.0621222
0.0621076
0.062093
0.0620784
0.0620637
0.062049
0.0620343
0.0620195
0.0620047
0.0619899
0.0619751
0.0619602
0.0619452
0.0619303
0.0619153
0.0619002
0.0618852
0.0618701
0.0618549
0.0618398
0.0618246
0.0618093
0.0617941
0.0617788
0.0617634
0.0617481
0.0617327
0.0617172
0.0617018
0.0616863
0.0616707
0.0616552
0.0616396
0.0616239
0.0616083
0.0615925
0.0615768
0.061561
0.0615452
0.0615293
0.0615134
0.0614974
0.0614814
0.0614654
0.0614493
0.0614331
0.0614169
0.0614007
0.0613844
0.061368
0.0613516
0.0613351
0.0613185
0.0613019
0.0612853
0.0612685
0.0612518
0.0612349
0.061218
0.0612011
0.0611841
0.0611671
0.06115
0.0611328
0.0611157
0.0610984
0.0610812
0.0610638
0.0610464
0.061029
0.0610115
0.060994
0.0609764
0.0609588
0.0609412
0.0609236
0.060906
0.0608868
0.0633983
0.063386
0.0633746
0.0633644
0.063354
0.0633431
0.0633322
0.0633214
0.0633105
0.0632996
0.0632886
0.0632776
0.0632666
0.0632555
0.0632444
0.0632332
0.063222
0.0632107
0.0631994
0.0631881
0.0631767
0.0631653
0.0631538
0.0631423
0.0631307
0.0631191
0.0631075
0.0630958
0.0630841
0.0630723
0.0630605
0.0630487
0.0630368
0.0630248
0.0630129
0.0630009
0.0629888
0.0629767
0.0629646
0.0629524
0.0629402
0.0629279
0.0629156
0.0629033
0.0628909
0.0628785
0.062866
0.0628535
0.062841
0.0628284
0.0628158
0.0628031
0.0627904
0.0627777
0.0627649
0.0627521
0.0627393
0.0627264
0.0627134
0.0627005
0.0626875
0.0626744
0.0626613
0.0626482
0.062635
0.0626218
0.0626086
0.0625953
0.062582
0.0625686
0.0625552
0.0625418
0.0625283
0.0625148
0.0625013
0.0624877
0.0624741
0.0624604
0.0624467
0.062433
0.0624192
0.0624054
0.0623916
0.0623777
0.0623638
0.0623498
0.0623358
0.0623218
0.0623077
0.0622936
0.0622795
0.0622653
0.0622511
0.0622369
0.0622226
0.0622083
0.062194
0.0621796
0.0621652
0.0621507
0.0621362
0.0621217
0.0621072
0.0620926
0.062078
0.0620633
0.0620486
0.0620339
0.0620191
0.0620043
0.0619895
0.0619746
0.0619597
0.0619448
0.0619298
0.0619149
0.0618998
0.0618848
0.0618697
0.0618545
0.0618394
0.0618242
0.0618089
0.0617937
0.0617784
0.061763
0.0617477
0.0617323
0.0617168
0.0617014
0.0616859
0.0616703
0.0616548
0.0616392
0.0616235
0.0616079
0.0615921
0.0615764
0.0615606
0.0615448
0.0615289
0.061513
0.061497
0.061481
0.061465
0.0614489
0.0614327
0.0614165
0.0614003
0.061384
0.0613676
0.0613512
0.0613347
0.0613181
0.0613015
0.0612849
0.0612682
0.0612514
0.0612346
0.0612177
0.0612007
0.0611837
0.0611667
0.0611496
0.0611325
0.0611153
0.0610981
0.0610808
0.0610634
0.0610461
0.0610287
0.0610111
0.0609937
0.0609761
0.0609585
0.0609408
0.0609231
0.0609052
0.060887
0.0608669
0.0633946
0.0633823
0.0633708
0.0633606
0.0633502
0.0633393
0.0633285
0.0633177
0.0633068
0.0632959
0.0632849
0.0632739
0.0632629
0.0632518
0.0632407
0.0632295
0.0632183
0.063207
0.0631957
0.0631844
0.063173
0.0631616
0.0631501
0.0631386
0.0631271
0.0631155
0.0631039
0.0630922
0.0630805
0.0630687
0.0630569
0.0630451
0.0630332
0.0630213
0.0630093
0.0629973
0.0629853
0.0629732
0.062961
0.0629489
0.0629367
0.0629244
0.0629121
0.0628998
0.0628874
0.062875
0.0628626
0.0628501
0.0628375
0.062825
0.0628123
0.0627997
0.062787
0.0627743
0.0627615
0.0627487
0.0627358
0.062723
0.06271
0.0626971
0.0626841
0.062671
0.0626579
0.0626448
0.0626317
0.0626185
0.0626052
0.0625919
0.0625786
0.0625653
0.0625519
0.0625385
0.062525
0.0625115
0.062498
0.0624844
0.0624708
0.0624571
0.0624434
0.0624297
0.062416
0.0624022
0.0623883
0.0623744
0.0623605
0.0623466
0.0623326
0.0623186
0.0623045
0.0622905
0.0622763
0.0622622
0.062248
0.0622337
0.0622195
0.0622052
0.0621908
0.0621765
0.062162
0.0621476
0.0621331
0.0621186
0.0621041
0.0620895
0.0620749
0.0620602
0.0620455
0.0620308
0.0620161
0.0620013
0.0619864
0.0619716
0.0619567
0.0619418
0.0619268
0.0619118
0.0618968
0.0618818
0.0618667
0.0618515
0.0618364
0.0618212
0.061806
0.0617907
0.0617754
0.0617601
0.0617447
0.0617293
0.0617139
0.0616985
0.061683
0.0616674
0.0616519
0.0616363
0.0616206
0.061605
0.0615893
0.0615735
0.0615577
0.0615419
0.0615261
0.0615101
0.0614942
0.0614782
0.0614622
0.0614461
0.0614299
0.0614137
0.0613975
0.0613812
0.0613648
0.0613484
0.0613319
0.0613154
0.0612988
0.0612821
0.0612654
0.0612486
0.0612318
0.0612149
0.061198
0.061181
0.061164
0.0611469
0.0611298
0.0611126
0.0610954
0.0610781
0.0610608
0.0610434
0.061026
0.0610085
0.060991
0.0609734
0.0609558
0.0609382
0.0609204
0.0609027
0.0608845
0.0608665
0.0633704
0.0633581
0.0633467
0.0633364
0.063326
0.0633153
0.0633045
0.0632937
0.0632829
0.063272
0.0632611
0.0632501
0.0632391
0.0632281
0.063217
0.0632058
0.0631947
0.0631835
0.0631722
0.0631609
0.0631496
0.0631382
0.0631268
0.0631153
0.0631038
0.0630922
0.0630806
0.063069
0.0630573
0.0630456
0.0630339
0.0630221
0.0630102
0.0629983
0.0629864
0.0629744
0.0629624
0.0629504
0.0629383
0.0629262
0.062914
0.0629018
0.0628895
0.0628773
0.0628649
0.0628526
0.0628401
0.0628277
0.0628152
0.0628027
0.0627901
0.0627775
0.0627648
0.0627521
0.0627394
0.0627266
0.0627138
0.062701
0.0626881
0.0626752
0.0626622
0.0626492
0.0626362
0.0626231
0.06261
0.0625968
0.0625836
0.0625704
0.0625571
0.0625438
0.0625304
0.062517
0.0625036
0.0624902
0.0624767
0.0624631
0.0624495
0.0624359
0.0624223
0.0624086
0.0623949
0.0623811
0.0623673
0.0623535
0.0623396
0.0623257
0.0623118
0.0622978
0.0622838
0.0622697
0.0622557
0.0622415
0.0622274
0.0622132
0.062199
0.0621847
0.0621704
0.0621561
0.0621417
0.0621273
0.0621128
0.0620984
0.0620839
0.0620693
0.0620547
0.0620401
0.0620255
0.0620108
0.0619961
0.0619813
0.0619666
0.0619517
0.0619369
0.061922
0.0619071
0.0618921
0.0618772
0.0618621
0.0618471
0.061832
0.0618169
0.0618017
0.0617866
0.0617713
0.0617561
0.0617408
0.0617255
0.0617101
0.0616947
0.0616793
0.0616639
0.0616484
0.0616329
0.0616173
0.0616017
0.0615861
0.0615704
0.0615547
0.061539
0.0615232
0.0615074
0.0614915
0.0614756
0.0614596
0.0614436
0.0614276
0.0614115
0.0613953
0.0613791
0.0613628
0.0613465
0.0613301
0.0613137
0.0612972
0.0612806
0.061264
0.0612473
0.0612306
0.0612138
0.061197
0.0611801
0.0611632
0.0611462
0.0611291
0.0611121
0.0610949
0.0610777
0.0610605
0.0610432
0.0610259
0.0610085
0.060991
0.0609736
0.0609561
0.0609385
0.0609209
0.0609031
0.0608855
0.0608673
0.0608499
0.0608311
0.0632348
0.0632228
0.0632114
0.0632014
0.0631912
0.0631807
0.0631701
0.0631595
0.0631489
0.0631382
0.0631275
0.0631167
0.0631059
0.0630951
0.0630842
0.0630732
0.0630623
0.0630512
0.0630402
0.0630291
0.0630179
0.0630068
0.0629955
0.0629843
0.0629729
0.0629616
0.0629502
0.0629388
0.0629273
0.0629158
0.0629042
0.0628926
0.0628809
0.0628693
0.0628575
0.0628458
0.062834
0.0628221
0.0628102
0.0627983
0.0627863
0.0627743
0.0627622
0.0627501
0.062738
0.0627258
0.0627136
0.0627014
0.0626891
0.0626767
0.0626644
0.0626519
0.0626395
0.062627
0.0626145
0.0626019
0.0625893
0.0625766
0.0625639
0.0625512
0.0625384
0.0625256
0.0625128
0.0624999
0.062487
0.062474
0.062461
0.062448
0.0624349
0.0624218
0.0624086
0.0623954
0.0623822
0.0623689
0.0623556
0.0623423
0.0623289
0.0623155
0.062302
0.0622886
0.062275
0.0622615
0.0622479
0.0622342
0.0622206
0.0622069
0.0621931
0.0621793
0.0621655
0.0621517
0.0621378
0.0621238
0.0621099
0.0620959
0.0620819
0.0620678
0.0620537
0.0620395
0.0620254
0.0620112
0.0619969
0.0619826
0.0619683
0.061954
0.0619396
0.0619252
0.0619107
0.0618963
0.0618817
0.0618672
0.0618526
0.061838
0.0618233
0.0618086
0.0617939
0.0617792
0.0617644
0.0617496
0.0617347
0.0617198
0.0617049
0.0616899
0.0616749
0.0616599
0.0616449
0.0616298
0.0616147
0.0615995
0.0615843
0.0615691
0.0615538
0.0615385
0.0615232
0.0615079
0.0614925
0.061477
0.0614615
0.061446
0.0614305
0.0614149
0.0613993
0.0613836
0.0613679
0.0613521
0.0613363
0.0613205
0.0613046
0.0612886
0.0612726
0.0612565
0.0612404
0.0612242
0.061208
0.0611917
0.0611753
0.0611589
0.0611424
0.0611259
0.0611093
0.0610927
0.061076
0.0610593
0.0610425
0.0610256
0.0610088
0.0609918
0.0609748
0.0609578
0.0609407
0.0609236
0.0609064
0.0608892
0.0608719
0.0608546
0.0608372
0.0608198
0.0608022
0.0607848
0.060767
0.0607492
0.0607315
0.0607114
0.0625818
0.0625705
0.06256
0.0625508
0.0625415
0.0625317
0.0625219
0.0625121
0.0625023
0.0624924
0.0624825
0.0624725
0.0624625
0.0624525
0.0624424
0.0624323
0.0624221
0.0624119
0.0624016
0.0623913
0.062381
0.0623706
0.0623601
0.0623497
0.0623392
0.0623286
0.062318
0.0623074
0.0622967
0.062286
0.0622752
0.0622644
0.0622535
0.0622427
0.0622317
0.0622208
0.0622097
0.0621987
0.0621876
0.0621765
0.0621653
0.0621541
0.0621428
0.0621315
0.0621202
0.0621088
0.0620974
0.0620859
0.0620744
0.0620629
0.0620513
0.0620397
0.062028
0.0620163
0.0620046
0.0619928
0.061981
0.0619691
0.0619572
0.0619453
0.0619333
0.0619213
0.0619093
0.0618972
0.0618851
0.0618729
0.0618607
0.0618485
0.0618362
0.0618239
0.0618115
0.0617991
0.0617867
0.0617742
0.0617617
0.0617492
0.0617366
0.061724
0.0617113
0.0616986
0.0616859
0.0616731
0.0616603
0.0616475
0.0616346
0.0616217
0.0616087
0.0615958
0.0615827
0.0615697
0.0615566
0.0615435
0.0615303
0.0615171
0.0615039
0.0614906
0.0614773
0.061464
0.0614506
0.0614372
0.0614237
0.0614102
0.0613967
0.0613832
0.0613696
0.061356
0.0613423
0.0613286
0.0613149
0.0613012
0.0612874
0.0612735
0.0612597
0.0612458
0.0612319
0.0612179
0.0612039
0.0611899
0.0611758
0.0611617
0.0611476
0.0611335
0.0611193
0.061105
0.0610908
0.0610765
0.0610622
0.0610478
0.0610334
0.061019
0.0610045
0.06099
0.0609755
0.060961
0.0609464
0.0609317
0.060917
0.0609023
0.0608876
0.0608728
0.060858
0.0608431
0.0608282
0.0608132
0.0607982
0.0607832
0.0607681
0.0607529
0.0607377
0.0607224
0.0607071
0.0606917
0.0606763
0.0606608
0.0606453
0.0606297
0.060614
0.0605983
0.0605825
0.0605667
0.0605509
0.0605349
0.060519
0.060503
0.0604869
0.0604708
0.0604546
0.0604384
0.0604222
0.0604059
0.0603895
0.0603731
0.0603567
0.0603402
0.0603236
0.0603071
0.0602903
0.0602737
0.0602567
0.0602399
0.0602228
0.0602057
0.0599307
0.0599221
0.0599143
0.0599077
0.059901
0.0598937
0.0598864
0.0598791
0.0598718
0.0598644
0.0598569
0.0598494
0.0598419
0.0598344
0.0598268
0.0598191
0.0598114
0.0598037
0.0597959
0.0597881
0.0597802
0.0597723
0.0597644
0.0597564
0.0597484
0.0597403
0.0597322
0.059724
0.0597158
0.0597076
0.0596993
0.059691
0.0596826
0.0596742
0.0596658
0.0596573
0.0596487
0.0596402
0.0596316
0.0596229
0.0596142
0.0596055
0.0595967
0.0595879
0.059579
0.0595702
0.0595612
0.0595522
0.0595432
0.0595342
0.0595251
0.0595159
0.0595068
0.0594976
0.0594883
0.059479
0.0594697
0.0594603
0.0594509
0.0594414
0.059432
0.0594224
0.0594129
0.0594033
0.0593936
0.0593839
0.0593742
0.0593645
0.0593547
0.0593448
0.059335
0.059325
0.0593151
0.0593051
0.0592951
0.059285
0.0592749
0.0592648
0.0592546
0.0592444
0.0592342
0.0592239
0.0592136
0.0592032
0.0591928
0.0591824
0.0591719
0.0591614
0.0591509
0.0591403
0.0591297
0.0591191
0.0591084
0.0590977
0.0590869
0.0590761
0.0590653
0.0590545
0.0590436
0.0590326
0.0590217
0.0590107
0.0589996
0.0589886
0.0589775
0.0589663
0.0589552
0.058944
0.0589327
0.0589215
0.0589101
0.0588988
0.0588874
0.058876
0.0588646
0.0588531
0.0588416
0.0588301
0.0588185
0.0588069
0.0587952
0.0587836
0.0587719
0.0587601
0.0587484
0.0587365
0.0587247
0.0587128
0.0587009
0.058689
0.058677
0.058665
0.058653
0.0586409
0.0586288
0.0586166
0.0586044
0.0585922
0.05858
0.0585677
0.0585553
0.058543
0.0585305
0.0585181
0.0585056
0.058493
0.0584804
0.0584678
0.0584551
0.0584423
0.0584295
0.0584167
0.0584038
0.0583908
0.0583778
0.0583647
0.0583516
0.0583384
0.0583252
0.058312
0.0582987
0.0582853
0.0582719
0.0582584
0.058245
0.0582314
0.0582178
0.0582042
0.0581906
0.0581768
0.0581631
0.0581493
0.0581355
0.0581216
0.0581076
0.0580937
0.0580795
0.0580655
0.0580511
0.058037
0.0580225
0.0580083
0.0579934
0.0511066
0.0511035
0.0511016
0.0511006
0.051099
0.0510968
0.0510946
0.0510924
0.0510901
0.0510879
0.0510855
0.0510832
0.0510808
0.0510784
0.0510759
0.0510733
0.0510708
0.0510681
0.0510655
0.0510628
0.05106
0.0510573
0.0510544
0.0510516
0.0510487
0.0510457
0.0510427
0.0510397
0.0510366
0.0510335
0.0510303
0.0510271
0.0510238
0.0510206
0.0510172
0.0510139
0.0510104
0.051007
0.0510035
0.051
0.0509964
0.0509928
0.0509891
0.0509854
0.0509817
0.0509779
0.0509741
0.0509702
0.0509663
0.0509624
0.0509584
0.0509544
0.0509503
0.0509462
0.0509421
0.0509379
0.0509337
0.0509295
0.0509252
0.0509208
0.0509165
0.0509121
0.0509076
0.0509031
0.0508986
0.050894
0.0508894
0.0508848
0.0508801
0.0508754
0.0508706
0.0508658
0.050861
0.0508561
0.0508512
0.0508463
0.0508413
0.0508363
0.0508312
0.0508261
0.050821
0.0508159
0.0508106
0.0508054
0.0508001
0.0507948
0.0507895
0.0507841
0.0507787
0.0507732
0.0507677
0.0507622
0.0507566
0.050751
0.0507454
0.0507397
0.050734
0.0507283
0.0507225
0.0507167
0.0507108
0.050705
0.050699
0.0506931
0.0506871
0.0506811
0.050675
0.0506689
0.0506628
0.0506567
0.0506505
0.0506443
0.050638
0.0506317
0.0506254
0.050619
0.0506126
0.0506062
0.0505998
0.0505933
0.0505868
0.0505802
0.0505736
0.050567
0.0505603
0.0505537
0.0505469
0.0505402
0.0505334
0.0505266
0.0505197
0.0505128
0.0505059
0.050499
0.050492
0.050485
0.0504779
0.0504708
0.0504637
0.0504566
0.0504494
0.0504421
0.0504349
0.0504275
0.0504202
0.0504128
0.0504054
0.0503979
0.0503904
0.0503828
0.0503752
0.0503675
0.0503598
0.0503521
0.0503443
0.0503365
0.0503286
0.0503207
0.0503127
0.0503047
0.0502967
0.0502886
0.0502805
0.0502724
0.0502642
0.050256
0.0502477
0.0502394
0.0502311
0.0502227
0.0502143
0.0502059
0.0501974
0.0501889
0.0501803
0.0501718
0.050163
0.0501544
0.0501455
0.0501366
0.0501278
0.0501182
0.0501107
0.050095
0.0277907
0.0277916
0.027794
0.0277963
0.0277977
0.0277987
0.0277997
0.0278008
0.0278019
0.0278029
0.0278039
0.0278048
0.0278057
0.0278065
0.0278073
0.0278081
0.0278088
0.0278094
0.0278101
0.0278107
0.0278112
0.0278117
0.0278121
0.0278126
0.0278129
0.0278132
0.0278135
0.0278138
0.027814
0.0278141
0.0278143
0.0278143
0.0278144
0.0278144
0.0278143
0.0278142
0.0278141
0.0278139
0.0278137
0.0278134
0.0278131
0.0278128
0.0278124
0.027812
0.0278116
0.0278111
0.0278105
0.0278099
0.0278093
0.0278087
0.027808
0.0278072
0.0278064
0.0278056
0.0278048
0.0278039
0.0278029
0.027802
0.0278009
0.0277999
0.0277988
0.0277977
0.0277965
0.0277953
0.027794
0.0277927
0.0277914
0.0277901
0.0277886
0.0277872
0.0277857
0.0277842
0.0277827
0.0277811
0.0277794
0.0277778
0.0277761
0.0277743
0.0277725
0.0277707
0.0277689
0.027767
0.027765
0.0277631
0.0277611
0.027759
0.027757
0.0277549
0.0277527
0.0277505
0.0277483
0.027746
0.0277438
0.0277414
0.0277391
0.0277367
0.0277342
0.0277318
0.0277293
0.0277267
0.0277241
0.0277215
0.0277189
0.0277162
0.0277135
0.0277107
0.027708
0.0277051
0.0277023
0.0276994
0.0276965
0.0276935
0.0276906
0.0276875
0.0276845
0.0276814
0.0276783
0.0276751
0.0276719
0.0276687
0.0276655
0.0276622
0.0276589
0.0276555
0.0276521
0.0276487
0.0276453
0.0276418
0.0276383
0.0276347
0.0276312
0.0276275
0.0276239
0.0276202
0.0276165
0.0276128
0.027609
0.0276052
0.0276013
0.0275975
0.0275935
0.0275896
0.0275856
0.0275816
0.0275775
0.0275734
0.0275693
0.0275651
0.0275609
0.0275567
0.0275524
0.0275481
0.0275437
0.0275393
0.0275349
0.0275304
0.0275259
0.0275214
0.0275168
0.0275122
0.0275075
0.0275029
0.0274982
0.0274934
0.0274886
0.0274838
0.027479
0.0274741
0.0274692
0.0274643
0.0274593
0.0274543
0.0274493
0.0274442
0.0274391
0.0274339
0.0274287
0.0274234
0.0274181
0.0274127
0.0274074
0.0274014
0.027396
0.0273864
0.027379
)
;

boundaryField
{
    inlet
    {
        type            calculated;
        value           nonuniform List<scalar> 0();
    }
    outlet
    {
        type            calculated;
        value           nonuniform List<scalar> 0();
    }
    lowerWall
    {
        type            calculated;
        value           nonuniform List<scalar> 0();
    }
    upperWall
    {
        type            calculated;
        value           uniform 0;
    }
    frontAndBack
    {
        type            calculated;
        value           uniform 0;
    }
    procBoundary5to2
    {
        type            processor;
        value           nonuniform List<scalar> 
148
(
0.0633883
0.0633758
0.0633646
0.0633545
0.0633441
0.0633332
0.0633223
0.0633114
0.0633005
0.0632896
0.0632786
0.0632675
0.0632564
0.0632453
0.0632341
0.0632229
0.0632116
0.0632003
0.063189
0.0631776
0.0631661
0.0631547
0.0631431
0.0631316
0.06312
0.0631083
0.0630967
0.0630849
0.0630732
0.0630614
0.0630495
0.0630376
0.0630257
0.0630137
0.0630017
0.0629896
0.0629775
0.0629654
0.0629532
0.062941
0.0629287
0.0629164
0.0629041
0.0628917
0.0628793
0.0628668
0.0628543
0.0628418
0.0628292
0.0628166
0.0628039
0.0627912
0.0627785
0.0627657
0.0627529
0.06274
0.0627271
0.0627142
0.0627012
0.0626882
0.0626752
0.0626621
0.062649
0.0626358
0.0626226
0.0626093
0.0625961
0.0625827
0.0625694
0.062556
0.0625425
0.0625291
0.0625156
0.062502
0.0624884
0.0624748
0.0624611
0.0624475
0.0624337
0.06242
0.0624061
0.0623923
0.0623784
0.0623645
0.0623506
0.0623366
0.0623225
0.0623085
0.0622944
0.0622802
0.0622661
0.0622519
0.0622376
0.0622234
0.062209
0.0621947
0.0621803
0.0621659
0.0621515
0.062137
0.0621224
0.0621079
0.0620933
0.0620787
0.062064
0.0620493
0.0620346
0.0620198
0.0620051
0.0619902
0.0619754
0.0619605
0.0619455
0.0619306
0.0619156
0.0619006
0.0618855
0.0618704
0.0618553
0.0618401
0.061825
0.0618097
0.0617945
0.0617792
0.0617639
0.0617485
0.0617331
0.0617177
0.0617023
0.0616868
0.0616713
0.0616558
0.0616402
0.0616246
0.061609
0.0615934
0.0615777
0.061562
0.0615463
0.0615305
0.0615147
0.061499
0.0614831
0.0614676
0.0614516
0.0614363
0.0614207
0.0614049
)
;
    }
    procBoundary5to10
    {
        type            processor;
        value           nonuniform List<scalar> 
51
(
0.0633994
0.0633994
0.0633993
0.0633993
0.0633993
0.0633993
0.0633993
0.0633994
0.0633994
0.0633995
0.0633996
0.0633997
0.0633999
0.0634002
0.0634002
0.0634007
0.0634007
0.0634105
0.0634101
0.06341
0.0634099
0.0634099
0.0634099
0.0634099
0.06341
0.06341
0.06341
0.0634099
0.0634099
0.0634099
0.0634099
0.0634099
0.0634099
0.0634099
0.0634099
0.0634099
0.0634099
0.0634099
0.0634099
0.0634099
0.0634099
0.0634099
0.0634098
0.0634093
0.0634055
0.0633813
0.0632455
0.0625916
0.059938
0.051109
0.0277902
)
;
    }
    procBoundary5to11
    {
        type            processor;
        value           nonuniform List<scalar> 
86
(
0.0613897
0.0613897
0.0613706
0.0613706
0.0613514
0.0613514
0.0613333
0.0613358
0.0613358
0.0613172
0.0613172
0.0612993
0.0613018
0.0613018
0.0612833
0.0612833
0.0612657
0.0612657
0.0612481
0.0612503
0.0612503
0.061232
0.061232
0.0612139
0.0612165
0.0612165
0.0611979
0.0611979
0.0611802
0.0611802
0.0611623
0.0611649
0.0611649
0.0611462
0.0611462
0.0611279
0.0611307
0.0611307
0.061112
0.061112
0.061094
0.061094
0.061076
0.0610787
0.0610787
0.0610597
0.0610597
0.0610413
0.0610442
0.0610442
0.0610252
0.0610252
0.061007
0.061007
0.0609888
0.0609916
0.0609916
0.0609725
0.0609725
0.060954
0.060954
0.0609357
0.0609384
0.0609384
0.0609189
0.0609189
0.0609001
0.060903
0.060903
0.0608835
0.0608835
0.0608647
0.0608647
0.0608455
0.0608456
0.0608456
0.0608087
0.0608087
0.0606894
0.0601855
0.0601855
0.0579722
0.0579722
0.0500851
0.0500851
0.027374
)
;
    }
}


// ************************************************************************* //
