/*--------------------------------*- C++ -*----------------------------------*\
| =========                 |                                                 |
| \\      /  F ield         | OpenFOAM: The Open Source CFD Toolbox           |
|  \\    /   O peration     | Version:  2512                                  |
|   \\  /    A nd           | Website:  www.openfoam.com                      |
|    \\/     M anipulation  |                                                 |
\*---------------------------------------------------------------------------*/
FoamFile
{
    version     2.0;
    format      ascii;
    arch        "LSB;label=32;scalar=64";
    class       volScalarField;
    location    "0.1";
    object      p;
}
// * * * * * * * * * * * * * * * * * * * * * * * * * * * * * * * * * * * * * //

dimensions      [1 -1 -2 0 0 0 0];

internalField   nonuniform List<scalar> 
8334
(
-640.551
-641.331
-642.112
-642.891
-643.671
-644.45
-645.229
-646.007
-646.784
-647.561
-648.338
-649.114
-649.89
-650.665
-651.439
-652.213
-652.987
-653.76
-654.532
-655.304
-656.076
-656.846
-657.617
-658.386
-659.156
-659.924
-660.692
-661.46
-662.226
-662.993
-663.758
-664.524
-665.288
-666.052
-666.815
-667.578
-668.339
-669.101
-669.862
-670.622
-671.382
-672.141
-672.899
-673.657
-674.414
-675.171
-675.927
-676.682
-677.437
-678.191
-678.944
-679.697
-680.449
-681.2
-681.951
-682.701
-683.451
-684.2
-684.948
-685.695
-686.442
-687.188
-687.933
-688.678
-689.422
-690.165
-690.908
-691.65
-692.391
-693.131
-693.871
-694.61
-695.348
-696.086
-696.823
-697.559
-698.294
-699.029
-699.763
-700.496
-701.228
-701.96
-702.691
-703.421
-704.15
-704.878
-705.606
-706.333
-707.059
-707.785
-708.509
-709.233
-709.956
-710.678
-711.399
-712.12
-712.84
-713.559
-714.277
-714.994
-715.711
-716.426
-717.141
-717.855
-718.568
-719.281
-719.992
-720.703
-721.412
-722.121
-722.829
-723.537
-724.243
-724.948
-725.653
-726.357
-727.06
-727.762
-728.463
-729.163
-729.862
-730.561
-731.258
-731.955
-732.65
-733.345
-734.039
-734.732
-735.424
-736.116
-736.806
-737.495
-738.184
-738.871
-739.558
-740.243
-740.928
-741.612
-742.295
-742.977
-743.658
-744.338
-745.017
-745.695
-746.372
-747.048
-747.723
-748.398
-749.071
-749.743
-750.415
-751.085
-751.755
-752.423
-753.09
-753.757
-754.422
-755.087
-755.75
-756.413
-757.074
-757.735
-758.394
-759.053
-759.711
-760.367
-761.023
-761.677
-645.569
-646.349
-647.129
-647.909
-648.688
-649.466
-650.244
-651.022
-651.799
-652.576
-653.352
-654.127
-654.903
-655.677
-656.451
-657.225
-657.998
-658.77
-659.542
-660.313
-661.084
-661.854
-662.624
-663.393
-664.162
-664.93
-665.697
-666.464
-667.231
-667.996
-668.761
-669.526
-670.29
-671.053
-671.815
-672.577
-673.339
-674.099
-674.86
-675.619
-676.378
-677.137
-677.895
-678.652
-679.408
-680.164
-680.92
-681.674
-682.428
-683.182
-683.935
-684.687
-685.438
-686.189
-686.939
-687.689
-688.437
-689.185
-689.933
-690.68
-691.426
-692.171
-692.916
-693.66
-694.403
-695.146
-695.888
-696.629
-697.369
-698.109
-698.848
-699.586
-700.324
-701.061
-701.797
-702.532
-703.267
-704
-704.734
-705.466
-706.197
-706.928
-707.658
-708.388
-709.116
-709.844
-710.571
-711.297
-712.022
-712.747
-713.471
-714.194
-714.916
-715.637
-716.358
-717.078
-717.797
-718.515
-719.232
-719.948
-720.664
-721.379
-722.093
-722.806
-723.518
-724.23
-724.94
-725.65
-726.359
-727.067
-727.774
-728.481
-729.186
-729.891
-730.594
-731.297
-731.999
-732.7
-733.401
-734.1
-734.798
-735.496
-736.192
-736.888
-737.583
-738.277
-738.97
-739.662
-740.353
-741.044
-741.733
-742.421
-743.109
-743.795
-744.481
-745.166
-745.85
-746.532
-747.214
-747.895
-748.575
-749.254
-749.932
-750.61
-751.286
-751.961
-752.635
-753.309
-753.981
-754.652
-755.323
-755.992
-756.661
-757.328
-757.994
-758.66
-759.324
-759.988
-760.65
-761.312
-761.972
-762.632
-763.29
-763.948
-764.604
-765.26
-765.915
-766.568
-767.221
-767.872
-768.522
-769.172
-769.82
-770.468
-771.114
-771.759
-772.403
-773.047
-773.689
-774.33
-774.97
-775.609
-776.247
-776.884
-650.588
-651.367
-652.147
-652.926
-653.704
-654.482
-655.26
-656.037
-656.814
-657.59
-658.365
-659.14
-659.915
-660.689
-661.463
-662.235
-663.008
-663.78
-664.551
-665.322
-666.092
-666.862
-667.631
-668.4
-669.168
-669.935
-670.702
-671.468
-672.234
-672.999
-673.764
-674.527
-675.291
-676.053
-676.815
-677.576
-678.337
-679.098
-679.857
-680.616
-681.375
-682.133
-682.89
-683.646
-684.402
-685.158
-685.912
-686.666
-687.42
-688.172
-688.925
-689.676
-690.427
-691.177
-691.926
-692.675
-693.423
-694.171
-694.918
-695.664
-696.409
-697.154
-697.898
-698.641
-699.384
-700.125
-700.867
-701.607
-702.347
-703.086
-703.824
-704.562
-705.298
-706.034
-706.77
-707.504
-708.238
-708.971
-709.704
-710.435
-711.166
-711.896
-712.625
-713.354
-714.082
-714.809
-715.535
-716.26
-716.985
-717.708
-718.431
-719.154
-719.875
-720.596
-721.315
-722.034
-722.752
-723.47
-724.186
-724.902
-725.617
-726.331
-727.044
-727.756
-728.468
-729.178
-729.888
-730.597
-731.305
-732.012
-732.719
-733.424
-734.129
-734.832
-735.535
-736.237
-736.938
-737.638
-738.338
-739.036
-739.734
-740.43
-741.126
-741.821
-742.515
-743.208
-743.9
-744.591
-745.281
-745.971
-746.659
-747.347
-748.033
-748.719
-749.404
-750.087
-750.77
-751.452
-752.133
-752.813
-753.492
-754.17
-754.847
-755.523
-756.199
-756.873
-757.546
-758.219
-758.89
-759.56
-760.23
-760.898
-761.566
-762.232
-762.898
-763.562
-764.226
-764.888
-765.55
-766.21
-766.87
-767.528
-768.186
-768.842
-769.498
-770.152
-770.806
-771.458
-772.109
-772.76
-773.409
-774.057
-774.705
-775.351
-775.996
-776.641
-777.284
-777.926
-778.567
-779.207
-779.846
-780.484
-781.121
-655.605
-656.385
-657.164
-657.942
-658.72
-659.498
-660.275
-661.052
-661.828
-662.603
-663.378
-664.153
-664.927
-665.7
-666.473
-667.246
-668.018
-668.789
-669.56
-670.33
-671.1
-671.869
-672.638
-673.406
-674.173
-674.94
-675.706
-676.472
-677.237
-678.001
-678.765
-679.528
-680.291
-681.053
-681.814
-682.575
-683.335
-684.095
-684.854
-685.613
-686.37
-687.128
-687.884
-688.64
-689.395
-690.15
-690.904
-691.658
-692.41
-693.162
-693.914
-694.665
-695.415
-696.164
-696.913
-697.661
-698.409
-699.155
-699.901
-700.647
-701.391
-702.135
-702.879
-703.621
-704.363
-705.104
-705.845
-706.585
-707.324
-708.062
-708.799
-709.536
-710.272
-711.008
-711.742
-712.476
-713.209
-713.942
-714.673
-715.404
-716.134
-716.863
-717.592
-718.319
-719.046
-719.773
-720.498
-721.222
-721.946
-722.669
-723.391
-724.113
-724.833
-725.553
-726.272
-726.99
-727.708
-728.424
-729.14
-729.855
-730.569
-731.282
-731.994
-732.705
-733.416
-734.126
-734.835
-735.543
-736.25
-736.956
-737.662
-738.366
-739.07
-739.773
-740.475
-741.176
-741.876
-742.575
-743.274
-743.971
-744.668
-745.364
-746.059
-746.753
-747.446
-748.138
-748.829
-749.519
-750.208
-750.897
-751.584
-752.271
-752.957
-753.641
-754.325
-755.008
-755.69
-756.371
-757.051
-757.73
-758.408
-759.085
-759.761
-760.436
-761.111
-761.784
-762.456
-763.128
-763.798
-764.467
-765.136
-765.803
-766.47
-767.135
-767.8
-768.463
-769.126
-769.787
-770.448
-771.107
-771.766
-772.423
-773.08
-773.735
-774.39
-775.043
-775.695
-776.347
-776.997
-777.647
-778.295
-778.942
-779.588
-780.234
-780.878
-781.521
-782.163
-782.804
-783.444
-784.083
-784.721
-785.358
-659.843
-660.622
-661.401
-662.18
-662.958
-663.736
-664.513
-665.289
-666.065
-666.841
-667.616
-668.391
-669.165
-669.938
-670.711
-671.484
-672.256
-673.027
-673.798
-674.568
-675.338
-676.107
-676.875
-677.643
-678.411
-679.178
-679.944
-680.71
-681.475
-682.239
-683.003
-683.766
-684.529
-685.291
-686.052
-686.813
-687.573
-688.333
-689.092
-689.85
-690.608
-691.365
-692.122
-692.878
-693.633
-694.388
-695.142
-695.895
-696.648
-697.4
-698.152
-698.902
-699.653
-700.402
-701.151
-701.899
-702.646
-703.393
-704.139
-704.885
-705.629
-706.373
-707.117
-707.859
-708.601
-709.342
-710.083
-710.822
-711.561
-712.3
-713.037
-713.774
-714.51
-715.245
-715.98
-716.714
-717.447
-718.179
-718.911
-719.642
-720.372
-721.101
-721.83
-722.557
-723.284
-724.01
-724.736
-725.46
-726.184
-726.907
-727.629
-728.351
-729.071
-729.791
-730.51
-731.228
-731.945
-732.662
-733.377
-734.092
-734.806
-735.519
-736.232
-736.943
-737.654
-738.364
-739.073
-739.781
-740.488
-741.194
-741.9
-742.604
-743.308
-744.011
-744.713
-745.414
-746.114
-746.813
-747.512
-748.209
-748.906
-749.602
-750.296
-750.99
-751.683
-752.375
-753.067
-753.757
-754.446
-755.135
-755.822
-756.509
-757.194
-757.879
-758.563
-759.246
-759.928
-760.608
-761.288
-761.968
-762.646
-763.323
-763.999
-764.674
-765.348
-766.022
-766.694
-767.365
-768.036
-768.705
-769.374
-770.041
-770.708
-771.373
-772.037
-772.701
-773.363
-774.025
-774.685
-775.345
-776.003
-776.661
-777.317
-777.973
-778.627
-779.281
-779.933
-780.584
-781.235
-781.884
-782.532
-783.18
-783.826
-784.471
-785.115
-785.758
-786.4
-787.041
-787.681
-788.32
-788.958
-789.595
-664.861
-665.639
-666.418
-667.196
-667.974
-668.751
-669.527
-670.303
-671.079
-671.854
-672.629
-673.403
-674.176
-674.949
-675.721
-676.493
-677.265
-678.036
-678.806
-679.576
-680.345
-681.113
-681.881
-682.649
-683.416
-684.182
-684.947
-685.712
-686.477
-687.241
-688.004
-688.767
-689.529
-690.29
-691.051
-691.811
-692.571
-693.33
-694.088
-694.846
-695.603
-696.36
-697.116
-697.871
-698.626
-699.38
-700.133
-700.886
-701.638
-702.389
-703.14
-703.89
-704.64
-705.389
-706.137
-706.884
-707.631
-708.377
-709.122
-709.867
-710.611
-711.354
-712.097
-712.839
-713.58
-714.32
-715.06
-715.799
-716.537
-717.275
-718.012
-718.748
-719.483
-720.218
-720.952
-721.685
-722.417
-723.149
-723.88
-724.61
-725.339
-726.067
-726.795
-727.522
-728.248
-728.974
-729.698
-730.422
-731.145
-731.867
-732.588
-733.309
-734.029
-734.748
-735.466
-736.183
-736.9
-737.615
-738.33
-739.044
-739.757
-740.47
-741.181
-741.892
-742.601
-743.31
-744.018
-744.726
-745.432
-746.137
-746.842
-747.546
-748.249
-748.95
-749.652
-750.352
-751.051
-751.749
-752.447
-753.144
-753.839
-754.534
-755.228
-755.921
-756.613
-757.304
-757.995
-758.684
-759.372
-760.06
-760.746
-761.432
-762.117
-762.801
-763.483
-764.165
-764.846
-765.526
-766.205
-766.883
-767.561
-768.237
-768.912
-769.586
-770.26
-770.932
-771.603
-772.274
-772.943
-773.611
-774.279
-774.945
-775.611
-776.275
-776.939
-777.601
-778.263
-778.923
-779.582
-780.241
-780.898
-781.555
-782.21
-782.865
-783.518
-784.171
-784.822
-785.472
-786.121
-786.77
-787.417
-788.063
-788.708
-789.352
-789.995
-790.637
-791.278
-791.918
-792.557
-793.195
-793.832
-669.877
-670.656
-671.434
-672.212
-672.989
-673.765
-674.541
-675.317
-676.092
-676.866
-677.64
-678.414
-679.187
-679.959
-680.731
-681.503
-682.273
-683.044
-683.813
-684.583
-685.351
-686.119
-686.886
-687.653
-688.42
-689.185
-689.95
-690.715
-691.479
-692.242
-693.004
-693.766
-694.528
-695.289
-696.049
-696.809
-697.568
-698.326
-699.084
-699.841
-700.598
-701.354
-702.109
-702.864
-703.618
-704.371
-705.124
-705.876
-706.627
-707.378
-708.128
-708.878
-709.626
-710.375
-711.122
-711.869
-712.615
-713.36
-714.105
-714.849
-715.592
-716.335
-717.077
-717.818
-718.558
-719.298
-720.037
-720.775
-721.513
-722.25
-722.986
-723.721
-724.456
-725.19
-725.923
-726.655
-727.387
-728.117
-728.847
-729.577
-730.305
-731.033
-731.76
-732.486
-733.211
-733.936
-734.66
-735.383
-736.105
-736.826
-737.547
-738.267
-738.986
-739.704
-740.421
-741.137
-741.853
-742.568
-743.282
-743.995
-744.707
-745.419
-746.129
-746.839
-747.548
-748.256
-748.963
-749.67
-750.375
-751.08
-751.783
-752.486
-753.188
-753.889
-754.59
-755.289
-755.987
-756.685
-757.381
-758.077
-758.772
-759.466
-760.159
-760.851
-761.542
-762.232
-762.922
-763.61
-764.298
-764.984
-765.67
-766.355
-767.038
-767.721
-768.403
-769.084
-769.764
-770.443
-771.121
-771.798
-772.474
-773.15
-773.824
-774.497
-775.17
-775.841
-776.511
-777.181
-777.849
-778.516
-779.183
-779.848
-780.513
-781.176
-781.839
-782.5
-783.161
-783.82
-784.479
-785.136
-785.792
-786.448
-787.102
-787.756
-788.408
-789.059
-789.71
-790.359
-791.007
-791.654
-792.3
-792.946
-793.59
-794.233
-794.874
-795.515
-796.155
-796.794
-797.432
-798.069
-674.116
-674.894
-675.672
-676.449
-677.226
-678.003
-678.779
-679.555
-680.33
-681.104
-681.878
-682.652
-683.425
-684.197
-684.969
-685.74
-686.511
-687.282
-688.051
-688.82
-689.589
-690.357
-691.124
-691.891
-692.657
-693.423
-694.188
-694.953
-695.716
-696.48
-697.242
-698.004
-698.766
-699.527
-700.287
-701.046
-701.806
-702.564
-703.322
-704.079
-704.836
-705.591
-706.347
-707.101
-707.855
-708.609
-709.362
-710.114
-710.865
-711.616
-712.366
-713.116
-713.864
-714.612
-715.36
-716.107
-716.853
-717.598
-718.343
-719.087
-719.83
-720.573
-721.315
-722.056
-722.796
-723.536
-724.275
-725.013
-725.751
-726.487
-727.224
-727.959
-728.693
-729.427
-730.16
-730.893
-731.624
-732.355
-733.085
-733.814
-734.543
-735.271
-735.998
-736.724
-737.449
-738.174
-738.898
-739.62
-740.343
-741.064
-741.785
-742.504
-743.223
-743.941
-744.659
-745.375
-746.091
-746.806
-747.52
-748.233
-748.945
-749.657
-750.367
-751.077
-751.786
-752.494
-753.201
-753.907
-754.613
-755.318
-756.021
-756.724
-757.426
-758.127
-758.827
-759.527
-760.225
-760.923
-761.619
-762.315
-763.01
-763.704
-764.397
-765.089
-765.78
-766.47
-767.16
-767.848
-768.535
-769.222
-769.908
-770.592
-771.276
-771.959
-772.641
-773.322
-774.002
-774.681
-775.359
-776.036
-776.712
-777.387
-778.062
-778.735
-779.407
-780.079
-780.749
-781.418
-782.087
-782.754
-783.421
-784.086
-784.751
-785.414
-786.076
-786.738
-787.398
-788.058
-788.716
-789.374
-790.03
-790.685
-791.34
-791.993
-792.646
-793.297
-793.947
-794.596
-795.244
-795.892
-796.538
-797.183
-797.827
-798.47
-799.112
-799.753
-800.392
-801.031
-801.669
-802.305
-679.132
-679.91
-680.687
-681.464
-682.241
-683.017
-683.793
-684.568
-685.342
-686.116
-686.89
-687.663
-688.435
-689.207
-689.978
-690.749
-691.519
-692.289
-693.058
-693.827
-694.595
-695.362
-696.129
-696.895
-697.661
-698.426
-699.19
-699.954
-700.718
-701.48
-702.242
-703.004
-703.764
-704.525
-705.284
-706.043
-706.802
-707.56
-708.317
-709.073
-709.829
-710.585
-711.339
-712.093
-712.847
-713.599
-714.352
-715.103
-715.854
-716.604
-717.353
-718.102
-718.85
-719.598
-720.344
-721.091
-721.836
-722.581
-723.325
-724.068
-724.81
-725.552
-726.293
-727.034
-727.774
-728.513
-729.251
-729.989
-730.725
-731.461
-732.197
-732.931
-733.665
-734.398
-735.131
-735.862
-736.593
-737.323
-738.052
-738.781
-739.508
-740.235
-740.962
-741.687
-742.412
-743.135
-743.858
-744.58
-745.302
-746.022
-746.742
-747.461
-748.179
-748.897
-749.613
-750.329
-751.044
-751.758
-752.471
-753.183
-753.894
-754.605
-755.315
-756.024
-756.732
-757.439
-758.145
-758.851
-759.555
-760.259
-760.962
-761.664
-762.365
-763.065
-763.764
-764.463
-765.16
-765.857
-766.553
-767.248
-767.941
-768.634
-769.327
-770.018
-770.708
-771.397
-772.086
-772.773
-773.46
-774.145
-774.83
-775.514
-776.197
-776.879
-777.56
-778.24
-778.919
-779.597
-780.274
-780.95
-781.625
-782.299
-782.973
-783.645
-784.316
-784.987
-785.656
-786.325
-786.992
-787.658
-788.324
-788.988
-789.652
-790.314
-790.976
-791.636
-792.295
-792.954
-793.611
-794.268
-794.923
-795.577
-796.231
-796.883
-797.534
-798.185
-798.834
-799.482
-800.129
-800.775
-801.42
-802.064
-802.707
-803.349
-803.99
-804.629
-805.268
-805.906
-806.542
-684.148
-684.925
-685.702
-686.479
-687.255
-688.03
-688.806
-689.58
-690.354
-691.128
-691.901
-692.673
-693.445
-694.216
-694.987
-695.757
-696.527
-697.296
-698.065
-698.833
-699.6
-700.367
-701.133
-701.899
-702.664
-703.428
-704.192
-704.955
-705.718
-706.48
-707.241
-708.002
-708.763
-709.522
-710.281
-711.04
-711.797
-712.555
-713.311
-714.067
-714.822
-715.577
-716.331
-717.085
-717.837
-718.589
-719.341
-720.092
-720.842
-721.591
-722.34
-723.088
-723.836
-724.582
-725.328
-726.074
-726.818
-727.562
-728.306
-729.048
-729.79
-730.531
-731.272
-732.011
-732.751
-733.489
-734.226
-734.963
-735.699
-736.435
-737.169
-737.903
-738.636
-739.368
-740.1
-740.831
-741.561
-742.29
-743.019
-743.746
-744.473
-745.199
-745.925
-746.649
-747.373
-748.096
-748.818
-749.54
-750.26
-750.98
-751.699
-752.417
-753.134
-753.851
-754.567
-755.281
-755.995
-756.708
-757.421
-758.132
-758.843
-759.553
-760.262
-760.97
-761.677
-762.383
-763.089
-763.793
-764.497
-765.2
-765.902
-766.603
-767.303
-768.002
-768.701
-769.398
-770.095
-770.791
-771.485
-772.179
-772.872
-773.564
-774.256
-774.946
-775.635
-776.324
-777.011
-777.698
-778.383
-779.068
-779.752
-780.435
-781.116
-781.797
-782.477
-783.156
-783.834
-784.512
-785.188
-785.863
-786.537
-787.211
-787.883
-788.554
-789.224
-789.894
-790.562
-791.23
-791.896
-792.562
-793.226
-793.889
-794.552
-795.213
-795.874
-796.533
-797.191
-797.849
-798.505
-799.161
-799.815
-800.468
-801.121
-801.772
-802.422
-803.071
-803.719
-804.366
-805.012
-805.657
-806.301
-806.944
-807.586
-808.227
-808.866
-809.505
-810.143
-810.779
-689.163
-689.94
-690.717
-691.493
-692.268
-693.043
-693.818
-694.592
-695.365
-696.138
-696.911
-697.683
-698.454
-699.225
-699.995
-700.765
-701.534
-702.302
-703.07
-703.838
-704.605
-705.371
-706.137
-706.902
-707.666
-708.43
-709.193
-709.956
-710.718
-711.479
-712.24
-713
-713.76
-714.519
-715.277
-716.035
-716.792
-717.549
-718.305
-719.06
-719.815
-720.569
-721.322
-722.075
-722.827
-723.579
-724.329
-725.08
-725.829
-726.578
-727.326
-728.073
-728.82
-729.566
-730.312
-731.056
-731.8
-732.544
-733.286
-734.028
-734.769
-735.51
-736.249
-736.988
-737.727
-738.464
-739.201
-739.937
-740.672
-741.407
-742.141
-742.874
-743.606
-744.338
-745.069
-745.799
-746.528
-747.256
-747.984
-748.711
-749.437
-750.163
-750.887
-751.611
-752.334
-753.056
-753.778
-754.498
-755.218
-755.937
-756.655
-757.372
-758.089
-758.804
-759.519
-760.233
-760.946
-761.659
-762.37
-763.081
-763.79
-764.499
-765.207
-765.915
-766.621
-767.326
-768.031
-768.735
-769.438
-770.139
-770.841
-771.541
-772.24
-772.938
-773.636
-774.333
-775.028
-775.723
-776.417
-777.11
-777.802
-778.493
-779.184
-779.873
-780.561
-781.249
-781.935
-782.621
-783.306
-783.99
-784.672
-785.354
-786.035
-786.715
-787.394
-788.072
-788.749
-789.426
-790.101
-790.775
-791.448
-792.121
-792.792
-793.462
-794.132
-794.8
-795.467
-796.134
-796.799
-797.464
-798.127
-798.789
-799.451
-800.111
-800.771
-801.429
-802.087
-802.743
-803.398
-804.053
-804.706
-805.358
-806.009
-806.66
-807.309
-807.957
-808.604
-809.25
-809.895
-810.539
-811.182
-811.823
-812.464
-813.104
-813.742
-814.38
-815.016
-693.402
-694.178
-694.955
-695.731
-696.506
-697.281
-698.056
-698.83
-699.603
-700.376
-701.149
-701.921
-702.692
-703.463
-704.233
-705.003
-705.772
-706.54
-707.308
-708.076
-708.843
-709.609
-710.374
-711.139
-711.904
-712.668
-713.431
-714.194
-714.956
-715.717
-716.478
-717.238
-717.998
-718.757
-719.515
-720.273
-721.03
-721.787
-722.543
-723.298
-724.053
-724.807
-725.56
-726.313
-727.065
-727.817
-728.567
-729.317
-730.067
-730.816
-731.564
-732.311
-733.058
-733.804
-734.549
-735.294
-736.038
-736.781
-737.524
-738.266
-739.007
-739.747
-740.487
-741.226
-741.964
-742.702
-743.439
-744.175
-744.91
-745.645
-746.379
-747.112
-747.844
-748.576
-749.306
-750.036
-750.766
-751.494
-752.222
-752.949
-753.675
-754.4
-755.125
-755.849
-756.572
-757.294
-758.015
-758.736
-759.456
-760.175
-760.893
-761.61
-762.327
-763.042
-763.757
-764.471
-765.184
-765.896
-766.608
-767.318
-768.028
-768.737
-769.445
-770.152
-770.859
-771.564
-772.269
-772.972
-773.675
-774.377
-775.078
-775.779
-776.478
-777.176
-777.874
-778.57
-779.266
-779.961
-780.655
-781.348
-782.04
-782.731
-783.421
-784.111
-784.799
-785.487
-786.173
-786.859
-787.544
-788.227
-788.91
-789.592
-790.273
-790.953
-791.632
-792.31
-792.987
-793.663
-794.339
-795.013
-795.686
-796.358
-797.03
-797.7
-798.369
-799.038
-799.705
-800.372
-801.037
-801.701
-802.365
-803.027
-803.689
-804.349
-805.008
-805.667
-806.324
-806.981
-807.636
-808.29
-808.943
-809.596
-810.247
-810.897
-811.546
-812.194
-812.841
-813.487
-814.132
-814.776
-815.419
-816.06
-816.701
-817.341
-817.979
-818.616
-819.253
-698.417
-699.193
-699.969
-700.744
-701.519
-702.294
-703.068
-703.841
-704.614
-705.387
-706.159
-706.93
-707.701
-708.471
-709.241
-710.01
-710.778
-711.546
-712.314
-713.08
-713.847
-714.612
-715.377
-716.142
-716.906
-717.669
-718.432
-719.194
-719.955
-720.716
-721.476
-722.236
-722.995
-723.753
-724.511
-725.268
-726.025
-726.781
-727.536
-728.291
-729.045
-729.798
-730.551
-731.303
-732.054
-732.805
-733.555
-734.305
-735.054
-735.802
-736.549
-737.296
-738.042
-738.787
-739.532
-740.276
-741.019
-741.762
-742.504
-743.245
-743.985
-744.725
-745.464
-746.202
-746.94
-747.677
-748.413
-749.148
-749.883
-750.616
-751.35
-752.082
-752.813
-753.544
-754.274
-755.004
-755.732
-756.46
-757.187
-757.913
-758.638
-759.363
-760.087
-760.81
-761.532
-762.253
-762.974
-763.693
-764.412
-765.131
-765.848
-766.564
-767.28
-767.995
-768.709
-769.422
-770.134
-770.846
-771.556
-772.266
-772.975
-773.683
-774.39
-775.097
-775.802
-776.507
-777.21
-777.913
-778.615
-779.316
-780.016
-780.716
-781.414
-782.112
-782.808
-783.504
-784.199
-784.893
-785.586
-786.278
-786.969
-787.659
-788.349
-789.037
-789.724
-790.411
-791.097
-791.781
-792.465
-793.148
-793.83
-794.511
-795.191
-795.87
-796.548
-797.225
-797.901
-798.576
-799.251
-799.924
-800.596
-801.267
-801.938
-802.607
-803.275
-803.943
-804.609
-805.275
-805.939
-806.602
-807.265
-807.926
-808.587
-809.246
-809.904
-810.562
-811.218
-811.873
-812.528
-813.181
-813.833
-814.484
-815.135
-815.784
-816.432
-817.079
-817.725
-818.369
-819.013
-819.656
-820.298
-820.938
-821.578
-822.216
-822.853
-823.49
-703.43
-704.207
-704.982
-705.757
-706.532
-707.306
-708.079
-708.852
-709.625
-710.396
-711.168
-711.939
-712.709
-713.478
-714.248
-715.016
-715.784
-716.551
-717.318
-718.085
-718.85
-719.615
-720.38
-721.144
-721.907
-722.669
-723.431
-724.193
-724.954
-725.714
-726.474
-727.233
-727.991
-728.749
-729.506
-730.263
-731.019
-731.774
-732.529
-733.283
-734.036
-734.789
-735.541
-736.292
-737.043
-737.793
-738.543
-739.291
-740.039
-740.787
-741.534
-742.28
-743.025
-743.77
-744.514
-745.257
-746
-746.742
-747.483
-748.223
-748.963
-749.702
-750.44
-751.178
-751.914
-752.651
-753.386
-754.12
-754.854
-755.587
-756.32
-757.051
-757.782
-758.512
-759.241
-759.97
-760.698
-761.425
-762.151
-762.876
-763.601
-764.324
-765.047
-765.77
-766.491
-767.212
-767.931
-768.65
-769.368
-770.086
-770.802
-771.518
-772.233
-772.947
-773.66
-774.372
-775.084
-775.794
-776.504
-777.213
-777.921
-778.628
-779.334
-780.04
-780.744
-781.448
-782.151
-782.853
-783.554
-784.254
-784.953
-785.652
-786.349
-787.046
-787.742
-788.437
-789.131
-789.824
-790.516
-791.207
-791.897
-792.586
-793.275
-793.962
-794.649
-795.334
-796.019
-796.703
-797.386
-798.068
-798.749
-799.429
-800.108
-800.786
-801.463
-802.139
-802.814
-803.488
-804.162
-804.834
-805.505
-806.176
-806.845
-807.513
-808.181
-808.847
-809.512
-810.177
-810.84
-811.503
-812.164
-812.824
-813.484
-814.142
-814.799
-815.456
-816.111
-816.765
-817.419
-818.071
-818.722
-819.372
-820.021
-820.669
-821.316
-821.962
-822.607
-823.251
-823.893
-824.535
-825.175
-825.815
-826.453
-827.09
-827.727
-707.669
-708.444
-709.22
-709.995
-710.77
-711.544
-712.317
-713.09
-713.862
-714.634
-715.406
-716.176
-716.947
-717.716
-718.485
-719.254
-720.022
-720.789
-721.556
-722.322
-723.088
-723.853
-724.618
-725.381
-726.145
-726.907
-727.669
-728.431
-729.192
-729.952
-730.711
-731.471
-732.229
-732.987
-733.744
-734.5
-735.256
-736.012
-736.766
-737.52
-738.274
-739.027
-739.779
-740.53
-741.281
-742.031
-742.78
-743.529
-744.277
-745.025
-745.771
-746.518
-747.263
-748.008
-748.752
-749.495
-750.237
-750.979
-751.721
-752.461
-753.201
-753.94
-754.678
-755.415
-756.152
-756.888
-757.624
-758.358
-759.092
-759.825
-760.558
-761.289
-762.02
-762.75
-763.479
-764.208
-764.935
-765.662
-766.389
-767.114
-767.838
-768.562
-769.285
-770.007
-770.729
-771.449
-772.169
-772.888
-773.606
-774.323
-775.04
-775.756
-776.47
-777.184
-777.898
-778.61
-779.321
-780.032
-780.742
-781.451
-782.159
-782.866
-783.572
-784.278
-784.982
-785.686
-786.389
-787.091
-787.792
-788.492
-789.191
-789.89
-790.587
-791.284
-791.98
-792.674
-793.368
-794.061
-794.753
-795.445
-796.135
-796.824
-797.513
-798.2
-798.887
-799.572
-800.257
-800.941
-801.624
-802.305
-802.986
-803.666
-804.345
-805.023
-805.701
-806.377
-807.052
-807.726
-808.399
-809.072
-809.743
-810.413
-811.083
-811.751
-812.418
-813.085
-813.75
-814.415
-815.078
-815.74
-816.402
-817.062
-817.721
-818.38
-819.037
-819.693
-820.349
-821.003
-821.656
-822.308
-822.959
-823.61
-824.259
-824.907
-825.554
-826.199
-826.844
-827.488
-828.131
-828.772
-829.413
-830.052
-830.69
-831.327
-831.964
-712.683
-713.458
-714.233
-715.008
-715.782
-716.555
-717.328
-718.1
-718.872
-719.644
-720.414
-721.185
-721.954
-722.723
-723.492
-724.26
-725.027
-725.794
-726.56
-727.326
-728.091
-728.855
-729.619
-730.382
-731.145
-731.907
-732.669
-733.429
-734.19
-734.949
-735.708
-736.467
-737.225
-737.982
-738.738
-739.494
-740.25
-741.004
-741.758
-742.512
-743.264
-744.016
-744.768
-745.519
-746.269
-747.018
-747.767
-748.515
-749.263
-750.009
-750.755
-751.501
-752.245
-752.989
-753.733
-754.475
-755.217
-755.958
-756.699
-757.439
-758.178
-758.916
-759.653
-760.39
-761.126
-761.862
-762.596
-763.33
-764.063
-764.795
-765.527
-766.258
-766.988
-767.717
-768.446
-769.173
-769.9
-770.626
-771.352
-772.076
-772.8
-773.523
-774.245
-774.967
-775.687
-776.407
-777.126
-777.844
-778.561
-779.278
-779.993
-780.708
-781.422
-782.135
-782.848
-783.559
-784.27
-784.98
-785.688
-786.396
-787.104
-787.81
-788.515
-789.22
-789.924
-790.627
-791.329
-792.03
-792.73
-793.429
-794.128
-794.825
-795.522
-796.217
-796.912
-797.606
-798.299
-798.991
-799.682
-800.373
-801.062
-801.75
-802.438
-803.124
-803.81
-804.495
-805.179
-805.861
-806.543
-807.224
-807.904
-808.583
-809.261
-809.938
-810.614
-811.29
-811.964
-812.637
-813.309
-813.981
-814.651
-815.32
-815.989
-816.656
-817.322
-817.988
-818.652
-819.316
-819.978
-820.639
-821.3
-821.959
-822.617
-823.275
-823.931
-824.586
-825.241
-825.894
-826.546
-827.197
-827.847
-828.496
-829.144
-829.791
-830.437
-831.082
-831.725
-832.368
-833.009
-833.65
-834.289
-834.927
-835.564
-836.201
-717.696
-718.471
-719.245
-720.019
-720.793
-721.566
-722.338
-723.11
-723.881
-724.652
-725.422
-726.192
-726.961
-727.73
-728.498
-729.265
-730.032
-730.798
-731.564
-732.329
-733.093
-733.857
-734.62
-735.383
-736.145
-736.906
-737.667
-738.428
-739.187
-739.946
-740.705
-741.462
-742.22
-742.976
-743.732
-744.487
-745.242
-745.996
-746.75
-747.502
-748.254
-749.006
-749.757
-750.507
-751.256
-752.005
-752.753
-753.5
-754.247
-754.993
-755.739
-756.483
-757.227
-757.971
-758.713
-759.455
-760.196
-760.937
-761.676
-762.415
-763.154
-763.891
-764.628
-765.364
-766.099
-766.834
-767.568
-768.301
-769.033
-769.765
-770.496
-771.226
-771.955
-772.683
-773.411
-774.138
-774.864
-775.59
-776.314
-777.038
-777.761
-778.483
-779.204
-779.925
-780.645
-781.364
-782.082
-782.799
-783.516
-784.231
-784.946
-785.66
-786.373
-787.086
-787.797
-788.508
-789.217
-789.926
-790.634
-791.341
-792.048
-792.753
-793.458
-794.162
-794.864
-795.566
-796.267
-796.968
-797.667
-798.365
-799.063
-799.76
-800.455
-801.15
-801.844
-802.537
-803.229
-803.92
-804.61
-805.3
-805.988
-806.676
-807.362
-808.048
-808.733
-809.416
-810.099
-810.781
-811.462
-812.142
-812.821
-813.499
-814.176
-814.852
-815.527
-816.202
-816.875
-817.547
-818.218
-818.889
-819.558
-820.227
-820.894
-821.56
-822.226
-822.89
-823.553
-824.216
-824.877
-825.537
-826.197
-826.855
-827.512
-828.169
-828.824
-829.478
-830.131
-830.784
-831.435
-832.085
-832.734
-833.382
-834.028
-834.674
-835.319
-835.963
-836.605
-837.247
-837.887
-838.526
-839.164
-839.801
-840.438
-722.709
-723.483
-724.257
-725.031
-725.804
-726.576
-727.348
-728.119
-728.89
-729.66
-730.43
-731.199
-731.968
-732.736
-733.503
-734.27
-735.036
-735.802
-736.567
-737.331
-738.095
-738.858
-739.621
-740.383
-741.144
-741.905
-742.665
-743.425
-744.184
-744.943
-745.7
-746.458
-747.214
-747.97
-748.725
-749.48
-750.234
-750.987
-751.74
-752.492
-753.244
-753.994
-754.745
-755.494
-756.243
-756.991
-757.738
-758.485
-759.231
-759.976
-760.721
-761.465
-762.208
-762.951
-763.693
-764.434
-765.174
-765.914
-766.653
-767.391
-768.129
-768.866
-769.602
-770.337
-771.072
-771.806
-772.539
-773.271
-774.003
-774.733
-775.463
-776.193
-776.921
-777.649
-778.376
-779.102
-779.827
-780.552
-781.276
-781.999
-782.721
-783.442
-784.163
-784.883
-785.602
-786.32
-787.037
-787.753
-788.469
-789.184
-789.898
-790.611
-791.323
-792.035
-792.745
-793.455
-794.164
-794.872
-795.579
-796.286
-796.991
-797.696
-798.399
-799.102
-799.804
-800.505
-801.205
-801.905
-802.603
-803.301
-803.997
-804.693
-805.388
-806.082
-806.775
-807.467
-808.158
-808.848
-809.538
-810.226
-810.914
-811.6
-812.286
-812.97
-813.654
-814.337
-815.019
-815.7
-816.38
-817.059
-817.737
-818.414
-819.09
-819.765
-820.439
-821.113
-821.785
-822.456
-823.127
-823.796
-824.464
-825.132
-825.798
-826.463
-827.128
-827.791
-828.453
-829.115
-829.775
-830.435
-831.093
-831.75
-832.406
-833.062
-833.716
-834.369
-835.021
-835.672
-836.322
-836.971
-837.619
-838.266
-838.912
-839.556
-840.2
-840.842
-841.484
-842.124
-842.763
-843.402
-844.039
-844.674
-726.947
-727.721
-728.495
-729.269
-730.042
-730.814
-731.586
-732.357
-733.128
-733.898
-734.668
-735.437
-736.206
-736.974
-737.741
-738.508
-739.274
-740.04
-740.805
-741.569
-742.333
-743.096
-743.859
-744.621
-745.382
-746.143
-746.903
-747.663
-748.422
-749.18
-749.938
-750.695
-751.452
-752.208
-752.963
-753.718
-754.472
-755.225
-755.978
-756.73
-757.482
-758.232
-758.982
-759.732
-760.481
-761.229
-761.976
-762.723
-763.469
-764.214
-764.959
-765.703
-766.446
-767.189
-767.931
-768.672
-769.412
-770.152
-770.891
-771.629
-772.367
-773.104
-773.84
-774.575
-775.31
-776.044
-776.777
-777.509
-778.24
-778.971
-779.701
-780.431
-781.159
-781.887
-782.614
-783.34
-784.065
-784.79
-785.514
-786.237
-786.959
-787.68
-788.401
-789.12
-789.839
-790.558
-791.275
-791.991
-792.707
-793.422
-794.136
-794.849
-795.561
-796.273
-796.983
-797.693
-798.402
-799.11
-799.817
-800.523
-801.229
-801.934
-802.637
-803.34
-804.042
-804.743
-805.443
-806.143
-806.841
-807.539
-808.235
-808.931
-809.626
-810.32
-811.013
-811.705
-812.396
-813.086
-813.775
-814.464
-815.151
-815.838
-816.524
-817.208
-817.892
-818.575
-819.257
-819.938
-820.618
-821.297
-821.975
-822.652
-823.328
-824.003
-824.677
-825.35
-826.023
-826.694
-827.364
-828.034
-828.702
-829.369
-830.036
-830.701
-831.365
-832.029
-832.691
-833.353
-834.013
-834.672
-835.331
-835.988
-836.644
-837.299
-837.953
-838.607
-839.259
-839.91
-840.56
-841.209
-841.857
-842.503
-843.149
-843.794
-844.437
-845.08
-845.721
-846.361
-847.001
-847.639
-848.276
-848.911
-731.96
-732.733
-733.507
-734.28
-735.052
-735.824
-736.595
-737.366
-738.136
-738.906
-739.675
-740.443
-741.211
-741.979
-742.746
-743.512
-744.277
-745.042
-745.807
-746.571
-747.334
-748.097
-748.859
-749.62
-750.381
-751.141
-751.901
-752.66
-753.418
-754.176
-754.933
-755.69
-756.446
-757.201
-757.956
-758.71
-759.463
-760.216
-760.968
-761.719
-762.47
-763.22
-763.97
-764.718
-765.467
-766.214
-766.961
-767.707
-768.452
-769.197
-769.941
-770.684
-771.427
-772.169
-772.91
-773.65
-774.39
-775.129
-775.867
-776.605
-777.342
-778.078
-778.813
-779.548
-780.281
-781.014
-781.747
-782.478
-783.209
-783.939
-784.668
-785.397
-786.125
-786.852
-787.578
-788.303
-789.028
-789.751
-790.474
-791.197
-791.918
-792.639
-793.358
-794.077
-794.795
-795.513
-796.229
-796.945
-797.66
-798.374
-799.087
-799.799
-800.51
-801.221
-801.931
-802.64
-803.348
-804.055
-804.761
-805.467
-806.171
-806.875
-807.578
-808.28
-808.981
-809.681
-810.38
-811.079
-811.776
-812.473
-813.169
-813.864
-814.557
-815.25
-815.943
-816.634
-817.324
-818.013
-818.702
-819.389
-820.076
-820.761
-821.446
-822.13
-822.813
-823.494
-824.175
-824.855
-825.534
-826.212
-826.89
-827.566
-828.241
-828.915
-829.588
-830.261
-830.932
-831.602
-832.271
-832.94
-833.607
-834.274
-834.939
-835.603
-836.267
-836.929
-837.59
-838.251
-838.91
-839.568
-840.225
-840.882
-841.537
-842.191
-842.844
-843.496
-844.147
-844.797
-845.446
-846.094
-846.741
-847.387
-848.031
-848.675
-849.317
-849.958
-850.599
-851.238
-851.876
-852.513
-853.148
-736.971
-737.745
-738.518
-739.29
-740.062
-740.833
-741.604
-742.374
-743.144
-743.913
-744.681
-745.449
-746.217
-746.984
-747.75
-748.515
-749.28
-750.045
-750.809
-751.572
-752.335
-753.097
-753.858
-754.619
-755.379
-756.139
-756.898
-757.656
-758.414
-759.171
-759.928
-760.684
-761.439
-762.194
-762.948
-763.701
-764.454
-765.206
-765.957
-766.708
-767.458
-768.208
-768.956
-769.704
-770.452
-771.199
-771.945
-772.69
-773.435
-774.179
-774.922
-775.665
-776.406
-777.148
-777.888
-778.628
-779.367
-780.105
-780.843
-781.579
-782.315
-783.051
-783.785
-784.519
-785.252
-785.985
-786.716
-787.447
-788.177
-788.906
-789.635
-790.363
-791.089
-791.816
-792.541
-793.266
-793.989
-794.712
-795.434
-796.156
-796.876
-797.596
-798.315
-799.033
-799.751
-800.467
-801.183
-801.897
-802.611
-803.325
-804.037
-804.748
-805.459
-806.169
-806.878
-807.586
-808.293
-808.999
-809.705
-810.409
-811.113
-811.816
-812.518
-813.219
-813.919
-814.618
-815.317
-816.014
-816.711
-817.407
-818.101
-818.795
-819.488
-820.18
-820.872
-821.562
-822.251
-822.94
-823.627
-824.314
-824.999
-825.684
-826.368
-827.05
-827.732
-828.413
-829.093
-829.772
-830.45
-831.127
-831.803
-832.479
-833.153
-833.826
-834.498
-835.17
-835.84
-836.509
-837.178
-837.845
-838.511
-839.177
-839.841
-840.504
-841.167
-841.828
-842.488
-843.148
-843.806
-844.463
-845.119
-845.775
-846.429
-847.082
-847.734
-848.385
-849.035
-849.684
-850.332
-850.978
-851.624
-852.269
-852.912
-853.555
-854.196
-854.836
-855.475
-856.113
-856.75
-857.386
-741.21
-741.982
-742.756
-743.528
-744.3
-745.071
-745.842
-746.612
-747.382
-748.151
-748.919
-749.687
-750.455
-751.221
-751.988
-752.753
-753.518
-754.283
-755.047
-755.81
-756.572
-757.334
-758.096
-758.857
-759.617
-760.377
-761.136
-761.894
-762.652
-763.409
-764.166
-764.921
-765.677
-766.431
-767.185
-767.939
-768.692
-769.444
-770.195
-770.946
-771.696
-772.445
-773.194
-773.942
-774.69
-775.436
-776.183
-776.928
-777.673
-778.417
-779.16
-779.902
-780.644
-781.385
-782.126
-782.866
-783.605
-784.343
-785.08
-785.817
-786.553
-787.289
-788.023
-788.757
-789.49
-790.222
-790.954
-791.685
-792.415
-793.144
-793.873
-794.6
-795.327
-796.053
-796.779
-797.503
-798.227
-798.95
-799.672
-800.394
-801.114
-801.834
-802.553
-803.271
-803.988
-804.705
-805.42
-806.135
-806.849
-807.562
-808.275
-808.986
-809.697
-810.407
-811.115
-811.823
-812.531
-813.237
-813.942
-814.647
-815.351
-816.054
-816.756
-817.457
-818.157
-818.856
-819.555
-820.252
-820.949
-821.644
-822.339
-823.033
-823.726
-824.418
-825.109
-825.8
-826.489
-827.177
-827.865
-828.551
-829.237
-829.922
-830.605
-831.288
-831.97
-832.651
-833.331
-834.01
-834.688
-835.365
-836.041
-836.716
-837.391
-838.064
-838.736
-839.407
-840.078
-840.747
-841.415
-842.083
-842.749
-843.414
-844.079
-844.742
-845.404
-846.066
-846.726
-847.385
-848.044
-848.701
-849.357
-850.012
-850.666
-851.32
-851.972
-852.623
-853.272
-853.921
-854.569
-855.216
-855.861
-856.506
-857.149
-857.792
-858.433
-859.073
-859.712
-860.35
-860.987
-861.623
-746.221
-746.993
-747.766
-748.538
-749.309
-750.08
-750.85
-751.62
-752.389
-753.157
-753.925
-754.693
-755.459
-756.226
-756.991
-757.756
-758.521
-759.284
-760.048
-760.81
-761.572
-762.334
-763.095
-763.855
-764.614
-765.373
-766.132
-766.89
-767.647
-768.403
-769.159
-769.915
-770.669
-771.423
-772.177
-772.929
-773.682
-774.433
-775.184
-775.934
-776.683
-777.432
-778.18
-778.928
-779.674
-780.42
-781.166
-781.91
-782.654
-783.398
-784.14
-784.882
-785.623
-786.364
-787.103
-787.842
-788.581
-789.318
-790.055
-790.791
-791.527
-792.261
-792.995
-793.728
-794.46
-795.192
-795.923
-796.653
-797.382
-798.11
-798.838
-799.565
-800.291
-801.017
-801.741
-802.465
-803.188
-803.91
-804.632
-805.352
-806.072
-806.791
-807.509
-808.226
-808.943
-809.658
-810.373
-811.087
-811.8
-812.513
-813.224
-813.935
-814.644
-815.353
-816.061
-816.769
-817.475
-818.18
-818.885
-819.589
-820.291
-820.993
-821.694
-822.395
-823.094
-823.792
-824.49
-825.187
-825.882
-826.577
-827.271
-827.964
-828.656
-829.347
-830.037
-830.727
-831.415
-832.103
-832.789
-833.475
-834.16
-834.843
-835.526
-836.208
-836.889
-837.569
-838.248
-838.926
-839.603
-840.279
-840.954
-841.628
-842.302
-842.974
-843.645
-844.316
-844.985
-845.653
-846.321
-846.987
-847.652
-848.317
-848.98
-849.642
-850.304
-850.964
-851.623
-852.281
-852.939
-853.595
-854.25
-854.904
-855.557
-856.209
-856.86
-857.51
-858.159
-858.807
-859.453
-860.099
-860.744
-861.387
-862.029
-862.67
-863.311
-863.949
-864.587
-865.224
-865.86
-751.232
-752.004
-752.776
-753.547
-754.318
-755.088
-755.858
-756.627
-757.395
-758.163
-758.93
-759.697
-760.463
-761.229
-761.994
-762.759
-763.522
-764.286
-765.048
-765.81
-766.572
-767.333
-768.093
-768.852
-769.611
-770.37
-771.128
-771.885
-772.641
-773.397
-774.153
-774.907
-775.661
-776.415
-777.167
-777.919
-778.671
-779.422
-780.172
-780.921
-781.67
-782.418
-783.165
-783.912
-784.658
-785.404
-786.148
-786.892
-787.636
-788.378
-789.12
-789.861
-790.602
-791.341
-792.08
-792.819
-793.556
-794.293
-795.029
-795.764
-796.499
-797.233
-797.966
-798.698
-799.43
-800.161
-800.891
-801.62
-802.348
-803.076
-803.803
-804.529
-805.255
-805.979
-806.703
-807.426
-808.148
-808.869
-809.59
-810.31
-811.029
-811.747
-812.464
-813.181
-813.896
-814.611
-815.325
-816.038
-816.75
-817.462
-818.172
-818.882
-819.591
-820.299
-821.006
-821.713
-822.418
-823.123
-823.826
-824.529
-825.231
-825.932
-826.633
-827.332
-828.03
-828.728
-829.424
-830.12
-830.815
-831.509
-832.202
-832.894
-833.585
-834.275
-834.965
-835.653
-836.341
-837.027
-837.713
-838.397
-839.081
-839.764
-840.446
-841.127
-841.807
-842.486
-843.164
-843.841
-844.517
-845.192
-845.866
-846.54
-847.212
-847.883
-848.553
-849.223
-849.891
-850.558
-851.225
-851.89
-852.554
-853.218
-853.88
-854.541
-855.202
-855.861
-856.519
-857.176
-857.832
-858.488
-859.142
-859.795
-860.447
-861.098
-861.748
-862.396
-863.044
-863.691
-864.336
-864.981
-865.624
-866.267
-866.908
-867.548
-868.187
-868.825
-869.461
-870.097
-756.242
-757.014
-757.785
-758.556
-759.326
-760.096
-760.865
-761.633
-762.401
-763.168
-763.935
-764.701
-765.467
-766.232
-766.996
-767.76
-768.523
-769.286
-770.048
-770.81
-771.57
-772.331
-773.09
-773.849
-774.608
-775.365
-776.123
-776.879
-777.635
-778.39
-779.145
-779.899
-780.652
-781.405
-782.157
-782.909
-783.659
-784.41
-785.159
-785.908
-786.656
-787.403
-788.15
-788.896
-789.642
-790.386
-791.13
-791.873
-792.616
-793.358
-794.099
-794.839
-795.579
-796.318
-797.056
-797.794
-798.531
-799.267
-800.002
-800.737
-801.471
-802.204
-802.936
-803.668
-804.398
-805.128
-805.858
-806.586
-807.314
-808.041
-808.767
-809.492
-810.217
-810.941
-811.664
-812.386
-813.107
-813.828
-814.548
-815.267
-815.985
-816.702
-817.418
-818.134
-818.849
-819.563
-820.276
-820.988
-821.7
-822.41
-823.12
-823.829
-824.537
-825.244
-825.951
-826.656
-827.361
-828.064
-828.767
-829.469
-830.17
-830.87
-831.57
-832.268
-832.966
-833.662
-834.358
-835.053
-835.747
-836.44
-837.132
-837.823
-838.513
-839.202
-839.891
-840.578
-841.265
-841.951
-842.635
-843.319
-844.002
-844.684
-845.365
-846.044
-846.723
-847.402
-848.079
-848.755
-849.43
-850.104
-850.777
-851.45
-852.121
-852.791
-853.46
-854.129
-854.796
-855.462
-856.128
-856.792
-857.455
-858.118
-858.779
-859.439
-860.099
-860.757
-861.414
-862.07
-862.725
-863.379
-864.032
-864.684
-865.335
-865.985
-866.634
-867.282
-867.928
-868.574
-869.218
-869.862
-870.504
-871.145
-871.785
-872.424
-873.062
-873.698
-874.334
-760.48
-761.251
-762.023
-762.794
-763.564
-764.333
-765.103
-765.871
-766.639
-767.406
-768.173
-768.939
-769.705
-770.47
-771.234
-771.998
-772.761
-773.524
-774.286
-775.047
-775.808
-776.569
-777.328
-778.087
-778.846
-779.603
-780.361
-781.117
-781.873
-782.628
-783.383
-784.137
-784.89
-785.643
-786.395
-787.147
-787.897
-788.647
-789.397
-790.146
-790.894
-791.641
-792.388
-793.134
-793.879
-794.624
-795.368
-796.111
-796.854
-797.596
-798.337
-799.077
-799.817
-800.556
-801.294
-802.032
-802.769
-803.505
-804.24
-804.975
-805.709
-806.442
-807.174
-807.905
-808.636
-809.366
-810.096
-810.824
-811.552
-812.279
-813.005
-813.73
-814.455
-815.179
-815.902
-816.624
-817.345
-818.066
-818.785
-819.504
-820.222
-820.94
-821.656
-822.372
-823.087
-823.801
-824.514
-825.226
-825.938
-826.648
-827.358
-828.067
-828.775
-829.482
-830.188
-830.894
-831.598
-832.302
-833.005
-833.707
-834.408
-835.108
-835.808
-836.506
-837.203
-837.9
-838.596
-839.291
-839.984
-840.677
-841.37
-842.061
-842.751
-843.44
-844.129
-844.816
-845.503
-846.188
-846.873
-847.557
-848.24
-848.921
-849.602
-850.282
-850.961
-851.639
-852.316
-852.993
-853.668
-854.342
-855.015
-855.687
-856.359
-857.029
-857.698
-858.367
-859.034
-859.7
-860.366
-861.03
-861.693
-862.355
-863.017
-863.677
-864.336
-864.995
-865.652
-866.308
-866.963
-867.617
-868.27
-868.922
-869.573
-870.223
-870.872
-871.519
-872.166
-872.812
-873.456
-874.099
-874.742
-875.383
-876.023
-876.661
-877.299
-877.936
-878.571
-765.49
-766.261
-767.032
-767.802
-768.571
-769.34
-770.109
-770.877
-771.644
-772.411
-773.177
-773.943
-774.708
-775.472
-776.236
-776.999
-777.762
-778.524
-779.285
-780.046
-780.806
-781.566
-782.325
-783.083
-783.841
-784.598
-785.355
-786.111
-786.866
-787.621
-788.375
-789.128
-789.881
-790.633
-791.384
-792.135
-792.885
-793.635
-794.384
-795.132
-795.879
-796.626
-797.372
-798.117
-798.862
-799.606
-800.349
-801.092
-801.834
-802.575
-803.315
-804.055
-804.794
-805.532
-806.27
-807.007
-807.743
-808.478
-809.213
-809.946
-810.679
-811.412
-812.143
-812.874
-813.604
-814.333
-815.062
-815.79
-816.517
-817.243
-817.968
-818.693
-819.416
-820.139
-820.862
-821.583
-822.304
-823.023
-823.742
-824.46
-825.178
-825.894
-826.61
-827.325
-828.039
-828.752
-829.464
-830.175
-830.886
-831.596
-832.305
-833.013
-833.72
-834.426
-835.132
-835.836
-836.54
-837.243
-837.945
-838.646
-839.346
-840.045
-840.744
-841.441
-842.138
-842.834
-843.528
-844.222
-844.915
-845.607
-846.299
-846.989
-847.678
-848.367
-849.054
-849.741
-850.426
-851.111
-851.795
-852.477
-853.159
-853.84
-854.52
-855.199
-855.877
-856.554
-857.23
-857.906
-858.58
-859.253
-859.925
-860.596
-861.267
-861.936
-862.604
-863.272
-863.938
-864.603
-865.268
-865.931
-866.593
-867.255
-867.915
-868.574
-869.232
-869.889
-870.546
-871.201
-871.855
-872.508
-873.16
-873.811
-874.461
-875.109
-875.757
-876.404
-877.049
-877.693
-878.337
-878.979
-879.62
-880.26
-880.899
-881.536
-882.173
-882.808
-770.499
-771.27
-772.04
-772.809
-773.578
-774.347
-775.115
-775.882
-776.649
-777.415
-778.181
-778.946
-779.71
-780.474
-781.237
-782
-782.762
-783.523
-784.284
-785.044
-785.804
-786.563
-787.321
-788.079
-788.836
-789.593
-790.349
-791.104
-791.859
-792.613
-793.366
-794.119
-794.871
-795.622
-796.373
-797.123
-797.873
-798.621
-799.37
-800.117
-800.864
-801.61
-802.355
-803.1
-803.844
-804.587
-805.33
-806.072
-806.813
-807.553
-808.293
-809.032
-809.77
-810.508
-811.244
-811.981
-812.716
-813.45
-814.184
-814.917
-815.65
-816.381
-817.112
-817.842
-818.571
-819.3
-820.028
-820.754
-821.481
-822.206
-822.931
-823.654
-824.377
-825.099
-825.821
-826.541
-827.261
-827.98
-828.698
-829.416
-830.132
-830.848
-831.562
-832.276
-832.99
-833.702
-834.413
-835.124
-835.834
-836.543
-837.251
-837.958
-838.664
-839.37
-840.074
-840.778
-841.481
-842.183
-842.884
-843.584
-844.283
-844.982
-845.679
-846.376
-847.071
-847.766
-848.46
-849.153
-849.845
-850.536
-851.227
-851.916
-852.604
-853.292
-853.978
-854.664
-855.349
-856.032
-856.715
-857.397
-858.078
-858.758
-859.437
-860.115
-860.792
-861.468
-862.143
-862.818
-863.491
-864.163
-864.834
-865.505
-866.174
-866.842
-867.51
-868.176
-868.841
-869.505
-870.169
-870.831
-871.492
-872.153
-872.812
-873.47
-874.127
-874.783
-875.438
-876.093
-876.746
-877.397
-878.048
-878.698
-879.347
-879.995
-880.641
-881.287
-881.931
-882.574
-883.216
-883.857
-884.497
-885.136
-885.774
-886.41
-887.045
-774.737
-775.507
-776.278
-777.047
-777.816
-778.585
-779.353
-780.12
-780.887
-781.653
-782.419
-783.184
-783.948
-784.712
-785.475
-786.238
-787
-787.761
-788.522
-789.282
-790.042
-790.801
-791.559
-792.317
-793.074
-793.831
-794.587
-795.342
-796.097
-796.851
-797.604
-798.357
-799.109
-799.86
-800.611
-801.361
-802.111
-802.859
-803.607
-804.355
-805.102
-805.848
-806.593
-807.338
-808.082
-808.825
-809.568
-810.309
-811.051
-811.791
-812.531
-813.27
-814.008
-814.746
-815.482
-816.218
-816.954
-817.688
-818.422
-819.155
-819.888
-820.619
-821.35
-822.08
-822.809
-823.538
-824.265
-824.992
-825.718
-826.444
-827.168
-827.892
-828.615
-829.337
-830.059
-830.779
-831.499
-832.218
-832.936
-833.653
-834.37
-835.086
-835.8
-836.514
-837.227
-837.94
-838.651
-839.362
-840.072
-840.78
-841.488
-842.196
-842.902
-843.607
-844.312
-845.016
-845.719
-846.421
-847.122
-847.822
-848.521
-849.219
-849.917
-850.614
-851.309
-852.004
-852.698
-853.391
-854.083
-854.774
-855.465
-856.154
-856.842
-857.53
-858.216
-858.902
-859.587
-860.27
-860.953
-861.635
-862.316
-862.996
-863.675
-864.353
-865.03
-865.706
-866.381
-867.055
-867.729
-868.401
-869.072
-869.742
-870.412
-871.08
-871.747
-872.414
-873.079
-873.743
-874.407
-875.069
-875.73
-876.39
-877.05
-877.708
-878.365
-879.021
-879.676
-880.33
-880.983
-881.635
-882.286
-882.936
-883.585
-884.232
-884.879
-885.524
-886.169
-886.812
-887.454
-888.095
-888.735
-889.373
-890.011
-890.647
-891.282
-779.746
-780.515
-781.285
-782.054
-782.823
-783.591
-784.358
-785.125
-785.891
-786.657
-787.422
-788.186
-788.95
-789.713
-790.476
-791.238
-791.999
-792.76
-793.52
-794.28
-795.039
-795.797
-796.555
-797.312
-798.069
-798.825
-799.58
-800.334
-801.088
-801.842
-802.595
-803.347
-804.098
-804.849
-805.599
-806.348
-807.097
-807.845
-808.593
-809.339
-810.086
-810.831
-811.576
-812.32
-813.063
-813.805
-814.547
-815.288
-816.029
-816.769
-817.508
-818.246
-818.983
-819.72
-820.456
-821.192
-821.926
-822.66
-823.393
-824.125
-824.857
-825.588
-826.318
-827.047
-827.776
-828.503
-829.23
-829.956
-830.682
-831.406
-832.13
-832.853
-833.575
-834.297
-835.017
-835.737
-836.456
-837.174
-837.891
-838.608
-839.323
-840.038
-840.752
-841.465
-842.178
-842.889
-843.6
-844.309
-845.018
-845.726
-846.434
-847.14
-847.845
-848.55
-849.254
-849.956
-850.658
-851.359
-852.06
-852.759
-853.457
-854.155
-854.851
-855.547
-856.242
-856.936
-857.629
-858.321
-859.012
-859.702
-860.392
-861.08
-861.768
-862.454
-863.14
-863.824
-864.508
-865.191
-865.873
-866.554
-867.234
-867.913
-868.591
-869.268
-869.944
-870.619
-871.293
-871.966
-872.639
-873.31
-873.98
-874.65
-875.318
-875.985
-876.651
-877.317
-877.981
-878.644
-879.307
-879.968
-880.628
-881.287
-881.946
-882.603
-883.259
-883.914
-884.568
-885.221
-885.873
-886.524
-887.174
-887.822
-888.47
-889.116
-889.762
-890.406
-891.049
-891.691
-892.332
-892.972
-893.611
-894.248
-894.884
-895.52
-784.754
-785.523
-786.292
-787.061
-787.829
-788.596
-789.363
-790.129
-790.895
-791.66
-792.424
-793.188
-793.951
-794.714
-795.476
-796.237
-796.998
-797.758
-798.518
-799.277
-800.035
-800.793
-801.55
-802.307
-803.062
-803.818
-804.572
-805.326
-806.08
-806.832
-807.585
-808.336
-809.087
-809.837
-810.586
-811.335
-812.083
-812.831
-813.577
-814.323
-815.069
-815.813
-816.557
-817.301
-818.043
-818.785
-819.526
-820.267
-821.006
-821.745
-822.484
-823.221
-823.958
-824.694
-825.429
-826.164
-826.898
-827.631
-828.363
-829.095
-829.826
-830.556
-831.285
-832.013
-832.741
-833.468
-834.194
-834.92
-835.644
-836.368
-837.091
-837.813
-838.534
-839.255
-839.975
-840.694
-841.412
-842.129
-842.846
-843.561
-844.276
-844.99
-845.703
-846.415
-847.127
-847.838
-848.547
-849.256
-849.964
-850.671
-851.378
-852.083
-852.788
-853.491
-854.194
-854.896
-855.597
-856.298
-856.997
-857.695
-858.393
-859.089
-859.785
-860.48
-861.174
-861.867
-862.559
-863.25
-863.94
-864.63
-865.318
-866.005
-866.692
-867.378
-868.062
-868.746
-869.429
-870.111
-870.792
-871.472
-872.151
-872.829
-873.506
-874.182
-874.857
-875.531
-876.204
-876.877
-877.548
-878.218
-878.887
-879.556
-880.223
-880.889
-881.555
-882.219
-882.882
-883.544
-884.206
-884.866
-885.525
-886.183
-886.841
-887.497
-888.152
-888.806
-889.459
-890.111
-890.761
-891.411
-892.06
-892.707
-893.354
-893.999
-894.644
-895.287
-895.929
-896.57
-897.21
-897.848
-898.486
-899.122
-899.757
-789.761
-790.53
-791.299
-792.067
-792.834
-793.601
-794.367
-795.133
-795.898
-796.662
-797.426
-798.189
-798.952
-799.714
-800.475
-801.236
-801.996
-802.756
-803.515
-804.273
-805.031
-805.788
-806.544
-807.3
-808.056
-808.81
-809.564
-810.318
-811.07
-811.822
-812.574
-813.325
-814.075
-814.824
-815.573
-816.321
-817.069
-817.815
-818.561
-819.307
-820.051
-820.795
-821.539
-822.281
-823.023
-823.764
-824.505
-825.244
-825.983
-826.722
-827.459
-828.196
-828.932
-829.667
-830.402
-831.136
-831.869
-832.601
-833.333
-834.064
-834.794
-835.523
-836.251
-836.979
-837.706
-838.432
-839.157
-839.882
-840.606
-841.329
-842.051
-842.772
-843.493
-844.213
-844.932
-845.65
-846.367
-847.083
-847.799
-848.514
-849.228
-849.941
-850.653
-851.365
-852.075
-852.785
-853.494
-854.202
-854.909
-855.616
-856.321
-857.026
-857.729
-858.432
-859.134
-859.835
-860.535
-861.235
-861.933
-862.631
-863.327
-864.023
-864.718
-865.412
-866.105
-866.797
-867.488
-868.178
-868.867
-869.556
-870.243
-870.93
-871.616
-872.3
-872.984
-873.667
-874.349
-875.029
-875.709
-876.388
-877.066
-877.744
-878.42
-879.095
-879.769
-880.442
-881.114
-881.786
-882.456
-883.125
-883.793
-884.461
-885.127
-885.792
-886.457
-887.12
-887.782
-888.444
-889.104
-889.763
-890.421
-891.078
-891.734
-892.389
-893.043
-893.696
-894.348
-894.999
-895.649
-896.298
-896.945
-897.592
-898.237
-898.881
-899.524
-900.166
-900.807
-901.447
-902.086
-902.723
-903.359
-903.994
-794
-794.768
-795.537
-796.305
-797.072
-797.839
-798.605
-799.371
-800.136
-800.9
-801.664
-802.427
-803.189
-803.951
-804.713
-805.474
-806.234
-806.993
-807.752
-808.511
-809.269
-810.026
-810.782
-811.538
-812.294
-813.048
-813.802
-814.556
-815.308
-816.06
-816.812
-817.563
-818.313
-819.062
-819.811
-820.559
-821.306
-822.053
-822.799
-823.545
-824.289
-825.033
-825.776
-826.519
-827.261
-828.002
-828.743
-829.482
-830.221
-830.96
-831.697
-832.434
-833.17
-833.905
-834.64
-835.374
-836.107
-836.839
-837.571
-838.301
-839.031
-839.761
-840.489
-841.217
-841.944
-842.67
-843.395
-844.12
-844.844
-845.567
-846.289
-847.01
-847.731
-848.451
-849.169
-849.888
-850.605
-851.321
-852.037
-852.752
-853.466
-854.179
-854.891
-855.603
-856.313
-857.023
-857.732
-858.44
-859.147
-859.853
-860.559
-861.264
-861.967
-862.67
-863.372
-864.073
-864.773
-865.473
-866.171
-866.868
-867.565
-868.261
-868.956
-869.65
-870.343
-871.035
-871.726
-872.416
-873.105
-873.794
-874.481
-875.168
-875.853
-876.538
-877.222
-877.905
-878.586
-879.267
-879.947
-880.626
-881.304
-881.981
-882.658
-883.333
-884.007
-884.68
-885.352
-886.024
-886.694
-887.363
-888.031
-888.699
-889.365
-890.03
-890.695
-891.358
-892.02
-892.681
-893.342
-894.001
-894.659
-895.316
-895.972
-896.627
-897.281
-897.934
-898.586
-899.237
-899.887
-900.535
-901.183
-901.829
-902.475
-903.119
-903.762
-904.404
-905.045
-905.685
-906.323
-906.96
-907.596
-908.232
-799.007
-799.775
-800.543
-801.31
-802.077
-802.843
-803.609
-804.374
-805.138
-805.902
-806.665
-807.427
-808.189
-808.951
-809.712
-810.472
-811.231
-811.99
-812.749
-813.507
-814.264
-815.02
-815.776
-816.531
-817.286
-818.04
-818.793
-819.546
-820.298
-821.05
-821.8
-822.551
-823.3
-824.049
-824.797
-825.544
-826.291
-827.037
-827.782
-828.527
-829.271
-830.014
-830.757
-831.499
-832.24
-832.98
-833.72
-834.459
-835.197
-835.935
-836.672
-837.408
-838.143
-838.878
-839.612
-840.345
-841.077
-841.809
-842.539
-843.269
-843.999
-844.727
-845.455
-846.182
-846.908
-847.633
-848.358
-849.082
-849.805
-850.527
-851.248
-851.969
-852.688
-853.407
-854.125
-854.843
-855.559
-856.275
-856.99
-857.704
-858.417
-859.129
-859.841
-860.551
-861.261
-861.97
-862.678
-863.385
-864.091
-864.797
-865.501
-866.205
-866.908
-867.61
-868.311
-869.011
-869.71
-870.409
-871.106
-871.803
-872.499
-873.193
-873.887
-874.58
-875.272
-875.964
-876.654
-877.343
-878.032
-878.719
-879.406
-880.091
-880.776
-881.46
-882.142
-882.824
-883.505
-884.185
-884.864
-885.542
-886.219
-886.895
-887.571
-888.245
-888.918
-889.59
-890.261
-890.932
-891.601
-892.269
-892.936
-893.603
-894.268
-894.932
-895.596
-896.258
-896.919
-897.579
-898.239
-898.897
-899.554
-900.21
-900.865
-901.519
-902.172
-902.824
-903.475
-904.124
-904.773
-905.42
-906.067
-906.712
-907.357
-908
-908.642
-909.282
-909.922
-910.56
-911.198
-911.834
-912.469
-804.013
-804.781
-805.548
-806.315
-807.081
-807.847
-808.611
-809.376
-810.14
-810.903
-811.665
-812.427
-813.189
-813.949
-814.71
-815.469
-816.228
-816.987
-817.744
-818.502
-819.258
-820.014
-820.769
-821.524
-822.278
-823.031
-823.784
-824.536
-825.288
-826.038
-826.788
-827.538
-828.287
-829.035
-829.782
-830.529
-831.275
-832.02
-832.765
-833.509
-834.252
-834.995
-835.737
-836.478
-837.218
-837.958
-838.697
-839.435
-840.173
-840.91
-841.646
-842.381
-843.116
-843.849
-844.583
-845.315
-846.046
-846.777
-847.507
-848.236
-848.965
-849.693
-850.42
-851.146
-851.871
-852.596
-853.319
-854.042
-854.765
-855.486
-856.207
-856.926
-857.645
-858.363
-859.081
-859.797
-860.513
-861.228
-861.942
-862.655
-863.367
-864.078
-864.789
-865.499
-866.208
-866.916
-867.623
-868.329
-869.035
-869.739
-870.443
-871.146
-871.848
-872.549
-873.249
-873.948
-874.647
-875.344
-876.041
-876.737
-877.431
-878.125
-878.818
-879.51
-880.202
-880.892
-881.581
-882.269
-882.957
-883.644
-884.329
-885.014
-885.698
-886.38
-887.062
-887.743
-888.423
-889.102
-889.78
-890.457
-891.133
-891.808
-892.483
-893.156
-893.828
-894.499
-895.169
-895.839
-896.507
-897.174
-897.841
-898.506
-899.17
-899.833
-900.496
-901.157
-901.817
-902.476
-903.135
-903.792
-904.448
-905.103
-905.757
-906.41
-907.062
-907.712
-908.362
-909.011
-909.658
-910.305
-910.95
-911.594
-912.237
-912.879
-913.52
-914.16
-914.798
-915.435
-916.071
-916.706
-809.019
-809.786
-810.553
-811.319
-812.085
-812.849
-813.614
-814.378
-815.141
-815.903
-816.665
-817.427
-818.187
-818.948
-819.707
-820.466
-821.225
-821.982
-822.739
-823.496
-824.252
-825.007
-825.762
-826.516
-827.269
-828.022
-828.774
-829.525
-830.276
-831.026
-831.776
-832.525
-833.273
-834.02
-834.767
-835.513
-836.258
-837.003
-837.747
-838.49
-839.233
-839.975
-840.716
-841.456
-842.196
-842.935
-843.673
-844.411
-845.148
-845.884
-846.619
-847.353
-848.087
-848.82
-849.553
-850.284
-851.015
-851.745
-852.474
-853.203
-853.931
-854.658
-855.384
-856.109
-856.834
-857.557
-858.28
-859.003
-859.724
-860.444
-861.164
-861.883
-862.601
-863.319
-864.035
-864.751
-865.465
-866.179
-866.893
-867.605
-868.316
-869.027
-869.737
-870.446
-871.154
-871.861
-872.567
-873.273
-873.977
-874.681
-875.384
-876.086
-876.787
-877.487
-878.186
-878.885
-879.582
-880.279
-880.974
-881.669
-882.363
-883.056
-883.748
-884.439
-885.13
-885.819
-886.507
-887.195
-887.881
-888.567
-889.252
-889.935
-890.618
-891.3
-891.981
-892.661
-893.34
-894.018
-894.695
-895.371
-896.046
-896.72
-897.394
-898.066
-898.737
-899.407
-900.077
-900.745
-901.412
-902.078
-902.744
-903.408
-904.071
-904.734
-905.395
-906.055
-906.714
-907.372
-908.029
-908.686
-909.341
-909.995
-910.647
-911.299
-911.95
-912.6
-913.248
-913.896
-914.542
-915.188
-915.832
-916.475
-917.117
-917.758
-918.397
-919.036
-919.673
-920.309
-920.944
-813.257
-814.024
-814.791
-815.557
-816.322
-817.087
-817.852
-818.616
-819.379
-820.141
-820.903
-821.665
-822.425
-823.185
-823.945
-824.704
-825.462
-826.22
-826.977
-827.734
-828.49
-829.245
-830
-830.754
-831.507
-832.26
-833.012
-833.763
-834.514
-835.264
-836.014
-836.762
-837.511
-838.258
-839.005
-839.751
-840.496
-841.241
-841.985
-842.728
-843.471
-844.212
-844.954
-845.694
-846.434
-847.173
-847.911
-848.649
-849.385
-850.121
-850.857
-851.591
-852.325
-853.058
-853.791
-854.522
-855.253
-855.983
-856.712
-857.441
-858.168
-858.895
-859.622
-860.347
-861.071
-861.795
-862.518
-863.24
-863.962
-864.682
-865.402
-866.121
-866.839
-867.556
-868.273
-868.989
-869.703
-870.417
-871.13
-871.843
-872.554
-873.265
-873.975
-874.683
-875.392
-876.099
-876.805
-877.51
-878.215
-878.919
-879.622
-880.324
-881.025
-881.725
-882.424
-883.123
-883.82
-884.517
-885.212
-885.907
-886.601
-887.294
-887.986
-888.677
-889.368
-890.057
-890.745
-891.433
-892.119
-892.805
-893.49
-894.173
-894.856
-895.538
-896.219
-896.899
-897.578
-898.256
-898.933
-899.609
-900.284
-900.958
-901.631
-902.304
-902.975
-903.645
-904.314
-904.983
-905.65
-906.316
-906.982
-907.646
-908.309
-908.971
-909.633
-910.293
-910.952
-911.61
-912.267
-912.923
-913.578
-914.232
-914.885
-915.537
-916.188
-916.838
-917.486
-918.134
-918.78
-919.425
-920.069
-920.713
-921.354
-921.995
-922.635
-923.273
-923.91
-924.546
-925.181
-818.263
-819.029
-819.795
-820.56
-821.325
-822.09
-822.854
-823.617
-824.379
-825.141
-825.902
-826.663
-827.423
-828.183
-828.942
-829.7
-830.458
-831.215
-831.972
-832.728
-833.483
-834.238
-834.992
-835.745
-836.498
-837.25
-838.001
-838.752
-839.502
-840.252
-841
-841.748
-842.496
-843.243
-843.989
-844.734
-845.479
-846.223
-846.966
-847.709
-848.45
-849.192
-849.932
-850.672
-851.411
-852.149
-852.887
-853.623
-854.359
-855.095
-855.829
-856.563
-857.296
-858.029
-858.76
-859.491
-860.221
-860.95
-861.679
-862.406
-863.133
-863.859
-864.585
-865.309
-866.033
-866.756
-867.478
-868.2
-868.92
-869.64
-870.359
-871.077
-871.794
-872.511
-873.226
-873.941
-874.655
-875.368
-876.081
-876.792
-877.503
-878.212
-878.921
-879.629
-880.337
-881.043
-881.748
-882.453
-883.157
-883.859
-884.561
-885.263
-885.963
-886.662
-887.36
-888.058
-888.755
-889.45
-890.145
-890.839
-891.532
-892.224
-892.915
-893.605
-894.295
-894.983
-895.671
-896.357
-897.043
-897.727
-898.411
-899.094
-899.776
-900.457
-901.137
-901.816
-902.494
-903.171
-903.847
-904.522
-905.196
-905.869
-906.542
-907.213
-907.883
-908.552
-909.221
-909.888
-910.554
-911.219
-911.884
-912.547
-913.209
-913.87
-914.531
-915.19
-915.848
-916.505
-917.161
-917.816
-918.47
-919.123
-919.775
-920.426
-921.075
-921.724
-922.371
-923.018
-923.663
-924.307
-924.95
-925.592
-926.233
-926.872
-927.511
-928.148
-928.784
-929.419
-823.267
-824.033
-824.798
-825.563
-826.328
-827.091
-827.855
-828.617
-829.379
-830.14
-830.901
-831.661
-832.421
-833.18
-833.938
-834.696
-835.453
-836.21
-836.966
-837.721
-838.476
-839.23
-839.983
-840.736
-841.488
-842.239
-842.99
-843.74
-844.489
-845.238
-845.986
-846.734
-847.481
-848.227
-848.972
-849.717
-850.461
-851.204
-851.946
-852.688
-853.429
-854.17
-854.91
-855.649
-856.387
-857.124
-857.861
-858.597
-859.333
-860.067
-860.801
-861.534
-862.266
-862.998
-863.729
-864.459
-865.188
-865.917
-866.644
-867.371
-868.097
-868.823
-869.547
-870.271
-870.994
-871.716
-872.438
-873.158
-873.878
-874.597
-875.315
-876.032
-876.749
-877.464
-878.179
-878.893
-879.606
-880.319
-881.03
-881.741
-882.45
-883.159
-883.867
-884.574
-885.281
-885.986
-886.691
-887.395
-888.097
-888.799
-889.5
-890.201
-890.9
-891.598
-892.296
-892.992
-893.688
-894.383
-895.077
-895.77
-896.462
-897.153
-897.843
-898.533
-899.221
-899.909
-900.595
-901.281
-901.965
-902.649
-903.332
-904.014
-904.695
-905.375
-906.054
-906.732
-907.409
-908.085
-908.76
-909.434
-910.107
-910.779
-911.451
-912.121
-912.79
-913.458
-914.126
-914.792
-915.457
-916.122
-916.785
-917.447
-918.108
-918.769
-919.428
-920.086
-920.743
-921.399
-922.054
-922.708
-923.361
-924.013
-924.663
-925.313
-925.962
-926.609
-927.256
-927.901
-928.545
-929.188
-929.83
-930.47
-931.11
-931.748
-932.385
-933.021
-933.656
-827.505
-828.271
-829.036
-829.801
-830.566
-831.329
-832.093
-832.855
-833.617
-834.378
-835.139
-835.899
-836.659
-837.418
-838.176
-838.934
-839.691
-840.448
-841.204
-841.959
-842.713
-843.467
-844.221
-844.974
-845.726
-846.477
-847.228
-847.978
-848.727
-849.476
-850.224
-850.972
-851.718
-852.464
-853.21
-853.955
-854.698
-855.442
-856.184
-856.926
-857.667
-858.408
-859.148
-859.887
-860.625
-861.362
-862.099
-862.835
-863.571
-864.305
-865.039
-865.772
-866.504
-867.236
-867.967
-868.697
-869.426
-870.154
-870.882
-871.609
-872.335
-873.061
-873.785
-874.509
-875.232
-875.954
-876.675
-877.396
-878.116
-878.835
-879.553
-880.27
-880.987
-881.702
-882.417
-883.131
-883.844
-884.556
-885.268
-885.979
-886.688
-887.397
-888.105
-888.812
-889.519
-890.224
-890.929
-891.632
-892.335
-893.037
-893.738
-894.438
-895.138
-895.836
-896.534
-897.23
-897.926
-898.621
-899.315
-900.008
-900.7
-901.391
-902.081
-902.771
-903.459
-904.146
-904.833
-905.519
-906.203
-906.887
-907.57
-908.252
-908.932
-909.612
-910.291
-910.969
-911.647
-912.323
-912.998
-913.672
-914.345
-915.017
-915.689
-916.359
-917.028
-917.696
-918.364
-919.03
-919.695
-920.359
-921.023
-921.685
-922.346
-923.006
-923.666
-924.324
-924.981
-925.637
-926.292
-926.946
-927.599
-928.25
-928.901
-929.551
-930.199
-930.847
-931.493
-932.139
-932.783
-933.426
-934.067
-934.708
-935.348
-935.986
-936.623
-937.259
-937.894
-832.51
-833.274
-834.039
-834.804
-835.567
-836.331
-837.093
-837.855
-838.616
-839.377
-840.137
-840.897
-841.656
-842.414
-843.172
-843.929
-844.686
-845.441
-846.197
-846.951
-847.705
-848.459
-849.211
-849.964
-850.715
-851.466
-852.216
-852.965
-853.714
-854.462
-855.21
-855.956
-856.702
-857.448
-858.192
-858.936
-859.68
-860.422
-861.164
-861.905
-862.646
-863.385
-864.124
-864.863
-865.6
-866.337
-867.073
-867.808
-868.543
-869.277
-870.01
-870.742
-871.474
-872.205
-872.935
-873.664
-874.392
-875.12
-875.847
-876.573
-877.299
-878.023
-878.747
-879.47
-880.192
-880.913
-881.634
-882.354
-883.073
-883.791
-884.508
-885.225
-885.94
-886.655
-887.369
-888.082
-888.794
-889.506
-890.216
-890.926
-891.635
-892.343
-893.05
-893.757
-894.462
-895.167
-895.87
-896.573
-897.275
-897.976
-898.676
-899.376
-900.074
-900.772
-901.468
-902.164
-902.859
-903.553
-904.246
-904.938
-905.629
-906.319
-907.008
-907.697
-908.384
-909.071
-909.756
-910.441
-911.125
-911.808
-912.489
-913.17
-913.85
-914.529
-915.207
-915.884
-916.561
-917.236
-917.91
-918.583
-919.255
-919.926
-920.597
-921.266
-921.934
-922.602
-923.268
-923.933
-924.597
-925.261
-925.923
-926.584
-927.244
-927.903
-928.562
-929.219
-929.875
-930.53
-931.184
-931.836
-932.488
-933.139
-933.789
-934.437
-935.085
-935.731
-936.376
-937.02
-937.663
-938.305
-938.946
-939.585
-940.224
-940.861
-941.496
-942.131
-837.513
-838.277
-839.042
-839.805
-840.569
-841.331
-842.093
-842.854
-843.615
-844.375
-845.135
-845.894
-846.652
-847.41
-848.167
-848.923
-849.679
-850.435
-851.189
-851.943
-852.697
-853.449
-854.201
-854.953
-855.704
-856.454
-857.203
-857.952
-858.7
-859.448
-860.194
-860.94
-861.686
-862.43
-863.174
-863.918
-864.66
-865.402
-866.143
-866.884
-867.623
-868.362
-869.101
-869.838
-870.575
-871.311
-872.046
-872.781
-873.515
-874.248
-874.98
-875.712
-876.442
-877.173
-877.902
-878.63
-879.358
-880.085
-880.811
-881.536
-882.261
-882.985
-883.708
-884.43
-885.151
-885.872
-886.592
-887.311
-888.029
-888.746
-889.462
-890.178
-890.893
-891.607
-892.32
-893.032
-893.744
-894.454
-895.164
-895.873
-896.581
-897.288
-897.995
-898.7
-899.405
-900.108
-900.811
-901.513
-902.214
-902.914
-903.614
-904.312
-905.009
-905.706
-906.402
-907.097
-907.791
-908.484
-909.176
-909.867
-910.557
-911.246
-911.935
-912.622
-913.309
-913.994
-914.679
-915.363
-916.046
-916.727
-917.408
-918.088
-918.767
-919.445
-920.122
-920.798
-921.474
-922.148
-922.821
-923.493
-924.164
-924.835
-925.504
-926.172
-926.839
-927.506
-928.171
-928.835
-929.498
-930.161
-930.822
-931.482
-932.141
-932.799
-933.456
-934.113
-934.768
-935.421
-936.074
-936.726
-937.377
-938.026
-938.675
-939.322
-939.969
-940.614
-941.258
-941.901
-942.543
-943.183
-943.823
-944.461
-945.098
-945.734
-946.369
-842.515
-843.28
-844.043
-844.807
-845.569
-846.331
-847.092
-847.853
-848.613
-849.373
-850.132
-850.89
-851.648
-852.405
-853.161
-853.917
-854.673
-855.427
-856.181
-856.935
-857.687
-858.439
-859.191
-859.942
-860.692
-861.441
-862.19
-862.938
-863.685
-864.432
-865.178
-865.924
-866.668
-867.412
-868.155
-868.898
-869.64
-870.381
-871.122
-871.861
-872.6
-873.338
-874.076
-874.813
-875.549
-876.284
-877.019
-877.753
-878.486
-879.218
-879.95
-880.68
-881.41
-882.14
-882.868
-883.596
-884.323
-885.049
-885.774
-886.499
-887.223
-887.946
-888.668
-889.389
-890.11
-890.83
-891.548
-892.267
-892.984
-893.7
-894.416
-895.131
-895.845
-896.558
-897.27
-897.982
-898.692
-899.402
-900.111
-900.819
-901.526
-902.232
-902.938
-903.642
-904.346
-905.049
-905.751
-906.452
-907.152
-907.851
-908.55
-909.247
-909.944
-910.64
-911.335
-912.028
-912.721
-913.414
-914.105
-914.795
-915.484
-916.173
-916.86
-917.547
-918.232
-918.917
-919.601
-920.283
-920.965
-921.646
-922.326
-923.005
-923.683
-924.36
-925.036
-925.711
-926.386
-927.059
-927.731
-928.402
-929.072
-929.742
-930.41
-931.077
-931.744
-932.409
-933.073
-933.736
-934.399
-935.06
-935.72
-936.379
-937.037
-937.694
-938.35
-939.005
-939.659
-940.312
-940.964
-941.615
-942.264
-942.913
-943.56
-944.207
-944.852
-945.496
-946.139
-946.781
-947.421
-948.061
-948.699
-949.336
-949.972
-950.606
-846.754
-847.518
-848.281
-849.045
-849.807
-850.569
-851.33
-852.091
-852.851
-853.61
-854.369
-855.128
-855.886
-856.643
-857.399
-858.155
-858.91
-859.665
-860.419
-861.173
-861.925
-862.677
-863.429
-864.18
-864.93
-865.679
-866.428
-867.176
-867.923
-868.67
-869.416
-870.161
-870.906
-871.65
-872.393
-873.136
-873.878
-874.619
-875.359
-876.099
-876.838
-877.576
-878.314
-879.051
-879.787
-880.522
-881.257
-881.991
-882.724
-883.456
-884.188
-884.918
-885.648
-886.378
-887.106
-887.834
-888.561
-889.287
-890.012
-890.737
-891.461
-892.184
-892.906
-893.627
-894.348
-895.067
-895.786
-896.504
-897.222
-897.938
-898.654
-899.369
-900.083
-900.796
-901.508
-902.22
-902.93
-903.64
-904.349
-905.057
-905.764
-906.47
-907.176
-907.88
-908.584
-909.287
-909.989
-910.69
-911.39
-912.089
-912.788
-913.485
-914.182
-914.878
-915.572
-916.266
-916.959
-917.651
-918.343
-919.033
-919.722
-920.411
-921.098
-921.785
-922.47
-923.155
-923.839
-924.521
-925.203
-925.884
-926.564
-927.243
-927.921
-928.598
-929.274
-929.949
-930.624
-931.297
-931.969
-932.64
-933.31
-933.98
-934.648
-935.315
-935.981
-936.647
-937.311
-937.974
-938.636
-939.298
-939.958
-940.617
-941.275
-941.932
-942.588
-943.243
-943.897
-944.55
-945.202
-945.853
-946.502
-947.151
-947.798
-948.444
-949.09
-949.734
-950.377
-951.018
-951.659
-952.299
-952.937
-953.574
-954.209
-954.844
-851.756
-852.519
-853.283
-854.045
-854.807
-855.568
-856.329
-857.089
-857.848
-858.607
-859.366
-860.124
-860.881
-861.637
-862.393
-863.148
-863.903
-864.657
-865.41
-866.163
-866.915
-867.667
-868.417
-869.168
-869.917
-870.666
-871.414
-872.161
-872.908
-873.654
-874.399
-875.144
-875.888
-876.631
-877.374
-878.116
-878.857
-879.597
-880.337
-881.076
-881.814
-882.552
-883.289
-884.025
-884.76
-885.495
-886.228
-886.962
-887.694
-888.425
-889.156
-889.886
-890.616
-891.344
-892.072
-892.799
-893.525
-894.25
-894.975
-895.698
-896.421
-897.144
-897.865
-898.586
-899.305
-900.024
-900.742
-901.46
-902.176
-902.892
-903.607
-904.321
-905.034
-905.746
-906.457
-907.168
-907.878
-908.587
-909.295
-910.002
-910.708
-911.414
-912.118
-912.822
-913.525
-914.227
-914.928
-915.628
-916.327
-917.026
-917.723
-918.42
-919.116
-919.81
-920.504
-921.197
-921.889
-922.58
-923.271
-923.96
-924.648
-925.336
-926.022
-926.708
-927.393
-928.076
-928.759
-929.441
-930.122
-930.802
-931.481
-932.159
-932.836
-933.512
-934.187
-934.861
-935.535
-936.207
-936.878
-937.548
-938.218
-938.886
-939.553
-940.219
-940.885
-941.549
-942.212
-942.874
-943.536
-944.196
-944.855
-945.513
-946.17
-946.826
-947.481
-948.135
-948.788
-949.44
-950.09
-950.74
-951.389
-952.036
-952.682
-953.328
-953.972
-954.614
-955.256
-955.897
-956.536
-957.174
-957.811
-958.447
-959.082
-856.758
-857.521
-858.283
-859.045
-859.806
-860.567
-861.327
-862.086
-862.845
-863.604
-864.361
-865.119
-865.875
-866.631
-867.386
-868.141
-868.895
-869.648
-870.401
-871.153
-871.905
-872.655
-873.405
-874.155
-874.904
-875.652
-876.399
-877.146
-877.892
-878.637
-879.382
-880.126
-880.869
-881.612
-882.354
-883.095
-883.835
-884.575
-885.314
-886.052
-886.79
-887.527
-888.263
-888.998
-889.733
-890.466
-891.199
-891.932
-892.663
-893.394
-894.124
-894.853
-895.582
-896.31
-897.037
-897.763
-898.488
-899.213
-899.936
-900.659
-901.382
-902.103
-902.823
-903.543
-904.262
-904.98
-905.698
-906.414
-907.13
-907.845
-908.558
-909.272
-909.984
-910.695
-911.406
-912.116
-912.825
-913.533
-914.24
-914.946
-915.652
-916.356
-917.06
-917.763
-918.465
-919.166
-919.866
-920.565
-921.264
-921.961
-922.658
-923.353
-924.048
-924.742
-925.435
-926.127
-926.818
-927.509
-928.198
-928.886
-929.574
-930.26
-930.946
-931.631
-932.314
-932.997
-933.679
-934.36
-935.04
-935.719
-936.397
-937.074
-937.75
-938.425
-939.099
-939.773
-940.445
-941.116
-941.786
-942.455
-943.124
-943.791
-944.457
-945.123
-945.787
-946.45
-947.112
-947.773
-948.434
-949.093
-949.751
-950.408
-951.064
-951.719
-952.373
-953.026
-953.678
-954.328
-954.978
-955.626
-956.274
-956.92
-957.565
-958.209
-958.852
-959.494
-960.135
-960.774
-961.412
-962.049
-962.685
-963.319
-860.996
-861.758
-862.521
-863.282
-864.044
-864.804
-865.565
-866.324
-867.083
-867.842
-868.599
-869.357
-870.113
-870.869
-871.624
-872.379
-873.133
-873.886
-874.639
-875.391
-876.142
-876.893
-877.643
-878.393
-879.142
-879.89
-880.637
-881.384
-882.13
-882.875
-883.62
-884.364
-885.107
-885.85
-886.592
-887.333
-888.073
-888.813
-889.552
-890.29
-891.028
-891.765
-892.501
-893.236
-893.97
-894.704
-895.437
-896.17
-896.901
-897.632
-898.362
-899.091
-899.82
-900.548
-901.274
-902.001
-902.726
-903.451
-904.174
-904.897
-905.619
-906.341
-907.061
-907.781
-908.5
-909.218
-909.936
-910.652
-911.368
-912.082
-912.796
-913.51
-914.222
-914.933
-915.644
-916.354
-917.063
-917.771
-918.478
-919.184
-919.89
-920.594
-921.298
-922.001
-922.703
-923.404
-924.104
-924.803
-925.502
-926.199
-926.896
-927.591
-928.286
-928.98
-929.673
-930.365
-931.056
-931.747
-932.436
-933.124
-933.812
-934.498
-935.184
-935.869
-936.552
-937.235
-937.917
-938.598
-939.278
-939.957
-940.635
-941.312
-941.988
-942.663
-943.337
-944.01
-944.683
-945.354
-946.024
-946.693
-947.362
-948.029
-948.695
-949.36
-950.025
-950.688
-951.35
-952.011
-952.672
-953.331
-953.989
-954.646
-955.302
-955.957
-956.611
-957.264
-957.915
-958.566
-959.216
-959.864
-960.512
-961.158
-961.803
-962.447
-963.09
-963.732
-964.372
-965.012
-965.65
-966.287
-966.923
-967.557
-865.997
-866.759
-867.52
-868.282
-869.042
-869.803
-870.562
-871.321
-872.08
-872.837
-873.594
-874.351
-875.107
-875.862
-876.617
-877.371
-878.124
-878.877
-879.629
-880.38
-881.131
-881.881
-882.631
-883.38
-884.128
-884.875
-885.622
-886.368
-887.113
-887.858
-888.602
-889.345
-890.088
-890.83
-891.571
-892.311
-893.051
-893.79
-894.528
-895.266
-896.002
-896.738
-897.474
-898.208
-898.942
-899.675
-900.408
-901.139
-901.87
-902.6
-903.329
-904.058
-904.785
-905.512
-906.239
-906.964
-907.688
-908.412
-909.135
-909.857
-910.579
-911.299
-912.019
-912.738
-913.456
-914.173
-914.89
-915.606
-916.32
-917.034
-917.747
-918.46
-919.171
-919.882
-920.592
-921.3
-922.009
-922.716
-923.422
-924.127
-924.832
-925.536
-926.239
-926.941
-927.642
-928.342
-929.041
-929.739
-930.437
-931.134
-931.829
-932.524
-933.218
-933.911
-934.603
-935.294
-935.984
-936.674
-937.362
-938.05
-938.736
-939.422
-940.106
-940.79
-941.473
-942.155
-942.836
-943.516
-944.195
-944.873
-945.55
-946.226
-946.901
-947.575
-948.248
-948.921
-949.592
-950.262
-950.931
-951.6
-952.267
-952.933
-953.598
-954.263
-954.926
-955.588
-956.249
-956.909
-957.569
-958.227
-958.884
-959.54
-960.195
-960.849
-961.502
-962.153
-962.804
-963.454
-964.102
-964.75
-965.396
-966.041
-966.685
-967.328
-967.97
-968.61
-969.25
-969.888
-970.525
-971.161
-971.795
-870.997
-871.758
-872.519
-873.28
-874.041
-874.8
-875.559
-876.317
-877.075
-877.832
-878.589
-879.345
-880.1
-880.855
-881.609
-882.362
-883.115
-883.867
-884.618
-885.369
-886.119
-886.869
-887.617
-888.366
-889.113
-889.86
-890.606
-891.351
-892.096
-892.84
-893.583
-894.326
-895.067
-895.809
-896.549
-897.289
-898.028
-898.766
-899.504
-900.24
-900.976
-901.712
-902.446
-903.18
-903.913
-904.646
-905.377
-906.108
-906.838
-907.567
-908.296
-909.023
-909.75
-910.476
-911.202
-911.926
-912.65
-913.373
-914.095
-914.817
-915.537
-916.257
-916.976
-917.694
-918.411
-919.128
-919.843
-920.558
-921.272
-921.985
-922.698
-923.409
-924.12
-924.829
-925.538
-926.246
-926.954
-927.66
-928.365
-929.07
-929.774
-930.477
-931.178
-931.88
-932.58
-933.279
-933.977
-934.675
-935.372
-936.067
-936.762
-937.456
-938.149
-938.841
-939.532
-940.222
-940.912
-941.6
-942.288
-942.974
-943.66
-944.344
-945.028
-945.711
-946.393
-947.074
-947.754
-948.433
-949.111
-949.788
-950.464
-951.139
-951.813
-952.486
-953.158
-953.83
-954.5
-955.169
-955.837
-956.505
-957.171
-957.836
-958.501
-959.164
-959.826
-960.487
-961.147
-961.807
-962.465
-963.122
-963.778
-964.433
-965.087
-965.739
-966.391
-967.042
-967.692
-968.34
-968.988
-969.634
-970.279
-970.923
-971.566
-972.208
-972.848
-973.488
-974.126
-974.763
-975.398
-976.033
-875.996
-876.757
-877.518
-878.278
-879.038
-879.797
-880.555
-881.313
-882.07
-882.827
-883.583
-884.338
-885.093
-885.847
-886.6
-887.353
-888.105
-888.856
-889.607
-890.357
-891.107
-891.855
-892.603
-893.351
-894.098
-894.844
-895.589
-896.334
-897.078
-897.821
-898.563
-899.305
-900.047
-900.787
-901.527
-902.266
-903.004
-903.741
-904.478
-905.214
-905.95
-906.684
-907.418
-908.151
-908.883
-909.615
-910.346
-911.076
-911.805
-912.534
-913.261
-913.988
-914.714
-915.44
-916.164
-916.888
-917.611
-918.333
-919.055
-919.775
-920.495
-921.214
-921.932
-922.649
-923.366
-924.081
-924.796
-925.51
-926.223
-926.936
-927.647
-928.358
-929.067
-929.776
-930.484
-931.192
-931.898
-932.603
-933.308
-934.012
-934.714
-935.416
-936.117
-936.818
-937.517
-938.215
-938.913
-939.609
-940.305
-941
-941.694
-942.387
-943.079
-943.77
-944.46
-945.15
-945.838
-946.526
-947.212
-947.898
-948.582
-949.266
-949.949
-950.631
-951.312
-951.992
-952.67
-953.349
-954.026
-954.702
-955.377
-956.051
-956.724
-957.396
-958.068
-958.738
-959.407
-960.075
-960.743
-961.409
-962.074
-962.738
-963.402
-964.064
-964.725
-965.385
-966.044
-966.703
-967.36
-968.016
-968.671
-969.325
-969.977
-970.629
-971.28
-971.929
-972.578
-973.225
-973.872
-974.517
-975.161
-975.804
-976.446
-977.086
-977.726
-978.364
-979.001
-979.636
-980.271
)
;

boundaryField
{
    inlet
    {
        type            zeroGradient;
    }
    outlet
    {
        type            fixedValue;
        value           uniform 0;
    }
    lowerWall
    {
        type            zeroGradient;
    }
    upperWall
    {
        type            zeroGradient;
    }
    frontAndBack
    {
        type            zeroGradient;
    }
    procBoundary11to2
    {
        type            processor;
        value           nonuniform List<scalar> 
36
(
-636.313
-637.094
-637.874
-638.654
-639.433
-640.213
-640.991
-641.769
-642.547
-643.324
-644.1
-644.877
-645.652
-646.427
-647.202
-647.976
-648.749
-649.522
-650.295
-651.067
-651.838
-652.609
-653.379
-654.149
-654.918
-655.687
-656.455
-657.222
-657.989
-658.756
-659.521
-660.286
-661.051
-661.815
-662.578
-663.34
)
;
    }
    procBoundary11to5
    {
        type            processor;
        value           nonuniform List<scalar> 
86
(
-639.769
-644.788
-644.788
-649.807
-649.807
-654.825
-654.825
-659.063
-664.081
-664.081
-669.098
-669.098
-673.336
-678.353
-678.353
-683.37
-683.37
-688.386
-688.386
-692.624
-697.639
-697.639
-702.654
-702.654
-706.892
-711.907
-711.907
-716.921
-716.921
-721.934
-721.934
-726.172
-731.185
-731.185
-736.197
-736.197
-740.435
-745.447
-745.447
-750.459
-750.459
-755.47
-755.47
-759.708
-764.718
-764.718
-769.728
-769.728
-773.966
-778.975
-778.975
-783.984
-783.984
-788.992
-788.992
-793.23
-798.238
-798.238
-803.245
-803.245
-808.251
-808.251
-812.489
-817.495
-817.495
-822.5
-822.5
-826.738
-831.743
-831.743
-836.747
-836.747
-841.751
-841.751
-845.989
-850.992
-850.992
-855.994
-855.994
-860.232
-865.234
-865.234
-870.235
-870.235
-875.235
-875.235
)
;
    }
    procBoundary11to8
    {
        type            processor;
        value           nonuniform List<scalar> 
150
(
-664.102
-664.863
-665.624
-666.385
-667.144
-667.903
-668.662
-669.419
-670.177
-670.933
-671.689
-672.445
-673.199
-673.953
-674.707
-675.459
-676.212
-676.963
-677.714
-678.464
-679.213
-679.962
-680.71
-681.458
-682.205
-682.951
-683.696
-684.441
-685.185
-685.928
-686.671
-687.412
-688.154
-688.894
-689.634
-690.373
-691.111
-691.849
-692.585
-693.322
-694.057
-694.791
-695.525
-696.258
-696.991
-697.722
-698.453
-699.183
-699.912
-700.641
-701.369
-702.096
-702.822
-703.547
-704.272
-704.996
-705.719
-706.441
-707.162
-707.883
-708.602
-709.321
-710.04
-710.757
-711.473
-712.189
-712.904
-713.618
-714.331
-715.043
-715.755
-716.465
-717.175
-717.884
-718.592
-719.299
-720.006
-720.711
-721.416
-722.119
-722.822
-723.524
-724.225
-724.926
-725.625
-726.323
-727.021
-727.717
-728.413
-729.108
-729.802
-730.495
-731.187
-731.878
-732.569
-733.258
-733.946
-734.634
-735.321
-736.006
-736.691
-737.375
-738.058
-738.74
-739.42
-740.1
-740.779
-741.457
-742.135
-742.811
-743.486
-744.16
-744.834
-745.506
-746.177
-746.848
-747.517
-748.185
-748.853
-749.519
-750.185
-750.849
-751.513
-752.175
-752.837
-753.497
-754.157
-754.815
-755.473
-756.129
-756.785
-757.439
-762.331
-762.331
-762.983
-763.634
-764.285
-764.934
-765.583
-766.23
-766.876
-767.522
-768.166
-768.809
-769.452
-770.093
-770.733
-771.372
-772.01
-772.648
)
;
    }
}


// ************************************************************************* //
