/*--------------------------------*- C++ -*----------------------------------*\
| =========                 |                                                 |
| \\      /  F ield         | OpenFOAM: The Open Source CFD Toolbox           |
|  \\    /   O peration     | Version:  2512                                  |
|   \\  /    A nd           | Website:  www.openfoam.com                      |
|    \\/     M anipulation  |                                                 |
\*---------------------------------------------------------------------------*/
FoamFile
{
    version     2.0;
    format      ascii;
    arch        "LSB;label=32;scalar=64";
    class       volScalarField;
    location    "0.1";
    object      pB;
}
// * * * * * * * * * * * * * * * * * * * * * * * * * * * * * * * * * * * * * //

dimensions      [1 1 -3 0 0 -1 0];

internalField   nonuniform List<scalar> 
8334
(
7.20879
7.2171
7.22564
7.2346
7.24397
7.25379
7.26406
7.27477
7.28592
7.29749
7.30945
7.32177
7.33439
7.3473
7.36043
7.37375
7.38721
7.40075
7.41432
7.42786
7.44133
7.45467
7.46783
7.48075
7.4934
7.50572
7.51767
7.52922
7.54034
7.551
7.56117
7.57087
7.58007
7.58879
7.597
7.60475
7.61207
7.61933
7.62675
7.63429
7.64186
7.64944
7.65703
7.66464
7.67227
7.6799
7.68756
7.69523
7.70294
7.71067
7.71843
7.72624
7.73408
7.74196
7.74988
7.75785
7.76586
7.77391
7.78201
7.79014
7.79832
7.80654
7.81479
7.82308
7.8314
7.83976
7.84814
7.85655
7.86499
7.87345
7.88193
7.89042
7.89893
7.90745
7.91598
7.92452
7.93306
7.9416
7.95014
7.95867
7.96719
7.97571
7.9842
7.99268
8.00113
8.00956
8.01795
8.02631
8.03464
8.04292
8.05115
8.05932
8.06744
8.07549
8.08347
8.09138
8.09919
8.10691
8.11453
8.12204
8.12942
8.13668
8.14378
8.15074
8.15752
8.16413
8.17053
8.17672
8.18268
8.18839
8.19382
8.19896
8.20379
8.20826
8.21237
8.21607
8.21934
8.22214
8.22444
8.22618
8.22734
8.22785
8.22768
8.22676
8.22505
8.22246
8.21895
8.21443
8.20883
8.20206
8.19403
8.18465
8.17381
8.1614
8.14731
8.13139
8.11353
8.09357
8.07137
8.04674
8.01952
7.98952
7.95654
7.92035
7.88074
7.83745
7.79025
7.73884
7.68295
7.62227
7.55649
7.48527
7.40825
7.32507
7.23535
7.13869
7.03467
6.92287
6.80286
6.67418
6.53638
6.38903
6.23165
6.0638
5.88506
5.69502
5.49327
5.27948
7.86667
7.87674
7.88715
7.89796
7.9092
7.92088
7.93296
7.94545
7.95834
7.97159
7.98516
7.99901
8.01311
8.02742
8.04188
8.05644
8.07105
8.08566
8.10022
8.11467
8.12896
8.14304
8.15685
8.17035
8.18349
8.19623
8.20854
8.22037
8.23172
8.24256
8.25287
8.26265
8.2719
8.28058
8.28874
8.29643
8.30395
8.31158
8.31933
8.32713
8.33495
8.3428
8.35067
8.35857
8.3665
8.37447
8.38247
8.39051
8.3986
8.40674
8.41492
8.42317
8.43146
8.43982
8.44823
8.4567
8.46522
8.4738
8.48243
8.49111
8.49984
8.50862
8.51744
8.5263
8.5352
8.54413
8.5531
8.5621
8.57113
8.58017
8.58924
8.59833
8.60743
8.61654
8.62565
8.63478
8.6439
8.65301
8.66213
8.67123
8.68031
8.68938
8.69843
8.70745
8.71645
8.7254
8.73432
8.7432
8.75203
8.76081
8.76952
8.77817
8.78675
8.79526
8.80367
8.812
8.82022
8.82833
8.83632
8.84419
8.85191
8.85948
8.86688
8.87411
8.88114
8.88796
8.89456
8.90091
8.907
8.91281
8.9183
8.92346
8.92826
8.93267
8.93666
8.9402
8.94325
8.94577
8.94771
8.94905
8.94971
8.94966
8.94884
8.94718
8.94462
8.94109
8.93651
8.93081
8.92389
8.91566
8.90603
8.89487
8.88208
8.86754
8.8511
8.83263
8.81198
8.78897
8.76345
8.73521
8.70407
8.66981
8.6322
8.59101
8.54597
8.49682
8.44326
8.385
8.32171
8.25304
8.17865
8.09815
8.01114
7.91722
7.81595
7.70688
7.58954
7.46347
7.32815
7.1831
7.0278
6.86173
6.6844
6.49528
6.2939
6.07977
5.85247
5.61161
5.35699
5.08846
4.80585
4.50914
4.19845
3.87411
3.53664
3.18683
2.82577
2.45487
2.07594
1.69125
1.30356
0.916195
0.533073
0.16986
8.52707
8.53887
8.55107
8.56372
8.57678
8.59021
8.60403
8.61823
8.63274
8.64755
8.66262
8.6779
8.69336
8.70894
8.72459
8.74027
8.75591
8.77147
8.78689
8.80211
8.81709
8.83177
8.84611
8.86006
8.87358
8.88663
8.89917
8.9112
8.92267
8.93358
8.94392
8.95368
8.96283
8.97141
8.97949
8.98732
8.9952
9.00318
9.01122
9.01929
9.02739
9.03554
9.04372
9.05195
9.06022
9.06855
9.07693
9.08537
9.09388
9.10246
9.1111
9.11982
9.1286
9.13746
9.14638
9.15537
9.16443
9.17356
9.18274
9.19198
9.20128
9.21063
9.22003
9.22948
9.23896
9.24849
9.25805
9.26764
9.27725
9.28689
9.29655
9.30623
9.31592
9.32561
9.33532
9.34502
9.35471
9.3644
9.37408
9.38374
9.39339
9.403
9.41259
9.42215
9.43167
9.44115
9.45058
9.45996
9.46927
9.47853
9.48771
9.49682
9.50584
9.51477
9.5236
9.53233
9.54093
9.54941
9.55775
9.56594
9.57397
9.58182
9.58949
9.59695
9.60419
9.61119
9.61794
9.6244
9.63057
9.63642
9.64192
9.64704
9.65175
9.65603
9.65983
9.66313
9.66587
9.66802
9.66952
9.67034
9.67041
9.66967
9.66807
9.66553
9.66198
9.65735
9.65154
9.64448
9.63605
9.62616
9.61469
9.60152
9.58653
9.56957
9.55049
9.52914
9.50534
9.47892
9.44967
9.4174
9.38187
9.34284
9.30007
9.25329
9.2022
9.14651
9.08589
9.01999
8.94846
8.87091
8.78695
8.69614
8.59804
8.49219
8.3781
8.25527
8.12317
7.98126
7.829
7.6658
7.49111
7.30434
7.10491
6.89225
6.66583
6.42511
6.16965
5.89903
5.61296
5.31121
4.9936
4.66011
4.3109
3.94631
3.56695
3.17369
2.76773
2.35065
1.92447
1.49166
1.0553
0.618944
0.199582
9.18924
9.20281
9.21685
9.23126
9.24603
9.26116
9.27663
9.2924
9.30843
9.3247
9.34115
9.35774
9.37443
9.39116
9.40788
9.42454
9.44109
9.45746
9.47361
9.48948
9.50502
9.52018
9.53493
9.5492
9.56298
9.57622
9.5889
9.60099
9.61249
9.62337
9.63364
9.64325
9.65225
9.66074
9.66892
9.67707
9.68531
9.6936
9.70193
9.71029
9.71871
9.72717
9.73569
9.74428
9.75293
9.76165
9.77045
9.77933
9.78829
9.79734
9.80647
9.81568
9.82498
9.83436
9.84383
9.85337
9.86298
9.87267
9.88242
9.89224
9.90212
9.91206
9.92204
9.93208
9.94216
9.95228
9.96243
9.97262
9.98283
9.99306
10.0033
10.0136
10.0239
10.0341
10.0444
10.0547
10.065
10.0752
10.0854
10.0957
10.1058
10.116
10.1261
10.1362
10.1462
10.1562
10.1661
10.176
10.1858
10.1955
10.2051
10.2147
10.2241
10.2335
10.2427
10.2518
10.2607
10.2695
10.2782
10.2867
10.295
10.3031
10.311
10.3186
10.326
10.3332
10.34
10.3466
10.3528
10.3586
10.364
10.369
10.3736
10.3777
10.3812
10.3842
10.3865
10.3882
10.3892
10.3894
10.3887
10.3872
10.3846
10.3811
10.3764
10.3705
10.3633
10.3546
10.3445
10.3327
10.3191
10.3037
10.2862
10.2665
10.2445
10.2199
10.1926
10.1623
10.1289
10.0921
10.0517
10.0074
9.95884
9.90584
9.84802
9.78505
9.71657
9.64219
9.56152
9.47411
9.37952
9.27728
9.16688
9.04781
8.91952
8.78144
8.63299
8.47356
8.30254
8.11927
7.92313
7.71346
7.48962
7.25098
6.99693
6.72693
6.44039
6.1369
5.8161
5.4777
5.1215
4.74751
4.3559
3.94706
3.52166
3.08069
2.62549
2.15782
1.67988
1.19446
0.704803
0.229232
9.83774
9.85273
9.86809
9.88382
9.8999
9.91633
9.93306
9.95007
9.96731
9.98475
10.0023
10.0201
10.0378
10.0556
10.0734
10.0911
10.1086
10.1259
10.1429
10.1597
10.1761
10.192
10.2076
10.2226
10.2371
10.251
10.2643
10.277
10.2891
10.3005
10.3113
10.3213
10.3308
10.3397
10.3482
10.3567
10.3652
10.3737
10.3823
10.391
10.3996
10.4084
10.4172
10.4261
10.4351
10.4442
10.4533
10.4626
10.4719
10.4814
10.4909
10.5005
10.5103
10.5201
10.53
10.5401
10.5502
10.5604
10.5706
10.581
10.5914
10.6018
10.6124
10.623
10.6336
10.6443
10.655
10.6657
10.6765
10.6873
10.6981
10.709
10.7198
10.7307
10.7415
10.7524
10.7632
10.7741
10.7849
10.7956
10.8064
10.8171
10.8278
10.8384
10.849
10.8596
10.87
10.8804
10.8908
10.901
10.9112
10.9212
10.9312
10.941
10.9507
10.9603
10.9697
10.979
10.9882
10.9971
11.0058
11.0144
11.0227
11.0308
11.0386
11.0461
11.0533
11.0602
11.0668
11.0729
11.0787
11.084
11.0888
11.0932
11.097
11.1001
11.1027
11.1045
11.1056
11.1059
11.1054
11.1039
11.1014
11.0978
11.093
11.087
11.0797
11.0708
11.0604
11.0483
11.0344
11.0185
11.0005
10.9802
10.9575
10.9321
10.9039
10.8726
10.8381
10.8001
10.7582
10.7123
10.6621
10.6072
10.5472
10.482
10.4109
10.3337
10.2499
10.1591
10.0608
9.95441
9.83951
9.71549
9.58179
9.43778
9.28284
9.11631
8.93751
8.74575
8.54032
8.32049
8.08555
7.83479
7.5675
7.28303
6.98068
6.65988
6.32015
5.96107
5.58229
5.18363
4.7651
4.32688
3.86945
3.39355
2.90028
2.39116
1.86811
1.33362
0.790624
0.25883
10.5003
10.517
10.534
10.5513
10.569
10.587
10.6052
10.6237
10.6423
10.661
10.6798
10.6987
10.7175
10.7363
10.7549
10.7734
10.7916
10.8096
10.8272
10.8444
10.8612
10.8775
10.8932
10.9084
10.923
10.9369
10.9502
10.9629
10.9748
10.986
10.9966
11.0064
11.0157
11.0247
11.0335
11.0423
11.0511
11.0599
11.0688
11.0778
11.0869
11.096
11.1052
11.1145
11.1239
11.1334
11.143
11.1527
11.1626
11.1726
11.1826
11.1928
11.2031
11.2135
11.224
11.2346
11.2453
11.256
11.2669
11.2778
11.2888
11.2999
11.311
11.3222
11.3334
11.3447
11.356
11.3674
11.3788
11.3902
11.4016
11.413
11.4244
11.4358
11.4473
11.4587
11.4701
11.4815
11.4928
11.5041
11.5154
11.5267
11.5378
11.549
11.5601
11.5711
11.582
11.5929
11.6036
11.6143
11.6249
11.6354
11.6457
11.6559
11.666
11.6759
11.6857
11.6952
11.7046
11.7138
11.7228
11.7315
11.74
11.7482
11.7561
11.7637
11.771
11.7779
11.7844
11.7904
11.7961
11.8012
11.8058
11.8098
11.8132
11.8159
11.8179
11.8192
11.8196
11.8191
11.8177
11.8152
11.8116
11.8068
11.8007
11.7932
11.7841
11.7735
11.7611
11.7467
11.7304
11.7119
11.691
11.6676
11.6414
11.6123
11.5801
11.5444
11.5051
11.4619
11.4145
11.3625
11.3057
11.2437
11.1761
11.1025
11.0225
10.9356
10.8414
10.7393
10.6289
10.5095
10.3806
10.2416
10.0917
9.93032
9.75675
9.57026
9.37008
9.15544
8.92555
8.6796
8.41682
8.13639
7.83755
7.5195
7.18152
6.823
6.44337
6.04214
5.61896
5.17364
4.70618
4.21683
3.70611
3.17487
2.62436
2.05625
1.47272
0.876398
0.288398
11.1629
11.1812
11.1998
11.2188
11.238
11.2574
11.277
11.2967
11.3166
11.3365
11.3564
11.3763
11.3961
11.4157
11.4351
11.4542
11.473
11.4915
11.5095
11.5271
11.5441
11.5606
11.5764
11.5917
11.6062
11.6201
11.6333
11.6457
11.6574
11.6684
11.6787
11.6884
11.6978
11.7069
11.716
11.7251
11.7343
11.7434
11.7527
11.762
11.7714
11.781
11.7906
11.8003
11.8102
11.8202
11.8303
11.8405
11.8509
11.8614
11.872
11.8828
11.8936
11.9046
11.9157
11.9269
11.9381
11.9495
11.961
11.9725
11.9841
11.9958
12.0075
12.0193
12.0311
12.043
12.0549
12.0669
12.0788
12.0908
12.1028
12.1148
12.1268
12.1388
12.1508
12.1627
12.1747
12.1866
12.1985
12.2103
12.2221
12.2339
12.2455
12.2572
12.2687
12.2802
12.2916
12.3029
12.3141
12.3252
12.3361
12.347
12.3577
12.3682
12.3786
12.3888
12.3989
12.4087
12.4184
12.4278
12.4369
12.4458
12.4544
12.4627
12.4707
12.4783
12.4855
12.4923
12.4987
12.5046
12.51
12.5149
12.5191
12.5228
12.5257
12.5279
12.5293
12.5298
12.5294
12.528
12.5255
12.5219
12.5171
12.5108
12.5032
12.4939
12.483
12.4703
12.4556
12.4388
12.4198
12.3983
12.3742
12.3473
12.3173
12.284
12.2473
12.2067
12.1621
12.1132
12.0595
12.0008
11.9367
11.8668
11.7907
11.7079
11.618
11.5205
11.4147
11.3003
11.1765
11.0427
10.8983
10.7427
10.5749
10.3944
10.2003
9.99177
9.76802
9.52816
9.27133
8.99663
8.70318
8.39009
8.05646
7.70145
7.32429
6.92427
6.50075
6.05321
5.58126
5.08471
4.56358
4.01817
3.44909
2.85731
2.24421
1.6117
0.962107
0.317941
11.8054
11.8251
11.8449
11.8651
11.8855
11.9061
11.9268
11.9477
11.9686
11.9896
12.0105
12.0314
12.0522
12.0727
12.0931
12.1131
12.1328
12.1521
12.1709
12.1892
12.207
12.2241
12.2407
12.2565
12.2717
12.2862
12.2999
12.3128
12.325
12.3364
12.3471
12.3573
12.367
12.3765
12.3859
12.3953
12.4047
12.4142
12.4237
12.4333
12.443
12.4529
12.4628
12.4729
12.4831
12.4935
12.504
12.5146
12.5254
12.5363
12.5474
12.5586
12.5699
12.5813
12.5929
12.6046
12.6164
12.6283
12.6402
12.6523
12.6644
12.6766
12.6889
12.7013
12.7137
12.7261
12.7386
12.7511
12.7636
12.7761
12.7887
12.8013
12.8138
12.8264
12.8389
12.8515
12.864
12.8765
12.8889
12.9013
12.9136
12.9259
12.9382
12.9503
12.9624
12.9744
12.9863
12.9982
13.0099
13.0215
13.0329
13.0443
13.0555
13.0665
13.0774
13.088
13.0985
13.1088
13.1189
13.1287
13.1383
13.1476
13.1566
13.1653
13.1736
13.1816
13.1892
13.1963
13.203
13.2092
13.2149
13.22
13.2245
13.2283
13.2314
13.2338
13.2353
13.236
13.2356
13.2343
13.2318
13.2282
13.2233
13.2169
13.2091
13.1997
13.1885
13.1755
13.1604
13.1432
13.1236
13.1016
13.0768
13.0491
13.0182
12.984
12.9461
12.9044
12.8584
12.8079
12.7526
12.692
12.6259
12.5537
12.4751
12.3896
12.2966
12.1958
12.0864
11.968
11.8398
11.7012
11.5516
11.3902
11.2162
11.0287
10.8271
10.6104
10.3776
10.1279
9.86026
9.57378
9.26744
8.94024
8.59118
8.21929
7.82366
7.40343
6.95779
6.48606
5.98767
5.46221
4.90948
4.32955
3.72277
3.08986
2.43191
1.75052
1.04772
0.34746
12.465
12.4861
12.5074
12.529
12.5507
12.5726
12.5945
12.6165
12.6386
12.6606
12.6824
12.7041
12.7256
12.7469
12.7678
12.7883
12.8084
12.828
12.8471
12.8656
12.8834
12.9006
12.9171
12.9328
12.9478
12.962
12.9755
12.9881
13
13.0111
13.0217
13.0318
13.0417
13.0514
13.0611
13.0708
13.0805
13.0904
13.1003
13.1103
13.1204
13.1307
13.1411
13.1517
13.1624
13.1733
13.1843
13.1955
13.2069
13.2184
13.23
13.2418
13.2537
13.2657
13.2779
13.2902
13.3026
13.3151
13.3277
13.3403
13.3531
13.3659
13.3788
13.3917
13.4047
13.4178
13.4308
13.4439
13.457
13.4702
13.4833
13.4964
13.5095
13.5227
13.5357
13.5488
13.5618
13.5748
13.5878
13.6007
13.6135
13.6263
13.639
13.6516
13.6642
13.6766
13.6889
13.7011
13.7132
13.7252
13.737
13.7487
13.7602
13.7716
13.7827
13.7937
13.8044
13.8149
13.8252
13.8351
13.8448
13.8542
13.8633
13.872
13.8803
13.8882
13.8957
13.9027
13.9092
13.9151
13.9205
13.9252
13.9293
13.9326
13.9351
13.9368
13.9375
13.9373
13.936
13.9335
13.9299
13.9249
13.9184
13.9105
13.9008
13.8894
13.8761
13.8606
13.843
13.8229
13.8002
13.7748
13.7463
13.7146
13.6794
13.6405
13.5975
13.5502
13.4982
13.4412
13.3788
13.3106
13.2362
13.1551
13.0669
12.971
12.8668
12.7539
12.6315
12.499
12.3557
12.2009
12.0338
11.8535
11.6593
11.4502
11.2254
10.9837
10.7242
10.446
10.1478
9.82874
9.48759
9.12326
8.73466
8.32074
7.88048
7.41294
6.91722
6.39259
5.83842
5.2543
4.64005
3.99576
3.32188
2.61922
1.88909
1.13321
0.376948
13.1229
13.1453
13.1679
13.1908
13.2138
13.2368
13.2599
13.283
13.3059
13.3288
13.3514
13.3739
13.396
13.4177
13.4391
13.46
13.4803
13.5001
13.5193
13.5379
13.5557
13.5728
13.5891
13.6046
13.6193
13.6332
13.6463
13.6586
13.6702
13.6812
13.6917
13.7019
13.712
13.722
13.732
13.742
13.7521
13.7623
13.7726
13.7831
13.7937
13.8044
13.8154
13.8264
13.8377
13.8491
13.8607
13.8725
13.8844
13.8965
13.9087
13.9211
13.9336
13.9463
13.9591
13.972
13.985
13.9981
14.0113
14.0246
14.0379
14.0514
14.0649
14.0784
14.092
14.1056
14.1193
14.1329
14.1466
14.1603
14.174
14.1877
14.2014
14.215
14.2286
14.2422
14.2558
14.2693
14.2827
14.2961
14.3094
14.3226
14.3358
14.3488
14.3618
14.3746
14.3874
14.4
14.4124
14.4247
14.4369
14.4489
14.4607
14.4723
14.4837
14.4949
14.5058
14.5165
14.5269
14.5369
14.5467
14.5562
14.5652
14.5739
14.5821
14.5899
14.5972
14.604
14.6102
14.6158
14.6208
14.625
14.6285
14.6312
14.633
14.6339
14.6337
14.6325
14.6301
14.6264
14.6213
14.6148
14.6067
14.5968
14.5852
14.5715
14.5557
14.5376
14.517
14.4938
14.4676
14.4384
14.4058
14.3697
14.3297
14.2855
14.2368
14.1833
14.1247
14.0605
13.9903
13.9137
13.8302
13.7393
13.6404
13.533
13.4165
13.2902
13.1535
13.0055
12.8456
12.6729
12.4865
12.2856
12.0692
11.8363
11.5858
11.3168
11.028
10.7183
10.3867
10.0317
9.6523
9.24718
8.81516
8.35509
7.86585
7.34638
6.79573
6.21308
5.5978
4.94945
4.26787
3.55324
2.80606
2.02736
1.21855
0.406395
13.7782
13.8019
13.8259
13.85
13.8741
13.8982
13.9222
13.9462
13.97
13.9936
14.0169
14.0399
14.0625
14.0846
14.1063
14.1274
14.1479
14.1678
14.1869
14.2054
14.2231
14.2399
14.256
14.2712
14.2856
14.2991
14.3119
14.3239
14.3352
14.3461
14.3567
14.3671
14.3774
14.3877
14.398
14.4084
14.4189
14.4295
14.4403
14.4512
14.4623
14.4736
14.485
14.4966
14.5085
14.5205
14.5326
14.545
14.5575
14.5702
14.5831
14.5961
14.6092
14.6225
14.6359
14.6494
14.663
14.6768
14.6906
14.7045
14.7184
14.7325
14.7466
14.7607
14.7749
14.7891
14.8033
14.8175
14.8318
14.846
14.8603
14.8745
14.8887
14.9029
14.917
14.9311
14.9451
14.9591
14.973
14.9869
15.0006
15.0143
15.0279
15.0414
15.0547
15.0679
15.081
15.094
15.1068
15.1194
15.1319
15.1441
15.1562
15.168
15.1797
15.191
15.2021
15.2129
15.2234
15.2335
15.2434
15.2528
15.2618
15.2704
15.2785
15.2861
15.2932
15.2996
15.3055
15.3107
15.3151
15.3188
15.3216
15.3236
15.3246
15.3245
15.3233
15.3209
15.3171
15.312
15.3054
15.2971
15.2871
15.2752
15.2612
15.245
15.2265
15.2054
15.1816
15.1548
15.1248
15.0914
15.0543
15.0132
14.9679
14.9179
14.8629
14.8027
14.7366
14.6645
14.5857
14.4998
14.4062
14.3044
14.1939
14.0739
13.9438
13.8028
13.6503
13.4853
13.3071
13.1147
12.9071
12.6835
12.4427
12.1836
11.905
11.6059
11.2849
10.9408
10.5722
10.1779
9.75645
9.30656
8.8269
8.3162
7.77322
7.19681
6.58595
5.93975
5.25756
4.53894
3.78378
2.99232
2.16524
1.30368
0.435792
14.4056
14.4304
14.4555
14.4806
14.5057
14.5308
14.5559
14.5808
14.6055
14.63
14.6542
14.678
14.7014
14.7244
14.7468
14.7686
14.7898
14.8104
14.8302
14.8492
14.8675
14.8849
14.9015
14.9172
14.932
14.946
14.9591
14.9715
14.9833
14.9946
15.0055
15.0162
15.0268
15.0374
15.048
15.0587
15.0695
15.0804
15.0915
15.1027
15.1142
15.1258
15.1376
15.1496
15.1618
15.1742
15.1868
15.1996
15.2125
15.2257
15.239
15.2525
15.2661
15.2799
15.2938
15.3078
15.3219
15.3362
15.3505
15.3649
15.3794
15.394
15.4086
15.4233
15.438
15.4528
15.4676
15.4824
15.4972
15.5119
15.5267
15.5415
15.5563
15.571
15.5857
15.6003
15.6149
15.6294
15.6438
15.6582
15.6725
15.6867
15.7008
15.7148
15.7286
15.7423
15.7559
15.7694
15.7827
15.7958
15.8087
15.8214
15.8339
15.8462
15.8582
15.87
15.8815
15.8927
15.9036
15.9141
15.9243
15.9341
15.9434
15.9524
15.9608
15.9687
15.976
15.9828
15.9889
15.9943
15.9989
16.0028
16.0058
16.0079
16.0089
16.0089
16.0078
16.0054
16.0016
15.9964
15.9897
15.9813
15.9711
15.9589
15.9446
15.9281
15.9091
15.8876
15.8632
15.8357
15.805
15.7708
15.7327
15.6906
15.644
15.5927
15.5364
15.4745
15.4067
15.3326
15.2516
15.1633
15.0672
14.9626
14.8489
14.7254
14.5915
14.4464
14.2894
14.1194
13.9358
13.7374
13.5234
13.2926
13.044
12.7764
12.4885
12.1791
11.847
11.4906
11.1086
10.6996
10.2621
9.79455
9.29555
8.76365
8.19742
7.59553
6.95673
6.27992
5.56417
4.80879
4.01338
3.17788
2.30267
1.38857
0.465124
15.053
15.079
15.1051
15.1312
15.1574
15.1834
15.2092
15.2349
15.2602
15.2853
15.3099
15.3341
15.3578
15.381
15.4036
15.4254
15.4466
15.467
15.4867
15.5055
15.5234
15.5405
15.5567
15.572
15.5864
15.5999
15.6127
15.6249
15.6365
15.6478
15.6588
15.6698
15.6806
15.6915
15.7025
15.7136
15.7248
15.7362
15.7478
15.7595
15.7715
15.7836
15.796
15.8086
15.8214
15.8344
15.8476
15.861
15.8746
15.8884
15.9023
15.9164
15.9307
15.9451
15.9596
15.9742
15.989
16.0039
16.0188
16.0338
16.0489
16.0641
16.0793
16.0946
16.1099
16.1252
16.1405
16.1559
16.1712
16.1866
16.2019
16.2172
16.2324
16.2477
16.2628
16.2779
16.293
16.308
16.3229
16.3377
16.3524
16.367
16.3814
16.3958
16.41
16.4241
16.438
16.4518
16.4653
16.4787
16.4919
16.5049
16.5176
16.53
16.5422
16.5541
16.5657
16.577
16.5879
16.5985
16.6086
16.6183
16.6275
16.6362
16.6444
16.6521
16.6591
16.6654
16.671
16.6759
16.6799
16.6831
16.6853
16.6865
16.6865
16.6854
16.683
16.6793
16.674
16.6672
16.6586
16.6482
16.6358
16.6212
16.6043
16.585
16.5629
16.5379
16.5098
16.4784
16.4433
16.4043
16.3612
16.3135
16.2609
16.2031
16.1396
16.0701
15.9941
15.911
15.8204
15.7216
15.6142
15.4974
15.3706
15.233
15.0838
14.9223
14.7475
14.5585
14.3543
14.1339
13.8961
13.6398
13.3638
13.0668
12.7474
12.4042
12.0357
11.6406
11.2171
10.7637
10.2788
9.76068
9.20785
8.61867
7.9916
7.32517
6.61805
5.86906
5.07723
4.24187
3.36263
2.43956
1.47317
0.494378
15.696
15.7231
15.7502
15.7773
15.8042
15.831
15.8575
15.8837
15.9096
15.9351
15.9601
15.9845
16.0084
16.0316
16.0542
16.076
16.097
16.1172
16.1366
16.155
16.1726
16.1892
16.2049
16.2197
16.2337
16.2469
16.2594
16.2714
16.2831
16.2944
16.3056
16.3168
16.328
16.3393
16.3506
16.3621
16.3738
16.3857
16.3978
16.4101
16.4226
16.4354
16.4483
16.4615
16.4749
16.4886
16.5024
16.5164
16.5306
16.5451
16.5596
16.5744
16.5893
16.6043
16.6194
16.6347
16.6501
16.6655
16.6811
16.6967
16.7124
16.7282
16.744
16.7598
16.7757
16.7915
16.8074
16.8233
16.8392
16.855
16.8709
16.8867
16.9024
16.9181
16.9338
16.9493
16.9648
16.9802
16.9956
17.0108
17.0259
17.0409
17.0557
17.0704
17.085
17.0994
17.1136
17.1276
17.1415
17.1551
17.1685
17.1816
17.1945
17.2071
17.2194
17.2314
17.2431
17.2544
17.2652
17.2757
17.2857
17.2953
17.3043
17.3128
17.3207
17.328
17.3346
17.3404
17.3455
17.3497
17.353
17.3553
17.3566
17.3567
17.3557
17.3533
17.3495
17.3442
17.3372
17.3285
17.3179
17.3053
17.2904
17.2732
17.2534
17.2308
17.2053
17.1766
17.1444
17.1085
17.0686
17.0244
16.9756
16.9218
16.8625
16.7975
16.7263
16.6484
16.5632
16.4703
16.3691
16.2589
16.139
16.0089
15.8676
15.7145
15.5486
15.369
15.1748
14.9648
14.7381
14.4935
14.2297
13.9454
13.6393
13.3101
12.956
12.5758
12.1676
11.7299
11.2608
10.7588
10.2219
9.64846
9.03664
8.38471
7.69099
6.9539
6.17201
5.34407
4.46911
3.54645
2.57584
1.55744
0.523538
16.3059
16.334
16.3621
16.3901
16.4179
16.4456
16.473
16.5
16.5267
16.5529
16.5787
16.6039
16.6284
16.6523
16.6755
16.698
16.7196
16.7403
16.7602
16.7791
16.7972
16.8142
16.8304
16.8456
16.86
16.8735
16.8864
16.8988
16.9107
16.9224
16.934
16.9454
16.9569
16.9684
16.9801
16.9919
17.0039
17.0161
17.0285
17.0411
17.054
17.0671
17.0804
17.094
17.1078
17.1219
17.1361
17.1506
17.1653
17.1802
17.1952
17.2104
17.2258
17.2413
17.257
17.2727
17.2886
17.3046
17.3207
17.3368
17.3531
17.3693
17.3857
17.402
17.4184
17.4348
17.4512
17.4677
17.4841
17.5005
17.5168
17.5331
17.5494
17.5656
17.5818
17.5979
17.6139
17.6298
17.6456
17.6614
17.677
17.6924
17.7078
17.723
17.738
17.7529
17.7675
17.782
17.7963
17.8104
17.8242
17.8378
17.8511
17.8641
17.8768
17.8892
17.9012
17.9129
17.9241
17.9349
17.9453
17.9551
17.9645
17.9733
17.9814
17.9889
17.9957
18.0018
18.0071
18.0115
18.0149
18.0174
18.0187
18.019
18.0179
18.0156
18.0117
18.0064
17.9993
17.9905
17.9797
17.9668
17.9516
17.934
17.9138
17.8908
17.8647
17.8354
17.8025
17.7658
17.725
17.6798
17.6299
17.5748
17.5142
17.4477
17.3748
17.295
17.2078
17.1126
17.0089
16.896
16.7732
16.6398
16.4949
16.3379
16.1677
15.9834
15.784
15.5684
15.3356
15.0842
14.813
14.5207
14.2057
13.8668
13.5021
13.1102
12.6893
12.2375
11.7532
11.2343
10.6789
10.0851
9.451
8.77455
8.0539
7.28721
6.4728
5.60913
4.69494
3.72923
2.71141
1.64133
0.552588
16.9374
16.9664
16.9953
17.024
17.0525
17.0807
17.1086
17.136
17.163
17.1895
17.2154
17.2406
17.2652
17.289
17.312
17.3342
17.3555
17.3758
17.3953
17.4138
17.4313
17.4478
17.4634
17.4782
17.4921
17.5054
17.5181
17.5303
17.5423
17.5541
17.5659
17.5776
17.5895
17.6014
17.6135
17.6258
17.6383
17.651
17.664
17.6772
17.6907
17.7044
17.7184
17.7326
17.7471
17.7617
17.7766
17.7918
17.8071
17.8226
17.8383
17.8541
17.8701
17.8863
17.9025
17.9189
17.9354
17.952
17.9687
17.9854
18.0022
18.0191
18.036
18.0529
18.0698
18.0868
18.1037
18.1206
18.1376
18.1544
18.1713
18.1881
18.2048
18.2215
18.2381
18.2546
18.2711
18.2874
18.3036
18.3197
18.3356
18.3515
18.3671
18.3826
18.3979
18.4131
18.428
18.4428
18.4573
18.4715
18.4855
18.4992
18.5126
18.5257
18.5385
18.5509
18.5629
18.5745
18.5857
18.5963
18.6065
18.6161
18.6252
18.6336
18.6414
18.6484
18.6547
18.6602
18.6647
18.6683
18.6709
18.6724
18.6727
18.6717
18.6693
18.6655
18.66
18.6529
18.6439
18.6329
18.6198
18.6043
18.5864
18.5658
18.5423
18.5157
18.4857
18.4521
18.4147
18.373
18.3268
18.2758
18.2195
18.1575
18.0895
18.0149
17.9333
17.8441
17.7467
17.6406
17.525
17.3993
17.2627
17.1144
16.9534
16.779
16.5902
16.3857
16.1647
15.9258
15.6678
15.3893
15.0891
14.7655
14.417
14.042
13.6386
13.2052
12.7397
12.2402
11.7048
11.1313
10.5175
9.86142
9.16083
8.41362
7.61773
6.7712
5.87222
4.9192
3.91083
2.84619
1.72478
0.581513
17.5626
17.5923
17.6218
17.6512
17.6802
17.7088
17.7371
17.7648
17.792
17.8186
17.8445
17.8696
17.894
17.9176
17.9403
17.9621
17.983
18.0029
18.0218
18.0397
18.0567
18.0727
18.0878
18.1021
18.1157
18.1287
18.1413
18.1536
18.1657
18.1777
18.1898
18.2019
18.2141
18.2265
18.2391
18.2519
18.2649
18.2782
18.2918
18.3056
18.3197
18.3341
18.3487
18.3635
18.3786
18.394
18.4095
18.4253
18.4413
18.4574
18.4737
18.4902
18.5068
18.5236
18.5405
18.5575
18.5746
18.5918
18.609
18.6263
18.6437
18.6611
18.6786
18.696
18.7135
18.7309
18.7484
18.7658
18.7832
18.8006
18.8179
18.8351
18.8523
18.8694
18.8864
18.9034
18.9202
18.9369
18.9535
18.9699
18.9862
19.0023
19.0183
19.0341
19.0497
19.065
19.0802
19.0951
19.1098
19.1242
19.1383
19.1521
19.1656
19.1788
19.1915
19.2039
19.2158
19.2273
19.2383
19.2488
19.2587
19.2681
19.2768
19.2848
19.292
19.2985
19.3042
19.3089
19.3126
19.3153
19.3169
19.3173
19.3163
19.314
19.3101
19.3046
19.2973
19.2882
19.277
19.2637
19.2479
19.2297
19.2087
19.1847
19.1576
19.127
19.0927
19.0545
19.012
18.9648
18.9127
18.8552
18.7919
18.7224
18.6462
18.5628
18.4716
18.3721
18.2636
18.1454
18.0169
17.8771
17.7254
17.5607
17.3822
17.1888
16.9794
16.753
16.5081
16.2437
15.9582
15.6502
15.3181
14.9603
14.5751
14.1605
13.7148
13.2359
12.7217
12.17
11.5786
10.9452
10.2675
9.54321
8.76986
7.9452
7.06698
6.13312
5.14172
4.09113
2.98009
1.80775
0.610294
18.1807
18.211
18.2411
18.271
18.3004
18.3293
18.3578
18.3856
18.4129
18.4394
18.4652
18.4902
18.5143
18.5375
18.5598
18.5812
18.6015
18.6208
18.6392
18.6565
18.6729
18.6883
18.703
18.7169
18.7302
18.7431
18.7557
18.7681
18.7804
18.7927
18.8051
18.8176
18.8302
18.8431
18.8562
18.8696
18.8832
18.8971
18.9113
18.9258
18.9405
18.9555
18.9708
18.9863
19.002
19.018
19.0342
19.0507
19.0673
19.0841
19.101
19.1181
19.1354
19.1527
19.1702
19.1878
19.2055
19.2233
19.2411
19.259
19.2769
19.2948
19.3128
19.3308
19.3488
19.3667
19.3847
19.4026
19.4204
19.4383
19.456
19.4737
19.4913
19.5088
19.5262
19.5435
19.5607
19.5778
19.5947
19.6114
19.628
19.6444
19.6607
19.6767
19.6925
19.7081
19.7235
19.7386
19.7534
19.7679
19.7821
19.796
19.8095
19.8226
19.8353
19.8476
19.8594
19.8707
19.8815
19.8917
19.9013
19.9103
19.9185
19.926
19.9327
19.9385
19.9434
19.9473
19.9501
19.9518
19.9522
19.9513
19.9489
19.945
19.9395
19.9321
19.9229
19.9115
19.8979
19.8819
19.8633
19.8419
19.8175
19.7899
19.7587
19.7238
19.6848
19.6414
19.5933
19.5401
19.4814
19.4168
19.3459
19.2681
19.183
19.0899
18.9882
18.8774
18.7567
18.6253
18.4825
18.3274
18.1591
17.9765
17.7787
17.5646
17.3328
17.0823
16.8115
16.5191
16.2035
15.8631
15.4962
15.101
14.6755
14.2178
13.7257
13.197
12.6294
12.0205
11.3679
10.669
9.92138
9.12233
8.26934
7.35991
6.39165
5.36234
4.27
3.11302
1.89016
0.638913
18.7598
18.791
18.8219
18.8525
18.8826
18.9123
18.9414
18.9699
18.9978
19.0249
19.0513
19.0768
19.1015
19.1252
19.148
19.1698
19.1906
19.2103
19.229
19.2467
19.2634
19.2792
19.2942
19.3084
19.3221
19.3352
19.3481
19.3608
19.3733
19.3859
19.3985
19.4113
19.4243
19.4374
19.4508
19.4645
19.4785
19.4927
19.5072
19.5221
19.5372
19.5526
19.5682
19.5841
19.6003
19.6167
19.6334
19.6502
19.6673
19.6846
19.702
19.7196
19.7373
19.7552
19.7731
19.7912
19.8094
19.8277
19.846
19.8644
19.8828
19.9012
19.9197
19.9382
19.9567
19.9751
19.9936
20.012
20.0304
20.0487
20.0669
20.0851
20.1032
20.1212
20.1391
20.1569
20.1745
20.192
20.2094
20.2266
20.2437
20.2605
20.2772
20.2937
20.3099
20.3259
20.3417
20.3572
20.3724
20.3873
20.4019
20.4161
20.43
20.4435
20.4566
20.4692
20.4813
20.4929
20.504
20.5145
20.5244
20.5336
20.542
20.5498
20.5567
20.5627
20.5677
20.5717
20.5747
20.5764
20.5769
20.576
20.5737
20.5698
20.5642
20.5567
20.5473
20.5358
20.522
20.5057
20.4868
20.465
20.4402
20.412
20.3802
20.3446
20.3049
20.2607
20.2117
20.1574
20.0976
20.0318
19.9594
19.8801
19.7932
19.6983
19.5946
19.4815
19.3583
19.2242
19.0784
18.92
18.7481
18.5616
18.3595
18.1406
17.9038
17.6476
17.3706
17.0715
16.7485
16.4
16.0242
15.6193
15.1831
14.7137
14.2087
13.6658
13.0827
12.4567
11.7852
11.0656
10.295
9.47072
8.58988
7.64974
6.64758
5.58087
4.44729
3.24486
1.97198
0.667352
19.3613
19.3929
19.4242
19.455
19.4854
19.5152
19.5443
19.5728
19.6005
19.6274
19.6535
19.6787
19.7029
19.7261
19.7484
19.7695
19.7897
19.8088
19.8268
19.8438
19.86
19.8752
19.8898
19.9037
19.9172
19.9303
19.9432
19.956
19.9689
19.9818
19.9948
20.008
20.0215
20.0352
20.0492
20.0634
20.078
20.0929
20.1081
20.1235
20.1393
20.1554
20.1717
20.1883
20.2051
20.2222
20.2395
20.257
20.2747
20.2926
20.3106
20.3288
20.3472
20.3656
20.3842
20.4029
20.4216
20.4404
20.4593
20.4782
20.4972
20.5161
20.5351
20.5541
20.573
20.592
20.6109
20.6297
20.6485
20.6673
20.6859
20.7045
20.723
20.7414
20.7596
20.7777
20.7957
20.8135
20.8312
20.8487
20.866
20.8831
20.9
20.9167
20.9331
20.9493
20.9652
20.9808
20.9961
21.011
21.0256
21.0399
21.0537
21.0671
21.08
21.0925
21.1044
21.1158
21.1265
21.1367
21.1461
21.1548
21.1628
21.1699
21.176
21.1812
21.1854
21.1885
21.1903
21.1909
21.19
21.1877
21.1838
21.1781
21.1705
21.161
21.1493
21.1353
21.1187
21.0995
21.0773
21.052
21.0234
20.9911
20.9548
20.9144
20.8693
20.8194
20.7642
20.7032
20.6361
20.5624
20.4816
20.3931
20.2962
20.1905
20.0752
19.9496
19.8128
19.6641
19.5026
19.3271
19.1369
18.9306
18.7071
18.4652
18.2036
17.9206
17.6149
17.2847
16.9283
16.5439
16.1294
15.6829
15.202
14.6844
14.1277
13.5294
12.8866
12.1967
11.4568
10.6638
9.81472
8.90655
7.93621
6.9007
5.79715
4.62288
3.37554
2.05314
0.695592
19.9537
19.9856
20.0171
20.0482
20.0786
20.1084
20.1374
20.1657
20.1931
20.2197
20.2454
20.27
20.2937
20.3164
20.3379
20.3584
20.3779
20.3962
20.4136
20.43
20.4456
20.4604
20.4746
20.4883
20.5017
20.5149
20.528
20.541
20.5542
20.5675
20.581
20.5947
20.6087
20.623
20.6376
20.6525
20.6677
20.6832
20.6991
20.7152
20.7317
20.7484
20.7654
20.7826
20.8001
20.8178
20.8358
20.8539
20.8723
20.8908
20.9094
20.9282
20.9472
20.9662
20.9854
21.0046
21.0239
21.0433
21.0627
21.0821
21.1015
21.121
21.1405
21.1599
21.1793
21.1987
21.2181
21.2373
21.2566
21.2757
21.2947
21.3137
21.3325
21.3512
21.3698
21.3882
21.4065
21.4246
21.4426
21.4603
21.4778
21.4952
21.5122
21.5291
21.5456
21.5619
21.5779
21.5936
21.6089
21.6239
21.6385
21.6526
21.6664
21.6796
21.6924
21.7046
21.7163
21.7273
21.7377
21.7474
21.7563
21.7645
21.7717
21.7781
21.7835
21.7878
21.7909
21.7929
21.7935
21.7927
21.7903
21.7864
21.7807
21.773
21.7633
21.7515
21.7372
21.7204
21.7009
21.6784
21.6526
21.6235
21.5906
21.5538
21.5126
21.4668
21.4159
21.3597
21.2977
21.2294
21.1543
21.072
20.9819
20.8833
20.7756
20.6581
20.5301
20.3908
20.2393
20.0746
19.8958
19.7018
19.4914
19.2635
19.0167
18.7497
18.4609
18.1488
17.8116
17.4476
17.0547
16.631
16.1743
15.6822
15.1524
14.5823
13.9691
13.31
12.6021
11.8422
11.0273
10.154
9.21906
8.21908
7.15079
6.01098
4.79661
3.50494
2.13357
0.723612
20.5036
20.5363
20.5685
20.6001
20.6311
20.6615
20.6911
20.7199
20.7478
20.7749
20.801
20.8261
20.8502
20.8733
20.8952
20.9161
20.9358
20.9545
20.9722
20.9889
21.0047
21.0198
21.0342
21.0482
21.0618
21.0753
21.0886
21.1019
21.1153
21.1289
21.1426
21.1566
21.1709
21.1855
21.2004
21.2156
21.2312
21.247
21.2632
21.2797
21.2965
21.3137
21.331
21.3487
21.3666
21.3848
21.4031
21.4217
21.4405
21.4595
21.4786
21.4979
21.5172
21.5368
21.5564
21.5761
21.5958
21.6157
21.6356
21.6555
21.6754
21.6953
21.7153
21.7352
21.7551
21.775
21.7948
21.8145
21.8342
21.8538
21.8733
21.8927
21.912
21.9312
21.9502
21.9691
21.9878
22.0063
22.0247
22.0429
22.0608
22.0785
22.096
22.1133
22.1302
22.1469
22.1633
22.1793
22.195
22.2103
22.2252
22.2397
22.2538
22.2674
22.2804
22.2929
22.3049
22.3162
22.3268
22.3367
22.3459
22.3543
22.3617
22.3683
22.3738
22.3782
22.3815
22.3835
22.3842
22.3834
22.3811
22.3771
22.3713
22.3636
22.3538
22.3418
22.3273
22.3102
22.2904
22.2675
22.2414
22.2117
22.1783
22.1409
22.099
22.0524
22.0007
21.9435
21.8804
21.811
21.7346
21.6509
21.5591
21.4588
21.3492
21.2297
21.0994
20.9575
20.8032
20.6355
20.4534
20.2558
20.0415
19.8093
19.5578
19.2855
18.9911
18.6727
18.3287
17.9572
17.5562
17.1235
16.6569
16.154
15.6123
15.029
14.4014
13.7264
13.0009
12.2216
11.3853
10.4883
9.5271
8.49809
7.39763
6.22219
4.96833
3.63295
2.21322
0.751391
21.0757
21.1085
21.1407
21.1723
21.2031
21.2333
21.2626
21.291
21.3186
21.3451
21.3706
21.3951
21.4185
21.4408
21.462
21.4821
21.5011
21.519
21.536
21.5521
21.5674
21.5821
21.5963
21.6102
21.6238
21.6374
21.6509
21.6646
21.6784
21.6924
21.7066
21.7212
21.7361
21.7513
21.7668
21.7827
21.7989
21.8154
21.8323
21.8495
21.867
21.8848
21.9028
21.9212
21.9397
21.9585
21.9775
21.9968
22.0162
22.0357
22.0554
22.0753
22.0953
22.1153
22.1355
22.1557
22.176
22.1964
22.2167
22.2372
22.2576
22.278
22.2984
22.3187
22.339
22.3593
22.3795
22.3997
22.4197
22.4397
22.4595
22.4793
22.4989
22.5183
22.5377
22.5568
22.5758
22.5946
22.6131
22.6315
22.6496
22.6675
22.6851
22.7025
22.7195
22.7363
22.7527
22.7687
22.7844
22.7996
22.8145
22.8288
22.8427
22.8561
22.8689
22.8811
22.8926
22.9035
22.9137
22.9231
22.9316
22.9393
22.946
22.9516
22.9562
22.9596
22.9617
22.9624
22.9617
22.9594
22.9553
22.9495
22.9417
22.9318
22.9196
22.9049
22.8876
22.8675
22.8442
22.8177
22.7876
22.7537
22.7156
22.6731
22.6257
22.5732
22.5151
22.4509
22.3803
22.3027
22.2176
22.1243
22.0223
21.9108
21.7892
21.6567
21.5124
21.3555
21.1848
20.9995
20.7984
20.5803
20.3438
20.0877
19.8105
19.5105
19.1862
18.8356
18.4568
18.0478
17.6064
17.1303
16.6169
16.0635
15.4675
14.8258
14.1353
13.3927
12.5946
11.7373
10.8172
9.83039
8.77296
7.64098
6.43056
5.1379
3.75946
2.29201
0.778907
21.6367
21.6694
21.7015
21.7329
21.7635
21.7933
21.8222
21.8502
21.8771
21.9031
21.9279
21.9517
21.9743
21.9958
22.0161
22.0354
22.0536
22.0708
22.0871
22.1027
22.1176
22.132
22.1461
22.16
22.1738
22.1875
22.2014
22.2154
22.2297
22.2442
22.2591
22.2742
22.2897
22.3056
22.3218
22.3383
22.3552
22.3724
22.39
22.4079
22.426
22.4445
22.4632
22.4822
22.5014
22.5208
22.5405
22.5603
22.5803
22.6004
22.6207
22.6412
22.6617
22.6823
22.703
22.7237
22.7445
22.7654
22.7862
22.8071
22.828
22.8488
22.8696
22.8904
22.9112
22.9318
22.9524
22.9729
22.9933
23.0136
23.0338
23.0538
23.0737
23.0934
23.113
23.1324
23.1516
23.1706
23.1893
23.2079
23.2261
23.2441
23.2619
23.2793
23.2964
23.3131
23.3295
23.3455
23.3611
23.3763
23.3909
23.4051
23.4187
23.4318
23.4443
23.4561
23.4672
23.4776
23.4872
23.496
23.5038
23.5106
23.5165
23.5211
23.5246
23.5268
23.5276
23.5269
23.5246
23.5206
23.5147
23.5068
23.4967
23.4844
23.4695
23.452
23.4315
23.408
23.381
23.3505
23.3161
23.2774
23.2342
23.1861
23.1328
23.0738
23.0086
22.9369
22.8581
22.7716
22.6768
22.5732
22.4599
22.3364
22.2017
22.055
21.8954
21.722
21.5336
21.3291
21.1072
20.8667
20.6062
20.3241
20.0188
19.6886
19.3316
18.9458
18.5291
18.0793
17.5939
17.0702
16.5057
15.8973
15.242
14.5365
13.7772
12.9607
12.0831
11.1404
10.1286
9.04342
7.8806
6.63591
5.30514
3.88436
2.36988
0.806139
22.1857
22.2182
22.2502
22.2813
22.3115
22.3408
22.3692
22.3965
22.4228
22.448
22.4721
22.4951
22.5168
22.5375
22.557
22.5754
22.5928
22.6094
22.6252
22.6403
22.6549
22.6692
22.6833
22.6972
22.7112
22.7253
22.7396
22.7541
22.7689
22.784
22.7994
22.8152
22.8314
22.8479
22.8648
22.882
22.8996
22.9175
22.9357
22.9542
22.9731
22.9922
23.0116
23.0312
23.051
23.0711
23.0913
23.1118
23.1324
23.1531
23.1739
23.1949
23.216
23.2371
23.2583
23.2795
23.3008
23.3221
23.3435
23.3648
23.3861
23.4073
23.4286
23.4497
23.4708
23.4918
23.5128
23.5336
23.5543
23.5749
23.5954
23.6157
23.6359
23.6558
23.6756
23.6952
23.7146
23.7337
23.7527
23.7713
23.7897
23.8078
23.8256
23.843
23.8601
23.8768
23.8932
23.9091
23.9245
23.9395
23.954
23.9679
23.9812
23.994
24.006
24.0174
24.028
24.0378
24.0467
24.0547
24.0618
24.0677
24.0725
24.0761
24.0784
24.0792
24.0786
24.0763
24.0722
24.0663
24.0583
24.0481
24.0356
24.0206
24.0028
23.9821
23.9582
23.9309
23.8999
23.8649
23.8257
23.7819
23.7331
23.679
23.6191
23.553
23.4802
23.4001
23.3123
23.2161
23.1109
22.9959
22.8704
22.7337
22.5847
22.4226
22.2465
22.055
21.8472
21.6218
21.3774
21.1126
20.8257
20.5153
20.1795
19.8163
19.4237
18.9996
18.5416
18.0472
17.5137
16.9383
16.318
15.6494
14.9293
14.154
13.3196
12.4223
11.4576
10.4215
9.30919
8.11625
6.83802
5.4699
4.00754
2.44676
0.833064
22.689
22.7221
22.7544
22.786
22.8166
22.8464
22.8751
22.9028
22.9295
22.955
22.9794
23.0026
23.0246
23.0455
23.0653
23.0839
23.1016
23.1183
23.1343
23.1496
23.1644
23.1789
23.1931
23.2073
23.2215
23.2358
23.2503
23.265
23.2801
23.2954
23.3112
23.3272
23.3437
23.3605
23.3777
23.3952
23.4131
23.4314
23.45
23.4689
23.4881
23.5076
23.5274
23.5474
23.5676
23.5881
23.6088
23.6296
23.6506
23.6718
23.693
23.7144
23.7359
23.7575
23.7791
23.8008
23.8225
23.8443
23.866
23.8878
23.9095
23.9312
23.9529
23.9745
23.996
24.0174
24.0388
24.0601
24.0812
24.1022
24.1231
24.1438
24.1644
24.1847
24.2049
24.2249
24.2447
24.2642
24.2835
24.3025
24.3213
24.3397
24.3578
24.3756
24.3931
24.4101
24.4268
24.443
24.4587
24.474
24.4888
24.503
24.5166
24.5295
24.5418
24.5534
24.5643
24.5743
24.5834
24.5916
24.5987
24.6048
24.6097
24.6134
24.6158
24.6167
24.616
24.6138
24.6097
24.6037
24.5956
24.5854
24.5727
24.5575
24.5394
24.5185
24.4942
24.4666
24.4352
24.3997
24.36
24.3155
24.2661
24.2112
24.1504
24.0834
24.0095
23.9283
23.8393
23.7417
23.6349
23.5183
23.3909
23.2522
23.101
22.9365
22.7577
22.5634
22.3524
22.1235
21.8753
21.6063
21.315
20.9996
20.6583
20.2892
19.8901
19.4588
18.9929
18.4899
17.9469
17.361
16.729
16.0477
15.3135
14.5226
13.6709
12.7544
11.7685
10.7086
9.56997
8.34766
7.03667
5.63201
4.12885
2.52258
0.859656
23.2125
23.2452
23.2772
23.3082
23.3384
23.3675
23.3955
23.4224
23.4483
23.4729
23.4964
23.5187
23.5398
23.5597
23.5786
23.5964
23.6133
23.6295
23.6449
23.6599
23.6746
23.689
23.7033
23.7177
23.7322
23.747
23.7619
23.7772
23.7928
23.8088
23.8252
23.8419
23.859
23.8765
23.8944
23.9126
23.9312
23.9502
23.9694
23.989
24.0089
24.029
24.0494
24.0701
24.0909
24.112
24.1333
24.1547
24.1762
24.1979
24.2198
24.2417
24.2637
24.2857
24.3078
24.33
24.3521
24.3743
24.3965
24.4186
24.4408
24.4628
24.4849
24.5068
24.5287
24.5504
24.5721
24.5936
24.6151
24.6363
24.6575
24.6784
24.6992
24.7197
24.7401
24.7602
24.7801
24.7998
24.8192
24.8383
24.8571
24.8755
24.8936
24.9114
24.9288
24.9457
24.9623
24.9783
24.9939
25.0089
25.0234
25.0372
25.0505
25.063
25.0748
25.0858
25.096
25.1053
25.1137
25.121
25.1272
25.1323
25.136
25.1385
25.1394
25.1388
25.1365
25.1324
25.1264
25.1183
25.1079
25.0951
25.0797
25.0614
25.0402
25.0157
24.9876
24.9558
24.9199
24.8796
24.8346
24.7845
24.7288
24.6673
24.5993
24.5244
24.4422
24.3519
24.2529
24.1447
24.0264
23.8973
23.7566
23.6033
23.4365
23.2551
23.058
22.844
22.6118
22.3599
22.087
21.7913
21.4711
21.1246
20.7497
20.3443
19.9062
19.4327
18.9213
18.3691
17.7731
17.13
16.4364
15.6886
14.8825
14.0142
13.0791
12.0725
10.9897
9.82547
8.57458
7.23165
5.79129
4.24819
2.59725
0.885891
23.722
23.7543
23.7857
23.8162
23.8456
23.874
23.9012
23.9273
23.9522
23.9759
23.9984
24.0197
24.0399
24.0589
24.0769
24.094
24.1102
24.1259
24.141
24.1558
24.1704
24.1849
24.1995
24.2142
24.2291
24.2443
24.2598
24.2757
24.2919
24.3085
24.3256
24.343
24.3608
24.379
24.3975
24.4165
24.4357
24.4554
24.4753
24.4955
24.516
24.5368
24.5578
24.5791
24.6005
24.6222
24.644
24.666
24.6881
24.7103
24.7326
24.755
24.7775
24.8
24.8226
24.8451
24.8677
24.8903
24.9129
24.9354
24.9579
24.9803
25.0027
25.0249
25.0471
25.0692
25.0911
25.1129
25.1346
25.1561
25.1774
25.1986
25.2195
25.2402
25.2607
25.281
25.301
25.3207
25.3402
25.3593
25.3781
25.3965
25.4146
25.4323
25.4496
25.4664
25.4827
25.4985
25.5138
25.5286
25.5427
25.5561
25.5689
25.5809
25.5922
25.6026
25.612
25.6205
25.628
25.6344
25.6395
25.6434
25.6459
25.6469
25.6463
25.644
25.6399
25.6338
25.6256
25.6151
25.6022
25.5866
25.5682
25.5466
25.5218
25.4935
25.4613
25.4249
25.3841
25.3385
25.2878
25.2314
25.169
25.1002
25.0244
24.941
24.8495
24.7493
24.6397
24.5198
24.389
24.2464
24.0911
23.9221
23.7382
23.5385
23.3215
23.0861
22.8307
22.554
22.2541
21.9293
21.5778
21.1974
20.786
20.3412
19.8604
19.341
18.78
18.1743
17.5205
16.815
16.054
15.2335
14.349
13.396
12.3695
11.2644
10.0754
8.79673
7.42273
5.94755
4.36541
2.6707
0.911743
24.1842
24.2169
24.2487
24.2794
24.3092
24.3378
24.3653
24.3916
24.4167
24.4407
24.4634
24.4848
24.5052
24.5243
24.5425
24.5597
24.5761
24.5918
24.607
24.622
24.6367
24.6514
24.6661
24.681
24.6962
24.7116
24.7273
24.7434
24.7599
24.7768
24.7941
24.8118
24.8299
24.8484
24.8673
24.8865
24.9061
24.9261
24.9463
24.9669
24.9878
25.009
25.0304
25.052
25.0738
25.0958
25.118
25.1404
25.1629
25.1855
25.2082
25.231
25.2539
25.2768
25.2998
25.3227
25.3457
25.3687
25.3917
25.4146
25.4375
25.4603
25.4831
25.5057
25.5283
25.5507
25.5731
25.5952
25.6173
25.6392
25.6609
25.6824
25.7037
25.7248
25.7456
25.7662
25.7866
25.8066
25.8264
25.8459
25.865
25.8837
25.9021
25.9201
25.9377
25.9548
25.9714
25.9875
26.003
26.018
26.0324
26.046
26.059
26.0713
26.0827
26.0933
26.1029
26.1116
26.1192
26.1257
26.1309
26.1349
26.1374
26.1385
26.138
26.1357
26.1316
26.1254
26.1172
26.1066
26.0935
26.0777
26.0591
26.0373
26.0122
25.9835
25.9509
25.9142
25.8729
25.8267
25.7753
25.7183
25.6552
25.5855
25.5088
25.4244
25.3318
25.2303
25.1193
24.998
24.8655
24.7211
24.5638
24.3926
24.2065
24.0041
23.7844
23.5459
23.2872
23.0067
22.7028
22.3737
22.0173
21.6317
21.2145
20.7633
20.2756
19.7485
19.179
18.564
17.8999
17.183
16.4095
15.575
14.675
13.7047
12.659
11.5324
10.3194
9.01383
7.60967
6.1006
4.48038
2.74284
0.937185
24.6644
24.6965
24.7275
24.7575
24.7863
24.8141
24.8406
24.866
24.8901
24.9129
24.9346
24.955
24.9743
24.9926
25.0099
25.0264
25.0422
25.0576
25.0726
25.0875
25.1023
25.1172
25.1323
25.1476
25.1632
25.1792
25.1955
25.2122
25.2294
25.2469
25.2649
25.2833
25.3021
25.3213
25.3409
25.3608
25.3811
25.4017
25.4226
25.4438
25.4653
25.4871
25.5091
25.5313
25.5537
25.5763
25.599
25.6219
25.6449
25.668
25.6911
25.7144
25.7377
25.7611
25.7844
25.8078
25.8312
25.8545
25.8778
25.9011
25.9243
25.9474
25.9705
25.9934
26.0162
26.0389
26.0615
26.0839
26.1061
26.1282
26.15
26.1717
26.1931
26.2143
26.2352
26.2559
26.2763
26.2964
26.3162
26.3356
26.3547
26.3733
26.3916
26.4095
26.4268
26.4437
26.4601
26.4759
26.4911
26.5057
26.5196
26.5328
26.5452
26.5568
26.5676
26.5774
26.5862
26.594
26.6006
26.6059
26.61
26.6126
26.6137
26.6132
26.6109
26.6068
26.6006
26.5923
26.5816
26.5684
26.5525
26.5336
26.5116
26.4863
26.4572
26.4243
26.3871
26.3453
26.2987
26.2467
26.189
26.1252
26.0547
25.977
25.8917
25.798
25.6953
25.583
25.4602
25.3262
25.1801
25.021
24.8477
24.6593
24.4545
24.2321
23.9907
23.7287
23.4448
23.137
22.8037
22.4427
22.052
21.6293
21.1721
20.6777
20.1432
19.5657
18.9417
18.2678
17.54
16.7544
15.9065
14.9916
14.0048
12.9406
11.7934
10.5571
9.22559
7.79221
6.25025
4.59295
2.81359
0.962187
25.1287
25.1599
25.1901
25.2192
25.2471
25.2738
25.2993
25.3236
25.3466
25.3684
25.389
25.4084
25.4267
25.4441
25.4607
25.4766
25.492
25.5072
25.5222
25.5371
25.5522
25.5674
25.5829
25.5987
25.6149
25.6314
25.6484
25.6658
25.6836
25.7019
25.7205
25.7396
25.7591
25.779
25.7992
25.8198
25.8407
25.862
25.8836
25.9054
25.9275
25.9498
25.9724
25.9952
26.0181
26.0412
26.0644
26.0878
26.1113
26.1348
26.1585
26.1821
26.2059
26.2296
26.2534
26.2771
26.3008
26.3245
26.3481
26.3717
26.3952
26.4186
26.4419
26.4651
26.4881
26.511
26.5338
26.5564
26.5788
26.601
26.623
26.6447
26.6663
26.6875
26.7085
26.7292
26.7496
26.7697
26.7894
26.8088
26.8278
26.8463
26.8644
26.8821
26.8992
26.9158
26.9319
26.9473
26.9621
26.9762
26.9896
27.0023
27.0141
27.025
27.035
27.0439
27.0518
27.0585
27.064
27.0681
27.0708
27.072
27.0715
27.0692
27.0651
27.0588
27.0504
27.0396
27.0263
27.0102
26.9912
26.969
26.9434
26.914
26.8807
26.8432
26.801
26.7538
26.7012
26.6429
26.5784
26.5071
26.4286
26.3423
26.2476
26.1438
26.0302
25.9061
25.7706
25.6229
25.4619
25.2867
25.0961
24.889
24.664
24.4198
24.1549
23.8676
23.5562
23.2188
22.8535
22.458
22.03
21.567
21.0662
20.5248
19.9395
19.307
18.6237
17.8855
17.0884
16.2277
15.2986
14.2958
13.2139
12.0468
10.7883
9.43172
7.97011
6.39628
4.70296
2.88286
0.986721
25.5762
25.6065
25.6357
25.6638
25.6907
25.7164
25.7408
25.7639
25.7858
25.8064
25.8259
25.8443
25.8618
25.8784
25.8944
25.9099
25.9251
25.9402
25.9553
25.9705
25.9858
26.0015
26.0175
26.0339
26.0507
26.0679
26.0855
26.1035
26.122
26.141
26.1603
26.1801
26.2003
26.2208
26.2417
26.263
26.2846
26.3064
26.3286
26.351
26.3737
26.3966
26.4197
26.443
26.4665
26.4901
26.5138
26.5376
26.5615
26.5855
26.6096
26.6336
26.6577
26.6819
26.706
26.73
26.7541
26.7781
26.802
26.8258
26.8496
26.8732
26.8968
26.9202
26.9434
26.9665
26.9894
27.0122
27.0347
27.057
27.0791
27.1009
27.1225
27.1438
27.1648
27.1855
27.2059
27.2259
27.2455
27.2648
27.2836
27.302
27.3199
27.3372
27.3541
27.3704
27.386
27.4011
27.4154
27.429
27.4418
27.4538
27.4649
27.475
27.4841
27.4921
27.4989
27.5045
27.5087
27.5115
27.5127
27.5122
27.51
27.5058
27.4995
27.4911
27.4802
27.4667
27.4505
27.4313
27.4089
27.383
27.3534
27.3197
27.2818
27.2392
27.1915
27.1384
27.0795
27.0143
26.9423
26.863
26.7758
26.6801
26.5752
26.4605
26.335
26.1981
26.0488
25.8862
25.7091
25.5165
25.3071
25.0797
24.8329
24.565
24.2745
23.9597
23.6185
23.249
22.849
22.416
21.9474
21.4406
20.8925
20.3
19.6594
18.9671
18.2191
17.4109
16.538
15.5953
14.5774
13.4785
12.2924
11.0126
9.6319
8.1431
6.53849
4.81027
2.95055
1.01076
25.9756
26.0062
26.0355
26.0638
26.0908
26.1165
26.141
26.1642
26.1862
26.2069
26.2264
26.2449
26.2624
26.279
26.295
26.3106
26.3259
26.341
26.3562
26.3715
26.3871
26.4029
26.4191
26.4356
26.4526
26.47
26.4879
26.5062
26.525
26.5442
26.5638
26.5838
26.6043
26.6251
26.6463
26.6679
26.6897
26.7119
26.7344
26.7572
26.7802
26.8034
26.8269
26.8505
26.8743
26.8982
26.9223
26.9464
26.9707
26.995
27.0194
27.0438
27.0683
27.0928
27.1172
27.1416
27.166
27.1903
27.2146
27.2388
27.2629
27.2869
27.3107
27.3345
27.358
27.3814
27.4047
27.4277
27.4506
27.4732
27.4956
27.5177
27.5396
27.5612
27.5825
27.6035
27.6241
27.6444
27.6643
27.6838
27.7029
27.7215
27.7397
27.7573
27.7744
27.7909
27.8068
27.822
27.8365
27.8503
27.8633
27.8755
27.8867
27.897
27.9062
27.9143
27.9212
27.9269
27.9312
27.934
27.9353
27.9349
27.9326
27.9284
27.9221
27.9136
27.9026
27.8891
27.8727
27.8533
27.8307
27.8046
27.7747
27.7407
27.7024
27.6594
27.6113
27.5577
27.4982
27.4324
27.3597
27.2796
27.1915
27.0949
26.989
26.8731
26.7465
26.6082
26.4574
26.2931
26.1143
25.9198
25.7083
25.4786
25.2292
24.9586
24.6651
24.347
24.0022
23.6288
23.2244
22.7867
22.313
21.8004
21.246
20.6465
19.9983
19.2975
18.5401
17.7215
16.8371
15.8814
14.8491
13.734
12.5298
11.2295
9.8258
8.31089
6.67665
4.91471
3.01657
1.03426
26.3886
26.418
26.4463
26.4734
26.4992
26.5238
26.5471
26.5691
26.5898
26.6094
26.6279
26.6454
26.662
26.678
26.6936
26.7089
26.7242
26.7395
26.7549
26.7706
26.7865
26.8029
26.8196
26.8368
26.8544
26.8725
26.8911
26.91
26.9295
26.9494
26.9697
26.9904
27.0115
27.033
27.0548
27.077
27.0995
27.1223
27.1454
27.1687
27.1922
27.216
27.2399
27.2641
27.2883
27.3127
27.3372
27.3618
27.3865
27.4112
27.4359
27.4607
27.4855
27.5103
27.535
27.5597
27.5844
27.609
27.6335
27.6579
27.6822
27.7064
27.7304
27.7543
27.7781
27.8016
27.825
27.8481
27.871
27.8937
27.9161
27.9383
27.9602
27.9818
28.003
28.0239
28.0445
28.0646
28.0844
28.1037
28.1226
28.141
28.1588
28.1761
28.1928
28.2089
28.2243
28.2391
28.253
28.2662
28.2785
28.2899
28.3003
28.3097
28.3179
28.3249
28.3307
28.335
28.3379
28.3392
28.3388
28.3366
28.3324
28.3261
28.3175
28.3064
28.2928
28.2763
28.2567
28.2339
28.2076
28.1774
28.1432
28.1045
28.0611
28.0125
27.9585
27.8984
27.832
27.7586
27.6778
27.589
27.4914
27.3846
27.2676
27.1398
27.0003
26.8481
26.6823
26.5018
26.3054
26.092
25.8601
25.6083
25.3351
25.0388
24.7176
24.3694
23.9923
23.5838
23.1416
22.663
22.1451
21.5847
20.9787
20.3232
19.6144
18.8481
18.0197
17.1243
16.1564
15.1104
13.98
12.7586
11.4388
10.0131
8.4732
6.81052
5.0161
3.0808
1.05719
26.7827
26.8111
26.8381
26.864
26.8886
26.9119
26.9339
26.9547
26.9743
26.9927
27.0102
27.0268
27.0428
27.0584
27.0738
27.0891
27.1044
27.12
27.1358
27.1519
27.1684
27.1853
27.2027
27.2205
27.2388
27.2576
27.2768
27.2965
27.3166
27.3371
27.3581
27.3795
27.4013
27.4234
27.4459
27.4686
27.4917
27.5151
27.5387
27.5626
27.5866
27.6109
27.6353
27.6599
27.6846
27.7094
27.7343
27.7593
27.7843
27.8094
27.8345
27.8596
27.8846
27.9097
27.9347
27.9597
27.9846
28.0094
28.0341
28.0588
28.0832
28.1076
28.1318
28.1558
28.1796
28.2033
28.2267
28.2499
28.2729
28.2956
28.318
28.3402
28.362
28.3835
28.4047
28.4255
28.4459
28.4659
28.4854
28.5045
28.5231
28.5412
28.5587
28.5756
28.5919
28.6075
28.6224
28.6366
28.6499
28.6624
28.6739
28.6844
28.6939
28.7023
28.7094
28.7152
28.7197
28.7226
28.7239
28.7236
28.7213
28.7171
28.7108
28.7021
28.691
28.6773
28.6606
28.6409
28.6179
28.5914
28.561
28.5264
28.4875
28.4437
28.3947
28.3402
28.2797
28.2127
28.1387
28.0572
27.9676
27.8692
27.7614
27.6435
27.5145
27.3738
27.2203
27.0531
26.871
26.6729
26.4576
26.2237
25.9697
25.6941
25.3951
25.0709
24.7196
24.3389
23.9267
23.4803
22.997
22.474
21.9081
21.2959
20.6336
19.9173
19.1427
18.305
17.3992
16.4198
15.3609
14.216
12.9782
11.6401
10.1934
8.62973
6.93985
5.11426
3.14314
1.07952
27.1573
27.1844
27.2103
27.2349
27.2582
27.2802
27.301
27.3205
27.339
27.3564
27.3729
27.3889
27.4045
27.4199
27.4352
27.4506
27.4662
27.4821
27.4984
27.5151
27.5322
27.5497
27.5677
27.5862
27.6052
27.6246
27.6445
27.6649
27.6857
27.7069
27.7285
27.7506
27.773
27.7957
27.8187
27.8421
27.8658
27.8897
27.9138
27.9381
27.9627
27.9874
28.0123
28.0373
28.0624
28.0876
28.1129
28.1382
28.1636
28.189
28.2144
28.2397
28.2651
28.2904
28.3157
28.3409
28.366
28.391
28.4159
28.4407
28.4653
28.4898
28.5141
28.5382
28.5621
28.5858
28.6093
28.6325
28.6555
28.6782
28.7006
28.7227
28.7444
28.7659
28.7869
28.8075
28.8278
28.8475
28.8668
28.8856
28.9039
28.9216
28.9387
28.9552
28.971
28.9861
29.0004
29.0139
29.0265
29.0381
29.0488
29.0584
29.0669
29.0741
29.08
29.0845
29.0875
29.0889
29.0885
29.0863
29.0821
29.0757
29.067
29.0558
29.042
29.0252
29.0054
28.9822
28.9555
28.9248
28.89
28.8507
28.8066
28.7573
28.7023
28.6413
28.5738
28.4992
28.4171
28.3267
28.2276
28.1189
28
27.8701
27.7282
27.5735
27.4049
27.2214
27.0217
26.8046
26.5688
26.3127
26.0348
25.7333
25.4064
25.0521
24.6682
24.2524
23.802
23.3145
22.7868
22.2156
21.5976
20.929
20.2057
19.4232
18.5768
17.6614
16.6712
15.6001
14.4416
13.1884
11.8328
10.3664
8.78015
7.06439
5.20901
3.20347
1.10121
27.4847
27.5118
27.5376
27.5622
27.5854
27.6074
27.6281
27.6476
27.666
27.6833
27.6998
27.7157
27.7313
27.7466
27.762
27.7775
27.7932
27.8092
27.8256
27.8424
27.8596
27.8773
27.8955
27.9142
27.9334
27.953
27.9732
27.9937
28.0148
28.0362
28.0581
28.0804
28.103
28.126
28.1493
28.1729
28.1968
28.221
28.2454
28.27
28.2949
28.3199
28.345
28.3703
28.3957
28.4212
28.4467
28.4723
28.498
28.5237
28.5494
28.575
28.6007
28.6263
28.6518
28.6773
28.7027
28.728
28.7531
28.7782
28.8031
28.8278
28.8524
28.8768
28.9009
28.9249
28.9486
28.9721
28.9953
29.0183
29.0409
29.0632
29.0852
29.1069
29.1281
29.149
29.1694
29.1894
29.2089
29.2279
29.2464
29.2643
29.2816
29.2982
29.3142
29.3294
29.3439
29.3575
29.3703
29.3821
29.3928
29.4026
29.4111
29.4184
29.4244
29.429
29.432
29.4334
29.4331
29.4309
29.4267
29.4203
29.4115
29.4003
29.3863
29.3695
29.3495
29.3262
29.2992
29.2684
29.2333
29.1938
29.1493
29.0996
29.0443
28.9828
28.9148
28.8397
28.7569
28.6659
28.566
28.4566
28.3368
28.2059
28.063
27.9071
27.7373
27.5524
27.3512
27.1325
26.8949
26.6369
26.3568
26.053
25.7236
25.3665
24.9796
24.5604
24.1064
23.6149
23.0827
22.5067
21.8834
21.2088
20.4789
19.6892
18.8347
17.9102
16.9099
15.8275
14.6563
13.3887
12.0168
10.5317
8.92414
7.18386
5.30012
3.26167
1.12222
27.8196
27.8454
27.8699
27.8931
27.915
27.9356
27.955
27.9733
27.9905
28.0069
28.0227
28.0382
28.0535
28.0689
28.0844
28.1002
28.1163
28.1328
28.1498
28.1672
28.185
28.2034
28.2223
28.2416
28.2615
28.2818
28.3026
28.3238
28.3455
28.3676
28.3901
28.413
28.4362
28.4598
28.4837
28.5078
28.5322
28.5569
28.5818
28.6069
28.6321
28.6575
28.6831
28.7087
28.7345
28.7603
28.7862
28.8121
28.8381
28.864
28.89
28.9159
28.9417
28.9675
28.9933
29.0189
29.0445
29.0699
29.0952
29.1203
29.1453
29.1701
29.1948
29.2192
29.2434
29.2674
29.2911
29.3145
29.3377
29.3606
29.3831
29.4053
29.4272
29.4487
29.4697
29.4904
29.5105
29.5302
29.5494
29.5681
29.5862
29.6036
29.6204
29.6366
29.6519
29.6665
29.6803
29.6932
29.7051
29.716
29.7258
29.7344
29.7418
29.7479
29.7525
29.7556
29.7571
29.7568
29.7546
29.7503
29.7439
29.7351
29.7238
29.7098
29.6928
29.6728
29.6493
29.6221
29.5911
29.5558
29.516
29.4712
29.4212
29.3655
29.3036
29.2351
29.1595
29.0762
28.9846
28.884
28.7738
28.6532
28.5214
28.3775
28.2206
28.0496
27.8634
27.6609
27.4407
27.2014
26.9416
26.6596
26.3536
26.0218
25.6622
25.2724
24.8502
24.3928
23.8976
23.3613
22.7809
22.1525
21.4725
20.7365
19.9401
19.0781
18.1452
17.1356
16.0427
14.8595
13.5786
12.1914
10.6889
9.06135
7.29797
5.38741
3.3176
1.1425
28.1331
28.1574
28.1805
28.2024
28.2229
28.2422
28.2603
28.2774
28.2936
28.3093
28.3248
28.3401
28.3554
28.371
28.3868
28.403
28.4197
28.4367
28.4543
28.4723
28.4908
28.5098
28.5294
28.5494
28.5699
28.5909
28.6124
28.6343
28.6566
28.6793
28.7024
28.7258
28.7496
28.7737
28.7981
28.8228
28.8477
28.8728
28.8981
28.9236
28.9493
28.9751
29.001
29.027
29.0531
29.0792
29.1054
29.1316
29.1578
29.184
29.2101
29.2362
29.2623
29.2883
29.3142
29.3399
29.3656
29.3911
29.4165
29.4418
29.4668
29.4917
29.5163
29.5407
29.5649
29.5889
29.6125
29.6359
29.659
29.6817
29.7042
29.7262
29.7479
29.7691
29.79
29.8103
29.8302
29.8496
29.8684
29.8867
29.9043
29.9212
29.9375
29.953
29.9678
29.9817
29.9946
30.0067
30.0177
30.0276
30.0363
30.0438
30.0499
30.0546
30.0578
30.0593
30.059
30.0568
30.0525
30.0461
30.0372
30.0259
30.0118
29.9947
29.9745
29.9509
29.9236
29.8924
29.8569
29.8168
29.7718
29.7215
29.6654
29.6031
29.5342
29.4581
29.3743
29.2821
29.181
29.0701
28.9487
28.8161
28.6713
28.5134
28.3413
28.154
27.9501
27.7285
27.4878
27.2263
26.9425
26.6346
26.3006
25.9386
25.5463
25.1212
24.6607
24.1621
23.6221
23.0375
22.4046
21.7196
20.978
20.1753
19.3065
18.3659
17.3476
16.245
15.0509
13.7575
12.3562
10.8376
9.19141
7.40643
5.47062
3.37115
1.16202
28.4001
28.4244
28.4473
28.469
28.4894
28.5085
28.5265
28.5434
28.5595
28.5751
28.5904
28.6057
28.621
28.6366
28.6525
28.6688
28.6855
28.7027
28.7204
28.7385
28.7572
28.7764
28.7961
28.8163
28.837
28.8582
28.8798
28.9019
28.9244
28.9473
28.9706
28.9943
29.0183
29.0426
29.0672
29.0921
29.1172
29.1426
29.1681
29.1939
29.2198
29.2458
29.2719
29.2981
29.3244
29.3508
29.3772
29.4036
29.4301
29.4565
29.4829
29.5092
29.5355
29.5617
29.5878
29.6138
29.6397
29.6655
29.6911
29.7165
29.7418
29.7669
29.7917
29.8164
29.8408
29.8649
29.8888
29.9124
29.9356
29.9586
29.9812
30.0034
30.0253
30.0467
30.0677
30.0883
30.1083
30.1278
30.1468
30.1652
30.183
30.2001
30.2165
30.2321
30.247
30.261
30.2741
30.2862
30.2973
30.3073
30.3162
30.3237
30.3299
30.3346
30.3378
30.3394
30.3391
30.3369
30.3326
30.3262
30.3173
30.3059
30.2917
30.2746
30.2543
30.2306
30.2031
30.1717
30.136
30.0957
30.0505
29.9998
29.9435
29.8809
29.8116
29.735
29.6507
29.558
29.4563
29.3448
29.2227
29.0894
28.9437
28.7849
28.6119
28.4235
28.2185
27.9956
27.7534
27.4904
27.205
26.8953
26.5594
26.1952
25.8005
25.3729
24.9096
24.4078
23.8644
23.2761
22.6391
21.9494
21.2028
20.3944
19.5193
18.5717
17.5455
16.434
15.2299
13.9252
12.5109
10.9774
9.31393
7.5089
5.54953
3.42214
1.18072
28.6702
28.693
28.7145
28.7346
28.7536
28.7714
28.7881
28.804
28.8194
28.8346
28.8498
28.8652
28.8808
28.8967
28.9131
28.9299
28.9472
28.965
28.9832
29.0021
29.0214
29.0413
29.0616
29.0825
29.1038
29.1256
29.1479
29.1706
29.1937
29.2172
29.2411
29.2653
29.2898
29.3146
29.3397
29.365
29.3906
29.4163
29.4423
29.4684
29.4946
29.5209
29.5474
29.5739
29.6005
29.6271
29.6537
29.6804
29.707
29.7336
29.7602
29.7867
29.8131
29.8394
29.8656
29.8917
29.9177
29.9435
29.9691
29.9946
30.0198
30.0449
30.0697
30.0943
30.1186
30.1427
30.1665
30.1899
30.213
30.2358
30.2582
30.2803
30.3019
30.323
30.3437
30.3639
30.3836
30.4027
30.4213
30.4392
30.4564
30.4729
30.4887
30.5037
30.5178
30.531
30.5432
30.5544
30.5645
30.5734
30.581
30.5873
30.5921
30.5953
30.5968
30.5966
30.5944
30.5901
30.5837
30.5748
30.5633
30.5491
30.5319
30.5115
30.4876
30.4601
30.4285
30.3926
30.3521
30.3066
30.2558
30.1991
30.1362
30.0665
29.9896
29.9049
29.8117
29.7094
29.5973
29.4747
29.3406
29.1943
29.0347
28.8607
28.6713
28.4653
28.2413
27.9979
27.7335
27.4466
27.1352
26.7975
26.4314
26.0346
25.6047
25.1388
24.6343
24.0878
23.496
22.8553
22.1615
21.4102
20.5968
19.716
18.762
17.7287
16.6092
15.396
14.0809
12.6548
11.1077
9.42851
7.60504
5.62388
3.47044
1.19856
28.9169
28.9381
28.958
28.9768
28.9943
29.0108
29.0265
29.0418
29.0569
29.072
29.0873
29.1029
29.1189
29.1353
29.1522
29.1696
29.1875
29.2059
29.2248
29.2443
29.2643
29.2848
29.3058
29.3273
29.3493
29.3717
29.3946
29.4179
29.4415
29.4656
29.49
29.5147
29.5397
29.5649
29.5904
29.6162
29.6421
29.6683
29.6946
29.721
29.7475
29.7742
29.8009
29.8276
29.8545
29.8813
29.9081
29.935
29.9617
29.9885
30.0152
30.0418
30.0683
30.0947
30.121
30.1471
30.1731
30.1989
30.2246
30.25
30.2753
30.3003
30.325
30.3495
30.3738
30.3977
30.4213
30.4446
30.4675
30.4901
30.5123
30.534
30.5553
30.5762
30.5965
30.6163
30.6356
30.6542
30.6723
30.6896
30.7063
30.7222
30.7372
30.7515
30.7648
30.7771
30.7884
30.7985
30.8075
30.8151
30.8214
30.8263
30.8296
30.8311
30.8309
30.8287
30.8245
30.818
30.809
30.7976
30.7833
30.766
30.7455
30.7216
30.6939
30.6622
30.6261
30.5855
30.5398
30.4887
30.4317
30.3685
30.2986
30.2213
30.1362
30.0426
29.9398
29.8273
29.704
29.5694
29.4224
29.262
29.0873
28.897
28.6901
28.465
28.2205
27.9549
27.6666
27.3538
27.0146
26.6467
26.248
25.816
25.3479
24.8408
24.2916
23.6968
23.0527
22.3552
21.5999
20.7819
19.896
18.9363
17.8966
16.7699
15.5486
14.2242
12.7875
11.2282
9.53472
7.6945
5.69338
3.51589
1.21548
29.1394
29.1591
29.1775
29.1949
29.2111
29.2265
29.2416
29.2565
29.2716
29.2868
29.3025
29.3185
29.335
29.352
29.3694
29.3874
29.4059
29.425
29.4446
29.4647
29.4854
29.5065
29.5281
29.5503
29.5728
29.5959
29.6193
29.6431
29.6673
29.6919
29.7167
29.7419
29.7673
29.793
29.8189
29.845
29.8713
29.8978
29.9244
29.9511
29.9779
30.0048
30.0318
30.0588
30.0858
30.1128
30.1398
30.1667
30.1937
30.2205
30.2473
30.274
30.3006
30.327
30.3533
30.3795
30.4055
30.4313
30.4569
30.4823
30.5074
30.5324
30.557
30.5814
30.6055
30.6292
30.6527
30.6757
30.6984
30.7207
30.7426
30.7641
30.785
30.8055
30.8254
30.8448
30.8636
30.8817
30.8992
30.916
30.9319
30.9471
30.9614
30.9748
30.9872
30.9986
31.0088
31.0178
31.0255
31.0319
31.0368
31.0401
31.0417
31.0415
31.0393
31.035
31.0285
31.0196
31.008
30.9937
30.9764
30.9558
30.9318
30.904
30.8722
30.836
30.7952
30.7493
30.698
30.6408
30.5774
30.5071
30.4295
30.3441
30.2501
30.147
30.0339
29.9102
29.775
29.6274
29.4664
29.291
29.1
28.8922
28.6662
28.4207
28.154
27.8646
27.5505
27.2099
26.8405
26.4402
26.0063
25.5362
25.0269
24.4753
23.8778
23.2308
22.53
21.7711
20.9491
20.0587
19.0941
18.0487
16.9157
15.6872
14.3546
12.9085
11.3382
9.63209
7.77687
5.75776
3.5583
1.23144
29.3178
29.3372
29.3554
29.3724
29.3884
29.4035
29.4184
29.4331
29.4481
29.4633
29.479
29.495
29.5116
29.5286
29.5461
29.5642
29.5828
29.602
29.6217
29.6419
29.6627
29.684
29.7057
29.728
29.7507
29.7739
29.7974
29.8214
29.8457
29.8704
29.8954
29.9207
29.9463
29.9722
29.9982
30.0245
30.051
30.0776
30.1043
30.1312
30.1582
30.1852
30.2123
30.2395
30.2666
30.2938
30.3209
30.3481
30.3751
30.4021
30.4291
30.4559
30.4826
30.5092
30.5357
30.562
30.5881
30.6141
30.6398
30.6654
30.6907
30.7157
30.7405
30.765
30.7892
30.8131
30.8367
30.8599
30.8827
30.9051
30.9271
30.9487
30.9698
30.9904
31.0104
31.0299
31.0488
31.067
31.0846
31.1014
31.1175
31.1327
31.1471
31.1606
31.1731
31.1845
31.1948
31.2038
31.2116
31.218
31.2229
31.2263
31.2279
31.2277
31.2255
31.2213
31.2147
31.2058
31.1942
31.1799
31.1625
31.1419
31.1177
31.0898
31.0579
31.0216
30.9807
30.9346
30.8831
30.8258
30.7621
30.6916
30.6138
30.528
30.4337
30.3302
30.2168
30.0927
29.957
29.8089
29.6473
29.4713
29.2796
29.0711
28.8444
28.598
28.3304
28.0399
27.7248
27.3829
27.0122
26.6104
26.175
25.7031
25.192
24.6383
24.0385
23.3889
22.6854
21.9234
21.0979
20.2036
19.2346
18.1844
17.0459
15.8111
14.4715
13.0171
11.4374
9.72015
7.85175
5.81667
3.59751
1.2464
29.4919
29.5097
29.5264
29.542
29.5569
29.5715
29.5861
29.601
29.6162
29.6318
29.6479
29.6645
29.6816
29.6992
29.7174
29.7361
29.7553
29.7751
29.7955
29.8163
29.8377
29.8596
29.8819
29.9048
29.928
29.9517
29.9758
30.0003
30.0251
30.0502
30.0757
30.1014
30.1274
30.1535
30.18
30.2065
30.2333
30.2602
30.2872
30.3143
30.3415
30.3687
30.396
30.4233
30.4506
30.4779
30.5051
30.5323
30.5595
30.5865
30.6135
30.6403
30.6671
30.6937
30.7201
30.7464
30.7724
30.7983
30.824
30.8494
30.8746
30.8995
30.9241
30.9484
30.9724
30.9961
31.0194
31.0423
31.0649
31.087
31.1086
31.1298
31.1505
31.1706
31.1902
31.2092
31.2275
31.2451
31.2621
31.2782
31.2935
31.308
31.3215
31.3341
31.3455
31.3559
31.365
31.3728
31.3793
31.3842
31.3876
31.3892
31.389
31.3869
31.3826
31.3761
31.3671
31.3555
31.3411
31.3237
31.303
31.2788
31.2509
31.2189
31.1825
31.1414
31.0952
31.0436
30.9861
30.9222
30.8515
30.7734
30.6874
30.5929
30.4891
30.3753
30.2508
30.1147
29.9662
29.8042
29.6276
29.4354
29.2263
28.9989
28.7518
28.4834
28.1921
27.876
27.5331
27.1613
26.7583
26.3215
25.8482
25.3355
24.78
24.1783
23.5266
22.8207
22.056
21.2276
20.3301
19.3575
18.3032
17.16
15.9199
14.5742
13.1129
11.5252
9.79838
7.91867
5.86978
3.63334
1.26033
29.64
29.6563
29.6716
29.6862
29.7005
29.715
29.7297
29.7449
29.7606
29.7767
29.7933
29.8104
29.8281
29.8463
29.8651
29.8844
29.9043
29.9247
29.9457
29.9671
29.9891
30.0116
30.0345
30.0579
30.0817
30.1058
30.1304
30.1553
30.1806
30.2061
30.232
30.258
30.2843
30.3109
30.3376
30.3644
30.3914
30.4185
30.4458
30.4731
30.5004
30.5278
30.5552
30.5826
30.61
30.6374
30.6647
30.6919
30.7191
30.7462
30.7732
30.8
30.8267
30.8532
30.8796
30.9058
30.9318
30.9575
30.983
31.0083
31.0333
31.0581
31.0825
31.1066
31.1303
31.1537
31.1768
31.1994
31.2216
31.2433
31.2646
31.2854
31.3056
31.3252
31.3443
31.3627
31.3804
31.3974
31.4136
31.429
31.4435
31.4571
31.4697
31.4812
31.4916
31.5007
31.5086
31.5151
31.52
31.5234
31.5251
31.5249
31.5228
31.5185
31.512
31.503
31.4914
31.477
31.4595
31.4388
31.4145
31.3865
31.3544
31.318
31.2768
31.2305
31.1787
31.1211
31.0571
30.9862
30.908
30.8217
30.7269
30.6229
30.5089
30.3841
30.2477
30.0988
29.9364
29.7594
29.5667
29.3571
29.1292
28.8815
28.6125
28.3205
28.0036
27.6599
27.2872
26.8832
26.4453
25.9708
25.4568
24.8999
24.2966
23.6432
22.9353
22.1685
21.3377
20.4375
19.4619
18.4043
17.2573
16.0129
14.6623
13.1953
11.6009
9.86622
7.97714
5.91671
3.6656
1.27322
29.7457
29.7616
29.7765
29.7908
29.8048
29.8191
29.8338
29.8489
29.8646
29.8807
29.8974
29.9146
29.9323
29.9506
29.9694
29.9888
30.0087
30.0292
30.0502
30.0718
30.0938
30.1163
30.1394
30.1628
30.1867
30.2109
30.2356
30.2606
30.2859
30.3116
30.3375
30.3637
30.3901
30.4167
30.4435
30.4704
30.4975
30.5247
30.552
30.5794
30.6069
30.6343
30.6618
30.6893
30.7168
30.7443
30.7717
30.799
30.8263
30.8535
30.8805
30.9075
30.9342
30.9609
30.9873
31.0136
31.0396
31.0655
31.0911
31.1165
31.1415
31.1663
31.1908
31.215
31.2389
31.2623
31.2854
31.3081
31.3304
31.3522
31.3736
31.3944
31.4147
31.4344
31.4535
31.4719
31.4897
31.5067
31.523
31.5385
31.553
31.5666
31.5793
31.5908
31.6013
31.6105
31.6184
31.6248
31.6299
31.6333
31.6349
31.6348
31.6326
31.6284
31.6218
31.6129
31.6012
31.5868
31.5693
31.5486
31.5243
31.4962
31.4641
31.4275
31.3863
31.3399
31.288
31.2303
31.1662
31.0952
31.0168
30.9304
30.8354
30.7312
30.6169
30.4919
30.3553
30.2061
30.0434
29.8661
29.6731
29.4631
29.2347
28.9866
28.7171
28.4245
28.107
27.7627
27.3893
26.9845
26.5458
26.0704
25.5553
24.9973
24.3928
23.738
23.0287
22.2602
21.4276
20.5254
19.5474
18.4871
17.3372
16.0895
14.735
13.2635
11.6639
9.92309
8.02663
5.95701
3.69409
1.28513
29.8417
29.8562
29.8701
29.8838
29.8979
29.9126
29.9278
29.9434
29.9596
29.9762
29.9934
30.0112
30.0295
30.0484
30.0678
30.0878
30.1084
30.1294
30.151
30.1731
30.1957
30.2188
30.2423
30.2662
30.2906
30.3153
30.3404
30.3658
30.3915
30.4175
30.4437
30.4702
30.4968
30.5237
30.5507
30.5779
30.6052
30.6326
30.66
30.6875
30.7151
30.7426
30.7702
30.7978
30.8253
30.8528
30.8802
30.9075
30.9348
30.9619
30.9889
31.0157
31.0424
31.0689
31.0953
31.1214
31.1473
31.173
31.1984
31.2235
31.2484
31.273
31.2972
31.3211
31.3446
31.3678
31.3905
31.4129
31.4347
31.4561
31.477
31.4973
31.5171
31.5362
31.5547
31.5725
31.5896
31.6059
31.6214
31.636
31.6497
31.6623
31.6739
31.6844
31.6936
31.7015
31.7081
31.7131
31.7165
31.7182
31.718
31.7159
31.7117
31.7051
31.6961
31.6845
31.67
31.6525
31.6318
31.6075
31.5794
31.5472
31.5106
31.4693
31.4228
31.3709
31.3131
31.2489
31.1778
31.0993
31.0128
30.9177
30.8133
30.699
30.5738
30.437
30.2876
30.1247
29.9471
29.7539
29.5436
29.3149
29.0664
28.7966
28.5036
28.1858
27.8409
27.4671
27.0617
26.6224
26.1464
25.6306
25.0718
24.4664
23.8106
23.1002
22.3306
21.4966
20.5929
19.6133
18.5512
17.3991
16.149
14.7917
13.317
11.7137
9.96834
8.06655
5.9902
3.71865
1.29621
29.91
29.9236
29.9371
29.951
29.9656
29.9808
29.9965
30.0126
30.0293
30.0465
30.0643
30.0827
30.1016
30.121
30.1411
30.1616
30.1828
30.2044
30.2265
30.2492
30.2723
30.2958
30.3198
30.3442
30.369
30.3941
30.4195
30.4453
30.4713
30.4976
30.5241
30.5508
30.5777
30.6048
30.632
30.6594
30.6868
30.7143
30.7418
30.7694
30.7971
30.8247
30.8523
30.8799
30.9074
30.9348
30.9622
30.9895
31.0167
31.0437
31.0706
31.0973
31.1239
31.1503
31.1765
31.2024
31.2281
31.2536
31.2788
31.3037
31.3283
31.3525
31.3765
31.4001
31.4233
31.446
31.4684
31.4903
31.5117
31.5326
31.553
31.5728
31.592
31.6105
31.6283
31.6455
31.6618
31.6773
31.6919
31.7056
31.7183
31.7299
31.7404
31.7496
31.7576
31.7641
31.7691
31.7726
31.7743
31.7741
31.772
31.7678
31.7612
31.7522
31.7406
31.7261
31.7086
31.6878
31.6635
31.6354
31.6032
31.5666
31.5252
31.4788
31.4268
31.369
31.3047
31.2335
31.155
31.0684
30.9733
30.8688
30.7543
30.6291
30.4921
30.3426
30.1796
30.0019
29.8085
29.598
29.3692
29.1205
28.8505
28.5573
28.2392
27.8941
27.5199
27.1142
26.6746
26.1981
25.6819
25.1226
24.5167
23.8604
23.1493
22.3789
21.5442
20.6396
19.659
18.5957
17.4424
16.1907
14.8318
13.3551
11.7494
10.0013
8.09625
6.01568
3.73907
1.30682
29.9556
29.9688
29.9826
29.9973
30.0124
30.0281
30.0443
30.061
30.0782
30.096
30.1144
30.1333
30.1528
30.1728
30.1934
30.2146
30.2362
30.2584
30.281
30.3042
30.3278
30.3518
30.3762
30.401
30.4261
30.4516
30.4774
30.5034
30.5297
30.5563
30.583
30.61
30.6371
30.6643
30.6917
30.7191
30.7466
30.7742
30.8019
30.8295
30.8572
30.8848
30.9124
30.94
30.9674
30.9949
31.0222
31.0494
31.0764
31.1033
31.1301
31.1567
31.1831
31.2093
31.2353
31.261
31.2865
31.3117
31.3366
31.3613
31.3856
31.4095
31.4331
31.4563
31.4792
31.5015
31.5235
31.5449
31.5658
31.5862
31.606
31.6252
31.6438
31.6616
31.6788
31.6951
31.7107
31.7253
31.739
31.7517
31.7633
31.7738
31.7831
31.791
31.7976
31.8026
31.8061
31.8078
31.8076
31.8055
31.8013
31.7947
31.7858
31.7741
31.7597
31.7422
31.7214
31.6971
31.6689
31.6367
31.6001
31.5587
31.5123
31.4603
31.4024
31.3381
31.267
31.1884
31.1018
31.0066
30.9021
30.7876
30.6623
30.5253
30.3758
30.2127
30.035
29.8415
29.631
29.4021
29.1533
28.8832
28.5899
28.2716
27.9265
27.5521
27.1464
26.7065
26.2299
25.7135
25.154
24.548
23.8914
23.18
22.4094
21.5743
20.6693
19.6883
18.6245
17.4706
16.2183
14.8586
13.381
11.7744
10.0249
8.11838
6.03584
3.75804
1.3198
)
;

boundaryField
{
    inlet
    {
        type            fixedValue;
        value           nonuniform List<scalar> 0();
    }
    outlet
    {
        type            fixedValue;
        value           uniform 0;
    }
    lowerWall
    {
        type            zeroGradient;
    }
    upperWall
    {
        type            zeroGradient;
    }
    frontAndBack
    {
        type            zeroGradient;
    }
    procBoundary11to2
    {
        type            processor;
        value           nonuniform List<scalar> 
36
(
6.56078
6.56739
6.57438
6.58182
6.58973
6.59809
6.60695
6.61627
6.62606
6.6363
6.64696
6.65801
6.66939
6.68109
6.69304
6.70522
6.71756
6.73001
6.74252
6.75504
6.76751
6.77989
6.79212
6.80415
6.81592
6.82741
6.83856
6.84934
6.85972
6.86967
6.87918
6.88824
6.89684
6.90501
6.91272
6.92005
)
;
    }
    procBoundary11to5
    {
        type            processor;
        value           nonuniform List<scalar> 
86
(
7.20047
7.85656
7.85656
8.51533
8.51533
9.17596
9.17596
9.82274
10.4837
10.4837
11.1449
11.1449
11.7858
12.4439
12.4439
13.1004
13.1004
13.7545
13.7545
14.3805
15.0268
15.0268
15.6688
15.6688
16.2773
16.908
16.908
17.5325
17.5325
18.15
18.15
18.728
19.3291
19.3291
19.9212
19.9212
20.4701
21.0421
21.0421
21.6031
21.6031
22.1524
22.1524
22.6548
23.1787
23.1787
23.6888
23.6888
24.1502
24.6311
24.6311
25.0962
25.0962
25.5446
25.5446
25.9435
26.3576
26.3576
26.753
26.753
27.1289
27.1289
27.4559
27.7923
27.7923
28.1073
28.1073
28.374
28.6458
28.6458
28.8941
28.8941
29.1184
29.1184
29.2967
29.4726
29.4726
29.6225
29.6225
29.7281
29.8259
29.8259
29.8959
29.8959
29.9423
29.9423
)
;
    }
    procBoundary11to8
    {
        type            processor;
        value           nonuniform List<scalar> 
150
(
6.92706
6.93415
6.9414
6.94874
6.95608
6.96343
6.97078
6.97813
6.98548
6.99282
7.00017
7.00752
7.01488
7.02226
7.02966
7.03707
7.04451
7.05197
7.05947
7.06699
7.07454
7.08212
7.08974
7.09738
7.10505
7.11275
7.12049
7.12824
7.13603
7.14384
7.15167
7.15953
7.1674
7.17529
7.1832
7.19112
7.19905
7.207
7.21495
7.22291
7.23086
7.23882
7.24678
7.25473
7.26268
7.27061
7.27853
7.28643
7.29432
7.30218
7.31001
7.31782
7.32558
7.33331
7.341
7.34864
7.35622
7.36374
7.3712
7.37858
7.38589
7.39311
7.40023
7.40725
7.41416
7.42094
7.42759
7.43409
7.44044
7.44661
7.4526
7.45838
7.46394
7.46926
7.47433
7.47912
7.4836
7.48775
7.49155
7.49497
7.49797
7.50052
7.50259
7.50413
7.50511
7.50547
7.50518
7.50417
7.50239
7.49979
7.49629
7.49182
7.48632
7.4797
7.47187
7.46274
7.45222
7.44019
7.42654
7.41116
7.3939
7.37465
7.35323
7.32952
7.30332
7.27446
7.24275
7.20799
7.16997
7.12845
7.08319
7.03394
6.98044
6.92239
6.8595
6.79146
6.71795
6.63862
6.55312
6.46109
6.36215
6.25591
6.14199
6.01998
5.88949
5.75011
5.60147
5.44317
5.27486
5.09621
4.90691
4.70672
5.05331
5.05331
4.81481
4.5639
4.30053
4.02479
3.73698
3.43758
3.12729
2.80709
2.47826
2.14244
1.80167
1.45845
1.1158
0.777357
0.447334
0.140136
)
;
    }
}


// ************************************************************************* //
