/*--------------------------------*- C++ -*----------------------------------*\
| =========                 |                                                 |
| \\      /  F ield         | OpenFOAM: The Open Source CFD Toolbox           |
|  \\    /   O peration     | Version:  2512                                  |
|   \\  /    A nd           | Website:  www.openfoam.com                      |
|    \\/     M anipulation  |                                                 |
\*---------------------------------------------------------------------------*/
FoamFile
{
    version     2.0;
    format      ascii;
    arch        "LSB;label=32;scalar=64";
    class       volScalarField;
    location    "0.1";
    object      Ux;
}
// * * * * * * * * * * * * * * * * * * * * * * * * * * * * * * * * * * * * * //

dimensions      [0 1 -1 0 0 0 0];

internalField   nonuniform List<scalar> 
8334
(
0.0613897
0.061369
0.0613506
0.0613334
0.0613168
0.0612998
0.0612828
0.0612659
0.0612489
0.0612318
0.0612148
0.0611977
0.0611806
0.0611635
0.0611463
0.0611291
0.0611119
0.0610946
0.0610774
0.0610601
0.0610427
0.0610254
0.061008
0.0609905
0.0609731
0.0609556
0.0609381
0.0609205
0.0609029
0.0608852
0.0608676
0.0608497
0.060832
0.0608138
0.0607951
0.0607764
0.0607569
0.0607397
0.0607241
0.0607078
0.0606907
0.0606736
0.0606566
0.0606395
0.0606224
0.0606052
0.060588
0.0605708
0.0605535
0.0605362
0.060519
0.0605016
0.0604843
0.0604669
0.0604496
0.0604322
0.0604147
0.0603973
0.0603798
0.0603624
0.0603449
0.0603273
0.0603098
0.0602922
0.0602747
0.0602571
0.0602394
0.0602218
0.0602042
0.0601865
0.0601688
0.0601511
0.0601334
0.0601156
0.0600979
0.0600801
0.0600623
0.0600445
0.0600267
0.0600088
0.0599909
0.0599731
0.0599552
0.0599373
0.0599193
0.0599014
0.0598834
0.0598654
0.0598475
0.0598294
0.0598114
0.0597934
0.0597753
0.0597573
0.0597392
0.0597211
0.059703
0.0596849
0.0596667
0.0596486
0.0596304
0.0596122
0.059594
0.0595758
0.0595576
0.0595394
0.0595211
0.0595029
0.0594846
0.0594663
0.059448
0.0594297
0.0594114
0.0593931
0.0593747
0.0593564
0.059338
0.0593196
0.0593013
0.0592829
0.0592645
0.059246
0.0592276
0.0592092
0.0591907
0.0591723
0.0591538
0.0591353
0.0591168
0.0590984
0.0590799
0.0590614
0.0590429
0.0590243
0.0590058
0.0589872
0.0589687
0.0589501
0.0589315
0.0589129
0.0588944
0.0588758
0.0588572
0.0588386
0.05882
0.0588013
0.0587827
0.0587641
0.0587454
0.0587268
0.0587081
0.0586894
0.0586708
0.0586521
0.0586334
0.0586147
0.058596
0.0585773
0.0585586
0.0585399
0.0585211
0.0585024
0.0584836
0.0584649
0.0584461
0.0584274
0.0584088
0.0583904
0.0613706
0.06135
0.0613328
0.0613166
0.0612999
0.0612828
0.0612659
0.0612489
0.0612318
0.0612147
0.0611976
0.0611805
0.0611634
0.0611462
0.061129
0.0611118
0.0610946
0.0610773
0.06106
0.0610426
0.0610253
0.0610079
0.0609904
0.060973
0.0609555
0.060938
0.0609204
0.0609028
0.0608851
0.0608675
0.0608496
0.0608319
0.0608136
0.060795
0.0607768
0.0607577
0.0607401
0.0607241
0.0607077
0.0606907
0.0606736
0.0606566
0.0606395
0.0606223
0.0606052
0.060588
0.0605707
0.0605535
0.0605362
0.0605189
0.0605016
0.0604843
0.0604669
0.0604495
0.0604321
0.0604147
0.0603973
0.0603798
0.0603623
0.0603448
0.0603273
0.0603098
0.0602922
0.0602746
0.060257
0.0602394
0.0602218
0.0602041
0.0601865
0.0601688
0.0601511
0.0601333
0.0601156
0.0600978
0.0600801
0.0600623
0.0600445
0.0600266
0.0600088
0.0599909
0.059973
0.0599551
0.0599372
0.0599193
0.0599014
0.0598834
0.0598654
0.0598474
0.0598294
0.0598114
0.0597934
0.0597753
0.0597572
0.0597392
0.0597211
0.059703
0.0596848
0.0596667
0.0596485
0.0596304
0.0596122
0.059594
0.0595758
0.0595576
0.0595393
0.0595211
0.0595028
0.0594846
0.0594663
0.059448
0.0594297
0.0594114
0.059393
0.0593747
0.0593564
0.059338
0.0593196
0.0593012
0.0592828
0.0592644
0.059246
0.0592276
0.0592091
0.0591907
0.0591722
0.0591538
0.0591353
0.0591168
0.0590983
0.0590798
0.0590612
0.0590427
0.0590242
0.0590056
0.0589871
0.0589685
0.05895
0.0589314
0.0589128
0.0588942
0.0588756
0.058857
0.0588383
0.0588197
0.058801
0.0587824
0.0587637
0.058745
0.0587263
0.0587076
0.0586889
0.0586702
0.0586515
0.0586327
0.058614
0.0585952
0.0585764
0.0585576
0.0585388
0.05852
0.0585011
0.0584823
0.0584634
0.0584445
0.0584257
0.0584068
0.0583887
0.0583697
0.0583493
0.0583301
0.0583112
0.0582922
0.058273
0.0582537
0.0582346
0.0582149
0.0581964
0.0581749
0.0581595
0.0581325
0.0581247
0.0580895
0.0580856
0.0580493
0.0613514
0.061332
0.0613162
0.0612994
0.0612826
0.0612658
0.0612487
0.0612316
0.0612146
0.0611976
0.0611805
0.0611633
0.0611462
0.061129
0.0611117
0.0610945
0.0610772
0.0610599
0.0610426
0.0610252
0.0610078
0.0609904
0.0609729
0.0609554
0.0609379
0.0609203
0.0609027
0.060885
0.0608674
0.0608495
0.0608317
0.0608136
0.0607951
0.060777
0.0607583
0.0607406
0.0607242
0.0607077
0.0606907
0.0606736
0.0606565
0.0606394
0.0606223
0.0606051
0.0605879
0.0605707
0.0605535
0.0605362
0.0605189
0.0605016
0.0604842
0.0604669
0.0604495
0.0604321
0.0604147
0.0603972
0.0603798
0.0603623
0.0603448
0.0603273
0.0603098
0.0602922
0.0602746
0.060257
0.0602394
0.0602218
0.0602041
0.0601865
0.0601688
0.0601511
0.0601333
0.0601156
0.0600978
0.0600801
0.0600623
0.0600444
0.0600266
0.0600088
0.0599909
0.059973
0.0599551
0.0599372
0.0599193
0.0599013
0.0598834
0.0598654
0.0598474
0.0598294
0.0598114
0.0597933
0.0597753
0.0597572
0.0597391
0.0597211
0.0597029
0.0596848
0.0596667
0.0596485
0.0596304
0.0596122
0.059594
0.0595758
0.0595576
0.0595393
0.0595211
0.0595028
0.0594845
0.0594663
0.059448
0.0594297
0.0594113
0.059393
0.0593747
0.0593563
0.0593379
0.0593196
0.0593012
0.0592828
0.0592644
0.0592459
0.0592275
0.0592091
0.0591906
0.0591722
0.0591537
0.0591352
0.0591167
0.0590982
0.0590797
0.0590612
0.0590427
0.0590242
0.0590056
0.058987
0.0589684
0.0589498
0.0589312
0.0589126
0.058894
0.0588754
0.0588567
0.0588381
0.0588194
0.0588008
0.0587821
0.0587634
0.0587447
0.0587259
0.0587072
0.0586885
0.0586697
0.0586509
0.0586321
0.0586133
0.0585944
0.0585756
0.0585567
0.0585378
0.0585189
0.0585
0.058481
0.058462
0.058443
0.058424
0.058405
0.0583863
0.0583672
0.0583472
0.0583277
0.0583084
0.058289
0.0582695
0.0582499
0.0582304
0.0582103
0.0581914
0.0581695
0.0581536
0.058126
0.0581178
0.0580818
0.0580776
0.0580401
0.0613333
0.061316
0.0612993
0.0612825
0.0612657
0.0612486
0.0612316
0.0612145
0.0611974
0.0611804
0.0611632
0.0611461
0.0611289
0.0611117
0.0610944
0.0610771
0.0610598
0.0610425
0.0610251
0.0610077
0.0609903
0.0609728
0.0609553
0.0609378
0.0609202
0.0609026
0.0608849
0.0608673
0.0608494
0.0608316
0.0608135
0.0607951
0.0607771
0.0607588
0.060741
0.0607243
0.0607077
0.0606907
0.0606736
0.0606565
0.0606394
0.0606223
0.0606051
0.0605879
0.0605707
0.0605534
0.0605362
0.0605189
0.0605015
0.0604842
0.0604669
0.0604495
0.0604321
0.0604147
0.0603972
0.0603798
0.0603623
0.0603448
0.0603273
0.0603097
0.0602922
0.0602746
0.060257
0.0602394
0.0602218
0.0602041
0.0601864
0.0601688
0.060151
0.0601333
0.0601156
0.0600978
0.06008
0.0600622
0.0600444
0.0600266
0.0600088
0.0599909
0.059973
0.0599551
0.0599372
0.0599193
0.0599013
0.0598834
0.0598654
0.0598474
0.0598294
0.0598114
0.0597933
0.0597753
0.0597572
0.0597391
0.059721
0.0597029
0.0596848
0.0596667
0.0596485
0.0596303
0.0596122
0.059594
0.0595758
0.0595575
0.0595393
0.0595211
0.0595028
0.0594845
0.0594663
0.059448
0.0594296
0.0594113
0.059393
0.0593747
0.0593563
0.0593379
0.0593196
0.0593012
0.0592828
0.0592643
0.0592459
0.0592275
0.059209
0.0591906
0.0591721
0.0591537
0.0591352
0.0591167
0.0590981
0.0590796
0.0590611
0.0590425
0.0590239
0.0590054
0.0589868
0.0589683
0.0589497
0.058931
0.0589124
0.0588938
0.0588752
0.0588565
0.0588378
0.0588191
0.0588004
0.0587817
0.058763
0.0587443
0.0587255
0.0587067
0.0586879
0.0586691
0.0586503
0.0586314
0.0586126
0.0585937
0.0585747
0.0585558
0.0585368
0.0585178
0.0584987
0.0584797
0.0584606
0.0584414
0.0584223
0.0584031
0.0583841
0.0583648
0.0583448
0.058325
0.0583054
0.0582858
0.058266
0.0582461
0.0582262
0.0582058
0.0581865
0.0581641
0.0581478
0.0581196
0.058111
0.0580741
0.0580697
0.0580309
0.0613358
0.0613156
0.0612986
0.0612823
0.0612657
0.0612484
0.0612314
0.0612145
0.0611974
0.0611803
0.0611632
0.061146
0.0611288
0.0611116
0.0610943
0.0610771
0.0610598
0.0610424
0.061025
0.0610076
0.0609902
0.0609727
0.0609552
0.0609377
0.0609201
0.0609025
0.0608848
0.0608671
0.0608493
0.0608315
0.0608135
0.0607952
0.0607773
0.0607592
0.0607414
0.0607245
0.0607078
0.0606907
0.0606736
0.0606565
0.0606394
0.0606222
0.0606051
0.0605879
0.0605706
0.0605534
0.0605361
0.0605188
0.0605015
0.0604842
0.0604668
0.0604495
0.0604321
0.0604146
0.0603972
0.0603798
0.0603623
0.0603448
0.0603273
0.0603097
0.0602922
0.0602746
0.060257
0.0602394
0.0602218
0.0602041
0.0601864
0.0601687
0.060151
0.0601333
0.0601156
0.0600978
0.06008
0.0600622
0.0600444
0.0600266
0.0600088
0.0599909
0.059973
0.0599551
0.0599372
0.0599193
0.0599013
0.0598834
0.0598654
0.0598474
0.0598294
0.0598114
0.0597933
0.0597753
0.0597572
0.0597391
0.059721
0.0597029
0.0596848
0.0596667
0.0596485
0.0596303
0.0596122
0.059594
0.0595758
0.0595575
0.0595393
0.0595211
0.0595028
0.0594845
0.0594662
0.0594479
0.0594296
0.0594113
0.059393
0.0593746
0.0593563
0.0593379
0.0593195
0.0593011
0.0592827
0.0592643
0.0592459
0.0592274
0.059209
0.0591905
0.0591721
0.0591536
0.0591351
0.0591166
0.0590981
0.0590795
0.059061
0.0590425
0.059024
0.0590054
0.0589868
0.0589682
0.0589496
0.0589309
0.0589123
0.0588936
0.058875
0.0588563
0.0588376
0.0588189
0.0588002
0.0587814
0.0587627
0.0587439
0.0587251
0.0587063
0.0586875
0.0586686
0.0586497
0.0586308
0.0586119
0.0585929
0.0585739
0.0585549
0.0585358
0.0585167
0.0584976
0.0584784
0.0584591
0.0584398
0.0584206
0.0584012
0.0583819
0.0583624
0.0583424
0.0583224
0.0583025
0.0582826
0.0582625
0.0582423
0.0582221
0.0582013
0.0581815
0.0581587
0.058142
0.0581132
0.0581042
0.0580664
0.0580619
0.0580218
0.0613172
0.0612979
0.0612819
0.0612653
0.0612483
0.0612313
0.0612143
0.0611973
0.0611802
0.0611631
0.0611459
0.0611287
0.0611115
0.0610943
0.061077
0.0610597
0.0610423
0.061025
0.0610075
0.0609901
0.0609726
0.0609551
0.0609376
0.06092
0.0609024
0.0608847
0.0608671
0.0608492
0.0608314
0.0608135
0.0607953
0.0607774
0.0607594
0.0607417
0.0607246
0.0607078
0.0606907
0.0606736
0.0606565
0.0606394
0.0606222
0.060605
0.0605878
0.0605706
0.0605534
0.0605361
0.0605188
0.0605015
0.0604842
0.0604668
0.0604494
0.060432
0.0604146
0.0603972
0.0603797
0.0603623
0.0603448
0.0603272
0.0603097
0.0602922
0.0602746
0.060257
0.0602394
0.0602217
0.0602041
0.0601864
0.0601687
0.060151
0.0601333
0.0601156
0.0600978
0.06008
0.0600622
0.0600444
0.0600266
0.0600087
0.0599909
0.059973
0.0599551
0.0599372
0.0599193
0.0599013
0.0598834
0.0598654
0.0598474
0.0598294
0.0598114
0.0597933
0.0597753
0.0597572
0.0597391
0.059721
0.0597029
0.0596848
0.0596667
0.0596485
0.0596303
0.0596121
0.059594
0.0595757
0.0595575
0.0595393
0.059521
0.0595028
0.0594845
0.0594662
0.0594479
0.0594296
0.0594113
0.059393
0.0593746
0.0593563
0.0593379
0.0593195
0.0593011
0.0592827
0.0592643
0.0592459
0.0592274
0.059209
0.0591905
0.059172
0.0591535
0.059135
0.0591165
0.059098
0.0590795
0.0590609
0.0590423
0.0590238
0.0590052
0.0589866
0.058968
0.0589494
0.0589308
0.0589121
0.0588934
0.0588748
0.0588561
0.0588374
0.0588186
0.0587999
0.0587811
0.0587623
0.0587435
0.0587247
0.0587058
0.058687
0.0586681
0.0586491
0.0586302
0.0586112
0.0585921
0.0585731
0.058554
0.0585348
0.0585156
0.0584964
0.0584771
0.0584577
0.0584383
0.0584189
0.0583994
0.0583798
0.0583601
0.05834
0.0583197
0.0582996
0.0582794
0.058259
0.0582385
0.0582179
0.0581967
0.0581766
0.0581534
0.0581362
0.0581068
0.0580975
0.0580588
0.058054
0.0580126
0.0612993
0.0612819
0.0612653
0.061248
0.0612311
0.0612143
0.0611972
0.0611802
0.061163
0.0611458
0.0611287
0.0611114
0.0610942
0.0610769
0.0610596
0.0610423
0.0610249
0.0610075
0.06099
0.0609726
0.0609551
0.0609375
0.0609199
0.0609023
0.0608846
0.060867
0.0608492
0.0608313
0.0608134
0.0607954
0.0607775
0.0607596
0.0607419
0.0607248
0.0607078
0.0606907
0.0606736
0.0606565
0.0606394
0.0606222
0.060605
0.0605878
0.0605706
0.0605534
0.0605361
0.0605188
0.0605015
0.0604842
0.0604668
0.0604494
0.060432
0.0604146
0.0603972
0.0603797
0.0603623
0.0603448
0.0603272
0.0603097
0.0602921
0.0602746
0.060257
0.0602394
0.0602217
0.0602041
0.0601864
0.0601687
0.060151
0.0601333
0.0601156
0.0600978
0.06008
0.0600622
0.0600444
0.0600266
0.0600087
0.0599909
0.059973
0.0599551
0.0599372
0.0599193
0.0599013
0.0598834
0.0598654
0.0598474
0.0598294
0.0598114
0.0597933
0.0597753
0.0597572
0.0597391
0.059721
0.0597029
0.0596848
0.0596666
0.0596485
0.0596303
0.0596121
0.0595939
0.0595757
0.0595575
0.0595393
0.059521
0.0595028
0.0594845
0.0594662
0.0594479
0.0594296
0.0594113
0.0593929
0.0593746
0.0593562
0.0593379
0.0593195
0.0593011
0.0592827
0.0592642
0.0592458
0.0592274
0.0592089
0.0591904
0.059172
0.0591535
0.059135
0.0591165
0.0590979
0.0590794
0.0590609
0.0590423
0.0590237
0.0590051
0.0589865
0.0589679
0.0589493
0.0589306
0.0589119
0.0588933
0.0588746
0.0588559
0.0588371
0.0588184
0.0587996
0.0587808
0.058762
0.0587432
0.0587243
0.0587054
0.0586865
0.0586675
0.0586486
0.0586295
0.0586105
0.0585914
0.0585722
0.0585531
0.0585338
0.0585145
0.0584952
0.0584758
0.0584563
0.0584367
0.0584172
0.0583975
0.0583777
0.0583578
0.0583375
0.0583171
0.0582967
0.0582762
0.0582556
0.0582347
0.0582138
0.0581923
0.0581718
0.0581481
0.0581304
0.0581004
0.0580908
0.0580511
0.0580463
0.0580035
0.0613018
0.0612816
0.0612647
0.0612479
0.0612311
0.061214
0.0611971
0.0611801
0.061163
0.0611458
0.0611286
0.0611114
0.0610941
0.0610769
0.0610595
0.0610422
0.0610248
0.0610074
0.06099
0.0609725
0.060955
0.0609374
0.0609198
0.0609022
0.0608846
0.0608669
0.0608491
0.0608313
0.0608134
0.0607954
0.0607776
0.0607598
0.0607421
0.0607249
0.0607079
0.0606908
0.0606736
0.0606565
0.0606393
0.0606222
0.060605
0.0605878
0.0605706
0.0605533
0.0605361
0.0605188
0.0605015
0.0604841
0.0604668
0.0604494
0.060432
0.0604146
0.0603972
0.0603797
0.0603622
0.0603447
0.0603272
0.0603097
0.0602921
0.0602746
0.060257
0.0602394
0.0602217
0.0602041
0.0601864
0.0601687
0.060151
0.0601333
0.0601156
0.0600978
0.06008
0.0600622
0.0600444
0.0600266
0.0600087
0.0599909
0.059973
0.0599551
0.0599372
0.0599193
0.0599013
0.0598834
0.0598654
0.0598474
0.0598294
0.0598114
0.0597933
0.0597753
0.0597572
0.0597391
0.059721
0.0597029
0.0596848
0.0596666
0.0596485
0.0596303
0.0596121
0.0595939
0.0595757
0.0595575
0.0595393
0.059521
0.0595028
0.0594845
0.0594662
0.0594479
0.0594296
0.0594113
0.0593929
0.0593746
0.0593562
0.0593378
0.0593195
0.0593011
0.0592826
0.0592642
0.0592458
0.0592273
0.0592089
0.0591904
0.0591719
0.0591534
0.0591349
0.0591164
0.0590979
0.0590793
0.0590608
0.0590422
0.0590236
0.059005
0.0589864
0.0589678
0.0589491
0.0589305
0.0589118
0.0588931
0.0588744
0.0588556
0.0588369
0.0588181
0.0587993
0.0587805
0.0587617
0.0587428
0.0587239
0.058705
0.058686
0.058667
0.058648
0.0586289
0.0586098
0.0585906
0.0585714
0.0585522
0.0585328
0.0585134
0.058494
0.0584745
0.0584549
0.0584352
0.0584155
0.0583956
0.0583756
0.0583555
0.0583351
0.0583145
0.0582939
0.0582731
0.0582522
0.058231
0.0582098
0.0581878
0.0581669
0.0581428
0.0581247
0.0580941
0.0580841
0.0580435
0.0580386
0.0579944
0.0612833
0.061264
0.0612474
0.061231
0.0612142
0.061197
0.06118
0.0611629
0.0611457
0.0611285
0.0611113
0.0610941
0.0610768
0.0610595
0.0610421
0.0610247
0.0610073
0.0609899
0.0609724
0.0609549
0.0609374
0.0609198
0.0609022
0.0608845
0.0608668
0.060849
0.0608312
0.0608134
0.0607955
0.0607777
0.0607599
0.0607423
0.060725
0.0607079
0.0606908
0.0606736
0.0606565
0.0606393
0.0606222
0.060605
0.0605878
0.0605705
0.0605533
0.060536
0.0605187
0.0605014
0.0604841
0.0604668
0.0604494
0.060432
0.0604146
0.0603972
0.0603797
0.0603622
0.0603447
0.0603272
0.0603097
0.0602921
0.0602746
0.060257
0.0602394
0.0602217
0.0602041
0.0601864
0.0601687
0.060151
0.0601333
0.0601155
0.0600978
0.06008
0.0600622
0.0600444
0.0600266
0.0600087
0.0599909
0.059973
0.0599551
0.0599372
0.0599193
0.0599013
0.0598833
0.0598654
0.0598474
0.0598294
0.0598114
0.0597933
0.0597753
0.0597572
0.0597391
0.059721
0.0597029
0.0596848
0.0596666
0.0596485
0.0596303
0.0596121
0.0595939
0.0595757
0.0595575
0.0595393
0.059521
0.0595027
0.0594845
0.0594662
0.0594479
0.0594296
0.0594112
0.0593929
0.0593746
0.0593562
0.0593378
0.0593194
0.059301
0.0592826
0.0592642
0.0592458
0.0592273
0.0592088
0.0591904
0.0591719
0.0591534
0.0591349
0.0591163
0.0590978
0.0590793
0.0590607
0.0590421
0.0590235
0.0590049
0.0589863
0.0589676
0.058949
0.0589303
0.0589116
0.0588929
0.0588742
0.0588554
0.0588367
0.0588179
0.058799
0.0587802
0.0587613
0.0587424
0.0587235
0.0587045
0.0586855
0.0586665
0.0586474
0.0586283
0.0586091
0.0585899
0.0585706
0.0585513
0.0585319
0.0585124
0.0584928
0.0584732
0.0584535
0.0584337
0.0584138
0.0583938
0.0583736
0.0583533
0.0583327
0.0583119
0.058291
0.05827
0.0582488
0.0582273
0.0582057
0.0581834
0.0581621
0.0581375
0.058119
0.0580878
0.0580774
0.0580359
0.0580309
0.0579854
0.0612657
0.0612465
0.0612306
0.0612137
0.0611968
0.06118
0.0611628
0.0611456
0.0611284
0.0611113
0.061094
0.0610767
0.0610594
0.0610421
0.0610247
0.0610073
0.0609898
0.0609723
0.0609548
0.0609373
0.0609197
0.0609021
0.0608844
0.0608667
0.060849
0.0608312
0.0608134
0.0607955
0.0607778
0.0607601
0.0607424
0.0607251
0.060708
0.0606908
0.0606736
0.0606565
0.0606393
0.0606221
0.060605
0.0605877
0.0605705
0.0605533
0.060536
0.0605187
0.0605014
0.0604841
0.0604667
0.0604494
0.060432
0.0604146
0.0603971
0.0603797
0.0603622
0.0603447
0.0603272
0.0603097
0.0602921
0.0602745
0.060257
0.0602393
0.0602217
0.0602041
0.0601864
0.0601687
0.060151
0.0601333
0.0601155
0.0600978
0.06008
0.0600622
0.0600444
0.0600266
0.0600087
0.0599909
0.059973
0.0599551
0.0599372
0.0599192
0.0599013
0.0598833
0.0598654
0.0598474
0.0598294
0.0598113
0.0597933
0.0597753
0.0597572
0.0597391
0.059721
0.0597029
0.0596848
0.0596666
0.0596485
0.0596303
0.0596121
0.0595939
0.0595757
0.0595575
0.0595393
0.059521
0.0595027
0.0594845
0.0594662
0.0594479
0.0594296
0.0594112
0.0593929
0.0593745
0.0593562
0.0593378
0.0593194
0.059301
0.0592826
0.0592642
0.0592457
0.0592273
0.0592088
0.0591903
0.0591718
0.0591533
0.0591348
0.0591163
0.0590977
0.0590792
0.0590606
0.059042
0.0590234
0.0590048
0.0589862
0.0589675
0.0589489
0.0589302
0.0589115
0.0588927
0.058874
0.0588552
0.0588364
0.0588176
0.0587988
0.0587799
0.058761
0.0587421
0.0587231
0.0587041
0.0586851
0.058666
0.0586468
0.0586277
0.0586084
0.0585891
0.0585698
0.0585504
0.0585309
0.0585113
0.0584917
0.0584719
0.0584521
0.0584321
0.0584121
0.0583919
0.0583716
0.0583511
0.0583303
0.0583093
0.0582882
0.0582669
0.0582454
0.0582236
0.0582017
0.058179
0.0581573
0.0581323
0.0581134
0.0580816
0.0580708
0.0580284
0.0580232
0.0579764
0.0612481
0.0612306
0.0612136
0.0611968
0.0611798
0.0611627
0.0611455
0.0611284
0.0611112
0.0610939
0.0610767
0.0610593
0.061042
0.0610246
0.0610072
0.0609897
0.0609723
0.0609547
0.0609372
0.0609196
0.060902
0.0608843
0.0608666
0.0608489
0.0608311
0.0608133
0.0607955
0.0607778
0.0607601
0.0607426
0.0607252
0.060708
0.0606908
0.0606736
0.0606565
0.0606393
0.0606221
0.0606049
0.0605877
0.0605705
0.0605533
0.060536
0.0605187
0.0605014
0.0604841
0.0604667
0.0604494
0.060432
0.0604146
0.0603971
0.0603797
0.0603622
0.0603447
0.0603272
0.0603097
0.0602921
0.0602745
0.0602569
0.0602393
0.0602217
0.0602041
0.0601864
0.0601687
0.060151
0.0601333
0.0601155
0.0600978
0.06008
0.0600622
0.0600444
0.0600266
0.0600087
0.0599909
0.059973
0.0599551
0.0599372
0.0599192
0.0599013
0.0598833
0.0598654
0.0598474
0.0598294
0.0598113
0.0597933
0.0597752
0.0597572
0.0597391
0.059721
0.0597029
0.0596848
0.0596666
0.0596485
0.0596303
0.0596121
0.0595939
0.0595757
0.0595575
0.0595392
0.059521
0.0595027
0.0594845
0.0594662
0.0594479
0.0594295
0.0594112
0.0593929
0.0593745
0.0593562
0.0593378
0.0593194
0.059301
0.0592826
0.0592641
0.0592457
0.0592272
0.0592088
0.0591903
0.0591718
0.0591533
0.0591348
0.0591162
0.0590977
0.0590791
0.0590605
0.0590419
0.0590233
0.0590047
0.0589861
0.0589674
0.0589487
0.05893
0.0589113
0.0588926
0.0588738
0.058855
0.0588362
0.0588174
0.0587985
0.0587796
0.0587607
0.0587417
0.0587227
0.0587037
0.0586846
0.0586655
0.0586463
0.058627
0.0586078
0.0585884
0.058569
0.0585495
0.0585299
0.0585103
0.0584905
0.0584707
0.0584507
0.0584306
0.0584104
0.0583901
0.0583696
0.0583489
0.058328
0.0583068
0.0582854
0.0582639
0.0582421
0.0582199
0.0581977
0.0581747
0.0581526
0.0581271
0.0581078
0.0580754
0.0580642
0.0580209
0.0580157
0.0579675
0.0612503
0.06123
0.0612131
0.0611967
0.06118
0.0611626
0.0611454
0.0611283
0.0611111
0.0610939
0.0610766
0.0610593
0.0610419
0.0610245
0.0610071
0.0609897
0.0609722
0.0609547
0.0609371
0.0609195
0.0609019
0.0608843
0.0608666
0.0608488
0.0608311
0.0608133
0.0607955
0.0607778
0.0607602
0.0607426
0.0607253
0.060708
0.0606908
0.0606736
0.0606565
0.0606393
0.0606221
0.0606049
0.0605877
0.0605705
0.0605532
0.060536
0.0605187
0.0605014
0.060484
0.0604667
0.0604493
0.0604319
0.0604145
0.0603971
0.0603797
0.0603622
0.0603447
0.0603272
0.0603096
0.0602921
0.0602745
0.0602569
0.0602393
0.0602217
0.060204
0.0601864
0.0601687
0.060151
0.0601333
0.0601155
0.0600978
0.06008
0.0600622
0.0600444
0.0600266
0.0600087
0.0599909
0.059973
0.0599551
0.0599372
0.0599192
0.0599013
0.0598833
0.0598654
0.0598474
0.0598294
0.0598113
0.0597933
0.0597752
0.0597572
0.0597391
0.059721
0.0597029
0.0596848
0.0596666
0.0596485
0.0596303
0.0596121
0.0595939
0.0595757
0.0595575
0.0595392
0.059521
0.0595027
0.0594844
0.0594661
0.0594478
0.0594295
0.0594112
0.0593929
0.0593745
0.0593561
0.0593378
0.0593194
0.059301
0.0592825
0.0592641
0.0592457
0.0592272
0.0592087
0.0591902
0.0591717
0.0591532
0.0591347
0.0591162
0.0590976
0.059079
0.0590605
0.0590419
0.0590232
0.0590046
0.0589859
0.0589673
0.0589486
0.0589299
0.0589111
0.0588924
0.0588736
0.0588548
0.058836
0.0588171
0.0587982
0.0587793
0.0587603
0.0587414
0.0587223
0.0587032
0.0586841
0.058665
0.0586457
0.0586264
0.0586071
0.0585877
0.0585682
0.0585486
0.058529
0.0585092
0.0584894
0.0584694
0.0584494
0.0584291
0.0584088
0.0583883
0.0583676
0.0583467
0.0583256
0.0583042
0.0582827
0.0582608
0.0582388
0.0582163
0.0581938
0.0581704
0.0581479
0.058122
0.0581022
0.0580693
0.0580578
0.0580135
0.0580081
0.0579586
0.061232
0.0612123
0.0611962
0.0611796
0.0611625
0.0611454
0.0611282
0.061111
0.0610938
0.0610765
0.0610592
0.0610419
0.0610245
0.0610071
0.0609896
0.0609721
0.0609546
0.060937
0.0609195
0.0609018
0.0608842
0.0608665
0.0608488
0.060831
0.0608133
0.0607956
0.0607779
0.0607602
0.0607427
0.0607253
0.060708
0.0606908
0.0606736
0.0606564
0.0606393
0.0606221
0.0606049
0.0605877
0.0605704
0.0605532
0.0605359
0.0605187
0.0605014
0.060484
0.0604667
0.0604493
0.0604319
0.0604145
0.0603971
0.0603796
0.0603622
0.0603447
0.0603272
0.0603096
0.0602921
0.0602745
0.0602569
0.0602393
0.0602217
0.060204
0.0601864
0.0601687
0.060151
0.0601333
0.0601155
0.0600978
0.06008
0.0600622
0.0600444
0.0600266
0.0600087
0.0599909
0.059973
0.0599551
0.0599372
0.0599192
0.0599013
0.0598833
0.0598654
0.0598474
0.0598294
0.0598113
0.0597933
0.0597752
0.0597572
0.0597391
0.059721
0.0597029
0.0596847
0.0596666
0.0596485
0.0596303
0.0596121
0.0595939
0.0595757
0.0595575
0.0595392
0.059521
0.0595027
0.0594844
0.0594661
0.0594478
0.0594295
0.0594112
0.0593928
0.0593745
0.0593561
0.0593377
0.0593193
0.0593009
0.0592825
0.0592641
0.0592456
0.0592272
0.0592087
0.0591902
0.0591717
0.0591532
0.0591346
0.0591161
0.0590975
0.059079
0.0590604
0.0590418
0.0590231
0.0590045
0.0589858
0.0589672
0.0589485
0.0589297
0.058911
0.0588922
0.0588734
0.0588546
0.0588358
0.0588169
0.058798
0.058779
0.05876
0.058741
0.0587219
0.0587028
0.0586837
0.0586645
0.0586452
0.0586258
0.0586064
0.058587
0.0585674
0.0585478
0.058528
0.0585082
0.0584883
0.0584682
0.058448
0.0584277
0.0584072
0.0583865
0.0583657
0.0583446
0.0583233
0.0583017
0.0582799
0.0582578
0.0582355
0.0582128
0.0581899
0.0581661
0.0581433
0.0581169
0.0580967
0.0580632
0.0580513
0.0580062
0.0580007
0.0579498
0.0612139
0.0611965
0.0611796
0.0611622
0.0611452
0.0611282
0.061111
0.0610938
0.0610765
0.0610591
0.0610418
0.0610244
0.061007
0.0609895
0.0609721
0.0609545
0.060937
0.0609194
0.0609018
0.0608841
0.0608664
0.0608487
0.060831
0.0608133
0.0607955
0.0607779
0.0607603
0.0607427
0.0607253
0.0607081
0.0606908
0.0606736
0.0606564
0.0606392
0.060622
0.0606049
0.0605876
0.0605704
0.0605532
0.0605359
0.0605186
0.0605013
0.060484
0.0604667
0.0604493
0.0604319
0.0604145
0.0603971
0.0603796
0.0603622
0.0603447
0.0603272
0.0603096
0.0602921
0.0602745
0.0602569
0.0602393
0.0602217
0.060204
0.0601864
0.0601687
0.060151
0.0601333
0.0601155
0.0600978
0.06008
0.0600622
0.0600444
0.0600266
0.0600087
0.0599908
0.059973
0.0599551
0.0599372
0.0599192
0.0599013
0.0598833
0.0598653
0.0598474
0.0598293
0.0598113
0.0597933
0.0597752
0.0597572
0.0597391
0.059721
0.0597029
0.0596847
0.0596666
0.0596484
0.0596303
0.0596121
0.0595939
0.0595757
0.0595575
0.0595392
0.059521
0.0595027
0.0594844
0.0594661
0.0594478
0.0594295
0.0594112
0.0593928
0.0593745
0.0593561
0.0593377
0.0593193
0.0593009
0.0592825
0.059264
0.0592456
0.0592271
0.0592086
0.0591902
0.0591717
0.0591531
0.0591346
0.059116
0.0590975
0.0590789
0.0590603
0.0590417
0.0590231
0.0590044
0.0589857
0.058967
0.0589483
0.0589296
0.0589108
0.058892
0.0588732
0.0588544
0.0588355
0.0588166
0.0587977
0.0587787
0.0587597
0.0587407
0.0587216
0.0587024
0.0586832
0.058664
0.0586446
0.0586253
0.0586058
0.0585863
0.0585666
0.0585469
0.0585271
0.0585072
0.0584871
0.058467
0.0584467
0.0584262
0.0584056
0.0583848
0.0583638
0.0583425
0.058321
0.0582993
0.0582772
0.0582549
0.0582323
0.0582092
0.058186
0.0581619
0.0581387
0.0581119
0.0580913
0.0580572
0.0580449
0.0579989
0.0579933
0.0579411
0.0612165
0.0611959
0.0611791
0.0611622
0.0611452
0.061128
0.0611108
0.0610937
0.0610764
0.0610591
0.0610417
0.0610243
0.0610069
0.0609895
0.060972
0.0609545
0.0609369
0.0609193
0.0609017
0.060884
0.0608663
0.0608487
0.0608309
0.0608132
0.0607955
0.0607779
0.0607603
0.0607428
0.0607254
0.0607081
0.0606908
0.0606736
0.0606564
0.0606392
0.060622
0.0606048
0.0605876
0.0605704
0.0605531
0.0605359
0.0605186
0.0605013
0.060484
0.0604666
0.0604493
0.0604319
0.0604145
0.0603971
0.0603796
0.0603621
0.0603447
0.0603271
0.0603096
0.0602921
0.0602745
0.0602569
0.0602393
0.0602217
0.060204
0.0601864
0.0601687
0.060151
0.0601332
0.0601155
0.0600978
0.06008
0.0600622
0.0600444
0.0600265
0.0600087
0.0599908
0.059973
0.0599551
0.0599372
0.0599192
0.0599013
0.0598833
0.0598653
0.0598474
0.0598293
0.0598113
0.0597933
0.0597752
0.0597572
0.0597391
0.059721
0.0597029
0.0596847
0.0596666
0.0596484
0.0596303
0.0596121
0.0595939
0.0595757
0.0595574
0.0595392
0.059521
0.0595027
0.0594844
0.0594661
0.0594478
0.0594295
0.0594112
0.0593928
0.0593744
0.0593561
0.0593377
0.0593193
0.0593009
0.0592825
0.059264
0.0592456
0.0592271
0.0592086
0.0591901
0.0591716
0.0591531
0.0591345
0.059116
0.0590974
0.0590788
0.0590602
0.0590416
0.059023
0.0590043
0.0589856
0.0589669
0.0589482
0.0589295
0.0589107
0.0588919
0.0588731
0.0588542
0.0588353
0.0588164
0.0587974
0.0587784
0.0587594
0.0587403
0.0587212
0.058702
0.0586828
0.0586635
0.0586441
0.0586247
0.0586052
0.0585856
0.0585659
0.0585461
0.0585262
0.0585062
0.0584861
0.0584658
0.0584454
0.0584248
0.058404
0.0583831
0.0583619
0.0583405
0.0583188
0.0582968
0.0582745
0.058252
0.0582291
0.0582058
0.0581822
0.0581577
0.0581341
0.0581069
0.0580859
0.0580512
0.0580387
0.0579917
0.057986
0.0579325
0.0611979
0.0611783
0.0611616
0.0611451
0.0611281
0.0611109
0.0610937
0.0610764
0.061059
0.0610417
0.0610243
0.0610069
0.0609894
0.0609719
0.0609544
0.0609368
0.0609192
0.0609016
0.060884
0.0608663
0.0608486
0.0608309
0.0608132
0.0607955
0.0607779
0.0607603
0.0607428
0.0607254
0.0607081
0.0606908
0.0606736
0.0606564
0.0606392
0.060622
0.0606048
0.0605876
0.0605704
0.0605531
0.0605359
0.0605186
0.0605013
0.060484
0.0604666
0.0604493
0.0604319
0.0604145
0.060397
0.0603796
0.0603621
0.0603446
0.0603271
0.0603096
0.0602921
0.0602745
0.0602569
0.0602393
0.0602217
0.060204
0.0601864
0.0601687
0.060151
0.0601332
0.0601155
0.0600977
0.06008
0.0600622
0.0600444
0.0600265
0.0600087
0.0599908
0.059973
0.0599551
0.0599371
0.0599192
0.0599013
0.0598833
0.0598653
0.0598473
0.0598293
0.0598113
0.0597933
0.0597752
0.0597572
0.0597391
0.059721
0.0597029
0.0596847
0.0596666
0.0596484
0.0596303
0.0596121
0.0595939
0.0595757
0.0595574
0.0595392
0.0595209
0.0595027
0.0594844
0.0594661
0.0594478
0.0594295
0.0594111
0.0593928
0.0593744
0.0593561
0.0593377
0.0593193
0.0593009
0.0592824
0.059264
0.0592455
0.0592271
0.0592086
0.0591901
0.0591716
0.059153
0.0591345
0.0591159
0.0590974
0.0590788
0.0590602
0.0590415
0.0590229
0.0590042
0.0589855
0.0589668
0.0589481
0.0589293
0.0589105
0.0588917
0.0588729
0.058854
0.0588351
0.0588162
0.0587972
0.0587782
0.0587591
0.05874
0.0587208
0.0587016
0.0586823
0.058663
0.0586436
0.0586241
0.0586045
0.0585849
0.0585651
0.0585453
0.0585253
0.0585052
0.058485
0.0584646
0.0584441
0.0584234
0.0584025
0.0583814
0.05836
0.0583384
0.0583166
0.0582944
0.0582719
0.0582491
0.0582259
0.0582023
0.0581785
0.0581537
0.0581297
0.058102
0.0580806
0.0580454
0.0580324
0.0579846
0.0579788
0.0579239
0.0611802
0.0611608
0.0611447
0.0611277
0.0611107
0.0610936
0.0610763
0.0610589
0.0610416
0.0610242
0.0610068
0.0609894
0.0609718
0.0609543
0.0609368
0.0609192
0.0609015
0.0608839
0.0608662
0.0608485
0.0608308
0.0608131
0.0607955
0.0607778
0.0607603
0.0607428
0.0607254
0.060708
0.0606908
0.0606736
0.0606563
0.0606392
0.060622
0.0606048
0.0605876
0.0605703
0.0605531
0.0605358
0.0605186
0.0605013
0.0604839
0.0604666
0.0604492
0.0604319
0.0604145
0.060397
0.0603796
0.0603621
0.0603446
0.0603271
0.0603096
0.060292
0.0602745
0.0602569
0.0602393
0.0602217
0.060204
0.0601863
0.0601687
0.060151
0.0601332
0.0601155
0.0600977
0.06008
0.0600622
0.0600444
0.0600265
0.0600087
0.0599908
0.059973
0.0599551
0.0599371
0.0599192
0.0599013
0.0598833
0.0598653
0.0598473
0.0598293
0.0598113
0.0597933
0.0597752
0.0597571
0.0597391
0.059721
0.0597029
0.0596847
0.0596666
0.0596484
0.0596303
0.0596121
0.0595939
0.0595757
0.0595574
0.0595392
0.0595209
0.0595027
0.0594844
0.0594661
0.0594478
0.0594295
0.0594111
0.0593928
0.0593744
0.059356
0.0593376
0.0593192
0.0593008
0.0592824
0.059264
0.0592455
0.059227
0.0592085
0.05919
0.0591715
0.059153
0.0591344
0.0591159
0.0590973
0.0590787
0.0590601
0.0590414
0.0590228
0.0590041
0.0589854
0.0589667
0.058948
0.0589292
0.0589104
0.0588916
0.0588727
0.0588538
0.0588349
0.0588159
0.0587969
0.0587779
0.0587588
0.0587397
0.0587205
0.0587012
0.0586819
0.0586625
0.0586431
0.0586235
0.0586039
0.0585842
0.0585644
0.0585445
0.0585244
0.0585042
0.0584839
0.0584634
0.0584428
0.058422
0.058401
0.0583797
0.0583582
0.0583365
0.0583144
0.058292
0.0582693
0.0582463
0.0582229
0.058199
0.0581748
0.0581496
0.0581253
0.0580972
0.0580754
0.0580396
0.0580263
0.0579776
0.0579717
0.0579155
0.0611623
0.0611448
0.0611278
0.0611107
0.0610936
0.0610762
0.0610588
0.0610415
0.0610242
0.0610067
0.0609893
0.0609718
0.0609542
0.0609367
0.0609191
0.0609015
0.0608838
0.0608661
0.0608484
0.0608308
0.0608131
0.0607954
0.0607778
0.0607602
0.0607428
0.0607253
0.060708
0.0606908
0.0606735
0.0606563
0.0606391
0.0606219
0.0606047
0.0605875
0.0605703
0.0605531
0.0605358
0.0605185
0.0605012
0.0604839
0.0604666
0.0604492
0.0604318
0.0604144
0.060397
0.0603796
0.0603621
0.0603446
0.0603271
0.0603096
0.060292
0.0602745
0.0602569
0.0602393
0.0602216
0.060204
0.0601863
0.0601687
0.060151
0.0601332
0.0601155
0.0600977
0.06008
0.0600622
0.0600444
0.0600265
0.0600087
0.0599908
0.0599729
0.0599551
0.0599371
0.0599192
0.0599013
0.0598833
0.0598653
0.0598473
0.0598293
0.0598113
0.0597933
0.0597752
0.0597571
0.0597391
0.059721
0.0597028
0.0596847
0.0596666
0.0596484
0.0596302
0.0596121
0.0595939
0.0595756
0.0595574
0.0595392
0.0595209
0.0595027
0.0594844
0.0594661
0.0594478
0.0594294
0.0594111
0.0593928
0.0593744
0.059356
0.0593376
0.0593192
0.0593008
0.0592824
0.0592639
0.0592455
0.059227
0.0592085
0.05919
0.0591715
0.0591529
0.0591344
0.0591158
0.0590972
0.0590786
0.05906
0.0590414
0.0590227
0.059004
0.0589853
0.0589666
0.0589478
0.0589291
0.0589102
0.0588914
0.0588725
0.0588536
0.0588347
0.0588157
0.0587967
0.0587776
0.0587585
0.0587393
0.0587201
0.0587008
0.0586815
0.0586621
0.0586426
0.058623
0.0586033
0.0585835
0.0585637
0.0585437
0.0585235
0.0585033
0.0584829
0.0584623
0.0584416
0.0584206
0.0583995
0.0583781
0.0583564
0.0583345
0.0583123
0.0582897
0.0582668
0.0582435
0.0582198
0.0581956
0.0581712
0.0581457
0.058121
0.0580925
0.0580703
0.0580339
0.0580203
0.0579707
0.0579646
0.0579071
0.0611649
0.0611442
0.061127
0.0611105
0.0610936
0.0610762
0.0610588
0.0610415
0.0610241
0.0610067
0.0609892
0.0609717
0.0609542
0.0609366
0.060919
0.0609014
0.0608837
0.0608661
0.0608484
0.0608307
0.060813
0.0607954
0.0607778
0.0607602
0.0607427
0.0607253
0.060708
0.0606907
0.0606735
0.0606563
0.0606391
0.0606219
0.0606047
0.0605875
0.0605703
0.060553
0.0605358
0.0605185
0.0605012
0.0604839
0.0604666
0.0604492
0.0604318
0.0604144
0.060397
0.0603796
0.0603621
0.0603446
0.0603271
0.0603096
0.060292
0.0602745
0.0602569
0.0602393
0.0602216
0.060204
0.0601863
0.0601686
0.0601509
0.0601332
0.0601155
0.0600977
0.06008
0.0600622
0.0600444
0.0600265
0.0600087
0.0599908
0.0599729
0.059955
0.0599371
0.0599192
0.0599013
0.0598833
0.0598653
0.0598473
0.0598293
0.0598113
0.0597933
0.0597752
0.0597571
0.0597391
0.059721
0.0597028
0.0596847
0.0596666
0.0596484
0.0596302
0.0596121
0.0595939
0.0595756
0.0595574
0.0595392
0.0595209
0.0595026
0.0594844
0.0594661
0.0594478
0.0594294
0.0594111
0.0593927
0.0593744
0.059356
0.0593376
0.0593192
0.0593008
0.0592823
0.0592639
0.0592454
0.059227
0.0592085
0.05919
0.0591714
0.0591529
0.0591343
0.0591158
0.0590972
0.0590786
0.0590599
0.0590413
0.0590226
0.0590039
0.0589852
0.0589665
0.0589477
0.0589289
0.0589101
0.0588912
0.0588724
0.0588534
0.0588345
0.0588155
0.0587964
0.0587774
0.0587582
0.058739
0.0587198
0.0587005
0.0586811
0.0586616
0.0586421
0.0586224
0.0586027
0.0585829
0.058563
0.0585429
0.0585227
0.0585024
0.0584819
0.0584612
0.0584403
0.0584193
0.058398
0.0583765
0.0583547
0.0583326
0.0583102
0.0582874
0.0582643
0.0582408
0.0582168
0.0581924
0.0581676
0.0581418
0.0581167
0.0580878
0.0580652
0.0580282
0.0580143
0.0579639
0.0579577
0.0578989
0.0611462
0.0611264
0.0611102
0.0610934
0.061076
0.0610587
0.0610414
0.061024
0.0610066
0.0609892
0.0609716
0.0609541
0.0609365
0.0609189
0.0609013
0.0608836
0.060866
0.0608483
0.0608306
0.0608129
0.0607953
0.0607777
0.0607602
0.0607427
0.0607253
0.0607079
0.0606907
0.0606734
0.0606562
0.060639
0.0606219
0.0606047
0.0605875
0.0605702
0.060553
0.0605358
0.0605185
0.0605012
0.0604839
0.0604665
0.0604492
0.0604318
0.0604144
0.060397
0.0603795
0.0603621
0.0603446
0.0603271
0.0603096
0.060292
0.0602744
0.0602569
0.0602393
0.0602216
0.060204
0.0601863
0.0601686
0.0601509
0.0601332
0.0601155
0.0600977
0.0600799
0.0600622
0.0600443
0.0600265
0.0600087
0.0599908
0.0599729
0.059955
0.0599371
0.0599192
0.0599013
0.0598833
0.0598653
0.0598473
0.0598293
0.0598113
0.0597933
0.0597752
0.0597571
0.059739
0.0597209
0.0597028
0.0596847
0.0596666
0.0596484
0.0596302
0.059612
0.0595938
0.0595756
0.0595574
0.0595392
0.0595209
0.0595026
0.0594843
0.0594661
0.0594477
0.0594294
0.0594111
0.0593927
0.0593744
0.059356
0.0593376
0.0593192
0.0593008
0.0592823
0.0592639
0.0592454
0.0592269
0.0592084
0.0591899
0.0591714
0.0591529
0.0591343
0.0591157
0.0590971
0.0590785
0.0590599
0.0590412
0.0590225
0.0590038
0.0589851
0.0589664
0.0589476
0.0589288
0.05891
0.0588911
0.0588722
0.0588533
0.0588343
0.0588153
0.0587962
0.0587771
0.0587579
0.0587387
0.0587194
0.0587001
0.0586807
0.0586612
0.0586416
0.0586219
0.0586021
0.0585823
0.0585623
0.0585421
0.0585219
0.0585015
0.0584809
0.0584601
0.0584392
0.058418
0.0583966
0.0583749
0.058353
0.0583307
0.0583081
0.0582852
0.0582619
0.0582381
0.0582139
0.0581892
0.0581641
0.058138
0.0581125
0.0580832
0.0580602
0.0580227
0.0580085
0.0579572
0.0579509
0.0578907
0.0611279
0.0611103
0.0610934
0.0610758
0.0610586
0.0610414
0.061024
0.0610066
0.0609891
0.0609716
0.060954
0.0609365
0.0609189
0.0609012
0.0608836
0.0608659
0.0608482
0.0608305
0.0608129
0.0607952
0.0607776
0.0607601
0.0607426
0.0607252
0.0607079
0.0606906
0.0606734
0.0606562
0.060639
0.0606218
0.0606046
0.0605874
0.0605702
0.060553
0.0605357
0.0605185
0.0605012
0.0604839
0.0604665
0.0604492
0.0604318
0.0604144
0.060397
0.0603795
0.0603621
0.0603446
0.0603271
0.0603096
0.060292
0.0602744
0.0602569
0.0602392
0.0602216
0.060204
0.0601863
0.0601686
0.0601509
0.0601332
0.0601155
0.0600977
0.0600799
0.0600622
0.0600443
0.0600265
0.0600087
0.0599908
0.0599729
0.059955
0.0599371
0.0599192
0.0599013
0.0598833
0.0598653
0.0598473
0.0598293
0.0598113
0.0597933
0.0597752
0.0597571
0.059739
0.0597209
0.0597028
0.0596847
0.0596666
0.0596484
0.0596302
0.059612
0.0595938
0.0595756
0.0595574
0.0595392
0.0595209
0.0595026
0.0594843
0.059466
0.0594477
0.0594294
0.0594111
0.0593927
0.0593743
0.059356
0.0593376
0.0593192
0.0593007
0.0592823
0.0592638
0.0592454
0.0592269
0.0592084
0.0591899
0.0591714
0.0591528
0.0591342
0.0591157
0.0590971
0.0590784
0.0590598
0.0590411
0.0590225
0.0590038
0.058985
0.0589663
0.0589475
0.0589287
0.0589098
0.0588909
0.058872
0.0588531
0.0588341
0.0588151
0.058796
0.0587768
0.0587577
0.0587384
0.0587191
0.0586997
0.0586803
0.0586607
0.0586411
0.0586214
0.0586016
0.0585816
0.0585616
0.0585414
0.0585211
0.0585006
0.0584799
0.058459
0.058438
0.0584167
0.0583952
0.0583734
0.0583513
0.0583289
0.0583061
0.058283
0.0582595
0.0582355
0.0582111
0.0581861
0.0581607
0.0581342
0.0581085
0.0580787
0.0580554
0.0580173
0.0580027
0.0579505
0.0579442
0.0578827
0.0611307
0.0611099
0.0610928
0.0610757
0.0610585
0.0610412
0.0610239
0.0610065
0.0609891
0.0609715
0.060954
0.0609364
0.0609188
0.0609011
0.0608835
0.0608658
0.0608481
0.0608305
0.0608128
0.0607952
0.0607776
0.06076
0.0607426
0.0607252
0.0607078
0.0606906
0.0606733
0.0606561
0.060639
0.0606218
0.0606046
0.0605874
0.0605702
0.0605529
0.0605357
0.0605184
0.0605011
0.0604838
0.0604665
0.0604491
0.0604318
0.0604144
0.060397
0.0603795
0.0603621
0.0603446
0.0603271
0.0603095
0.060292
0.0602744
0.0602568
0.0602392
0.0602216
0.060204
0.0601863
0.0601686
0.0601509
0.0601332
0.0601155
0.0600977
0.0600799
0.0600621
0.0600443
0.0600265
0.0600087
0.0599908
0.0599729
0.059955
0.0599371
0.0599192
0.0599012
0.0598833
0.0598653
0.0598473
0.0598293
0.0598113
0.0597932
0.0597752
0.0597571
0.059739
0.0597209
0.0597028
0.0596847
0.0596665
0.0596484
0.0596302
0.059612
0.0595938
0.0595756
0.0595574
0.0595391
0.0595209
0.0595026
0.0594843
0.059466
0.0594477
0.0594294
0.0594111
0.0593927
0.0593743
0.0593559
0.0593376
0.0593191
0.0593007
0.0592823
0.0592638
0.0592454
0.0592269
0.0592084
0.0591899
0.0591713
0.0591528
0.0591342
0.0591156
0.059097
0.0590784
0.0590597
0.0590411
0.0590224
0.0590037
0.0589849
0.0589662
0.0589474
0.0589286
0.0589097
0.0588908
0.0588719
0.0588529
0.0588339
0.0588149
0.0587958
0.0587766
0.0587574
0.0587381
0.0587188
0.0586994
0.0586799
0.0586603
0.0586406
0.0586209
0.058601
0.058581
0.0585609
0.0585407
0.0585203
0.0584997
0.0584789
0.058458
0.0584368
0.0584155
0.0583938
0.0583719
0.0583497
0.0583271
0.0583042
0.0582809
0.0582571
0.058233
0.0582083
0.058183
0.0581574
0.0581306
0.0581045
0.0580744
0.0580506
0.058012
0.0579971
0.0579441
0.0579376
0.0578748
0.061112
0.0610921
0.0610751
0.0610585
0.0610413
0.0610239
0.0610065
0.060989
0.0609714
0.0609539
0.0609363
0.0609187
0.0609011
0.0608834
0.0608657
0.0608481
0.0608304
0.0608127
0.0607951
0.0607775
0.0607599
0.0607425
0.0607251
0.0607078
0.0606905
0.0606733
0.0606561
0.0606389
0.0606217
0.0606045
0.0605873
0.0605701
0.0605529
0.0605357
0.0605184
0.0605011
0.0604838
0.0604665
0.0604491
0.0604318
0.0604144
0.0603969
0.0603795
0.060362
0.0603446
0.0603271
0.0603095
0.060292
0.0602744
0.0602568
0.0602392
0.0602216
0.060204
0.0601863
0.0601686
0.0601509
0.0601332
0.0601155
0.0600977
0.0600799
0.0600621
0.0600443
0.0600265
0.0600087
0.0599908
0.0599729
0.059955
0.0599371
0.0599192
0.0599012
0.0598833
0.0598653
0.0598473
0.0598293
0.0598113
0.0597932
0.0597752
0.0597571
0.059739
0.0597209
0.0597028
0.0596847
0.0596665
0.0596484
0.0596302
0.059612
0.0595938
0.0595756
0.0595574
0.0595391
0.0595209
0.0595026
0.0594843
0.059466
0.0594477
0.0594294
0.059411
0.0593927
0.0593743
0.0593559
0.0593375
0.0593191
0.0593007
0.0592823
0.0592638
0.0592453
0.0592268
0.0592083
0.0591898
0.0591713
0.0591527
0.0591342
0.0591156
0.059097
0.0590783
0.0590597
0.059041
0.0590223
0.0590036
0.0589848
0.0589661
0.0589473
0.0589284
0.0589096
0.0588907
0.0588717
0.0588527
0.0588337
0.0588147
0.0587955
0.0587764
0.0587571
0.0587378
0.0587185
0.058699
0.0586795
0.0586599
0.0586402
0.0586204
0.0586005
0.0585804
0.0585603
0.05854
0.0585195
0.0584988
0.058478
0.058457
0.0584357
0.0584142
0.0583925
0.0583704
0.0583481
0.0583254
0.0583023
0.0582788
0.0582549
0.0582305
0.0582056
0.05818
0.0581541
0.058127
0.0581006
0.0580701
0.058046
0.0580068
0.0579916
0.0579377
0.0579311
0.0578671
0.061094
0.0610744
0.0610581
0.061041
0.0610237
0.0610065
0.060989
0.0609714
0.0609539
0.0609363
0.0609186
0.060901
0.0608833
0.0608657
0.060848
0.0608303
0.0608126
0.060795
0.0607774
0.0607599
0.0607424
0.060725
0.0607077
0.0606904
0.0606732
0.060656
0.0606388
0.0606217
0.0606045
0.0605873
0.0605701
0.0605529
0.0605356
0.0605184
0.0605011
0.0604838
0.0604665
0.0604491
0.0604317
0.0604143
0.0603969
0.0603795
0.060362
0.0603445
0.060327
0.0603095
0.060292
0.0602744
0.0602568
0.0602392
0.0602216
0.060204
0.0601863
0.0601686
0.0601509
0.0601332
0.0601155
0.0600977
0.0600799
0.0600621
0.0600443
0.0600265
0.0600087
0.0599908
0.0599729
0.059955
0.0599371
0.0599192
0.0599012
0.0598833
0.0598653
0.0598473
0.0598293
0.0598113
0.0597932
0.0597752
0.0597571
0.059739
0.0597209
0.0597028
0.0596847
0.0596665
0.0596484
0.0596302
0.059612
0.0595938
0.0595756
0.0595574
0.0595391
0.0595209
0.0595026
0.0594843
0.059466
0.0594477
0.0594294
0.059411
0.0593927
0.0593743
0.0593559
0.0593375
0.0593191
0.0593007
0.0592822
0.0592638
0.0592453
0.0592268
0.0592083
0.0591898
0.0591712
0.0591527
0.0591341
0.0591155
0.0590969
0.0590783
0.0590596
0.0590409
0.0590222
0.0590035
0.0589848
0.058966
0.0589472
0.0589283
0.0589094
0.0588905
0.0588716
0.0588526
0.0588335
0.0588145
0.0587953
0.0587761
0.0587569
0.0587376
0.0587182
0.0586987
0.0586791
0.0586595
0.0586398
0.0586199
0.0586
0.0585799
0.0585596
0.0585393
0.0585187
0.058498
0.0584771
0.058456
0.0584347
0.0584131
0.0583912
0.058369
0.0583465
0.0583237
0.0583004
0.0582768
0.0582527
0.0582281
0.0582029
0.0581771
0.0581509
0.0581235
0.0580968
0.0580659
0.0580414
0.0580017
0.0579862
0.0579315
0.0579248
0.0578595
0.061076
0.0610582
0.0610409
0.0610237
0.0610064
0.0609889
0.0609713
0.0609538
0.0609362
0.0609186
0.0609009
0.0608832
0.0608656
0.0608479
0.0608302
0.0608125
0.0607949
0.0607773
0.0607597
0.0607423
0.0607249
0.0607076
0.0606903
0.0606731
0.060656
0.0606388
0.0606216
0.0606045
0.0605873
0.0605701
0.0605529
0.0605356
0.0605184
0.0605011
0.0604838
0.0604664
0.0604491
0.0604317
0.0604143
0.0603969
0.0603795
0.060362
0.0603445
0.060327
0.0603095
0.060292
0.0602744
0.0602568
0.0602392
0.0602216
0.0602039
0.0601863
0.0601686
0.0601509
0.0601332
0.0601154
0.0600977
0.0600799
0.0600621
0.0600443
0.0600265
0.0600086
0.0599908
0.0599729
0.059955
0.0599371
0.0599192
0.0599012
0.0598833
0.0598653
0.0598473
0.0598293
0.0598113
0.0597932
0.0597752
0.0597571
0.059739
0.0597209
0.0597028
0.0596847
0.0596665
0.0596484
0.0596302
0.059612
0.0595938
0.0595756
0.0595574
0.0595391
0.0595209
0.0595026
0.0594843
0.059466
0.0594477
0.0594294
0.059411
0.0593927
0.0593743
0.0593559
0.0593375
0.0593191
0.0593007
0.0592822
0.0592638
0.0592453
0.0592268
0.0592083
0.0591898
0.0591712
0.0591526
0.0591341
0.0591155
0.0590969
0.0590782
0.0590596
0.0590409
0.0590222
0.0590034
0.0589847
0.0589659
0.0589471
0.0589282
0.0589093
0.0588904
0.0588714
0.0588524
0.0588334
0.0588143
0.0587951
0.0587759
0.0587566
0.0587373
0.0587179
0.0586984
0.0586788
0.0586591
0.0586393
0.0586195
0.0585994
0.0585793
0.058559
0.0585386
0.058518
0.0584972
0.0584763
0.0584551
0.0584336
0.0584119
0.0583899
0.0583677
0.058345
0.058322
0.0582986
0.0582748
0.0582505
0.0582257
0.0582004
0.0581743
0.0581479
0.0581201
0.0580931
0.0580618
0.058037
0.0579968
0.057981
0.0579254
0.0579187
0.057852
0.0610787
0.0610577
0.0610402
0.0610235
0.0610065
0.0609888
0.0609712
0.0609537
0.0609362
0.0609185
0.0609008
0.0608832
0.0608655
0.0608478
0.0608301
0.0608124
0.0607948
0.0607772
0.0607596
0.0607422
0.0607248
0.0607075
0.0606903
0.0606731
0.0606559
0.0606387
0.0606216
0.0606044
0.0605872
0.06057
0.0605528
0.0605356
0.0605183
0.060501
0.0604837
0.0604664
0.0604491
0.0604317
0.0604143
0.0603969
0.0603795
0.060362
0.0603445
0.060327
0.0603095
0.060292
0.0602744
0.0602568
0.0602392
0.0602216
0.0602039
0.0601863
0.0601686
0.0601509
0.0601332
0.0601154
0.0600977
0.0600799
0.0600621
0.0600443
0.0600265
0.0600086
0.0599908
0.0599729
0.059955
0.0599371
0.0599192
0.0599012
0.0598833
0.0598653
0.0598473
0.0598293
0.0598113
0.0597932
0.0597752
0.0597571
0.059739
0.0597209
0.0597028
0.0596847
0.0596665
0.0596484
0.0596302
0.059612
0.0595938
0.0595756
0.0595574
0.0595391
0.0595208
0.0595026
0.0594843
0.059466
0.0594477
0.0594293
0.059411
0.0593926
0.0593743
0.0593559
0.0593375
0.0593191
0.0593006
0.0592822
0.0592637
0.0592452
0.0592268
0.0592082
0.0591897
0.0591712
0.0591526
0.059134
0.0591154
0.0590968
0.0590782
0.0590595
0.0590408
0.0590221
0.0590034
0.0589846
0.0589658
0.058947
0.0589281
0.0589092
0.0588903
0.0588713
0.0588523
0.0588332
0.0588141
0.0587949
0.0587757
0.0587564
0.058737
0.0587176
0.0586981
0.0586784
0.0586587
0.0586389
0.058619
0.058599
0.0585788
0.0585585
0.058538
0.0585173
0.0584965
0.0584754
0.0584541
0.0584326
0.0584108
0.0583887
0.0583663
0.0583436
0.0583204
0.0582969
0.0582729
0.0582484
0.0582234
0.0581979
0.0581716
0.0581449
0.0581168
0.0580895
0.0580578
0.0580327
0.057992
0.0579759
0.0579194
0.0579126
0.0578447
0.0610597
0.0610397
0.0610233
0.0610062
0.0609887
0.0609711
0.0609537
0.0609361
0.0609184
0.0609007
0.0608831
0.0608654
0.0608477
0.06083
0.0608123
0.0607946
0.060777
0.0607595
0.060742
0.0607247
0.0607074
0.0606902
0.060673
0.0606558
0.0606387
0.0606215
0.0606044
0.0605872
0.06057
0.0605528
0.0605356
0.0605183
0.060501
0.0604837
0.0604664
0.0604491
0.0604317
0.0604143
0.0603969
0.0603794
0.060362
0.0603445
0.060327
0.0603095
0.0602919
0.0602744
0.0602568
0.0602392
0.0602216
0.0602039
0.0601863
0.0601686
0.0601509
0.0601332
0.0601154
0.0600977
0.0600799
0.0600621
0.0600443
0.0600265
0.0600086
0.0599908
0.0599729
0.059955
0.0599371
0.0599192
0.0599012
0.0598833
0.0598653
0.0598473
0.0598293
0.0598113
0.0597932
0.0597752
0.0597571
0.059739
0.0597209
0.0597028
0.0596847
0.0596665
0.0596484
0.0596302
0.059612
0.0595938
0.0595756
0.0595573
0.0595391
0.0595208
0.0595026
0.0594843
0.059466
0.0594477
0.0594293
0.059411
0.0593926
0.0593743
0.0593559
0.0593375
0.059319
0.0593006
0.0592822
0.0592637
0.0592452
0.0592267
0.0592082
0.0591897
0.0591711
0.0591526
0.059134
0.0591154
0.0590968
0.0590781
0.0590594
0.0590407
0.059022
0.0590033
0.0589845
0.0589657
0.0589469
0.058928
0.0589091
0.0588901
0.0588712
0.0588521
0.058833
0.0588139
0.0587947
0.0587755
0.0587562
0.0587368
0.0587173
0.0586978
0.0586781
0.0586584
0.0586385
0.0586186
0.0585985
0.0585783
0.0585579
0.0585373
0.0585166
0.0584957
0.0584746
0.0584532
0.0584316
0.0584097
0.0583876
0.058365
0.0583422
0.0583189
0.0582952
0.0582711
0.0582464
0.0582212
0.0581954
0.058169
0.058142
0.0581137
0.058086
0.058054
0.0580285
0.0579873
0.0579709
0.0579136
0.0579068
0.0578376
0.0610413
0.0610233
0.0610062
0.0609885
0.060971
0.0609537
0.060936
0.0609183
0.0609007
0.060883
0.0608653
0.0608476
0.0608299
0.0608122
0.0607945
0.0607769
0.0607594
0.0607419
0.0607245
0.0607073
0.0606901
0.0606729
0.0606557
0.0606386
0.0606215
0.0606043
0.0605871
0.06057
0.0605528
0.0605355
0.0605183
0.060501
0.0604837
0.0604664
0.060449
0.0604317
0.0604143
0.0603969
0.0603794
0.060362
0.0603445
0.060327
0.0603095
0.0602919
0.0602744
0.0602568
0.0602392
0.0602216
0.0602039
0.0601863
0.0601686
0.0601509
0.0601332
0.0601154
0.0600977
0.0600799
0.0600621
0.0600443
0.0600265
0.0600086
0.0599908
0.0599729
0.059955
0.0599371
0.0599192
0.0599012
0.0598833
0.0598653
0.0598473
0.0598293
0.0598113
0.0597932
0.0597752
0.0597571
0.059739
0.0597209
0.0597028
0.0596847
0.0596665
0.0596484
0.0596302
0.059612
0.0595938
0.0595756
0.0595573
0.0595391
0.0595208
0.0595026
0.0594843
0.059466
0.0594477
0.0594293
0.059411
0.0593926
0.0593742
0.0593559
0.0593374
0.059319
0.0593006
0.0592821
0.0592637
0.0592452
0.0592267
0.0592082
0.0591897
0.0591711
0.0591525
0.059134
0.0591153
0.0590967
0.0590781
0.0590594
0.0590407
0.059022
0.0590032
0.0589844
0.0589656
0.0589468
0.0589279
0.058909
0.05889
0.058871
0.058852
0.0588329
0.0588137
0.0587945
0.0587753
0.0587559
0.0587365
0.058717
0.0586975
0.0586778
0.058658
0.0586381
0.0586182
0.058598
0.0585778
0.0585573
0.0585367
0.058516
0.058495
0.0584738
0.0584524
0.0584307
0.0584087
0.0583864
0.0583638
0.0583408
0.0583174
0.0582936
0.0582693
0.0582445
0.0582191
0.0581931
0.0581664
0.0581392
0.0581106
0.0580826
0.0580503
0.0580244
0.0579827
0.0579661
0.057908
0.0579011
0.0578306
0.0610442
0.061023
0.0610056
0.0609884
0.060971
0.0609536
0.0609359
0.0609182
0.0609006
0.0608829
0.0608652
0.0608475
0.0608297
0.060812
0.0607944
0.0607767
0.0607592
0.0607418
0.0607244
0.0607071
0.0606899
0.0606728
0.0606557
0.0606385
0.0606214
0.0606043
0.0605871
0.0605699
0.0605527
0.0605355
0.0605182
0.060501
0.0604837
0.0604664
0.060449
0.0604317
0.0604143
0.0603969
0.0603794
0.060362
0.0603445
0.060327
0.0603095
0.0602919
0.0602744
0.0602568
0.0602392
0.0602216
0.0602039
0.0601863
0.0601686
0.0601509
0.0601332
0.0601154
0.0600977
0.0600799
0.0600621
0.0600443
0.0600265
0.0600086
0.0599908
0.0599729
0.059955
0.0599371
0.0599192
0.0599012
0.0598833
0.0598653
0.0598473
0.0598293
0.0598112
0.0597932
0.0597752
0.0597571
0.059739
0.0597209
0.0597028
0.0596847
0.0596665
0.0596483
0.0596302
0.059612
0.0595938
0.0595756
0.0595573
0.0595391
0.0595208
0.0595025
0.0594843
0.059466
0.0594476
0.0594293
0.059411
0.0593926
0.0593742
0.0593558
0.0593374
0.059319
0.0593006
0.0592821
0.0592637
0.0592452
0.0592267
0.0592082
0.0591896
0.0591711
0.0591525
0.0591339
0.0591153
0.0590967
0.059078
0.0590593
0.0590406
0.0590219
0.0590031
0.0589844
0.0589655
0.0589467
0.0589278
0.0589089
0.0588899
0.0588709
0.0588518
0.0588327
0.0588136
0.0587944
0.0587751
0.0587557
0.0587363
0.0587168
0.0586972
0.0586775
0.0586577
0.0586378
0.0586177
0.0585976
0.0585773
0.0585568
0.0585362
0.0585153
0.0584943
0.058473
0.0584515
0.0584298
0.0584077
0.0583853
0.0583626
0.0583395
0.058316
0.058292
0.0582676
0.0582426
0.058217
0.0581909
0.0581639
0.0581365
0.0581076
0.0580793
0.0580467
0.0580205
0.0579783
0.0579614
0.0579025
0.0578956
0.0578239
0.0610252
0.061005
0.0609878
0.0609709
0.0609536
0.0609359
0.0609181
0.0609005
0.0608828
0.0608651
0.0608474
0.0608296
0.0608119
0.0607942
0.0607766
0.060759
0.0607416
0.0607242
0.060707
0.0606898
0.0606727
0.0606556
0.0606385
0.0606213
0.0606042
0.0605871
0.0605699
0.0605527
0.0605355
0.0605182
0.060501
0.0604837
0.0604663
0.060449
0.0604316
0.0604142
0.0603968
0.0603794
0.0603619
0.0603445
0.060327
0.0603095
0.0602919
0.0602744
0.0602568
0.0602392
0.0602215
0.0602039
0.0601862
0.0601686
0.0601509
0.0601332
0.0601154
0.0600977
0.0600799
0.0600621
0.0600443
0.0600265
0.0600086
0.0599908
0.0599729
0.059955
0.0599371
0.0599192
0.0599012
0.0598832
0.0598653
0.0598473
0.0598293
0.0598112
0.0597932
0.0597751
0.0597571
0.059739
0.0597209
0.0597028
0.0596846
0.0596665
0.0596483
0.0596302
0.059612
0.0595938
0.0595756
0.0595573
0.0595391
0.0595208
0.0595025
0.0594843
0.0594659
0.0594476
0.0594293
0.059411
0.0593926
0.0593742
0.0593558
0.0593374
0.059319
0.0593006
0.0592821
0.0592636
0.0592452
0.0592267
0.0592081
0.0591896
0.059171
0.0591525
0.0591339
0.0591153
0.0590966
0.059078
0.0590593
0.0590406
0.0590218
0.0590031
0.0589843
0.0589655
0.0589466
0.0589277
0.0589088
0.0588898
0.0588708
0.0588517
0.0588326
0.0588134
0.0587942
0.0587749
0.0587555
0.0587361
0.0587165
0.0586969
0.0586772
0.0586574
0.0586374
0.0586174
0.0585972
0.0585768
0.0585563
0.0585356
0.0585147
0.0584936
0.0584723
0.0584507
0.0584289
0.0584068
0.0583843
0.0583615
0.0583383
0.0583146
0.0582905
0.0582659
0.0582408
0.0582151
0.0581887
0.0581616
0.0581339
0.0581048
0.0580762
0.0580432
0.0580168
0.0579741
0.0579569
0.0578972
0.0578902
0.0578173
0.061007
0.0609872
0.0609706
0.0609534
0.0609356
0.060918
0.0609004
0.0608827
0.060865
0.0608473
0.0608295
0.0608117
0.060794
0.0607764
0.0607589
0.0607414
0.0607241
0.0607068
0.0606897
0.0606726
0.0606555
0.0606384
0.0606213
0.0606042
0.060587
0.0605698
0.0605527
0.0605354
0.0605182
0.0605009
0.0604836
0.0604663
0.060449
0.0604316
0.0604142
0.0603968
0.0603794
0.0603619
0.0603445
0.060327
0.0603094
0.0602919
0.0602743
0.0602568
0.0602392
0.0602215
0.0602039
0.0601862
0.0601686
0.0601509
0.0601331
0.0601154
0.0600977
0.0600799
0.0600621
0.0600443
0.0600265
0.0600086
0.0599908
0.0599729
0.059955
0.0599371
0.0599191
0.0599012
0.0598832
0.0598653
0.0598473
0.0598293
0.0598112
0.0597932
0.0597751
0.0597571
0.059739
0.0597209
0.0597028
0.0596846
0.0596665
0.0596483
0.0596302
0.059612
0.0595938
0.0595755
0.0595573
0.0595391
0.0595208
0.0595025
0.0594842
0.0594659
0.0594476
0.0594293
0.0594109
0.0593926
0.0593742
0.0593558
0.0593374
0.059319
0.0593005
0.0592821
0.0592636
0.0592451
0.0592266
0.0592081
0.0591896
0.059171
0.0591524
0.0591338
0.0591152
0.0590966
0.0590779
0.0590592
0.0590405
0.0590218
0.059003
0.0589842
0.0589654
0.0589465
0.0589276
0.0589087
0.0588897
0.0588707
0.0588516
0.0588325
0.0588133
0.058794
0.0587747
0.0587553
0.0587358
0.0587163
0.0586967
0.0586769
0.0586571
0.0586371
0.058617
0.0585968
0.0585764
0.0585558
0.0585351
0.0585141
0.058493
0.0584716
0.05845
0.0584281
0.0584059
0.0583833
0.0583604
0.0583371
0.0583133
0.0582891
0.0582644
0.0582391
0.0582132
0.0581866
0.0581593
0.0581314
0.058102
0.0580732
0.0580399
0.0580131
0.05797
0.0579526
0.0578921
0.0578851
0.0578109
0.0609888
0.0609706
0.0609534
0.0609355
0.0609179
0.0609004
0.0608826
0.0608649
0.0608472
0.0608293
0.0608116
0.0607939
0.0607762
0.0607587
0.0607412
0.0607239
0.0607067
0.0606896
0.0606725
0.0606554
0.0606383
0.0606212
0.0606041
0.060587
0.0605698
0.0605526
0.0605354
0.0605182
0.0605009
0.0604836
0.0604663
0.060449
0.0604316
0.0604142
0.0603968
0.0603794
0.0603619
0.0603445
0.060327
0.0603094
0.0602919
0.0602743
0.0602568
0.0602392
0.0602215
0.0602039
0.0601862
0.0601686
0.0601509
0.0601331
0.0601154
0.0600977
0.0600799
0.0600621
0.0600443
0.0600265
0.0600086
0.0599908
0.0599729
0.059955
0.0599371
0.0599191
0.0599012
0.0598832
0.0598653
0.0598473
0.0598293
0.0598112
0.0597932
0.0597751
0.0597571
0.059739
0.0597209
0.0597028
0.0596846
0.0596665
0.0596483
0.0596302
0.059612
0.0595938
0.0595755
0.0595573
0.0595391
0.0595208
0.0595025
0.0594842
0.0594659
0.0594476
0.0594293
0.0594109
0.0593926
0.0593742
0.0593558
0.0593374
0.059319
0.0593005
0.0592821
0.0592636
0.0592451
0.0592266
0.0592081
0.0591895
0.059171
0.0591524
0.0591338
0.0591152
0.0590965
0.0590779
0.0590592
0.0590405
0.0590217
0.059003
0.0589842
0.0589653
0.0589464
0.0589275
0.0589086
0.0588896
0.0588706
0.0588515
0.0588323
0.0588131
0.0587939
0.0587745
0.0587551
0.0587356
0.0587161
0.0586964
0.0586766
0.0586568
0.0586368
0.0586166
0.0585964
0.0585759
0.0585554
0.0585346
0.0585136
0.0584924
0.058471
0.0584493
0.0584273
0.058405
0.0583823
0.0583593
0.0583359
0.0583121
0.0582877
0.0582629
0.0582374
0.0582114
0.0581847
0.0581571
0.058129
0.0580994
0.0580703
0.0580367
0.0580097
0.0579661
0.0579484
0.0578872
0.0578801
0.0578047
0.0609916
0.0609704
0.0609527
0.0609353
0.0609179
0.0609002
0.0608825
0.0608648
0.060847
0.0608292
0.0608114
0.0607937
0.060776
0.0607584
0.060741
0.0607237
0.0607065
0.0606894
0.0606724
0.0606553
0.0606382
0.0606212
0.0606041
0.0605869
0.0605698
0.0605526
0.0605354
0.0605181
0.0605009
0.0604836
0.0604663
0.0604489
0.0604316
0.0604142
0.0603968
0.0603794
0.0603619
0.0603444
0.0603269
0.0603094
0.0602919
0.0602743
0.0602567
0.0602391
0.0602215
0.0602039
0.0601862
0.0601685
0.0601509
0.0601331
0.0601154
0.0600976
0.0600799
0.0600621
0.0600443
0.0600265
0.0600086
0.0599907
0.0599729
0.059955
0.0599371
0.0599191
0.0599012
0.0598832
0.0598653
0.0598473
0.0598293
0.0598112
0.0597932
0.0597751
0.0597571
0.059739
0.0597209
0.0597028
0.0596846
0.0596665
0.0596483
0.0596301
0.059612
0.0595938
0.0595755
0.0595573
0.0595391
0.0595208
0.0595025
0.0594842
0.0594659
0.0594476
0.0594293
0.0594109
0.0593926
0.0593742
0.0593558
0.0593374
0.059319
0.0593005
0.0592821
0.0592636
0.0592451
0.0592266
0.0592081
0.0591895
0.059171
0.0591524
0.0591338
0.0591152
0.0590965
0.0590778
0.0590591
0.0590404
0.0590217
0.0590029
0.0589841
0.0589652
0.0589464
0.0589275
0.0589085
0.0588895
0.0588704
0.0588513
0.0588322
0.058813
0.0587937
0.0587744
0.0587549
0.0587354
0.0587159
0.0586962
0.0586764
0.0586565
0.0586365
0.0586163
0.058596
0.0585755
0.0585549
0.0585341
0.0585131
0.0584918
0.0584703
0.0584486
0.0584265
0.0584042
0.0583814
0.0583584
0.0583348
0.0583109
0.0582864
0.0582615
0.0582359
0.0582097
0.0581828
0.0581551
0.0581267
0.0580969
0.0580676
0.0580337
0.0580063
0.0579623
0.0579444
0.0578824
0.0578753
0.0577987
0.0609725
0.0609522
0.0609347
0.0609178
0.0609002
0.0608824
0.0608648
0.0608469
0.060829
0.0608112
0.0607935
0.0607758
0.0607582
0.0607407
0.0607234
0.0607063
0.0606893
0.0606722
0.0606552
0.0606382
0.0606211
0.060604
0.0605869
0.0605697
0.0605526
0.0605354
0.0605181
0.0605009
0.0604836
0.0604663
0.0604489
0.0604316
0.0604142
0.0603968
0.0603794
0.0603619
0.0603444
0.0603269
0.0603094
0.0602919
0.0602743
0.0602567
0.0602391
0.0602215
0.0602039
0.0601862
0.0601685
0.0601508
0.0601331
0.0601154
0.0600976
0.0600799
0.0600621
0.0600443
0.0600264
0.0600086
0.0599907
0.0599729
0.059955
0.0599371
0.0599191
0.0599012
0.0598832
0.0598653
0.0598473
0.0598293
0.0598112
0.0597932
0.0597751
0.0597571
0.059739
0.0597209
0.0597028
0.0596846
0.0596665
0.0596483
0.0596301
0.059612
0.0595937
0.0595755
0.0595573
0.059539
0.0595208
0.0595025
0.0594842
0.0594659
0.0594476
0.0594293
0.0594109
0.0593925
0.0593742
0.0593558
0.0593374
0.0593189
0.0593005
0.059282
0.0592636
0.0592451
0.0592266
0.059208
0.0591895
0.0591709
0.0591524
0.0591338
0.0591151
0.0590965
0.0590778
0.0590591
0.0590404
0.0590216
0.0590028
0.058984
0.0589652
0.0589463
0.0589274
0.0589084
0.0588894
0.0588703
0.0588512
0.0588321
0.0588129
0.0587936
0.0587742
0.0587548
0.0587353
0.0587157
0.0586959
0.0586761
0.0586562
0.0586362
0.058616
0.0585957
0.0585752
0.0585545
0.0585336
0.0585126
0.0584913
0.0584697
0.0584479
0.0584258
0.0584034
0.0583806
0.0583574
0.0583338
0.0583098
0.0582852
0.0582601
0.0582344
0.058208
0.058181
0.0581531
0.0581246
0.0580945
0.058065
0.0580308
0.0580032
0.0579587
0.0579407
0.0578779
0.0578708
0.057793
0.060954
0.0609341
0.0609174
0.0608999
0.0608822
0.0608646
0.0608468
0.0608289
0.0608111
0.0607933
0.0607756
0.060758
0.0607404
0.0607232
0.0607061
0.0606891
0.0606721
0.0606551
0.0606381
0.060621
0.060604
0.0605868
0.0605697
0.0605525
0.0605353
0.0605181
0.0605008
0.0604836
0.0604662
0.0604489
0.0604316
0.0604142
0.0603968
0.0603793
0.0603619
0.0603444
0.0603269
0.0603094
0.0602919
0.0602743
0.0602567
0.0602391
0.0602215
0.0602039
0.0601862
0.0601685
0.0601508
0.0601331
0.0601154
0.0600976
0.0600799
0.0600621
0.0600443
0.0600264
0.0600086
0.0599907
0.0599729
0.059955
0.0599371
0.0599191
0.0599012
0.0598832
0.0598652
0.0598473
0.0598292
0.0598112
0.0597932
0.0597751
0.0597571
0.059739
0.0597209
0.0597028
0.0596846
0.0596665
0.0596483
0.0596301
0.0596119
0.0595937
0.0595755
0.0595573
0.059539
0.0595208
0.0595025
0.0594842
0.0594659
0.0594476
0.0594293
0.0594109
0.0593925
0.0593742
0.0593558
0.0593374
0.0593189
0.0593005
0.059282
0.0592636
0.0592451
0.0592266
0.059208
0.0591895
0.0591709
0.0591523
0.0591337
0.0591151
0.0590964
0.0590778
0.0590591
0.0590403
0.0590216
0.0590028
0.058984
0.0589651
0.0589462
0.0589273
0.0589083
0.0588893
0.0588703
0.0588511
0.058832
0.0588127
0.0587934
0.0587741
0.0587546
0.0587351
0.0587155
0.0586957
0.0586759
0.058656
0.0586359
0.0586157
0.0585953
0.0585748
0.0585541
0.0585332
0.0585121
0.0584908
0.0584692
0.0584473
0.0584251
0.0584026
0.0583798
0.0583565
0.0583329
0.0583087
0.058284
0.0582588
0.058233
0.0582065
0.0581793
0.0581513
0.0581225
0.0580923
0.0580625
0.0580281
0.0580002
0.0579554
0.0579371
0.0578735
0.0578665
0.0577875
0.0609357
0.0609173
0.0608998
0.0608822
0.0608646
0.0608466
0.0608287
0.0608109
0.0607931
0.0607753
0.0607577
0.0607401
0.0607229
0.0607059
0.060689
0.060672
0.060655
0.060638
0.060621
0.0606039
0.0605868
0.0605697
0.0605525
0.0605353
0.0605181
0.0605008
0.0604835
0.0604662
0.0604489
0.0604315
0.0604142
0.0603968
0.0603793
0.0603619
0.0603444
0.0603269
0.0603094
0.0602919
0.0602743
0.0602567
0.0602391
0.0602215
0.0602039
0.0601862
0.0601685
0.0601508
0.0601331
0.0601154
0.0600976
0.0600799
0.0600621
0.0600443
0.0600264
0.0600086
0.0599907
0.0599729
0.059955
0.0599371
0.0599191
0.0599012
0.0598832
0.0598652
0.0598473
0.0598292
0.0598112
0.0597932
0.0597751
0.0597571
0.059739
0.0597209
0.0597027
0.0596846
0.0596665
0.0596483
0.0596301
0.0596119
0.0595937
0.0595755
0.0595573
0.059539
0.0595208
0.0595025
0.0594842
0.0594659
0.0594476
0.0594292
0.0594109
0.0593925
0.0593741
0.0593558
0.0593373
0.0593189
0.0593005
0.059282
0.0592635
0.059245
0.0592265
0.059208
0.0591895
0.0591709
0.0591523
0.0591337
0.0591151
0.0590964
0.0590777
0.059059
0.0590403
0.0590215
0.0590027
0.0589839
0.0589651
0.0589462
0.0589272
0.0589083
0.0588892
0.0588702
0.058851
0.0588319
0.0588126
0.0587933
0.0587739
0.0587545
0.0587349
0.0587153
0.0586955
0.0586757
0.0586557
0.0586356
0.0586154
0.058595
0.0585745
0.0585537
0.0585328
0.0585117
0.0584903
0.0584686
0.0584467
0.0584245
0.0584019
0.058379
0.0583557
0.0583319
0.0583077
0.058283
0.0582576
0.0582317
0.0582051
0.0581777
0.0581495
0.0581206
0.0580902
0.0580602
0.0580255
0.0579974
0.0579521
0.0579337
0.0578694
0.0578624
0.0577823
0.0609384
0.060917
0.060899
0.060882
0.0608645
0.0608465
0.0608285
0.0608107
0.0607928
0.0607751
0.0607574
0.0607398
0.0607226
0.0607057
0.0606888
0.0606719
0.0606549
0.0606379
0.0606209
0.0606039
0.0605868
0.0605696
0.0605525
0.0605353
0.0605181
0.0605008
0.0604835
0.0604662
0.0604489
0.0604315
0.0604141
0.0603967
0.0603793
0.0603619
0.0603444
0.0603269
0.0603094
0.0602919
0.0602743
0.0602567
0.0602391
0.0602215
0.0602039
0.0601862
0.0601685
0.0601508
0.0601331
0.0601154
0.0600976
0.0600799
0.0600621
0.0600443
0.0600264
0.0600086
0.0599907
0.0599729
0.059955
0.059937
0.0599191
0.0599012
0.0598832
0.0598652
0.0598472
0.0598292
0.0598112
0.0597932
0.0597751
0.059757
0.059739
0.0597209
0.0597027
0.0596846
0.0596665
0.0596483
0.0596301
0.0596119
0.0595937
0.0595755
0.0595573
0.059539
0.0595208
0.0595025
0.0594842
0.0594659
0.0594476
0.0594292
0.0594109
0.0593925
0.0593741
0.0593557
0.0593373
0.0593189
0.0593005
0.059282
0.0592635
0.059245
0.0592265
0.059208
0.0591894
0.0591709
0.0591523
0.0591337
0.059115
0.0590964
0.0590777
0.059059
0.0590403
0.0590215
0.0590027
0.0589839
0.058965
0.0589461
0.0589272
0.0589082
0.0588892
0.0588701
0.058851
0.0588318
0.0588125
0.0587932
0.0587738
0.0587543
0.0587348
0.0587151
0.0586954
0.0586755
0.0586555
0.0586354
0.0586152
0.0585947
0.0585742
0.0585534
0.0585324
0.0585113
0.0584898
0.0584682
0.0584462
0.0584239
0.0584013
0.0583783
0.0583549
0.0583311
0.0583068
0.0582819
0.0582565
0.0582305
0.0582037
0.0581763
0.0581479
0.0581189
0.0580882
0.058058
0.0580231
0.0579948
0.0579491
0.0579305
0.0578655
0.0578585
0.0577773
0.0609189
0.0608986
0.0608817
0.0608643
0.0608462
0.0608283
0.0608105
0.0607926
0.0607748
0.0607571
0.0607394
0.0607223
0.0607054
0.0606886
0.0606717
0.0606548
0.0606379
0.0606209
0.0606038
0.0605867
0.0605696
0.0605524
0.0605353
0.060518
0.0605008
0.0604835
0.0604662
0.0604489
0.0604315
0.0604141
0.0603967
0.0603793
0.0603619
0.0603444
0.0603269
0.0603094
0.0602918
0.0602743
0.0602567
0.0602391
0.0602215
0.0602039
0.0601862
0.0601685
0.0601508
0.0601331
0.0601154
0.0600976
0.0600798
0.0600621
0.0600443
0.0600264
0.0600086
0.0599907
0.0599728
0.059955
0.059937
0.0599191
0.0599012
0.0598832
0.0598652
0.0598472
0.0598292
0.0598112
0.0597932
0.0597751
0.059757
0.059739
0.0597209
0.0597027
0.0596846
0.0596665
0.0596483
0.0596301
0.0596119
0.0595937
0.0595755
0.0595573
0.059539
0.0595208
0.0595025
0.0594842
0.0594659
0.0594476
0.0594292
0.0594109
0.0593925
0.0593741
0.0593557
0.0593373
0.0593189
0.0593004
0.059282
0.0592635
0.059245
0.0592265
0.059208
0.0591894
0.0591709
0.0591523
0.0591336
0.059115
0.0590964
0.0590777
0.059059
0.0590402
0.0590215
0.0590027
0.0589838
0.058965
0.0589461
0.0589271
0.0589081
0.0588891
0.05887
0.0588509
0.0588317
0.0588124
0.0587931
0.0587737
0.0587542
0.0587346
0.058715
0.0586952
0.0586753
0.0586553
0.0586352
0.0586149
0.0585945
0.0585739
0.0585531
0.0585321
0.0585109
0.0584894
0.0584677
0.0584457
0.0584234
0.0584007
0.0583777
0.0583542
0.0583303
0.0583059
0.058281
0.0582555
0.0582293
0.0582025
0.0581749
0.0581464
0.0581172
0.0580864
0.058056
0.0580208
0.0579923
0.0579463
0.0579275
0.0578619
0.0578549
0.0577726
0.0609001
0.0608816
0.0608641
0.060846
0.0608281
0.0608103
0.0607923
0.0607745
0.0607567
0.060739
0.0607219
0.0607052
0.0606885
0.0606716
0.0606547
0.0606378
0.0606208
0.0606038
0.0605867
0.0605696
0.0605524
0.0605352
0.060518
0.0605008
0.0604835
0.0604662
0.0604489
0.0604315
0.0604141
0.0603967
0.0603793
0.0603618
0.0603444
0.0603269
0.0603094
0.0602918
0.0602743
0.0602567
0.0602391
0.0602215
0.0602038
0.0601862
0.0601685
0.0601508
0.0601331
0.0601154
0.0600976
0.0600798
0.0600621
0.0600442
0.0600264
0.0600086
0.0599907
0.0599728
0.0599549
0.059937
0.0599191
0.0599012
0.0598832
0.0598652
0.0598472
0.0598292
0.0598112
0.0597932
0.0597751
0.059757
0.059739
0.0597209
0.0597027
0.0596846
0.0596665
0.0596483
0.0596301
0.0596119
0.0595937
0.0595755
0.0595573
0.059539
0.0595208
0.0595025
0.0594842
0.0594659
0.0594476
0.0594292
0.0594109
0.0593925
0.0593741
0.0593557
0.0593373
0.0593189
0.0593004
0.059282
0.0592635
0.059245
0.0592265
0.059208
0.0591894
0.0591708
0.0591522
0.0591336
0.059115
0.0590963
0.0590776
0.0590589
0.0590402
0.0590214
0.0590026
0.0589838
0.0589649
0.058946
0.0589271
0.0589081
0.058889
0.0588699
0.0588508
0.0588316
0.0588123
0.058793
0.0587736
0.0587541
0.0587345
0.0587148
0.058695
0.0586751
0.0586551
0.058635
0.0586147
0.0585942
0.0585736
0.0585528
0.0585318
0.0585105
0.058489
0.0584673
0.0584452
0.0584229
0.0584002
0.0583771
0.0583536
0.0583296
0.0583051
0.0582801
0.0582545
0.0582283
0.0582013
0.0581736
0.058145
0.0581157
0.0580847
0.0580542
0.0580187
0.05799
0.0579437
0.0579248
0.0578585
0.0578516
0.0577682
0.060903
0.0608815
0.0608635
0.0608458
0.060828
0.06081
0.060792
0.0607742
0.0607563
0.0607385
0.0607215
0.060705
0.0606883
0.0606715
0.0606546
0.0606377
0.0606208
0.0606037
0.0605867
0.0605695
0.0605524
0.0605352
0.060518
0.0605007
0.0604835
0.0604662
0.0604488
0.0604315
0.0604141
0.0603967
0.0603793
0.0603618
0.0603444
0.0603269
0.0603094
0.0602918
0.0602743
0.0602567
0.0602391
0.0602215
0.0602038
0.0601862
0.0601685
0.0601508
0.0601331
0.0601154
0.0600976
0.0600798
0.060062
0.0600442
0.0600264
0.0600086
0.0599907
0.0599728
0.0599549
0.059937
0.0599191
0.0599012
0.0598832
0.0598652
0.0598472
0.0598292
0.0598112
0.0597932
0.0597751
0.059757
0.0597389
0.0597208
0.0597027
0.0596846
0.0596665
0.0596483
0.0596301
0.0596119
0.0595937
0.0595755
0.0595573
0.059539
0.0595207
0.0595025
0.0594842
0.0594659
0.0594475
0.0594292
0.0594109
0.0593925
0.0593741
0.0593557
0.0593373
0.0593189
0.0593004
0.059282
0.0592635
0.059245
0.0592265
0.0592079
0.0591894
0.0591708
0.0591522
0.0591336
0.059115
0.0590963
0.0590776
0.0590589
0.0590402
0.0590214
0.0590026
0.0589838
0.0589649
0.058946
0.058927
0.058908
0.058889
0.0588699
0.0588507
0.0588315
0.0588122
0.0587929
0.0587735
0.058754
0.0587344
0.0587147
0.0586949
0.058675
0.058655
0.0586348
0.0586145
0.058594
0.0585734
0.0585525
0.0585315
0.0585102
0.0584887
0.0584669
0.0584448
0.0584224
0.0583997
0.0583765
0.058353
0.0583289
0.0583044
0.0582793
0.0582537
0.0582273
0.0582003
0.0581725
0.0581437
0.0581143
0.0580832
0.0580525
0.0580168
0.057988
0.0579413
0.0579223
0.0578553
0.0578485
0.057764
0.0608835
0.060863
0.060845
0.0608278
0.0608099
0.0607917
0.0607739
0.0607558
0.060738
0.0607211
0.0607047
0.0606881
0.0606714
0.0606546
0.0606377
0.0606207
0.0606037
0.0605866
0.0605695
0.0605524
0.0605352
0.060518
0.0605007
0.0604834
0.0604661
0.0604488
0.0604315
0.0604141
0.0603967
0.0603793
0.0603618
0.0603444
0.0603269
0.0603094
0.0602918
0.0602743
0.0602567
0.0602391
0.0602215
0.0602038
0.0601862
0.0601685
0.0601508
0.0601331
0.0601154
0.0600976
0.0600798
0.060062
0.0600442
0.0600264
0.0600086
0.0599907
0.0599728
0.0599549
0.059937
0.0599191
0.0599012
0.0598832
0.0598652
0.0598472
0.0598292
0.0598112
0.0597932
0.0597751
0.059757
0.0597389
0.0597208
0.0597027
0.0596846
0.0596664
0.0596483
0.0596301
0.0596119
0.0595937
0.0595755
0.0595573
0.059539
0.0595207
0.0595025
0.0594842
0.0594659
0.0594475
0.0594292
0.0594108
0.0593925
0.0593741
0.0593557
0.0593373
0.0593189
0.0593004
0.0592819
0.0592635
0.059245
0.0592265
0.0592079
0.0591894
0.0591708
0.0591522
0.0591336
0.0591149
0.0590963
0.0590776
0.0590589
0.0590401
0.0590214
0.0590026
0.0589837
0.0589648
0.0589459
0.058927
0.058908
0.0588889
0.0588698
0.0588507
0.0588314
0.0588122
0.0587928
0.0587734
0.0587539
0.0587343
0.0587146
0.0586948
0.0586748
0.0586548
0.0586346
0.0586143
0.0585938
0.0585731
0.0585523
0.0585312
0.0585099
0.0584884
0.0584666
0.0584444
0.058422
0.0583992
0.058376
0.0583524
0.0583283
0.0583038
0.0582786
0.0582529
0.0582265
0.0581994
0.0581714
0.0581426
0.058113
0.0580818
0.0580509
0.0580151
0.0579861
0.0579391
0.05792
0.0578524
0.0578457
0.0577602
0.0608647
0.0608444
0.0608273
0.0608093
0.0607912
0.0607735
0.0607553
0.0607373
0.0607206
0.0607044
0.0606879
0.0606712
0.0606544
0.0606376
0.0606206
0.0606036
0.0605865
0.0605694
0.0605523
0.0605351
0.0605179
0.0605007
0.0604834
0.0604661
0.0604488
0.0604314
0.060414
0.0603966
0.0603792
0.0603618
0.0603443
0.0603268
0.0603093
0.0602918
0.0602742
0.0602566
0.060239
0.0602214
0.0602038
0.0601861
0.0601685
0.0601508
0.060133
0.0601153
0.0600976
0.0600798
0.060062
0.0600442
0.0600264
0.0600085
0.0599907
0.0599728
0.0599549
0.059937
0.0599191
0.0599011
0.0598832
0.0598652
0.0598472
0.0598292
0.0598112
0.0597931
0.0597751
0.059757
0.0597389
0.0597208
0.0597027
0.0596846
0.0596664
0.0596482
0.0596301
0.0596119
0.0595937
0.0595755
0.0595572
0.059539
0.0595207
0.0595024
0.0594841
0.0594658
0.0594475
0.0594292
0.0594108
0.0593924
0.0593741
0.0593557
0.0593372
0.0593188
0.0593004
0.0592819
0.0592634
0.0592449
0.0592264
0.0592079
0.0591893
0.0591708
0.0591522
0.0591335
0.0591149
0.0590962
0.0590775
0.0590588
0.0590401
0.0590213
0.0590025
0.0589837
0.0589648
0.0589459
0.0589269
0.0589079
0.0588888
0.0588697
0.0588506
0.0588314
0.0588121
0.0587927
0.0587733
0.0587538
0.0587341
0.0587144
0.0586946
0.0586747
0.0586546
0.0586345
0.0586141
0.0585936
0.0585729
0.058552
0.058531
0.0585096
0.0584881
0.0584662
0.0584441
0.0584216
0.0583988
0.0583756
0.0583519
0.0583278
0.0583032
0.058278
0.0582522
0.0582257
0.0581985
0.0581705
0.0581415
0.0581119
0.0580805
0.0580495
0.0580135
0.0579844
0.0579371
0.057918
0.0578497
0.0578432
0.0577567
0.0608455
0.0608268
0.0608087
0.0607906
0.0607729
0.0607543
0.0607362
0.0607198
0.0607038
0.0606874
0.0606708
0.060654
0.0606372
0.0606203
0.0606032
0.0605862
0.0605691
0.060552
0.0605348
0.0605176
0.0605003
0.0604831
0.0604658
0.0604484
0.0604311
0.0604137
0.0603963
0.0603789
0.0603615
0.060344
0.0603265
0.060309
0.0602915
0.0602739
0.0602563
0.0602387
0.0602211
0.0602035
0.0601858
0.0601681
0.0601504
0.0601327
0.060115
0.0600973
0.0600795
0.0600617
0.0600439
0.0600261
0.0600082
0.0599904
0.0599725
0.0599546
0.0599367
0.0599188
0.0599008
0.0598829
0.0598649
0.0598469
0.0598289
0.0598109
0.0597928
0.0597748
0.0597567
0.0597386
0.0597205
0.0597024
0.0596843
0.0596661
0.059648
0.0596298
0.0596116
0.0595934
0.0595752
0.0595569
0.0595387
0.0595204
0.0595022
0.0594839
0.0594656
0.0594472
0.0594289
0.0594105
0.0593922
0.0593738
0.0593554
0.059337
0.0593186
0.0593001
0.0592816
0.0592632
0.0592447
0.0592262
0.0592076
0.0591891
0.0591705
0.0591519
0.0591333
0.0591146
0.059096
0.0590773
0.0590586
0.0590398
0.059021
0.0590022
0.0589834
0.0589645
0.0589456
0.0589266
0.0589076
0.0588886
0.0588695
0.0588503
0.0588311
0.0588118
0.0587924
0.058773
0.0587534
0.0587338
0.0587141
0.0586943
0.0586744
0.0586543
0.0586341
0.0586137
0.0585932
0.0585725
0.0585516
0.0585305
0.0585092
0.0584876
0.0584657
0.0584436
0.0584211
0.0583982
0.058375
0.0583513
0.0583271
0.0583024
0.0582772
0.0582513
0.0582248
0.0581975
0.0581695
0.0581404
0.0581107
0.0580792
0.0580481
0.058012
0.0579827
0.0579351
0.057916
0.0578471
0.0578408
0.0577534
0.0608456
0.0608239
0.0608052
0.0607876
0.0607701
0.0607511
0.0607329
0.0607168
0.0607011
0.0606848
0.0606682
0.0606515
0.0606347
0.0606177
0.0606008
0.0605837
0.0605666
0.0605495
0.0605323
0.0605151
0.0604979
0.0604806
0.0604633
0.060446
0.0604287
0.0604113
0.0603939
0.0603765
0.0603591
0.0603416
0.0603241
0.0603066
0.0602891
0.0602715
0.060254
0.0602364
0.0602188
0.0602012
0.0601835
0.0601658
0.0601481
0.0601304
0.0601127
0.060095
0.0600772
0.0600594
0.0600416
0.0600238
0.060006
0.0599881
0.0599703
0.0599524
0.0599345
0.0599166
0.0598986
0.0598807
0.0598627
0.0598447
0.0598267
0.0598087
0.0597907
0.0597726
0.0597545
0.0597365
0.0597184
0.0597003
0.0596821
0.059664
0.0596459
0.0596277
0.0596095
0.0595913
0.0595731
0.0595549
0.0595366
0.0595184
0.0595001
0.0594818
0.0594635
0.0594452
0.0594269
0.0594085
0.0593902
0.0593718
0.0593534
0.059335
0.0593166
0.0592981
0.0592797
0.0592612
0.0592427
0.0592242
0.0592057
0.0591871
0.0591685
0.05915
0.0591313
0.0591127
0.059094
0.0590754
0.0590567
0.0590379
0.0590191
0.0590003
0.0589815
0.0589626
0.0589437
0.0589247
0.0589057
0.0588867
0.0588676
0.0588484
0.0588292
0.0588099
0.0587906
0.0587711
0.0587516
0.058732
0.0587123
0.0586924
0.0586725
0.0586524
0.0586322
0.0586119
0.0585914
0.0585707
0.0585498
0.0585286
0.0585073
0.0584857
0.0584638
0.0584416
0.0584191
0.0583962
0.058373
0.0583493
0.0583251
0.0583004
0.0582751
0.0582492
0.0582226
0.0581953
0.0581672
0.0581381
0.0581082
0.0580767
0.0580455
0.0580092
0.0579798
0.057932
0.0579129
0.0578434
0.0578373
0.0577491
0.0608087
0.0607877
0.0607702
0.0607528
0.0607333
0.0607151
0.0606995
0.0606842
0.060668
0.0606515
0.0606348
0.0606181
0.0606012
0.0605842
0.0605672
0.0605502
0.0605331
0.060516
0.0604988
0.0604816
0.0604644
0.0604471
0.0604299
0.0604126
0.0603952
0.0603779
0.0603605
0.0603431
0.0603257
0.0603083
0.0602908
0.0602733
0.0602558
0.0602383
0.0602207
0.0602032
0.0601856
0.060168
0.0601503
0.0601327
0.060115
0.0600973
0.0600796
0.0600619
0.0600442
0.0600264
0.0600086
0.0599908
0.059973
0.0599552
0.0599373
0.0599195
0.0599016
0.0598837
0.0598658
0.0598479
0.0598299
0.0598119
0.059794
0.059776
0.059758
0.0597399
0.0597219
0.0597039
0.0596858
0.0596677
0.0596496
0.0596315
0.0596134
0.0595952
0.0595771
0.0595589
0.0595407
0.0595225
0.0595043
0.059486
0.0594678
0.0594495
0.0594313
0.059413
0.0593947
0.0593763
0.059358
0.0593396
0.0593213
0.0593029
0.0592845
0.0592661
0.0592476
0.0592292
0.0592107
0.0591922
0.0591737
0.0591552
0.0591366
0.0591181
0.0590995
0.0590808
0.0590622
0.0590435
0.0590248
0.0590061
0.0589873
0.0589685
0.0589497
0.0589308
0.0589119
0.0588929
0.0588739
0.0588548
0.0588357
0.0588165
0.0587973
0.0587779
0.0587585
0.0587391
0.0587195
0.0586998
0.05868
0.0586601
0.0586401
0.0586199
0.0585996
0.0585791
0.0585584
0.0585375
0.0585164
0.0584951
0.0584735
0.0584517
0.0584295
0.058407
0.0583842
0.0583609
0.0583372
0.058313
0.0582883
0.058263
0.0582371
0.0582106
0.0581832
0.0581551
0.058126
0.0580961
0.0580645
0.0580332
0.057997
0.0579674
0.0579195
0.0579004
0.0578304
0.0578246
0.0577356
0.0606894
0.0606704
0.0606534
0.0606337
0.0606156
0.0606008
0.0605859
0.06057
0.0605536
0.0605372
0.0605206
0.0605039
0.0604871
0.0604703
0.0604535
0.0604366
0.0604196
0.0604027
0.0603857
0.0603687
0.0603516
0.0603345
0.0603174
0.0603003
0.0602831
0.0602659
0.0602487
0.0602315
0.0602143
0.060197
0.0601797
0.0601624
0.0601451
0.0601277
0.0601103
0.0600929
0.0600755
0.0600581
0.0600406
0.0600232
0.0600057
0.0599882
0.0599706
0.0599531
0.0599355
0.059918
0.0599004
0.0598827
0.0598651
0.0598475
0.0598298
0.0598121
0.0597944
0.0597767
0.059759
0.0597412
0.0597234
0.0597057
0.0596879
0.05967
0.0596522
0.0596344
0.0596165
0.0595986
0.0595807
0.0595628
0.0595449
0.059527
0.059509
0.0594911
0.0594731
0.0594551
0.0594371
0.0594191
0.059401
0.059383
0.0593649
0.0593468
0.0593287
0.0593106
0.0592925
0.0592744
0.0592562
0.059238
0.0592199
0.0592016
0.0591834
0.0591652
0.0591469
0.0591287
0.0591104
0.059092
0.0590737
0.0590554
0.059037
0.0590186
0.0590001
0.0589817
0.0589632
0.0589447
0.0589262
0.0589076
0.058889
0.0588703
0.0588517
0.0588329
0.0588142
0.0587953
0.0587765
0.0587575
0.0587385
0.0587195
0.0587003
0.0586811
0.0586618
0.0586424
0.058623
0.0586034
0.0585836
0.0585638
0.0585438
0.0585237
0.0585034
0.0584829
0.0584622
0.0584413
0.0584201
0.0583988
0.0583771
0.0583551
0.0583328
0.0583101
0.058287
0.0582635
0.0582395
0.0582149
0.0581898
0.0581641
0.0581376
0.0581105
0.0580825
0.0580535
0.0580237
0.0579923
0.0579611
0.057925
0.0578955
0.0578476
0.0578287
0.0577584
0.057753
0.0576635
0.0601855
0.0601639
0.0601476
0.0601291
0.0601123
0.0600988
0.0600849
0.0600696
0.0600539
0.0600382
0.0600224
0.0600064
0.0599905
0.0599744
0.0599584
0.0599422
0.0599261
0.0599099
0.0598937
0.0598775
0.0598612
0.0598449
0.0598286
0.0598123
0.0597959
0.0597795
0.0597631
0.0597467
0.0597302
0.0597138
0.0596973
0.0596808
0.0596642
0.0596477
0.0596311
0.0596145
0.0595979
0.0595812
0.0595646
0.0595479
0.0595312
0.0595145
0.0594977
0.059481
0.0594642
0.0594474
0.0594306
0.0594138
0.059397
0.0593801
0.0593632
0.0593464
0.0593295
0.0593125
0.0592956
0.0592786
0.0592617
0.0592447
0.0592277
0.0592107
0.0591936
0.0591766
0.0591595
0.0591424
0.0591253
0.0591082
0.0590911
0.059074
0.0590568
0.0590396
0.0590225
0.0590053
0.0589881
0.0589708
0.0589536
0.0589363
0.0589191
0.0589018
0.0588845
0.0588672
0.0588498
0.0588325
0.0588151
0.0587977
0.0587803
0.0587629
0.0587455
0.0587281
0.0587106
0.0586931
0.0586756
0.0586581
0.0586406
0.058623
0.0586054
0.0585878
0.0585702
0.0585525
0.0585348
0.0585171
0.0584994
0.0584816
0.0584638
0.0584459
0.058428
0.0584101
0.0583921
0.0583741
0.058356
0.0583379
0.0583197
0.0583014
0.0582831
0.0582647
0.0582462
0.0582276
0.0582089
0.0581901
0.0581711
0.0581521
0.0581329
0.0581135
0.058094
0.0580743
0.0580544
0.0580343
0.058014
0.0579934
0.0579725
0.0579513
0.0579297
0.0579078
0.0578855
0.0578628
0.0578396
0.0578158
0.0577915
0.0577665
0.0577409
0.0577145
0.0576873
0.0576591
0.0576301
0.0575994
0.057569
0.0575337
0.0575048
0.0574579
0.0574394
0.05737
0.057365
0.0572764
0.0579722
0.0579574
0.0579425
0.0579299
0.0579196
0.0579078
0.0578945
0.057881
0.0578676
0.0578541
0.0578406
0.057827
0.0578134
0.0577998
0.0577861
0.0577724
0.0577587
0.057745
0.0577312
0.0577174
0.0577036
0.0576898
0.0576759
0.057662
0.0576481
0.0576342
0.0576202
0.0576062
0.0575922
0.0575782
0.0575642
0.0575501
0.057536
0.0575219
0.0575078
0.0574937
0.0574795
0.0574654
0.0574512
0.0574369
0.0574227
0.0574085
0.0573942
0.0573799
0.0573656
0.0573513
0.0573369
0.0573226
0.0573082
0.0572938
0.0572794
0.057265
0.0572505
0.0572361
0.0572216
0.0572071
0.0571926
0.0571781
0.0571635
0.057149
0.0571344
0.0571198
0.0571052
0.0570906
0.057076
0.0570614
0.0570467
0.057032
0.0570173
0.0570026
0.0569879
0.0569732
0.0569584
0.0569437
0.0569289
0.0569141
0.0568993
0.0568845
0.0568697
0.0568548
0.0568399
0.0568251
0.0568102
0.0567953
0.0567803
0.0567654
0.0567504
0.0567354
0.0567204
0.0567054
0.0566904
0.0566753
0.0566602
0.0566451
0.05663
0.0566149
0.0565997
0.0565845
0.0565693
0.056554
0.0565387
0.0565234
0.056508
0.0564926
0.0564772
0.0564617
0.0564462
0.0564306
0.0564149
0.0563992
0.0563834
0.0563676
0.0563517
0.0563357
0.0563196
0.0563034
0.0562871
0.0562707
0.0562541
0.0562374
0.0562206
0.0562036
0.0561864
0.0561691
0.0561515
0.0561337
0.0561156
0.0560973
0.0560786
0.0560596
0.0560403
0.0560206
0.0560004
0.0559798
0.0559586
0.0559369
0.0559146
0.0558916
0.0558678
0.0558433
0.0558178
0.0557914
0.0557635
0.0557357
0.0557034
0.0556769
0.0556336
0.0556165
0.055552
0.0555473
0.055464
0.0500851
0.050076
0.0500719
0.0500676
0.05006
0.0500508
0.0500419
0.0500333
0.0500248
0.0500162
0.0500077
0.0499991
0.0499906
0.049982
0.0499734
0.0499647
0.0499561
0.0499474
0.0499387
0.04993
0.0499212
0.0499125
0.0499037
0.0498949
0.049886
0.0498772
0.0498683
0.0498594
0.0498505
0.0498416
0.0498326
0.0498236
0.0498146
0.0498056
0.0497966
0.0497876
0.0497785
0.0497694
0.0497603
0.0497512
0.049742
0.0497329
0.0497237
0.0497145
0.0497053
0.0496961
0.0496868
0.0496776
0.0496683
0.049659
0.0496497
0.0496403
0.049631
0.0496216
0.0496123
0.0496029
0.0495935
0.049584
0.0495746
0.0495651
0.0495557
0.0495462
0.0495367
0.0495272
0.0495176
0.0495081
0.0494985
0.049489
0.0494794
0.0494698
0.0494602
0.0494505
0.0494409
0.0494312
0.0494216
0.0494119
0.0494022
0.0493925
0.0493827
0.049373
0.0493632
0.0493534
0.0493437
0.0493339
0.049324
0.0493142
0.0493043
0.0492945
0.0492846
0.0492747
0.0492647
0.0492548
0.0492448
0.0492348
0.0492248
0.0492148
0.0492047
0.0491946
0.0491845
0.0491744
0.0491642
0.049154
0.0491437
0.0491335
0.0491231
0.0491128
0.0491024
0.0490919
0.0490814
0.0490708
0.0490602
0.0490495
0.0490387
0.0490278
0.0490169
0.0490058
0.0489947
0.0489834
0.0489721
0.0489606
0.0489489
0.0489371
0.0489251
0.0489129
0.0489006
0.048888
0.0488751
0.048862
0.0488486
0.0488349
0.0488208
0.0488064
0.0487915
0.0487762
0.0487604
0.0487441
0.0487271
0.0487095
0.0486912
0.0486721
0.0486522
0.048631
0.0486097
0.0485848
0.0485641
0.0485306
0.0485163
0.0484665
0.0484611
0.0483941
0.027374
0.0273753
0.0273733
0.0273676
0.0273614
0.0273558
0.0273504
0.0273451
0.0273398
0.0273345
0.0273292
0.0273239
0.0273185
0.0273132
0.0273078
0.0273024
0.0272969
0.0272915
0.027286
0.0272805
0.027275
0.0272694
0.0272639
0.0272583
0.0272527
0.0272471
0.0272414
0.0272358
0.0272301
0.0272244
0.0272187
0.0272129
0.0272072
0.0272014
0.0271956
0.0271898
0.027184
0.0271781
0.0271722
0.0271664
0.0271605
0.0271545
0.0271486
0.0271426
0.0271367
0.0271307
0.0271247
0.0271186
0.0271126
0.0271065
0.0271005
0.0270944
0.0270883
0.0270821
0.027076
0.0270699
0.0270637
0.0270575
0.0270513
0.0270451
0.0270389
0.0270326
0.0270264
0.0270201
0.0270138
0.0270075
0.0270012
0.0269949
0.0269885
0.0269822
0.0269758
0.0269694
0.026963
0.0269566
0.0269502
0.0269438
0.0269373
0.0269308
0.0269244
0.0269179
0.0269114
0.0269049
0.0268983
0.0268918
0.0268852
0.0268787
0.0268721
0.0268655
0.0268589
0.0268523
0.0268456
0.026839
0.0268323
0.0268256
0.0268189
0.0268122
0.0268054
0.0267987
0.0267919
0.0267851
0.0267783
0.0267715
0.0267646
0.0267577
0.0267508
0.0267439
0.0267369
0.0267299
0.0267229
0.0267158
0.0267087
0.0267015
0.0266944
0.0266871
0.0266798
0.0266725
0.0266651
0.0266576
0.0266501
0.0266424
0.0266347
0.0266269
0.026619
0.026611
0.0266029
0.0265947
0.0265863
0.0265777
0.026569
0.0265601
0.0265511
0.0265418
0.0265322
0.0265224
0.0265123
0.0265019
0.0264912
0.0264801
0.0264685
0.0264566
0.026444
0.0264312
0.0264168
0.0264039
0.0263861
0.0263745
0.0263509
0.0263416
0.0263061
)
;

boundaryField
{
    inlet
    {
        type            calculated;
        value           nonuniform List<scalar> 0();
    }
    outlet
    {
        type            calculated;
        value           nonuniform List<scalar> 
49
(
0.0580493
0.0580401
0.0580309
0.0580218
0.0580126
0.0580035
0.0579944
0.0579854
0.0579764
0.0579675
0.0579586
0.0579498
0.0579411
0.0579325
0.0579239
0.0579155
0.0579071
0.0578989
0.0578907
0.0578827
0.0578748
0.0578671
0.0578595
0.057852
0.0578447
0.0578376
0.0578306
0.0578239
0.0578173
0.0578109
0.0578047
0.0577987
0.057793
0.0577875
0.0577823
0.0577773
0.0577726
0.0577682
0.057764
0.0577602
0.0577567
0.0577534
0.0577491
0.0577356
0.0576635
0.0572764
0.055464
0.0483941
0.0263061
)
;
    }
    lowerWall
    {
        type            calculated;
        value           nonuniform List<scalar> 0();
    }
    upperWall
    {
        type            calculated;
        value           uniform 0;
    }
    frontAndBack
    {
        type            calculated;
        value           uniform 0;
    }
    procBoundary11to2
    {
        type            processor;
        value           nonuniform List<scalar> 
36
(
0.0613889
0.0613701
0.0613512
0.0613335
0.0613169
0.0613001
0.0612831
0.0612661
0.061249
0.061232
0.0612149
0.0611978
0.0611807
0.0611636
0.0611464
0.0611292
0.061112
0.0610947
0.0610774
0.0610601
0.0610428
0.0610254
0.061008
0.0609906
0.0609732
0.0609557
0.0609382
0.0609206
0.0609031
0.0608853
0.0608678
0.0608498
0.0608322
0.0608138
0.0607951
0.0607761
)
;
    }
    procBoundary11to5
    {
        type            processor;
        value           nonuniform List<scalar> 
86
(
0.0614066
0.0613912
0.0613912
0.0613733
0.0613733
0.0613538
0.0613538
0.0613556
0.0613384
0.0613384
0.0613195
0.0613195
0.0613217
0.0613043
0.0613043
0.0612867
0.0612867
0.061268
0.061268
0.0612701
0.0612533
0.0612533
0.0612341
0.0612341
0.0612365
0.0612192
0.0612192
0.0612013
0.0612013
0.0611824
0.0611824
0.0611848
0.0611677
0.0611677
0.0611485
0.0611485
0.0611509
0.0611333
0.0611333
0.0611154
0.0611154
0.0610964
0.0610964
0.0610987
0.0610814
0.0610814
0.0610621
0.0610621
0.0610644
0.0610467
0.0610467
0.0610285
0.0610285
0.0610095
0.0610095
0.0610117
0.060994
0.060994
0.0609758
0.0609758
0.0609567
0.0609567
0.0609587
0.060941
0.060941
0.0609216
0.0609216
0.0609236
0.0609055
0.0609055
0.0608868
0.0608868
0.0608669
0.0608669
0.0608665
0.0608311
0.0608311
0.0607114
0.0607114
0.0602057
0.0579934
0.0579934
0.050095
0.050095
0.027379
0.027379
)
;
    }
    procBoundary11to8
    {
        type            processor;
        value           nonuniform List<scalar> 
150
(
0.060756
0.060739
0.060724
0.0607078
0.0606907
0.0606736
0.0606566
0.0606395
0.0606224
0.0606052
0.060588
0.0605708
0.0605535
0.0605363
0.060519
0.0605017
0.0604843
0.060467
0.0604496
0.0604322
0.0604148
0.0603973
0.0603798
0.0603624
0.0603449
0.0603273
0.0603098
0.0602922
0.0602747
0.0602571
0.0602395
0.0602218
0.0602042
0.0601865
0.0601688
0.0601511
0.0601334
0.0601156
0.0600979
0.0600801
0.0600623
0.0600445
0.0600267
0.0600088
0.0599909
0.0599731
0.0599552
0.0599373
0.0599193
0.0599014
0.0598834
0.0598655
0.0598475
0.0598295
0.0598114
0.0597934
0.0597753
0.0597573
0.0597392
0.0597211
0.059703
0.0596849
0.0596667
0.0596486
0.0596304
0.0596122
0.059594
0.0595758
0.0595576
0.0595394
0.0595211
0.0595029
0.0594846
0.0594663
0.059448
0.0594297
0.0594114
0.0593931
0.0593748
0.0593564
0.0593381
0.0593197
0.0593013
0.0592829
0.0592645
0.0592461
0.0592277
0.0592092
0.0591908
0.0591724
0.0591539
0.0591354
0.0591169
0.0590985
0.05908
0.0590614
0.0590429
0.0590244
0.0590059
0.0589873
0.0589688
0.0589502
0.0589316
0.0589131
0.0588945
0.058876
0.0588574
0.0588388
0.0588202
0.0588016
0.0587829
0.0587643
0.0587457
0.0587271
0.0587085
0.0586899
0.0586712
0.0586526
0.058634
0.0586154
0.0585967
0.0585781
0.0585594
0.0585408
0.0585222
0.0585035
0.0584849
0.0584663
0.0584477
0.058429
0.0584103
0.0583906
0.0583714
0.0583714
0.0583521
0.0583332
0.0583143
0.0582954
0.0582765
0.0582575
0.0582387
0.0582194
0.0582013
0.0581803
0.0581653
0.0581389
0.0581315
0.0580972
0.0580934
0.0580584
)
;
    }
}


// ************************************************************************* //
