/*--------------------------------*- C++ -*----------------------------------*\
| =========                 |                                                 |
| \\      /  F ield         | OpenFOAM: The Open Source CFD Toolbox           |
|  \\    /   O peration     | Version:  2512                                  |
|   \\  /    A nd           | Website:  www.openfoam.com                      |
|    \\/     M anipulation  |                                                 |
\*---------------------------------------------------------------------------*/
FoamFile
{
    version     2.0;
    format      ascii;
    arch        "LSB;label=32;scalar=64";
    class       volScalarField;
    location    "0.1";
    object      p;
}
// * * * * * * * * * * * * * * * * * * * * * * * * * * * * * * * * * * * * * //

dimensions      [1 -1 -2 0 0 0 0];

internalField   nonuniform List<scalar> 
8334
(
-384.907
-385.578
-386.249
-386.922
-387.596
-388.271
-388.947
-389.624
-390.302
-390.981
-391.661
-392.342
-393.024
-393.707
-394.391
-395.076
-395.762
-396.449
-397.137
-397.827
-398.517
-399.208
-399.9
-400.593
-401.287
-401.982
-402.678
-403.375
-404.073
-404.772
-405.472
-406.173
-406.874
-407.577
-408.281
-408.985
-409.691
-410.398
-411.106
-411.814
-412.523
-413.233
-413.944
-414.656
-415.369
-416.083
-416.797
-417.512
-418.228
-418.945
-419.663
-420.382
-421.101
-421.822
-422.543
-423.265
-423.988
-424.711
-425.436
-426.161
-426.887
-427.614
-428.342
-429.07
-429.8
-430.53
-431.26
-431.992
-432.725
-433.458
-434.192
-434.926
-435.662
-436.398
-437.135
-437.873
-438.611
-439.35
-440.09
-440.831
-441.573
-442.315
-443.058
-443.801
-444.545
-445.29
-446.036
-446.783
-447.53
-448.278
-449.026
-449.775
-450.525
-451.276
-452.027
-452.779
-453.531
-454.285
-455.038
-455.793
-456.548
-457.304
-458.06
-458.818
-459.575
-460.334
-461.093
-461.852
-462.612
-463.373
-464.135
-464.897
-465.659
-466.423
-467.186
-467.951
-468.716
-469.481
-470.248
-471.014
-471.782
-472.549
-473.318
-474.087
-474.856
-475.626
-476.397
-477.168
-477.94
-478.712
-479.484
-480.258
-481.031
-481.806
-482.58
-483.355
-484.131
-484.907
-485.684
-486.461
-487.239
-488.017
-488.796
-489.575
-490.354
-491.134
-491.914
-492.695
-493.477
-494.258
-495.04
-495.823
-496.606
-497.389
-498.173
-498.958
-499.742
-500.527
-501.313
-502.099
-502.885
-503.671
-504.458
-505.246
-506.033
-506.821
-507.61
-508.399
-509.188
-509.977
-510.767
-511.557
-512.348
-513.138
-513.93
-514.721
-515.513
-516.305
-517.097
-517.89
-518.683
-519.476
-520.27
-521.063
-521.857
-389.816
-390.487
-391.16
-391.834
-392.509
-393.185
-393.862
-394.54
-395.219
-395.899
-396.58
-397.262
-397.945
-398.629
-399.314
-400
-400.687
-401.376
-402.065
-402.755
-403.446
-404.138
-404.831
-405.525
-406.22
-406.916
-407.613
-408.311
-409.01
-409.71
-410.411
-411.112
-411.815
-412.519
-413.224
-413.929
-414.636
-415.344
-416.052
-416.761
-417.471
-418.182
-418.894
-419.607
-420.321
-421.035
-421.75
-422.466
-423.183
-423.901
-424.62
-425.339
-426.06
-426.781
-427.503
-428.226
-428.949
-429.674
-430.399
-431.125
-431.852
-432.58
-433.308
-434.038
-434.768
-435.499
-436.23
-436.963
-437.696
-438.43
-439.164
-439.9
-440.636
-441.373
-442.111
-442.849
-443.588
-444.328
-445.069
-445.811
-446.553
-447.296
-448.039
-448.783
-449.528
-450.274
-451.021
-451.768
-452.516
-453.264
-454.013
-454.763
-455.514
-456.265
-457.017
-457.769
-458.523
-459.276
-460.031
-460.786
-461.542
-462.298
-463.056
-463.813
-464.572
-465.331
-466.09
-466.85
-467.611
-468.373
-469.135
-469.897
-470.661
-471.424
-472.189
-472.954
-473.719
-474.486
-475.252
-476.02
-476.787
-477.556
-478.325
-479.094
-479.864
-480.635
-481.406
-482.178
-482.95
-483.722
-484.496
-485.269
-486.044
-486.818
-487.593
-488.369
-489.145
-489.922
-490.699
-491.477
-492.255
-493.034
-493.813
-494.592
-495.372
-496.152
-496.933
-497.715
-498.496
-499.278
-500.061
-500.844
-501.627
-502.411
-503.196
-503.98
-504.765
-505.551
-506.336
-507.123
-507.909
-508.696
-509.484
-510.271
-511.059
-511.848
-512.637
-513.426
-514.215
-515.005
-515.795
-516.586
-517.376
-518.168
-518.959
-519.751
-520.543
-521.335
-522.128
-522.921
-523.714
-524.507
-525.301
-526.095
-394.053
-394.725
-395.398
-396.072
-396.747
-397.423
-398.1
-398.778
-399.457
-400.137
-400.818
-401.5
-402.183
-402.867
-403.552
-404.238
-404.925
-405.614
-406.303
-406.993
-407.684
-408.376
-409.069
-409.763
-410.458
-411.154
-411.851
-412.549
-413.248
-413.948
-414.649
-415.351
-416.053
-416.757
-417.462
-418.167
-418.874
-419.582
-420.29
-420.999
-421.709
-422.42
-423.132
-423.845
-424.559
-425.273
-425.988
-426.704
-427.421
-428.139
-428.858
-429.578
-430.298
-431.019
-431.741
-432.464
-433.188
-433.912
-434.637
-435.363
-436.09
-436.818
-437.546
-438.276
-439.006
-439.737
-440.468
-441.201
-441.934
-442.668
-443.402
-444.138
-444.874
-445.611
-446.349
-447.087
-447.827
-448.566
-449.307
-450.049
-450.791
-451.534
-452.277
-453.021
-453.767
-454.512
-455.259
-456.006
-456.754
-457.502
-458.251
-459.001
-459.752
-460.503
-461.255
-462.007
-462.761
-463.514
-464.269
-465.024
-465.78
-466.536
-467.294
-468.051
-468.81
-469.569
-470.328
-471.088
-471.849
-472.611
-473.373
-474.135
-474.899
-475.662
-476.427
-477.192
-477.957
-478.724
-479.49
-480.258
-481.025
-481.794
-482.563
-483.332
-484.102
-484.873
-485.644
-486.416
-487.188
-487.96
-488.734
-489.507
-490.282
-491.056
-491.831
-492.607
-493.383
-494.16
-494.937
-495.715
-496.493
-497.272
-498.051
-498.83
-499.61
-500.39
-501.171
-501.953
-502.734
-503.516
-504.299
-505.082
-505.865
-506.649
-507.433
-508.218
-509.003
-509.789
-510.574
-511.361
-512.147
-512.934
-513.722
-514.509
-515.297
-516.086
-516.875
-517.664
-518.453
-519.243
-520.033
-520.824
-521.614
-522.405
-523.197
-523.989
-524.781
-525.573
-526.366
-527.159
-527.952
-528.745
-529.539
-530.333
-398.963
-399.636
-400.31
-400.985
-401.661
-402.338
-403.016
-403.695
-404.375
-405.056
-405.738
-406.421
-407.105
-407.79
-408.476
-409.164
-409.852
-410.541
-411.231
-411.922
-412.614
-413.307
-414.001
-414.696
-415.392
-416.089
-416.787
-417.486
-418.186
-418.887
-419.589
-420.291
-420.995
-421.7
-422.406
-423.112
-423.82
-424.528
-425.237
-425.947
-426.658
-427.37
-428.083
-428.797
-429.511
-430.226
-430.943
-431.66
-432.377
-433.096
-433.816
-434.536
-435.257
-435.979
-436.702
-437.426
-438.15
-438.875
-439.601
-440.328
-441.056
-441.784
-442.514
-443.244
-443.975
-444.706
-445.439
-446.172
-446.906
-447.64
-448.376
-449.112
-449.849
-450.587
-451.325
-452.065
-452.805
-453.545
-454.287
-455.029
-455.772
-456.515
-457.26
-458.005
-458.75
-459.497
-460.244
-460.992
-461.74
-462.489
-463.239
-463.99
-464.741
-465.493
-466.245
-466.999
-467.752
-468.507
-469.262
-470.018
-470.774
-471.532
-472.289
-473.048
-473.807
-474.566
-475.327
-476.087
-476.849
-477.611
-478.373
-479.137
-479.901
-480.665
-481.43
-482.195
-482.962
-483.728
-484.496
-485.263
-486.032
-486.801
-487.57
-488.34
-489.111
-489.882
-490.654
-491.426
-492.198
-492.972
-493.745
-494.52
-495.294
-496.069
-496.845
-497.621
-498.398
-499.175
-499.953
-500.731
-501.51
-502.289
-503.068
-503.848
-504.628
-505.409
-506.191
-506.972
-507.754
-508.537
-509.32
-510.103
-510.887
-511.671
-512.456
-513.241
-514.027
-514.812
-515.599
-516.385
-517.172
-517.96
-518.747
-519.535
-520.324
-521.113
-521.902
-522.691
-523.481
-524.271
-525.062
-525.852
-526.643
-527.435
-528.227
-529.019
-529.811
-530.604
-531.397
-532.19
-532.983
-533.777
-534.571
-403.874
-404.548
-405.223
-405.899
-406.576
-407.254
-407.933
-408.613
-409.294
-409.976
-410.659
-411.343
-412.028
-412.714
-413.402
-414.09
-414.779
-415.469
-416.16
-416.852
-417.545
-418.239
-418.934
-419.63
-420.327
-421.025
-421.724
-422.424
-423.125
-423.827
-424.53
-425.233
-425.938
-426.644
-427.35
-428.058
-428.766
-429.475
-430.186
-430.897
-431.608
-432.321
-433.035
-433.749
-434.464
-435.181
-435.898
-436.615
-437.334
-438.054
-438.774
-439.495
-440.217
-440.94
-441.664
-442.388
-443.113
-443.839
-444.566
-445.294
-446.022
-446.752
-447.482
-448.213
-448.944
-449.677
-450.41
-451.144
-451.878
-452.614
-453.35
-454.087
-454.825
-455.563
-456.303
-457.043
-457.783
-458.525
-459.267
-460.01
-460.753
-461.498
-462.243
-462.988
-463.735
-464.482
-465.23
-465.978
-466.727
-467.477
-468.228
-468.979
-469.731
-470.483
-471.237
-471.991
-472.745
-473.5
-474.256
-475.013
-475.77
-476.527
-477.286
-478.045
-478.804
-479.565
-480.325
-481.087
-481.849
-482.611
-483.375
-484.139
-484.903
-485.668
-486.433
-487.2
-487.966
-488.734
-489.501
-490.27
-491.039
-491.808
-492.578
-493.349
-494.12
-494.892
-495.664
-496.436
-497.21
-497.983
-498.758
-499.532
-500.307
-501.083
-501.859
-502.636
-503.413
-504.191
-504.969
-505.748
-506.527
-507.306
-508.086
-508.866
-509.647
-510.429
-511.21
-511.992
-512.775
-513.558
-514.341
-515.125
-515.909
-516.694
-517.479
-518.265
-519.05
-519.837
-520.623
-521.41
-522.198
-522.985
-523.773
-524.562
-525.35
-526.14
-526.929
-527.719
-528.509
-529.3
-530.09
-530.881
-531.673
-532.465
-533.257
-534.049
-534.842
-535.635
-536.428
-537.221
-538.015
-538.809
-408.786
-409.461
-410.137
-410.814
-411.492
-412.171
-412.851
-413.532
-414.214
-414.897
-415.581
-416.266
-416.952
-417.64
-418.328
-419.017
-419.707
-420.398
-421.09
-421.783
-422.477
-423.172
-423.869
-424.566
-425.263
-425.962
-426.662
-427.363
-428.065
-428.768
-429.471
-430.176
-430.882
-431.588
-432.296
-433.004
-433.713
-434.424
-435.135
-435.846
-436.559
-437.273
-437.987
-438.702
-439.419
-440.136
-440.853
-441.572
-442.292
-443.012
-443.733
-444.455
-445.178
-445.902
-446.626
-447.351
-448.077
-448.804
-449.532
-450.26
-450.99
-451.72
-452.451
-453.182
-453.915
-454.648
-455.382
-456.116
-456.852
-457.588
-458.325
-459.063
-459.801
-460.541
-461.281
-462.021
-462.763
-463.505
-464.248
-464.991
-465.736
-466.481
-467.226
-467.973
-468.72
-469.468
-470.216
-470.965
-471.715
-472.466
-473.217
-473.969
-474.721
-475.475
-476.229
-476.983
-477.738
-478.494
-479.251
-480.008
-480.765
-481.524
-482.283
-483.042
-483.803
-484.563
-485.325
-486.087
-486.849
-487.613
-488.377
-489.141
-489.906
-490.671
-491.438
-492.204
-492.972
-493.739
-494.508
-495.277
-496.046
-496.816
-497.587
-498.358
-499.13
-499.902
-500.674
-501.448
-502.221
-502.996
-503.77
-504.545
-505.321
-506.097
-506.874
-507.651
-508.429
-509.207
-509.985
-510.765
-511.544
-512.324
-513.104
-513.885
-514.667
-515.448
-516.23
-517.013
-517.796
-518.579
-519.363
-520.147
-520.932
-521.717
-522.503
-523.288
-524.075
-524.861
-525.648
-526.435
-527.223
-528.011
-528.8
-529.588
-530.378
-531.167
-531.957
-532.747
-533.537
-534.328
-535.119
-535.911
-536.703
-537.495
-538.287
-539.08
-539.873
-540.666
-541.459
-542.253
-543.047
-413.024
-413.699
-414.374
-415.051
-415.73
-416.409
-417.089
-417.77
-418.452
-419.135
-419.819
-420.504
-421.19
-421.878
-422.566
-423.255
-423.945
-424.636
-425.328
-426.021
-426.715
-427.411
-428.107
-428.804
-429.502
-430.2
-430.9
-431.601
-432.303
-433.006
-433.71
-434.414
-435.12
-435.826
-436.534
-437.242
-437.951
-438.662
-439.373
-440.084
-440.797
-441.511
-442.225
-442.94
-443.657
-444.374
-445.091
-445.81
-446.53
-447.25
-447.971
-448.693
-449.416
-450.14
-450.864
-451.589
-452.315
-453.042
-453.77
-454.499
-455.228
-455.958
-456.689
-457.42
-458.153
-458.886
-459.62
-460.355
-461.09
-461.826
-462.563
-463.301
-464.039
-464.779
-465.519
-466.259
-467.001
-467.743
-468.486
-469.229
-469.974
-470.719
-471.464
-472.211
-472.958
-473.706
-474.454
-475.203
-475.953
-476.704
-477.455
-478.207
-478.959
-479.713
-480.467
-481.221
-481.976
-482.732
-483.489
-484.246
-485.003
-485.762
-486.521
-487.28
-488.041
-488.801
-489.563
-490.325
-491.087
-491.851
-492.615
-493.379
-494.144
-494.909
-495.676
-496.442
-497.21
-497.977
-498.746
-499.515
-500.284
-501.054
-501.825
-502.596
-503.368
-504.14
-504.912
-505.686
-506.459
-507.234
-508.008
-508.783
-509.559
-510.335
-511.112
-511.889
-512.667
-513.445
-514.223
-515.003
-515.782
-516.562
-517.342
-518.123
-518.904
-519.686
-520.468
-521.251
-522.034
-522.817
-523.601
-524.385
-525.17
-525.955
-526.741
-527.526
-528.313
-529.099
-529.886
-530.673
-531.461
-532.249
-533.038
-533.826
-534.616
-535.405
-536.195
-536.985
-537.775
-538.566
-539.357
-540.149
-540.941
-541.733
-542.525
-543.318
-544.111
-544.904
-545.697
-546.491
-547.285
-417.936
-418.612
-419.289
-419.967
-420.647
-421.327
-422.008
-422.69
-423.373
-424.057
-424.742
-425.428
-426.116
-426.804
-427.493
-428.183
-428.874
-429.566
-430.259
-430.954
-431.649
-432.345
-433.042
-433.74
-434.439
-435.138
-435.839
-436.541
-437.244
-437.948
-438.652
-439.358
-440.064
-440.772
-441.48
-442.189
-442.9
-443.611
-444.322
-445.035
-445.749
-446.463
-447.178
-447.895
-448.612
-449.329
-450.048
-450.768
-451.488
-452.209
-452.931
-453.654
-454.378
-455.102
-455.827
-456.553
-457.28
-458.008
-458.737
-459.466
-460.196
-460.927
-461.658
-462.391
-463.124
-463.858
-464.593
-465.328
-466.064
-466.801
-467.539
-468.277
-469.017
-469.757
-470.497
-471.239
-471.981
-472.724
-473.467
-474.212
-474.957
-475.702
-476.449
-477.196
-477.944
-478.692
-479.441
-480.191
-480.942
-481.693
-482.445
-483.197
-483.951
-484.705
-485.459
-486.214
-486.97
-487.727
-488.484
-489.241
-490
-490.759
-491.518
-492.279
-493.039
-493.801
-494.563
-495.325
-496.089
-496.853
-497.617
-498.382
-499.147
-499.914
-500.68
-501.448
-502.215
-502.984
-503.753
-504.522
-505.292
-506.063
-506.834
-507.606
-508.378
-509.15
-509.924
-510.697
-511.471
-512.246
-513.021
-513.797
-514.573
-515.35
-516.127
-516.905
-517.683
-518.461
-519.24
-520.02
-520.8
-521.58
-522.361
-523.142
-523.924
-524.706
-525.489
-526.272
-527.055
-527.839
-528.623
-529.408
-530.193
-530.978
-531.764
-532.551
-533.337
-534.124
-534.911
-535.699
-536.487
-537.276
-538.064
-538.854
-539.643
-540.433
-541.223
-542.013
-542.804
-543.595
-544.387
-545.178
-545.971
-546.763
-547.556
-548.348
-549.142
-549.935
-550.729
-551.523
-422.85
-423.527
-424.205
-424.884
-425.565
-426.246
-426.928
-427.611
-428.295
-428.98
-429.666
-430.354
-431.042
-431.731
-432.421
-433.112
-433.804
-434.497
-435.192
-435.887
-436.583
-437.28
-437.978
-438.677
-439.376
-440.077
-440.779
-441.482
-442.186
-442.89
-443.596
-444.302
-445.01
-445.718
-446.428
-447.138
-447.849
-448.56
-449.273
-449.987
-450.701
-451.417
-452.133
-452.85
-453.567
-454.286
-455.006
-455.726
-456.447
-457.169
-457.892
-458.616
-459.34
-460.065
-460.792
-461.518
-462.246
-462.975
-463.704
-464.434
-465.165
-465.896
-466.629
-467.362
-468.096
-468.831
-469.566
-470.302
-471.039
-471.777
-472.515
-473.255
-473.995
-474.735
-475.477
-476.219
-476.962
-477.705
-478.45
-479.195
-479.94
-480.687
-481.434
-482.182
-482.93
-483.679
-484.429
-485.18
-485.931
-486.683
-487.435
-488.189
-488.943
-489.697
-490.452
-491.208
-491.965
-492.722
-493.479
-494.238
-494.997
-495.756
-496.517
-497.277
-498.039
-498.801
-499.563
-500.327
-501.091
-501.855
-502.62
-503.385
-504.152
-504.918
-505.686
-506.453
-507.222
-507.991
-508.76
-509.53
-510.301
-511.072
-511.844
-512.616
-513.388
-514.162
-514.935
-515.709
-516.484
-517.259
-518.035
-518.811
-519.588
-520.365
-521.143
-521.921
-522.699
-523.478
-524.258
-525.038
-525.818
-526.599
-527.38
-528.162
-528.944
-529.727
-530.51
-531.293
-532.077
-532.861
-533.646
-534.431
-535.216
-536.002
-536.788
-537.575
-538.362
-539.149
-539.937
-540.725
-541.514
-542.302
-543.091
-543.881
-544.671
-545.461
-546.251
-547.042
-547.833
-548.625
-549.416
-550.209
-551.001
-551.793
-552.586
-553.38
-554.173
-554.967
-555.761
-427.088
-427.765
-428.443
-429.122
-429.803
-430.484
-431.166
-431.849
-432.533
-433.218
-433.904
-434.592
-435.28
-435.969
-436.659
-437.35
-438.042
-438.735
-439.43
-440.125
-440.821
-441.518
-442.216
-442.915
-443.615
-444.315
-445.017
-445.72
-446.424
-447.128
-447.834
-448.541
-449.248
-449.956
-450.666
-451.376
-452.087
-452.798
-453.511
-454.225
-454.939
-455.655
-456.371
-457.088
-457.806
-458.524
-459.244
-459.964
-460.685
-461.407
-462.13
-462.854
-463.578
-464.303
-465.03
-465.756
-466.484
-467.213
-467.942
-468.672
-469.403
-470.134
-470.867
-471.6
-472.334
-473.069
-473.804
-474.54
-475.277
-476.015
-476.753
-477.493
-478.233
-478.973
-479.715
-480.457
-481.2
-481.943
-482.688
-483.433
-484.178
-484.925
-485.672
-486.42
-487.168
-487.917
-488.667
-489.418
-490.169
-490.921
-491.673
-492.427
-493.181
-493.935
-494.69
-495.446
-496.203
-496.96
-497.717
-498.476
-499.235
-499.994
-500.755
-501.515
-502.277
-503.039
-503.801
-504.565
-505.329
-506.093
-506.858
-507.623
-508.39
-509.156
-509.924
-510.691
-511.46
-512.229
-512.998
-513.768
-514.539
-515.31
-516.082
-516.854
-517.626
-518.4
-519.173
-519.947
-520.722
-521.497
-522.273
-523.049
-523.826
-524.603
-525.381
-526.159
-526.937
-527.716
-528.496
-529.276
-530.056
-530.837
-531.618
-532.4
-533.182
-533.965
-534.748
-535.531
-536.315
-537.099
-537.884
-538.669
-539.454
-540.24
-541.026
-541.813
-542.6
-543.387
-544.175
-544.963
-545.752
-546.54
-547.329
-548.119
-548.909
-549.699
-550.489
-551.28
-552.071
-552.863
-553.654
-554.446
-555.239
-556.031
-556.824
-557.618
-558.411
-559.205
-559.999
-432.003
-432.681
-433.36
-434.04
-434.722
-435.404
-436.087
-436.771
-437.456
-438.142
-438.83
-439.518
-440.207
-440.897
-441.588
-442.28
-442.974
-443.668
-444.363
-445.059
-445.756
-446.454
-447.153
-447.853
-448.553
-449.255
-449.958
-450.662
-451.366
-452.072
-452.779
-453.486
-454.194
-454.904
-455.614
-456.325
-457.036
-457.749
-458.463
-459.177
-459.893
-460.609
-461.326
-462.044
-462.762
-463.482
-464.202
-464.923
-465.645
-466.368
-467.092
-467.816
-468.541
-469.268
-469.994
-470.722
-471.451
-472.18
-472.91
-473.641
-474.372
-475.105
-475.838
-476.572
-477.307
-478.042
-478.778
-479.515
-480.253
-480.991
-481.731
-482.471
-483.211
-483.953
-484.695
-485.438
-486.181
-486.926
-487.671
-488.416
-489.163
-489.91
-490.658
-491.406
-492.155
-492.905
-493.656
-494.407
-495.159
-495.911
-496.665
-497.419
-498.173
-498.928
-499.684
-500.441
-501.198
-501.955
-502.714
-503.473
-504.232
-504.993
-505.753
-506.515
-507.277
-508.039
-508.803
-509.567
-510.331
-511.096
-511.861
-512.628
-513.394
-514.162
-514.929
-515.698
-516.467
-517.236
-518.006
-518.777
-519.548
-520.32
-521.092
-521.864
-522.638
-523.411
-524.185
-524.96
-525.735
-526.511
-527.287
-528.064
-528.841
-529.619
-530.397
-531.175
-531.954
-532.734
-533.514
-534.294
-535.075
-535.856
-536.638
-537.42
-538.203
-538.986
-539.769
-540.553
-541.337
-542.122
-542.907
-543.692
-544.478
-545.264
-546.051
-546.838
-547.625
-548.413
-549.201
-549.99
-550.778
-551.567
-552.357
-553.147
-553.937
-554.727
-555.518
-556.309
-557.101
-557.892
-558.684
-559.477
-560.269
-561.062
-561.856
-562.649
-563.443
-564.237
-436.919
-437.598
-438.278
-438.96
-439.642
-440.325
-441.009
-441.694
-442.38
-443.068
-443.756
-444.445
-445.135
-445.826
-446.518
-447.211
-447.906
-448.601
-449.297
-449.994
-450.692
-451.391
-452.091
-452.791
-453.493
-454.196
-454.9
-455.604
-456.31
-457.017
-457.724
-458.432
-459.142
-459.852
-460.563
-461.275
-461.987
-462.701
-463.415
-464.131
-464.847
-465.564
-466.282
-467
-467.72
-468.44
-469.161
-469.883
-470.606
-471.33
-472.054
-472.779
-473.506
-474.232
-474.96
-475.689
-476.418
-477.148
-477.879
-478.61
-479.343
-480.076
-480.81
-481.545
-482.28
-483.016
-483.753
-484.491
-485.229
-485.969
-486.709
-487.449
-488.191
-488.933
-489.676
-490.419
-491.164
-491.909
-492.654
-493.401
-494.148
-494.896
-495.644
-496.393
-497.143
-497.894
-498.645
-499.397
-500.149
-500.903
-501.657
-502.411
-503.166
-503.922
-504.679
-505.436
-506.193
-506.952
-507.711
-508.47
-509.231
-509.991
-510.753
-511.515
-512.277
-513.041
-513.804
-514.569
-515.334
-516.099
-516.866
-517.632
-518.4
-519.167
-519.936
-520.705
-521.474
-522.244
-523.015
-523.786
-524.558
-525.33
-526.102
-526.876
-527.649
-528.423
-529.198
-529.973
-530.749
-531.525
-532.302
-533.079
-533.857
-534.635
-535.413
-536.192
-536.972
-537.752
-538.532
-539.313
-540.094
-540.876
-541.658
-542.441
-543.224
-544.007
-544.791
-545.575
-546.36
-547.145
-547.93
-548.716
-549.502
-550.289
-551.076
-551.863
-552.651
-553.439
-554.227
-555.016
-555.805
-556.595
-557.385
-558.175
-558.965
-559.756
-560.547
-561.339
-562.13
-562.922
-563.715
-564.507
-565.3
-566.094
-566.887
-567.681
-568.475
-441.836
-442.516
-443.197
-443.88
-444.563
-445.247
-445.932
-446.618
-447.306
-447.994
-448.683
-449.373
-450.064
-450.756
-451.449
-452.144
-452.839
-453.535
-454.232
-454.93
-455.629
-456.329
-457.03
-457.731
-458.434
-459.138
-459.842
-460.548
-461.255
-461.962
-462.67
-463.38
-464.09
-464.801
-465.513
-466.225
-466.939
-467.653
-468.369
-469.085
-469.802
-470.52
-471.238
-471.958
-472.678
-473.399
-474.121
-474.844
-475.568
-476.292
-477.017
-477.744
-478.47
-479.198
-479.927
-480.656
-481.386
-482.117
-482.848
-483.581
-484.314
-485.048
-485.783
-486.518
-487.254
-487.991
-488.729
-489.467
-490.207
-490.947
-491.687
-492.429
-493.171
-493.914
-494.657
-495.402
-496.147
-496.892
-497.639
-498.386
-499.134
-499.882
-500.631
-501.381
-502.132
-502.883
-503.635
-504.387
-505.141
-505.895
-506.649
-507.404
-508.16
-508.917
-509.674
-510.431
-511.19
-511.949
-512.708
-513.469
-514.229
-514.991
-515.753
-516.515
-517.279
-518.042
-518.807
-519.572
-520.337
-521.104
-521.87
-522.638
-523.405
-524.174
-524.943
-525.712
-526.482
-527.253
-528.024
-528.796
-529.568
-530.34
-531.114
-531.887
-532.661
-533.436
-534.211
-534.987
-535.763
-536.54
-537.317
-538.095
-538.873
-539.651
-540.43
-541.21
-541.99
-542.77
-543.551
-544.332
-545.114
-545.896
-546.679
-547.462
-548.245
-549.029
-549.813
-550.598
-551.383
-552.168
-552.954
-553.74
-554.527
-555.314
-556.101
-556.889
-557.677
-558.465
-559.254
-560.043
-560.833
-561.623
-562.413
-563.203
-563.994
-564.785
-565.577
-566.368
-567.16
-567.953
-568.745
-569.538
-570.331
-571.125
-571.919
-572.713
-446.074
-446.754
-447.435
-448.118
-448.801
-449.485
-450.17
-450.856
-451.543
-452.232
-452.921
-453.611
-454.302
-454.994
-455.687
-456.382
-457.077
-457.773
-458.47
-459.168
-459.867
-460.567
-461.268
-461.969
-462.672
-463.376
-464.081
-464.786
-465.493
-466.2
-466.908
-467.618
-468.328
-469.039
-469.751
-470.463
-471.177
-471.891
-472.607
-473.323
-474.04
-474.758
-475.476
-476.196
-476.916
-477.637
-478.359
-479.082
-479.806
-480.53
-481.255
-481.982
-482.708
-483.436
-484.165
-484.894
-485.624
-486.355
-487.086
-487.819
-488.552
-489.286
-490.021
-490.756
-491.492
-492.229
-492.967
-493.705
-494.445
-495.185
-495.925
-496.667
-497.409
-498.152
-498.895
-499.64
-500.385
-501.13
-501.877
-502.624
-503.372
-504.12
-504.869
-505.619
-506.37
-507.121
-507.873
-508.625
-509.379
-510.133
-510.887
-511.642
-512.398
-513.155
-513.912
-514.669
-515.428
-516.187
-516.946
-517.706
-518.467
-519.229
-519.991
-520.753
-521.517
-522.28
-523.045
-523.81
-524.575
-525.342
-526.108
-526.876
-527.643
-528.412
-529.181
-529.95
-530.72
-531.491
-532.262
-533.033
-533.806
-534.578
-535.351
-536.125
-536.899
-537.674
-538.449
-539.225
-540.001
-540.778
-541.555
-542.333
-543.111
-543.889
-544.668
-545.448
-546.228
-547.008
-547.789
-548.57
-549.352
-550.134
-550.917
-551.7
-552.483
-553.267
-554.051
-554.836
-555.621
-556.406
-557.192
-557.978
-558.765
-559.552
-560.339
-561.127
-561.915
-562.703
-563.492
-564.281
-565.071
-565.861
-566.651
-567.441
-568.232
-569.023
-569.814
-570.606
-571.398
-572.191
-572.983
-573.776
-574.569
-575.363
-576.157
-576.951
-450.992
-451.673
-452.355
-453.039
-453.723
-454.408
-455.094
-455.781
-456.47
-457.159
-457.849
-458.54
-459.232
-459.925
-460.62
-461.315
-462.011
-462.708
-463.406
-464.105
-464.805
-465.506
-466.207
-466.91
-467.614
-468.319
-469.024
-469.731
-470.438
-471.146
-471.856
-472.566
-473.277
-473.989
-474.701
-475.415
-476.129
-476.845
-477.561
-478.278
-478.996
-479.714
-480.434
-481.154
-481.875
-482.597
-483.32
-484.044
-484.768
-485.493
-486.22
-486.946
-487.674
-488.403
-489.132
-489.862
-490.593
-491.324
-492.057
-492.79
-493.524
-494.259
-494.994
-495.73
-496.467
-497.205
-497.943
-498.683
-499.423
-500.163
-500.905
-501.647
-502.39
-503.133
-503.878
-504.623
-505.368
-506.115
-506.862
-507.61
-508.358
-509.107
-509.857
-510.608
-511.359
-512.111
-512.863
-513.617
-514.371
-515.125
-515.88
-516.636
-517.393
-518.15
-518.907
-519.666
-520.425
-521.184
-521.944
-522.705
-523.467
-524.229
-524.991
-525.755
-526.518
-527.283
-528.048
-528.813
-529.58
-530.346
-531.114
-531.881
-532.65
-533.419
-534.188
-534.958
-535.729
-536.5
-537.271
-538.044
-538.816
-539.589
-540.363
-541.137
-541.912
-542.687
-543.463
-544.239
-545.016
-545.793
-546.571
-547.349
-548.127
-548.906
-549.686
-550.466
-551.246
-552.027
-552.808
-553.59
-554.372
-555.155
-555.938
-556.721
-557.505
-558.289
-559.074
-559.859
-560.644
-561.43
-562.216
-563.003
-563.79
-564.577
-565.365
-566.153
-566.941
-567.73
-568.519
-569.309
-570.099
-570.889
-571.679
-572.47
-573.261
-574.052
-574.844
-575.636
-576.429
-577.221
-578.014
-578.807
-579.601
-580.395
-581.189
-455.911
-456.593
-457.277
-457.961
-458.646
-459.332
-460.019
-460.708
-461.397
-462.087
-462.778
-463.47
-464.163
-464.858
-465.553
-466.249
-466.946
-467.644
-468.343
-469.043
-469.744
-470.445
-471.148
-471.852
-472.557
-473.262
-473.969
-474.676
-475.384
-476.094
-476.804
-477.515
-478.227
-478.939
-479.653
-480.367
-481.083
-481.799
-482.516
-483.234
-483.952
-484.672
-485.392
-486.113
-486.835
-487.558
-488.282
-489.006
-489.731
-490.458
-491.184
-491.912
-492.641
-493.37
-494.1
-494.831
-495.562
-496.295
-497.028
-497.762
-498.497
-499.232
-499.968
-500.705
-501.443
-502.181
-502.921
-503.661
-504.401
-505.143
-505.885
-506.628
-507.371
-508.116
-508.861
-509.606
-510.353
-511.1
-511.848
-512.596
-513.345
-514.095
-514.846
-515.597
-516.349
-517.101
-517.855
-518.609
-519.363
-520.118
-520.874
-521.631
-522.388
-523.145
-523.904
-524.663
-525.422
-526.182
-526.943
-527.705
-528.467
-529.229
-529.993
-530.756
-531.521
-532.286
-533.051
-533.818
-534.584
-535.352
-536.119
-536.888
-537.657
-538.426
-539.196
-539.967
-540.738
-541.509
-542.282
-543.054
-543.827
-544.601
-545.375
-546.15
-546.925
-547.701
-548.477
-549.254
-550.031
-550.809
-551.587
-552.365
-553.144
-553.924
-554.704
-555.484
-556.265
-557.046
-557.828
-558.61
-559.393
-560.176
-560.959
-561.743
-562.527
-563.312
-564.097
-564.882
-565.668
-566.454
-567.241
-568.028
-568.815
-569.603
-570.391
-571.179
-571.968
-572.757
-573.547
-574.336
-575.127
-575.917
-576.708
-577.499
-578.29
-579.082
-579.874
-580.667
-581.459
-582.252
-583.045
-583.839
-584.633
-585.427
-460.831
-461.514
-462.199
-462.884
-463.57
-464.257
-464.945
-465.635
-466.325
-467.016
-467.708
-468.401
-469.095
-469.791
-470.487
-471.184
-471.882
-472.581
-473.281
-473.982
-474.683
-475.386
-476.09
-476.795
-477.5
-478.207
-478.914
-479.622
-480.332
-481.042
-481.753
-482.465
-483.177
-483.891
-484.605
-485.321
-486.037
-486.754
-487.472
-488.19
-488.91
-489.63
-490.351
-491.073
-491.796
-492.52
-493.244
-493.969
-494.696
-495.422
-496.15
-496.879
-497.608
-498.338
-499.069
-499.8
-500.533
-501.266
-502
-502.735
-503.47
-504.206
-504.943
-505.681
-506.419
-507.159
-507.899
-508.639
-509.381
-510.123
-510.866
-511.609
-512.354
-513.099
-513.844
-514.591
-515.338
-516.086
-516.834
-517.583
-518.333
-519.084
-519.835
-520.587
-521.339
-522.093
-522.847
-523.601
-524.356
-525.112
-525.868
-526.626
-527.383
-528.142
-528.901
-529.66
-530.42
-531.181
-531.943
-532.705
-533.467
-534.231
-534.994
-535.759
-536.524
-537.289
-538.056
-538.822
-539.589
-540.357
-541.126
-541.895
-542.664
-543.434
-544.205
-544.976
-545.747
-546.52
-547.292
-548.065
-548.839
-549.613
-550.388
-551.163
-551.939
-552.715
-553.492
-554.269
-555.047
-555.825
-556.603
-557.382
-558.162
-558.942
-559.722
-560.503
-561.284
-562.066
-562.848
-563.631
-564.414
-565.197
-565.981
-566.765
-567.55
-568.335
-569.12
-569.906
-570.692
-571.479
-572.266
-573.053
-573.841
-574.629
-575.417
-576.206
-576.995
-577.785
-578.574
-579.365
-580.155
-580.946
-581.737
-582.528
-583.32
-584.112
-584.904
-585.697
-586.49
-587.283
-588.077
-588.871
-465.069
-465.752
-466.437
-467.122
-467.808
-468.495
-469.183
-469.873
-470.563
-471.254
-471.946
-472.639
-473.333
-474.029
-474.725
-475.422
-476.12
-476.819
-477.519
-478.219
-478.921
-479.624
-480.328
-481.033
-481.738
-482.445
-483.152
-483.86
-484.57
-485.28
-485.991
-486.703
-487.415
-488.129
-488.843
-489.559
-490.275
-490.992
-491.71
-492.428
-493.148
-493.868
-494.589
-495.311
-496.034
-496.758
-497.482
-498.207
-498.934
-499.66
-500.388
-501.117
-501.846
-502.576
-503.307
-504.038
-504.771
-505.504
-506.238
-506.973
-507.708
-508.444
-509.181
-509.919
-510.657
-511.397
-512.137
-512.877
-513.619
-514.361
-515.104
-515.847
-516.592
-517.337
-518.082
-518.829
-519.576
-520.324
-521.072
-521.821
-522.571
-523.322
-524.073
-524.825
-525.577
-526.331
-527.084
-527.839
-528.594
-529.35
-530.106
-530.864
-531.621
-532.38
-533.139
-533.898
-534.658
-535.419
-536.181
-536.943
-537.705
-538.469
-539.232
-539.997
-540.762
-541.527
-542.293
-543.06
-543.827
-544.595
-545.364
-546.133
-546.902
-547.672
-548.443
-549.214
-549.985
-550.758
-551.53
-552.303
-553.077
-553.851
-554.626
-555.401
-556.177
-556.953
-557.73
-558.507
-559.285
-560.063
-560.841
-561.62
-562.4
-563.18
-563.96
-564.741
-565.522
-566.304
-567.086
-567.869
-568.652
-569.435
-570.219
-571.003
-571.788
-572.573
-573.358
-574.144
-574.93
-575.717
-576.504
-577.291
-578.079
-578.867
-579.655
-580.444
-581.233
-582.023
-582.812
-583.603
-584.393
-585.184
-585.975
-586.766
-587.558
-588.35
-589.142
-589.935
-590.728
-591.521
-592.315
-593.108
-469.99
-470.674
-471.36
-472.046
-472.733
-473.421
-474.111
-474.801
-475.492
-476.184
-476.877
-477.571
-478.266
-478.963
-479.66
-480.358
-481.057
-481.757
-482.457
-483.159
-483.862
-484.566
-485.271
-485.976
-486.683
-487.39
-488.098
-488.808
-489.518
-490.229
-490.94
-491.653
-492.367
-493.081
-493.797
-494.513
-495.23
-495.948
-496.666
-497.386
-498.106
-498.827
-499.549
-500.272
-500.996
-501.72
-502.445
-503.172
-503.898
-504.626
-505.355
-506.084
-506.814
-507.545
-508.276
-509.009
-509.742
-510.476
-511.211
-511.946
-512.682
-513.419
-514.157
-514.895
-515.635
-516.375
-517.115
-517.857
-518.599
-519.342
-520.085
-520.83
-521.575
-522.32
-523.067
-523.814
-524.562
-525.31
-526.059
-526.809
-527.56
-528.311
-529.063
-529.815
-530.569
-531.322
-532.077
-532.832
-533.588
-534.344
-535.102
-535.859
-536.618
-537.377
-538.136
-538.896
-539.657
-540.419
-541.181
-541.943
-542.707
-543.47
-544.235
-545
-545.765
-546.531
-547.298
-548.065
-548.833
-549.602
-550.371
-551.14
-551.91
-552.681
-553.452
-554.223
-554.995
-555.768
-556.541
-557.315
-558.089
-558.864
-559.639
-560.415
-561.191
-561.968
-562.745
-563.522
-564.301
-565.079
-565.858
-566.638
-567.418
-568.198
-568.979
-569.76
-570.542
-571.324
-572.107
-572.89
-573.673
-574.457
-575.241
-576.026
-576.811
-577.596
-578.382
-579.168
-579.955
-580.742
-581.529
-582.317
-583.105
-583.893
-584.682
-585.471
-586.261
-587.05
-587.84
-588.631
-589.422
-590.213
-591.004
-591.796
-592.588
-593.38
-594.173
-594.966
-595.759
-596.553
-597.346
-474.912
-475.598
-476.284
-476.971
-477.659
-478.348
-479.039
-479.73
-480.422
-481.115
-481.809
-482.504
-483.2
-483.898
-484.596
-485.295
-485.995
-486.695
-487.397
-488.1
-488.804
-489.508
-490.214
-490.921
-491.628
-492.336
-493.046
-493.756
-494.467
-495.178
-495.891
-496.605
-497.319
-498.035
-498.751
-499.468
-500.186
-500.904
-501.624
-502.344
-503.065
-503.787
-504.51
-505.234
-505.958
-506.683
-507.41
-508.136
-508.864
-509.593
-510.322
-511.052
-511.783
-512.514
-513.247
-513.98
-514.714
-515.449
-516.184
-516.92
-517.657
-518.395
-519.133
-519.873
-520.613
-521.353
-522.095
-522.837
-523.58
-524.323
-525.068
-525.813
-526.558
-527.305
-528.052
-528.8
-529.548
-530.297
-531.047
-531.798
-532.549
-533.301
-534.053
-534.807
-535.56
-536.315
-537.07
-537.826
-538.582
-539.34
-540.097
-540.856
-541.615
-542.374
-543.134
-543.895
-544.657
-545.419
-546.181
-546.945
-547.708
-548.473
-549.238
-550.003
-550.769
-551.536
-552.303
-553.071
-553.84
-554.609
-555.378
-556.148
-556.919
-557.69
-558.461
-559.233
-560.006
-560.779
-561.553
-562.327
-563.102
-563.877
-564.653
-565.429
-566.206
-566.983
-567.76
-568.539
-569.317
-570.096
-570.876
-571.656
-572.436
-573.217
-573.998
-574.78
-575.562
-576.345
-577.128
-577.911
-578.695
-579.479
-580.264
-581.049
-581.834
-582.62
-583.406
-584.193
-584.98
-585.767
-586.555
-587.343
-588.131
-588.92
-589.709
-590.498
-591.288
-592.078
-592.869
-593.66
-594.451
-595.242
-596.034
-596.826
-597.618
-598.411
-599.204
-599.997
-600.791
-601.584
-479.15
-479.835
-480.522
-481.209
-481.897
-482.586
-483.277
-483.968
-484.66
-485.353
-486.047
-486.742
-487.438
-488.135
-488.834
-489.533
-490.232
-490.933
-491.635
-492.338
-493.042
-493.746
-494.452
-495.159
-495.866
-496.574
-497.284
-497.994
-498.705
-499.416
-500.129
-500.843
-501.557
-502.273
-502.989
-503.706
-504.424
-505.142
-505.862
-506.582
-507.303
-508.025
-508.748
-509.472
-510.196
-510.921
-511.648
-512.374
-513.102
-513.831
-514.56
-515.29
-516.021
-516.752
-517.485
-518.218
-518.952
-519.687
-520.422
-521.158
-521.895
-522.633
-523.371
-524.111
-524.851
-525.591
-526.333
-527.075
-527.818
-528.561
-529.306
-530.051
-530.796
-531.543
-532.29
-533.038
-533.786
-534.535
-535.285
-536.036
-536.787
-537.539
-538.291
-539.045
-539.798
-540.553
-541.308
-542.064
-542.82
-543.577
-544.335
-545.094
-545.853
-546.612
-547.372
-548.133
-548.895
-549.657
-550.419
-551.183
-551.946
-552.711
-553.476
-554.241
-555.007
-555.774
-556.541
-557.309
-558.078
-558.847
-559.616
-560.386
-561.157
-561.928
-562.699
-563.471
-564.244
-565.017
-565.791
-566.565
-567.34
-568.115
-568.891
-569.667
-570.444
-571.221
-571.998
-572.777
-573.555
-574.334
-575.114
-575.894
-576.674
-577.455
-578.236
-579.018
-579.8
-580.582
-581.365
-582.149
-582.933
-583.717
-584.502
-585.287
-586.072
-586.858
-587.644
-588.431
-589.218
-590.005
-590.793
-591.581
-592.369
-593.158
-593.947
-594.736
-595.526
-596.316
-597.107
-597.898
-598.689
-599.48
-600.272
-601.064
-601.856
-602.649
-603.442
-604.235
-605.029
-605.822
-484.073
-484.76
-485.447
-486.135
-486.824
-487.514
-488.206
-488.898
-489.591
-490.285
-490.98
-491.676
-492.373
-493.071
-493.77
-494.47
-495.171
-495.873
-496.576
-497.28
-497.984
-498.69
-499.397
-500.104
-500.812
-501.521
-502.232
-502.943
-503.654
-504.367
-505.081
-505.795
-506.51
-507.227
-507.944
-508.661
-509.38
-510.1
-510.82
-511.541
-512.263
-512.986
-513.71
-514.434
-515.159
-515.886
-516.612
-517.34
-518.069
-518.798
-519.528
-520.259
-520.99
-521.723
-522.456
-523.19
-523.925
-524.66
-525.396
-526.133
-526.871
-527.609
-528.349
-529.089
-529.829
-530.571
-531.313
-532.056
-532.799
-533.544
-534.289
-535.034
-535.781
-536.528
-537.276
-538.024
-538.773
-539.523
-540.274
-541.025
-541.777
-542.529
-543.283
-544.036
-544.791
-545.546
-546.302
-547.058
-547.815
-548.573
-549.332
-550.091
-550.85
-551.61
-552.371
-553.133
-553.895
-554.657
-555.42
-556.184
-556.949
-557.714
-558.479
-559.245
-560.012
-560.779
-561.547
-562.316
-563.084
-563.854
-564.624
-565.395
-566.166
-566.937
-567.709
-568.482
-569.255
-570.029
-570.803
-571.578
-572.353
-573.129
-573.905
-574.682
-575.459
-576.236
-577.014
-577.793
-578.572
-579.352
-580.132
-580.912
-581.693
-582.474
-583.256
-584.038
-584.82
-585.603
-586.387
-587.171
-587.955
-588.74
-589.525
-590.31
-591.096
-591.882
-592.669
-593.456
-594.243
-595.031
-595.819
-596.607
-597.396
-598.185
-598.974
-599.764
-600.554
-601.345
-602.136
-602.927
-603.718
-604.51
-605.302
-606.094
-606.887
-607.68
-608.473
-609.266
-610.06
-488.997
-489.685
-490.373
-491.062
-491.752
-492.444
-493.136
-493.829
-494.523
-495.218
-495.914
-496.611
-497.309
-498.008
-498.708
-499.409
-500.111
-500.814
-501.518
-502.222
-502.928
-503.634
-504.342
-505.05
-505.759
-506.47
-507.181
-507.892
-508.605
-509.319
-510.033
-510.748
-511.465
-512.182
-512.899
-513.618
-514.338
-515.058
-515.779
-516.501
-517.224
-517.948
-518.672
-519.397
-520.124
-520.85
-521.578
-522.307
-523.036
-523.766
-524.497
-525.228
-525.961
-526.694
-527.428
-528.163
-528.898
-529.634
-530.371
-531.109
-531.847
-532.587
-533.327
-534.067
-534.809
-535.551
-536.294
-537.037
-537.782
-538.527
-539.272
-540.019
-540.766
-541.514
-542.262
-543.011
-543.761
-544.512
-545.263
-546.015
-546.767
-547.521
-548.274
-549.029
-549.784
-550.54
-551.296
-552.053
-552.811
-553.57
-554.328
-555.088
-555.848
-556.609
-557.371
-558.133
-558.895
-559.658
-560.422
-561.187
-561.952
-562.717
-563.483
-564.25
-565.017
-565.785
-566.554
-567.322
-568.092
-568.862
-569.633
-570.404
-571.175
-571.947
-572.72
-573.493
-574.267
-575.041
-575.816
-576.591
-577.367
-578.143
-578.92
-579.697
-580.474
-581.252
-582.031
-582.81
-583.59
-584.369
-585.15
-585.931
-586.712
-587.494
-588.276
-589.058
-589.841
-590.625
-591.409
-592.193
-592.977
-593.763
-594.548
-595.334
-596.12
-596.907
-597.693
-598.481
-599.269
-600.057
-600.845
-601.634
-602.423
-603.212
-604.002
-604.792
-605.583
-606.374
-607.165
-607.956
-608.748
-609.54
-610.332
-611.125
-611.918
-612.711
-613.504
-614.298
-493.923
-494.611
-495.3
-495.99
-496.681
-497.374
-498.067
-498.761
-499.456
-500.152
-500.849
-501.547
-502.246
-502.946
-503.647
-504.349
-505.052
-505.756
-506.46
-507.166
-507.872
-508.58
-509.288
-509.997
-510.708
-511.419
-512.13
-512.843
-513.557
-514.271
-514.986
-515.703
-516.42
-517.137
-517.856
-518.576
-519.296
-520.017
-520.739
-521.462
-522.186
-522.91
-523.635
-524.361
-525.088
-525.816
-526.545
-527.274
-528.004
-528.735
-529.466
-530.199
-530.932
-531.666
-532.401
-533.136
-533.872
-534.609
-535.347
-536.085
-536.825
-537.565
-538.305
-539.047
-539.789
-540.532
-541.275
-542.02
-542.765
-543.51
-544.257
-545.004
-545.752
-546.5
-547.249
-547.999
-548.75
-549.501
-550.253
-551.005
-551.758
-552.512
-553.267
-554.022
-554.778
-555.534
-556.291
-557.049
-557.807
-558.566
-559.326
-560.086
-560.847
-561.609
-562.371
-563.133
-563.896
-564.66
-565.425
-566.19
-566.955
-567.721
-568.488
-569.255
-570.023
-570.791
-571.56
-572.33
-573.1
-573.87
-574.642
-575.413
-576.185
-576.958
-577.731
-578.505
-579.279
-580.054
-580.829
-581.605
-582.381
-583.158
-583.935
-584.712
-585.49
-586.269
-587.048
-587.827
-588.607
-589.388
-590.169
-590.95
-591.732
-592.514
-593.296
-594.079
-594.863
-595.647
-596.431
-597.215
-598
-598.786
-599.572
-600.358
-601.144
-601.931
-602.719
-603.506
-604.295
-605.083
-605.872
-606.661
-607.45
-608.24
-609.03
-609.821
-610.611
-611.403
-612.194
-612.986
-613.778
-614.57
-615.363
-616.156
-616.949
-617.742
-618.536
-498.16
-498.849
-499.538
-500.228
-500.919
-501.611
-502.305
-502.999
-503.694
-504.39
-505.087
-505.785
-506.484
-507.184
-507.885
-508.587
-509.29
-509.994
-510.698
-511.404
-512.11
-512.818
-513.526
-514.235
-514.945
-515.656
-516.368
-517.081
-517.795
-518.509
-519.224
-519.941
-520.658
-521.375
-522.094
-522.814
-523.534
-524.255
-524.977
-525.7
-526.424
-527.148
-527.873
-528.599
-529.326
-530.054
-530.782
-531.512
-532.242
-532.973
-533.704
-534.437
-535.17
-535.904
-536.638
-537.374
-538.11
-538.847
-539.585
-540.323
-541.063
-541.802
-542.543
-543.285
-544.027
-544.77
-545.513
-546.257
-547.002
-547.748
-548.495
-549.242
-549.99
-550.738
-551.487
-552.237
-552.988
-553.739
-554.491
-555.243
-555.996
-556.75
-557.505
-558.26
-559.016
-559.772
-560.529
-561.287
-562.045
-562.804
-563.564
-564.324
-565.085
-565.846
-566.609
-567.371
-568.134
-568.898
-569.663
-570.428
-571.193
-571.959
-572.726
-573.493
-574.261
-575.029
-575.798
-576.568
-577.338
-578.108
-578.88
-579.651
-580.423
-581.196
-581.969
-582.743
-583.517
-584.292
-585.067
-585.843
-586.619
-587.395
-588.173
-588.95
-589.728
-590.507
-591.286
-592.065
-592.845
-593.626
-594.407
-595.188
-595.97
-596.752
-597.534
-598.317
-599.101
-599.885
-600.669
-601.453
-602.238
-603.024
-603.81
-604.596
-605.382
-606.169
-606.957
-607.744
-608.532
-609.321
-610.11
-610.899
-611.688
-612.478
-613.268
-614.059
-614.849
-615.641
-616.432
-617.224
-618.016
-618.808
-619.601
-620.394
-621.187
-621.98
-622.774
-503.086
-503.776
-504.466
-505.157
-505.849
-506.543
-507.237
-507.932
-508.628
-509.325
-510.023
-510.722
-511.422
-512.123
-512.825
-513.528
-514.231
-514.936
-515.642
-516.348
-517.056
-517.764
-518.473
-519.183
-519.894
-520.606
-521.319
-522.033
-522.747
-523.462
-524.179
-524.896
-525.613
-526.332
-527.052
-527.772
-528.493
-529.215
-529.938
-530.662
-531.386
-532.111
-532.837
-533.564
-534.292
-535.02
-535.75
-536.48
-537.211
-537.942
-538.675
-539.408
-540.142
-540.876
-541.612
-542.348
-543.085
-543.823
-544.561
-545.301
-546.04
-546.781
-547.523
-548.265
-549.008
-549.751
-550.495
-551.24
-551.986
-552.733
-553.48
-554.227
-554.976
-555.725
-556.475
-557.226
-557.977
-558.729
-559.481
-560.234
-560.988
-561.743
-562.498
-563.254
-564.01
-564.767
-565.525
-566.283
-567.042
-567.802
-568.562
-569.323
-570.084
-570.846
-571.609
-572.372
-573.136
-573.901
-574.666
-575.431
-576.197
-576.964
-577.731
-578.499
-579.267
-580.036
-580.806
-581.576
-582.346
-583.117
-583.889
-584.661
-585.434
-586.207
-586.981
-587.755
-588.53
-589.305
-590.081
-590.857
-591.633
-592.411
-593.188
-593.966
-594.745
-595.524
-596.303
-597.083
-597.864
-598.645
-599.426
-600.208
-600.99
-601.772
-602.555
-603.339
-604.122
-604.907
-605.691
-606.476
-607.262
-608.048
-608.834
-609.62
-610.407
-611.195
-611.982
-612.77
-613.559
-614.348
-615.137
-615.926
-616.716
-617.506
-618.297
-619.087
-619.878
-620.67
-621.462
-622.254
-623.046
-623.839
-624.632
-625.425
-626.218
-627.012
-508.014
-508.704
-509.395
-510.087
-510.78
-511.475
-512.17
-512.866
-513.563
-514.261
-514.96
-515.66
-516.361
-517.063
-517.766
-518.469
-519.174
-519.88
-520.586
-521.294
-522.002
-522.711
-523.421
-524.132
-524.844
-525.557
-526.271
-526.985
-527.7
-528.417
-529.134
-529.851
-530.57
-531.29
-532.01
-532.731
-533.453
-534.176
-534.9
-535.624
-536.349
-537.075
-537.802
-538.53
-539.258
-539.988
-540.718
-541.449
-542.18
-542.913
-543.646
-544.38
-545.114
-545.85
-546.586
-547.323
-548.061
-548.799
-549.538
-550.278
-551.019
-551.761
-552.503
-553.246
-553.989
-554.733
-555.478
-556.224
-556.971
-557.718
-558.465
-559.214
-559.963
-560.713
-561.464
-562.215
-562.967
-563.719
-564.472
-565.226
-565.981
-566.736
-567.492
-568.248
-569.005
-569.763
-570.521
-571.28
-572.04
-572.8
-573.561
-574.322
-575.084
-575.847
-576.61
-577.374
-578.139
-578.903
-579.669
-580.435
-581.202
-581.969
-582.737
-583.505
-584.274
-585.044
-585.814
-586.584
-587.355
-588.127
-588.899
-589.672
-590.445
-591.219
-591.993
-592.768
-593.543
-594.319
-595.095
-595.871
-596.649
-597.426
-598.204
-598.983
-599.762
-600.541
-601.321
-602.102
-602.883
-603.664
-604.445
-605.228
-606.01
-606.793
-607.577
-608.36
-609.145
-609.929
-610.714
-611.5
-612.286
-613.072
-613.858
-614.645
-615.433
-616.22
-617.008
-617.797
-618.586
-619.375
-620.164
-620.954
-621.744
-622.535
-623.325
-624.116
-624.908
-625.7
-626.492
-627.284
-628.077
-628.87
-629.663
-630.456
-631.25
-512.251
-512.942
-513.633
-514.325
-515.018
-515.712
-516.408
-517.104
-517.801
-518.499
-519.198
-519.898
-520.599
-521.301
-522.004
-522.707
-523.412
-524.118
-524.824
-525.532
-526.24
-526.949
-527.659
-528.37
-529.082
-529.795
-530.509
-531.223
-531.938
-532.654
-533.371
-534.089
-534.808
-535.528
-536.248
-536.969
-537.691
-538.414
-539.138
-539.862
-540.587
-541.313
-542.04
-542.768
-543.496
-544.226
-544.956
-545.687
-546.418
-547.151
-547.884
-548.618
-549.352
-550.088
-550.824
-551.561
-552.299
-553.037
-553.776
-554.516
-555.257
-555.998
-556.741
-557.483
-558.227
-558.971
-559.716
-560.462
-561.209
-561.956
-562.703
-563.452
-564.201
-564.951
-565.701
-566.453
-567.205
-567.957
-568.71
-569.464
-570.219
-570.974
-571.73
-572.486
-573.243
-574.001
-574.759
-575.518
-576.278
-577.038
-577.799
-578.56
-579.322
-580.085
-580.848
-581.612
-582.376
-583.141
-583.907
-584.673
-585.44
-586.207
-586.975
-587.743
-588.512
-589.282
-590.052
-590.822
-591.593
-592.365
-593.137
-593.91
-594.683
-595.457
-596.231
-597.006
-597.781
-598.556
-599.333
-600.109
-600.886
-601.664
-602.442
-603.221
-604
-604.779
-605.559
-606.34
-607.12
-607.902
-608.683
-609.466
-610.248
-611.031
-611.815
-612.598
-613.383
-614.167
-614.952
-615.738
-616.523
-617.31
-618.096
-618.883
-619.671
-620.458
-621.246
-622.035
-622.823
-623.613
-624.402
-625.192
-625.982
-626.772
-627.563
-628.354
-629.146
-629.937
-630.73
-631.522
-632.315
-633.107
-633.901
-634.694
-635.488
-517.179
-517.871
-518.563
-519.256
-519.95
-520.645
-521.342
-522.039
-522.737
-523.436
-524.136
-524.837
-525.539
-526.241
-526.945
-527.65
-528.356
-529.062
-529.77
-530.478
-531.187
-531.897
-532.608
-533.32
-534.033
-534.746
-535.461
-536.176
-536.892
-537.609
-538.327
-539.046
-539.765
-540.486
-541.207
-541.929
-542.652
-543.376
-544.1
-544.825
-545.551
-546.278
-547.006
-547.734
-548.464
-549.194
-549.925
-550.656
-551.389
-552.122
-552.856
-553.59
-554.326
-555.062
-555.799
-556.537
-557.275
-558.014
-558.754
-559.495
-560.236
-560.979
-561.721
-562.465
-563.209
-563.954
-564.7
-565.446
-566.194
-566.941
-567.69
-568.439
-569.189
-569.939
-570.691
-571.443
-572.195
-572.948
-573.702
-574.457
-575.212
-575.968
-576.724
-577.481
-578.239
-578.997
-579.756
-580.516
-581.276
-582.037
-582.798
-583.56
-584.323
-585.086
-585.85
-586.614
-587.379
-588.145
-588.911
-589.678
-590.445
-591.213
-591.981
-592.75
-593.52
-594.29
-595.06
-595.831
-596.603
-597.375
-598.148
-598.921
-599.695
-600.469
-601.244
-602.019
-602.794
-603.571
-604.347
-605.124
-605.902
-606.68
-607.459
-608.238
-609.017
-609.797
-610.578
-611.358
-612.14
-612.921
-613.704
-614.486
-615.269
-616.052
-616.836
-617.621
-618.405
-619.19
-619.976
-620.761
-621.548
-622.334
-623.121
-623.908
-624.696
-625.484
-626.273
-627.061
-627.851
-628.64
-629.43
-630.22
-631.01
-631.801
-632.592
-633.384
-634.175
-634.967
-635.76
-636.552
-637.345
-638.139
-638.932
-639.726
-522.108
-522.801
-523.494
-524.188
-524.883
-525.579
-526.276
-526.975
-527.674
-528.374
-529.075
-529.776
-530.479
-531.183
-531.888
-532.593
-533.3
-534.008
-534.716
-535.425
-536.135
-536.846
-537.558
-538.271
-538.984
-539.699
-540.414
-541.13
-541.847
-542.565
-543.284
-544.003
-544.724
-545.445
-546.167
-546.89
-547.613
-548.338
-549.063
-549.789
-550.516
-551.244
-551.972
-552.702
-553.432
-554.162
-554.894
-555.626
-556.36
-557.094
-557.828
-558.564
-559.3
-560.037
-560.775
-561.513
-562.252
-562.992
-563.733
-564.474
-565.217
-565.959
-566.703
-567.447
-568.192
-568.938
-569.684
-570.432
-571.179
-571.928
-572.677
-573.427
-574.177
-574.929
-575.681
-576.433
-577.186
-577.94
-578.695
-579.45
-580.206
-580.962
-581.719
-582.477
-583.235
-583.994
-584.754
-585.514
-586.275
-587.036
-587.798
-588.561
-589.324
-590.088
-590.852
-591.617
-592.383
-593.149
-593.916
-594.683
-595.451
-596.219
-596.988
-597.758
-598.528
-599.298
-600.069
-600.841
-601.613
-602.386
-603.159
-603.933
-604.707
-605.481
-606.257
-607.032
-607.809
-608.585
-609.362
-610.14
-610.918
-611.697
-612.476
-613.255
-614.035
-614.816
-615.596
-616.378
-617.159
-617.941
-618.724
-619.507
-620.29
-621.074
-621.858
-622.643
-623.428
-624.214
-624.999
-625.786
-626.572
-627.359
-628.146
-628.934
-629.722
-630.511
-631.299
-632.088
-632.878
-633.668
-634.458
-635.248
-636.039
-636.83
-637.622
-638.413
-639.205
-639.998
-640.79
-641.583
-642.377
-643.17
-643.964
-527.039
-527.732
-528.426
-529.121
-529.817
-530.514
-531.212
-531.911
-532.611
-533.312
-534.014
-534.717
-535.421
-536.126
-536.831
-537.538
-538.245
-538.954
-539.663
-540.373
-541.084
-541.796
-542.509
-543.222
-543.937
-544.652
-545.368
-546.085
-546.803
-547.522
-548.241
-548.962
-549.683
-550.405
-551.128
-551.851
-552.576
-553.301
-554.027
-554.754
-555.482
-556.21
-556.94
-557.67
-558.4
-559.132
-559.864
-560.598
-561.332
-562.066
-562.802
-563.538
-564.275
-565.013
-565.751
-566.49
-567.23
-567.971
-568.712
-569.455
-570.197
-570.941
-571.685
-572.43
-573.176
-573.922
-574.669
-575.417
-576.166
-576.915
-577.665
-578.415
-579.167
-579.918
-580.671
-581.424
-582.178
-582.933
-583.688
-584.444
-585.2
-585.957
-586.715
-587.473
-588.232
-588.992
-589.752
-590.513
-591.274
-592.036
-592.799
-593.562
-594.326
-595.09
-595.855
-596.621
-597.387
-598.154
-598.921
-599.689
-600.457
-601.226
-601.996
-602.766
-603.536
-604.307
-605.079
-605.851
-606.624
-607.397
-608.171
-608.945
-609.719
-610.495
-611.27
-612.047
-612.823
-613.6
-614.378
-615.156
-615.935
-616.714
-617.493
-618.273
-619.053
-619.834
-620.616
-621.397
-622.179
-622.962
-623.745
-624.528
-625.312
-626.096
-626.881
-627.666
-628.451
-629.237
-630.024
-630.81
-631.597
-632.384
-633.172
-633.96
-634.749
-635.537
-636.326
-637.116
-637.906
-638.696
-639.486
-640.277
-641.068
-641.86
-642.651
-643.443
-644.236
-645.028
-645.821
-646.614
-647.408
-648.202
-531.276
-531.97
-532.664
-533.359
-534.055
-534.752
-535.45
-536.149
-536.849
-537.55
-538.252
-538.955
-539.659
-540.364
-541.069
-541.776
-542.483
-543.192
-543.901
-544.611
-545.322
-546.034
-546.747
-547.46
-548.175
-548.89
-549.606
-550.323
-551.041
-551.76
-552.479
-553.2
-553.921
-554.643
-555.366
-556.089
-556.814
-557.539
-558.265
-558.992
-559.72
-560.448
-561.178
-561.908
-562.638
-563.37
-564.102
-564.836
-565.57
-566.304
-567.04
-567.776
-568.513
-569.251
-569.989
-570.728
-571.468
-572.209
-572.95
-573.692
-574.435
-575.179
-575.923
-576.668
-577.414
-578.16
-578.907
-579.655
-580.404
-581.153
-581.903
-582.653
-583.405
-584.156
-584.909
-585.662
-586.416
-587.171
-587.926
-588.682
-589.438
-590.195
-590.953
-591.711
-592.47
-593.23
-593.99
-594.751
-595.512
-596.274
-597.037
-597.8
-598.564
-599.328
-600.093
-600.859
-601.625
-602.392
-603.159
-603.927
-604.695
-605.464
-606.234
-607.004
-607.774
-608.545
-609.317
-610.089
-610.862
-611.635
-612.408
-613.183
-613.957
-614.733
-615.508
-616.284
-617.061
-617.838
-618.616
-619.394
-620.173
-620.952
-621.731
-622.511
-623.291
-624.072
-624.854
-625.635
-626.417
-627.2
-627.983
-628.766
-629.55
-630.334
-631.119
-631.904
-632.689
-633.475
-634.261
-635.048
-635.835
-636.622
-637.41
-638.198
-638.986
-639.775
-640.564
-641.354
-642.144
-642.934
-643.724
-644.515
-645.306
-646.098
-646.889
-647.681
-648.474
-649.266
-650.059
-650.852
-651.646
-652.44
-536.207
-536.902
-537.597
-538.293
-538.99
-539.688
-540.387
-541.087
-541.788
-542.49
-543.193
-543.897
-544.602
-545.307
-546.014
-546.721
-547.43
-548.139
-548.849
-549.56
-550.272
-550.985
-551.698
-552.413
-553.128
-553.844
-554.561
-555.279
-555.998
-556.717
-557.438
-558.159
-558.881
-559.604
-560.327
-561.052
-561.777
-562.503
-563.23
-563.958
-564.686
-565.415
-566.146
-566.876
-567.608
-568.34
-569.074
-569.807
-570.542
-571.278
-572.014
-572.751
-573.489
-574.227
-574.966
-575.706
-576.447
-577.188
-577.93
-578.673
-579.417
-580.161
-580.906
-581.652
-582.398
-583.145
-583.893
-584.642
-585.391
-586.141
-586.891
-587.642
-588.394
-589.147
-589.9
-590.654
-591.409
-592.164
-592.919
-593.676
-594.433
-595.191
-595.949
-596.708
-597.468
-598.228
-598.989
-599.75
-600.512
-601.275
-602.038
-602.802
-603.566
-604.331
-605.097
-605.863
-606.63
-607.397
-608.165
-608.933
-609.702
-610.471
-611.241
-612.012
-612.783
-613.555
-614.327
-615.1
-615.873
-616.646
-617.421
-618.195
-618.971
-619.746
-620.522
-621.299
-622.076
-622.854
-623.632
-624.41
-625.19
-625.969
-626.749
-627.529
-628.31
-629.091
-629.873
-630.655
-631.438
-632.221
-633.004
-633.788
-634.572
-635.357
-636.142
-636.927
-637.713
-638.499
-639.286
-640.073
-640.86
-641.648
-642.436
-643.224
-644.013
-644.802
-645.592
-646.382
-647.172
-647.962
-648.753
-649.544
-650.335
-651.127
-651.919
-652.712
-653.504
-654.297
-655.09
-655.884
-656.678
-541.139
-541.834
-542.531
-543.228
-543.926
-544.625
-545.325
-546.026
-546.728
-547.431
-548.135
-548.839
-549.545
-550.252
-550.959
-551.668
-552.377
-553.087
-553.798
-554.51
-555.223
-555.936
-556.651
-557.366
-558.082
-558.799
-559.517
-560.236
-560.955
-561.676
-562.397
-563.119
-563.842
-564.565
-565.29
-566.015
-566.741
-567.468
-568.196
-568.924
-569.653
-570.383
-571.114
-571.846
-572.578
-573.311
-574.045
-574.78
-575.516
-576.252
-576.989
-577.727
-578.465
-579.204
-579.944
-580.685
-581.426
-582.168
-582.911
-583.655
-584.399
-585.144
-585.89
-586.636
-587.383
-588.131
-588.88
-589.629
-590.379
-591.129
-591.88
-592.632
-593.385
-594.138
-594.892
-595.646
-596.402
-597.157
-597.914
-598.671
-599.429
-600.187
-600.946
-601.706
-602.466
-603.227
-603.988
-604.75
-605.513
-606.276
-607.04
-607.804
-608.569
-609.335
-610.101
-610.868
-611.635
-612.403
-613.171
-613.94
-614.709
-615.479
-616.25
-617.021
-617.793
-618.565
-619.337
-620.111
-620.884
-621.659
-622.433
-623.208
-623.984
-624.76
-625.537
-626.314
-627.092
-627.87
-628.648
-629.427
-630.207
-630.987
-631.767
-632.548
-633.329
-634.111
-634.893
-635.676
-636.459
-637.242
-638.026
-638.81
-639.595
-640.38
-641.165
-641.951
-642.737
-643.524
-644.311
-645.098
-645.886
-646.674
-647.462
-648.251
-649.04
-649.83
-650.619
-651.41
-652.2
-652.991
-653.782
-654.573
-655.365
-656.157
-656.949
-657.742
-658.535
-659.328
-660.122
-660.916
-545.377
-546.072
-546.768
-547.466
-548.164
-548.863
-549.563
-550.264
-550.966
-551.669
-552.372
-553.077
-553.783
-554.49
-555.197
-555.905
-556.615
-557.325
-558.036
-558.748
-559.461
-560.174
-560.889
-561.604
-562.32
-563.037
-563.755
-564.474
-565.193
-565.914
-566.635
-567.357
-568.08
-568.803
-569.528
-570.253
-570.979
-571.706
-572.434
-573.162
-573.891
-574.621
-575.352
-576.084
-576.816
-577.549
-578.283
-579.018
-579.754
-580.49
-581.227
-581.964
-582.703
-583.442
-584.182
-584.923
-585.664
-586.406
-587.149
-587.893
-588.637
-589.382
-590.128
-590.874
-591.621
-592.369
-593.118
-593.867
-594.617
-595.367
-596.118
-596.87
-597.623
-598.376
-599.13
-599.884
-600.64
-601.395
-602.152
-602.909
-603.667
-604.425
-605.184
-605.944
-606.704
-607.465
-608.226
-608.988
-609.751
-610.514
-611.278
-612.042
-612.807
-613.573
-614.339
-615.105
-615.873
-616.641
-617.409
-618.178
-618.947
-619.717
-620.488
-621.259
-622.031
-622.803
-623.575
-624.349
-625.122
-625.896
-626.671
-627.446
-628.222
-628.998
-629.775
-630.552
-631.33
-632.108
-632.886
-633.665
-634.445
-635.225
-636.005
-636.786
-637.567
-638.349
-639.131
-639.914
-640.697
-641.48
-642.264
-643.048
-643.833
-644.618
-645.403
-646.189
-646.975
-647.762
-648.549
-649.336
-650.124
-650.912
-651.7
-652.489
-653.278
-654.068
-654.857
-655.648
-656.438
-657.229
-658.02
-658.811
-659.603
-660.395
-661.187
-661.98
-662.773
-663.566
-664.36
-665.153
-550.31
-551.006
-551.703
-552.401
-553.101
-553.801
-554.502
-555.204
-555.906
-556.61
-557.315
-558.021
-558.727
-559.435
-560.143
-560.853
-561.563
-562.274
-562.986
-563.698
-564.412
-565.127
-565.842
-566.558
-567.275
-567.993
-568.712
-569.431
-570.152
-570.873
-571.595
-572.318
-573.041
-573.766
-574.491
-575.217
-575.944
-576.672
-577.4
-578.129
-578.859
-579.59
-580.322
-581.054
-581.787
-582.521
-583.256
-583.991
-584.728
-585.465
-586.202
-586.941
-587.68
-588.42
-589.161
-589.902
-590.644
-591.387
-592.131
-592.875
-593.62
-594.366
-595.112
-595.859
-596.607
-597.356
-598.105
-598.855
-599.605
-600.356
-601.108
-601.861
-602.614
-603.368
-604.122
-604.878
-605.633
-606.39
-607.147
-607.905
-608.663
-609.422
-610.182
-610.942
-611.703
-612.464
-613.226
-613.989
-614.752
-615.516
-616.28
-617.045
-617.811
-618.577
-619.343
-620.111
-620.878
-621.647
-622.416
-623.185
-623.955
-624.726
-625.497
-626.269
-627.041
-627.813
-628.587
-629.36
-630.134
-630.909
-631.684
-632.46
-633.236
-634.013
-634.79
-635.568
-636.346
-637.124
-637.903
-638.683
-639.463
-640.243
-641.024
-641.805
-642.587
-643.369
-644.152
-644.935
-645.718
-646.502
-647.286
-648.071
-648.856
-649.641
-650.427
-651.213
-652
-652.787
-653.574
-654.362
-655.15
-655.938
-656.727
-657.516
-658.306
-659.095
-659.885
-660.676
-661.467
-662.258
-663.049
-663.841
-664.633
-665.425
-666.218
-667.011
-667.804
-668.598
-669.391
-555.244
-555.941
-556.639
-557.338
-558.038
-558.739
-559.441
-560.144
-560.848
-561.553
-562.259
-562.965
-563.673
-564.381
-565.091
-565.801
-566.512
-567.224
-567.936
-568.65
-569.365
-570.08
-570.796
-571.513
-572.231
-572.95
-573.669
-574.389
-575.111
-575.833
-576.555
-577.279
-578.004
-578.729
-579.455
-580.182
-580.909
-581.638
-582.367
-583.097
-583.828
-584.56
-585.292
-586.025
-586.759
-587.494
-588.229
-588.966
-589.703
-590.44
-591.179
-591.918
-592.658
-593.399
-594.14
-594.882
-595.625
-596.369
-597.113
-597.858
-598.604
-599.35
-600.097
-600.845
-601.593
-602.343
-603.093
-603.843
-604.594
-605.346
-606.099
-606.852
-607.606
-608.36
-609.115
-609.871
-610.628
-611.385
-612.143
-612.901
-613.66
-614.419
-615.18
-615.94
-616.702
-617.464
-618.227
-618.99
-619.754
-620.518
-621.283
-622.049
-622.815
-623.581
-624.349
-625.116
-625.885
-626.654
-627.423
-628.193
-628.964
-629.735
-630.506
-631.279
-632.051
-632.824
-633.598
-634.372
-635.147
-635.922
-636.698
-637.474
-638.251
-639.028
-639.806
-640.584
-641.362
-642.141
-642.921
-643.701
-644.481
-645.262
-646.043
-646.825
-647.607
-648.39
-649.173
-649.956
-650.74
-651.524
-652.309
-653.094
-653.879
-654.665
-655.451
-656.238
-657.025
-657.812
-658.6
-659.388
-660.176
-660.965
-661.754
-662.543
-663.333
-664.123
-664.914
-665.705
-666.496
-667.287
-668.079
-668.871
-669.663
-670.456
-671.249
-672.042
-672.836
-673.629
-560.179
-560.877
-561.576
-562.276
-562.977
-563.679
-564.382
-565.086
-565.791
-566.497
-567.203
-567.911
-568.619
-569.329
-570.039
-570.75
-571.462
-572.174
-572.888
-573.602
-574.318
-575.034
-575.751
-576.469
-577.187
-577.907
-578.627
-579.349
-580.071
-580.793
-581.517
-582.242
-582.967
-583.693
-584.42
-585.147
-585.876
-586.605
-587.335
-588.066
-588.798
-589.53
-590.263
-590.997
-591.732
-592.467
-593.204
-593.941
-594.678
-595.417
-596.156
-596.896
-597.637
-598.378
-599.12
-599.863
-600.607
-601.351
-602.096
-602.842
-603.588
-604.335
-605.083
-605.831
-606.581
-607.33
-608.081
-608.832
-609.584
-610.337
-611.09
-611.844
-612.598
-613.353
-614.109
-614.866
-615.623
-616.38
-617.139
-617.898
-618.657
-619.418
-620.178
-620.94
-621.702
-622.464
-623.228
-623.992
-624.756
-625.521
-626.286
-627.053
-627.819
-628.587
-629.354
-630.123
-630.892
-631.661
-632.431
-633.202
-633.973
-634.744
-635.517
-636.289
-637.062
-637.836
-638.61
-639.385
-640.16
-640.936
-641.712
-642.489
-643.266
-644.044
-644.822
-645.6
-646.379
-647.159
-647.939
-648.719
-649.5
-650.281
-651.063
-651.845
-652.628
-653.411
-654.194
-654.978
-655.762
-656.547
-657.332
-658.117
-658.903
-659.689
-660.476
-661.263
-662.05
-662.838
-663.626
-664.414
-665.203
-665.992
-666.781
-667.571
-668.361
-669.152
-669.943
-670.734
-671.525
-672.317
-673.109
-673.901
-674.694
-675.487
-676.28
-677.073
-677.867
-564.417
-565.115
-565.814
-566.514
-567.215
-567.917
-568.62
-569.324
-570.029
-570.734
-571.441
-572.149
-572.857
-573.566
-574.277
-574.988
-575.7
-576.412
-577.126
-577.84
-578.556
-579.272
-579.989
-580.707
-581.425
-582.145
-582.865
-583.586
-584.309
-585.031
-585.755
-586.479
-587.205
-587.931
-588.658
-589.385
-590.114
-590.843
-591.573
-592.304
-593.036
-593.768
-594.501
-595.235
-595.97
-596.705
-597.442
-598.178
-598.916
-599.655
-600.394
-601.134
-601.875
-602.616
-603.358
-604.101
-604.845
-605.589
-606.334
-607.08
-607.826
-608.573
-609.321
-610.069
-610.819
-611.568
-612.319
-613.07
-613.822
-614.575
-615.328
-616.082
-616.836
-617.591
-618.347
-619.104
-619.861
-620.618
-621.377
-622.136
-622.895
-623.656
-624.416
-625.178
-625.94
-626.702
-627.466
-628.229
-628.994
-629.759
-630.524
-631.291
-632.057
-632.824
-633.592
-634.361
-635.13
-635.899
-636.669
-637.44
-638.211
-638.982
-639.755
-640.527
-641.3
-642.074
-642.848
-643.623
-644.398
-645.174
-645.95
-646.727
-647.504
-648.281
-649.06
-649.838
-650.617
-651.397
-652.177
-652.957
-653.738
-654.519
-655.301
-656.083
-656.865
-657.648
-658.432
-659.216
-660
-660.785
-661.57
-662.355
-663.141
-663.927
-664.714
-665.501
-666.288
-667.076
-667.864
-668.652
-669.441
-670.23
-671.019
-671.809
-672.599
-673.39
-674.181
-674.972
-675.763
-676.555
-677.347
-678.139
-678.932
-679.725
-680.518
-681.311
-682.105
-569.353
-570.052
-570.752
-571.453
-572.155
-572.858
-573.562
-574.267
-574.972
-575.679
-576.387
-577.095
-577.804
-578.514
-579.226
-579.937
-580.65
-581.364
-582.078
-582.794
-583.51
-584.227
-584.945
-585.663
-586.383
-587.103
-587.824
-588.546
-589.269
-589.993
-590.717
-591.443
-592.169
-592.896
-593.623
-594.352
-595.081
-595.811
-596.542
-597.274
-598.006
-598.739
-599.473
-600.208
-600.943
-601.679
-602.416
-603.154
-603.893
-604.632
-605.372
-606.112
-606.854
-607.596
-608.339
-609.082
-609.827
-610.572
-611.317
-612.064
-612.811
-613.559
-614.307
-615.056
-615.806
-616.557
-617.308
-618.06
-618.812
-619.566
-620.32
-621.074
-621.829
-622.585
-623.342
-624.099
-624.856
-625.615
-626.374
-627.133
-627.893
-628.654
-629.416
-630.178
-630.94
-631.704
-632.467
-633.232
-633.997
-634.762
-635.528
-636.295
-637.062
-637.83
-638.599
-639.368
-640.137
-640.907
-641.678
-642.449
-643.22
-643.992
-644.765
-645.538
-646.312
-647.086
-647.861
-648.636
-649.412
-650.188
-650.965
-651.742
-652.519
-653.297
-654.076
-654.855
-655.635
-656.414
-657.195
-657.976
-658.757
-659.539
-660.321
-661.103
-661.886
-662.67
-663.454
-664.238
-665.022
-665.807
-666.593
-667.379
-668.165
-668.951
-669.738
-670.526
-671.313
-672.102
-672.89
-673.679
-674.468
-675.257
-676.047
-676.837
-677.628
-678.418
-679.21
-680.001
-680.793
-681.585
-682.377
-683.17
-683.963
-684.756
-685.549
-686.343
-574.289
-574.989
-575.691
-576.393
-577.096
-577.8
-578.504
-579.21
-579.917
-580.624
-581.333
-582.042
-582.752
-583.463
-584.175
-584.888
-585.602
-586.316
-587.032
-587.748
-588.465
-589.183
-589.901
-590.621
-591.341
-592.062
-592.784
-593.507
-594.231
-594.955
-595.681
-596.407
-597.134
-597.861
-598.59
-599.319
-600.049
-600.78
-601.511
-602.244
-602.977
-603.711
-604.446
-605.181
-605.917
-606.654
-607.392
-608.131
-608.87
-609.61
-610.35
-611.092
-611.834
-612.577
-613.32
-614.065
-614.81
-615.555
-616.302
-617.049
-617.797
-618.545
-619.294
-620.044
-620.795
-621.546
-622.298
-623.05
-623.804
-624.557
-625.312
-626.067
-626.823
-627.579
-628.337
-629.094
-629.853
-630.612
-631.371
-632.131
-632.892
-633.654
-634.416
-635.178
-635.942
-636.705
-637.47
-638.235
-639
-639.766
-640.533
-641.3
-642.068
-642.837
-643.605
-644.375
-645.145
-645.916
-646.687
-647.458
-648.23
-649.003
-649.776
-650.55
-651.324
-652.099
-652.874
-653.65
-654.426
-655.203
-655.98
-656.757
-657.535
-658.314
-659.093
-659.872
-660.652
-661.433
-662.214
-662.995
-663.777
-664.559
-665.341
-666.124
-666.908
-667.692
-668.476
-669.26
-670.045
-670.831
-671.617
-672.403
-673.189
-673.976
-674.764
-675.551
-676.339
-677.128
-677.917
-678.706
-679.495
-680.285
-681.075
-681.866
-682.656
-683.447
-684.239
-685.031
-685.823
-686.615
-687.408
-688.201
-688.994
-689.787
-690.581
-579.227
-579.928
-580.63
-581.333
-582.037
-582.742
-583.448
-584.155
-584.862
-585.571
-586.28
-586.99
-587.701
-588.413
-589.126
-589.84
-590.554
-591.269
-591.986
-592.703
-593.421
-594.139
-594.859
-595.579
-596.3
-597.022
-597.745
-598.469
-599.193
-599.919
-600.645
-601.371
-602.099
-602.828
-603.557
-604.287
-605.018
-605.749
-606.482
-607.215
-607.949
-608.684
-609.419
-610.155
-610.892
-611.63
-612.368
-613.108
-613.848
-614.588
-615.33
-616.072
-616.815
-617.558
-618.303
-619.048
-619.793
-620.54
-621.287
-622.035
-622.783
-623.532
-624.282
-625.033
-625.784
-626.536
-627.288
-628.042
-628.795
-629.55
-630.305
-631.061
-631.817
-632.574
-633.332
-634.091
-634.85
-635.609
-636.369
-637.13
-637.892
-638.654
-639.416
-640.179
-640.943
-641.708
-642.473
-643.238
-644.004
-644.771
-645.538
-646.306
-647.074
-647.843
-648.613
-649.383
-650.153
-650.925
-651.696
-652.468
-653.241
-654.014
-654.788
-655.562
-656.337
-657.112
-657.888
-658.664
-659.44
-660.218
-660.995
-661.773
-662.552
-663.331
-664.11
-664.89
-665.671
-666.452
-667.233
-668.015
-668.797
-669.579
-670.362
-671.146
-671.929
-672.714
-673.498
-674.283
-675.069
-675.855
-676.641
-677.427
-678.214
-679.002
-679.789
-680.577
-681.366
-682.155
-682.944
-683.733
-684.523
-685.313
-686.104
-686.894
-687.685
-688.477
-689.269
-690.061
-690.853
-691.646
-692.438
-693.232
-694.025
-694.819
-583.465
-584.166
-584.868
-585.571
-586.275
-586.98
-587.686
-588.393
-589.1
-589.809
-590.518
-591.228
-591.939
-592.651
-593.364
-594.078
-594.792
-595.507
-596.224
-596.941
-597.658
-598.377
-599.097
-599.817
-600.538
-601.26
-601.983
-602.707
-603.431
-604.156
-604.883
-605.609
-606.337
-607.066
-607.795
-608.525
-609.256
-609.987
-610.72
-611.453
-612.187
-612.922
-613.657
-614.393
-615.13
-615.868
-616.606
-617.346
-618.086
-618.826
-619.568
-620.31
-621.053
-621.796
-622.541
-623.286
-624.031
-624.778
-625.525
-626.273
-627.021
-627.77
-628.52
-629.271
-630.022
-630.774
-631.526
-632.279
-633.033
-633.788
-634.543
-635.299
-636.055
-636.812
-637.57
-638.328
-639.087
-639.847
-640.607
-641.368
-642.129
-642.892
-643.654
-644.417
-645.181
-645.946
-646.711
-647.476
-648.242
-649.009
-649.776
-650.544
-651.312
-652.081
-652.851
-653.621
-654.391
-655.162
-655.934
-656.706
-657.479
-658.252
-659.026
-659.8
-660.575
-661.35
-662.126
-662.902
-663.678
-664.456
-665.233
-666.011
-666.79
-667.569
-668.348
-669.128
-669.909
-670.689
-671.471
-672.252
-673.035
-673.817
-674.6
-675.384
-676.167
-676.952
-677.736
-678.521
-679.307
-680.092
-680.879
-681.665
-682.452
-683.24
-684.027
-684.815
-685.604
-686.392
-687.182
-687.971
-688.761
-689.551
-690.341
-691.132
-691.923
-692.715
-693.506
-694.299
-695.091
-695.883
-696.676
-697.47
-698.263
-699.057
-588.404
-589.106
-589.809
-590.513
-591.218
-591.924
-592.63
-593.338
-594.047
-594.756
-595.466
-596.177
-596.889
-597.602
-598.316
-599.03
-599.745
-600.461
-601.178
-601.896
-602.615
-603.335
-604.055
-604.776
-605.498
-606.221
-606.945
-607.669
-608.394
-609.12
-609.847
-610.575
-611.303
-612.033
-612.763
-613.494
-614.225
-614.958
-615.691
-616.425
-617.159
-617.895
-618.631
-619.368
-620.106
-620.844
-621.584
-622.323
-623.064
-623.806
-624.548
-625.291
-626.034
-626.778
-627.523
-628.269
-629.016
-629.763
-630.51
-631.259
-632.008
-632.758
-633.509
-634.26
-635.012
-635.764
-636.517
-637.271
-638.026
-638.781
-639.537
-640.293
-641.05
-641.808
-642.566
-643.325
-644.085
-644.845
-645.606
-646.367
-647.129
-647.892
-648.655
-649.419
-650.183
-650.948
-651.714
-652.48
-653.247
-654.014
-654.782
-655.55
-656.319
-657.089
-657.859
-658.629
-659.4
-660.172
-660.944
-661.717
-662.49
-663.264
-664.038
-664.813
-665.588
-666.363
-667.14
-667.916
-668.693
-669.471
-670.249
-671.028
-671.807
-672.586
-673.366
-674.147
-674.927
-675.709
-676.49
-677.273
-678.055
-678.838
-679.621
-680.405
-681.19
-681.974
-682.759
-683.545
-684.33
-685.117
-685.903
-686.69
-687.477
-688.265
-689.053
-689.842
-690.63
-691.42
-692.209
-692.999
-693.789
-694.579
-695.37
-696.161
-696.953
-697.744
-698.536
-699.329
-700.121
-700.914
-701.708
-702.501
-703.295
-593.344
-594.047
-594.751
-595.456
-596.162
-596.868
-597.576
-598.284
-598.994
-599.704
-600.415
-601.127
-601.84
-602.553
-603.268
-603.983
-604.699
-605.416
-606.134
-606.853
-607.572
-608.293
-609.014
-609.736
-610.459
-611.183
-611.907
-612.632
-613.358
-614.085
-614.813
-615.541
-616.271
-617.001
-617.732
-618.463
-619.196
-619.929
-620.663
-621.397
-622.133
-622.869
-623.606
-624.344
-625.082
-625.821
-626.561
-627.302
-628.043
-628.786
-629.528
-630.272
-631.016
-631.761
-632.507
-633.253
-634.001
-634.748
-635.497
-636.246
-636.996
-637.746
-638.498
-639.25
-640.002
-640.755
-641.509
-642.264
-643.019
-643.775
-644.531
-645.288
-646.046
-646.804
-647.563
-648.323
-649.083
-649.844
-650.605
-651.367
-652.13
-652.893
-653.657
-654.421
-655.186
-655.952
-656.718
-657.485
-658.252
-659.02
-659.788
-660.557
-661.327
-662.097
-662.867
-663.638
-664.41
-665.182
-665.955
-666.728
-667.502
-668.276
-669.05
-669.826
-670.601
-671.378
-672.154
-672.931
-673.709
-674.487
-675.266
-676.045
-676.824
-677.604
-678.385
-679.165
-679.947
-680.728
-681.51
-682.293
-683.076
-683.859
-684.643
-685.427
-686.212
-686.997
-687.783
-688.568
-689.355
-690.141
-690.928
-691.715
-692.503
-693.291
-694.08
-694.868
-695.657
-696.447
-697.237
-698.027
-698.817
-699.608
-700.399
-701.191
-701.982
-702.774
-703.567
-704.359
-705.152
-705.945
-706.739
-707.533
-597.581
-598.284
-598.988
-599.693
-600.399
-601.106
-601.814
-602.522
-603.232
-603.942
-604.653
-605.365
-606.078
-606.791
-607.506
-608.221
-608.937
-609.654
-610.372
-611.091
-611.81
-612.531
-613.252
-613.974
-614.697
-615.42
-616.145
-616.87
-617.596
-618.323
-619.051
-619.779
-620.509
-621.239
-621.969
-622.701
-623.433
-624.167
-624.901
-625.635
-626.371
-627.107
-627.844
-628.582
-629.32
-630.059
-630.799
-631.54
-632.281
-633.024
-633.766
-634.51
-635.254
-635.999
-636.745
-637.491
-638.239
-638.986
-639.735
-640.484
-641.234
-641.984
-642.736
-643.487
-644.24
-644.993
-645.747
-646.502
-647.257
-648.013
-648.769
-649.526
-650.284
-651.042
-651.801
-652.561
-653.321
-654.082
-654.843
-655.605
-656.368
-657.131
-657.895
-658.659
-659.424
-660.19
-660.956
-661.723
-662.49
-663.258
-664.026
-664.795
-665.565
-666.335
-667.105
-667.876
-668.648
-669.42
-670.193
-670.966
-671.74
-672.514
-673.288
-674.064
-674.839
-675.615
-676.392
-677.169
-677.947
-678.725
-679.504
-680.283
-681.062
-681.842
-682.622
-683.403
-684.185
-684.966
-685.748
-686.531
-687.314
-688.097
-688.881
-689.665
-690.45
-691.235
-692.02
-692.806
-693.592
-694.379
-695.166
-695.953
-696.741
-697.529
-698.317
-699.106
-699.895
-700.685
-701.475
-702.265
-703.055
-703.846
-704.637
-705.429
-706.22
-707.012
-707.805
-708.597
-709.39
-710.183
-710.977
-711.771
-602.522
-603.226
-603.931
-604.637
-605.344
-606.052
-606.76
-607.47
-608.18
-608.891
-609.603
-610.316
-611.029
-611.744
-612.459
-613.175
-613.892
-614.61
-615.329
-616.048
-616.769
-617.49
-618.212
-618.935
-619.658
-620.383
-621.108
-621.834
-622.561
-623.289
-624.017
-624.746
-625.477
-626.207
-626.939
-627.671
-628.405
-629.139
-629.873
-630.609
-631.345
-632.082
-632.82
-633.558
-634.297
-635.037
-635.778
-636.519
-637.261
-638.004
-638.748
-639.492
-640.237
-640.983
-641.729
-642.476
-643.224
-643.973
-644.722
-645.472
-646.222
-646.974
-647.725
-648.478
-649.231
-649.985
-650.74
-651.495
-652.251
-653.007
-653.764
-654.522
-655.28
-656.039
-656.799
-657.559
-658.32
-659.081
-659.843
-660.606
-661.369
-662.133
-662.897
-663.662
-664.428
-665.194
-665.961
-666.728
-667.496
-668.264
-669.033
-669.802
-670.572
-671.343
-672.114
-672.886
-673.658
-674.431
-675.204
-675.977
-676.752
-677.526
-678.302
-679.077
-679.853
-680.63
-681.407
-682.185
-682.963
-683.742
-684.521
-685.3
-686.08
-686.86
-687.641
-688.422
-689.204
-689.986
-690.769
-691.552
-692.335
-693.119
-693.903
-694.688
-695.473
-696.258
-697.044
-697.83
-698.617
-699.404
-700.191
-700.979
-701.767
-702.555
-703.344
-704.133
-704.923
-705.713
-706.503
-707.293
-708.084
-708.875
-709.666
-710.458
-711.25
-712.043
-712.835
-713.628
-714.421
-715.215
-716.009
-607.464
-608.169
-608.875
-609.582
-610.29
-610.998
-611.708
-612.418
-613.129
-613.841
-614.554
-615.267
-615.982
-616.697
-617.413
-618.13
-618.848
-619.567
-620.286
-621.007
-621.728
-622.45
-623.173
-623.896
-624.621
-625.346
-626.072
-626.799
-627.527
-628.255
-628.984
-629.714
-630.445
-631.177
-631.909
-632.642
-633.376
-634.111
-634.847
-635.583
-636.32
-637.058
-637.796
-638.535
-639.275
-640.016
-640.757
-641.499
-642.242
-642.986
-643.73
-644.475
-645.221
-645.967
-646.714
-647.462
-648.211
-648.96
-649.71
-650.46
-651.211
-651.963
-652.716
-653.469
-654.223
-654.977
-655.733
-656.488
-657.245
-658.002
-658.76
-659.518
-660.277
-661.037
-661.797
-662.558
-663.319
-664.081
-664.844
-665.607
-666.371
-667.135
-667.9
-668.666
-669.432
-670.199
-670.966
-671.734
-672.502
-673.271
-674.04
-674.81
-675.581
-676.352
-677.124
-677.896
-678.668
-679.442
-680.215
-680.99
-681.764
-682.539
-683.315
-684.091
-684.868
-685.645
-686.423
-687.201
-687.979
-688.758
-689.538
-690.318
-691.098
-691.879
-692.66
-693.442
-694.224
-695.007
-695.79
-696.573
-697.357
-698.141
-698.926
-699.711
-700.496
-701.282
-702.068
-702.855
-703.642
-704.429
-705.217
-706.005
-706.793
-707.582
-708.371
-709.161
-709.95
-710.741
-711.531
-712.322
-713.113
-713.904
-714.696
-715.488
-716.28
-717.073
-717.866
-718.659
-719.453
-720.246
-612.407
-613.113
-613.82
-614.528
-615.236
-615.945
-616.656
-617.367
-618.079
-618.791
-619.505
-620.22
-620.935
-621.651
-622.368
-623.086
-623.805
-624.524
-625.244
-625.966
-626.688
-627.411
-628.134
-628.859
-629.584
-630.31
-631.037
-631.765
-632.493
-633.222
-633.952
-634.683
-635.415
-636.147
-636.88
-637.614
-638.349
-639.084
-639.821
-640.558
-641.295
-642.034
-642.773
-643.513
-644.254
-644.995
-645.737
-646.48
-647.224
-647.968
-648.713
-649.459
-650.205
-650.952
-651.7
-652.449
-653.198
-653.948
-654.698
-655.449
-656.201
-656.954
-657.707
-658.461
-659.215
-659.971
-660.726
-661.483
-662.24
-662.998
-663.756
-664.515
-665.275
-666.035
-666.796
-667.557
-668.319
-669.082
-669.845
-670.609
-671.373
-672.138
-672.904
-673.67
-674.436
-675.204
-675.972
-676.74
-677.509
-678.278
-679.048
-679.819
-680.59
-681.362
-682.134
-682.906
-683.68
-684.453
-685.227
-686.002
-686.777
-687.553
-688.329
-689.106
-689.883
-690.661
-691.439
-692.217
-692.996
-693.776
-694.556
-695.336
-696.117
-696.898
-697.68
-698.462
-699.245
-700.028
-700.811
-701.595
-702.379
-703.164
-703.949
-704.734
-705.52
-706.306
-707.093
-707.88
-708.667
-709.455
-710.243
-711.031
-711.82
-712.609
-713.399
-714.188
-714.978
-715.769
-716.56
-717.351
-718.142
-718.934
-719.726
-720.518
-721.311
-722.104
-722.897
-723.691
-724.484
-616.645
-617.351
-618.058
-618.765
-619.474
-620.183
-620.894
-621.605
-622.317
-623.029
-623.743
-624.457
-625.173
-625.889
-626.606
-627.324
-628.043
-628.762
-629.482
-630.204
-630.926
-631.648
-632.372
-633.097
-633.822
-634.548
-635.275
-636.002
-636.731
-637.46
-638.19
-638.921
-639.653
-640.385
-641.118
-641.852
-642.587
-643.322
-644.059
-644.796
-645.533
-646.272
-647.011
-647.751
-648.492
-649.233
-649.975
-650.718
-651.462
-652.206
-652.951
-653.697
-654.443
-655.19
-655.938
-656.686
-657.436
-658.185
-658.936
-659.687
-660.439
-661.192
-661.945
-662.699
-663.453
-664.208
-664.964
-665.721
-666.478
-667.236
-667.994
-668.753
-669.512
-670.273
-671.033
-671.795
-672.557
-673.32
-674.083
-674.847
-675.611
-676.376
-677.142
-677.908
-678.674
-679.442
-680.209
-680.978
-681.747
-682.516
-683.286
-684.057
-684.828
-685.599
-686.372
-687.144
-687.917
-688.691
-689.465
-690.24
-691.015
-691.791
-692.567
-693.344
-694.121
-694.899
-695.677
-696.455
-697.234
-698.014
-698.794
-699.574
-700.355
-701.136
-701.918
-702.7
-703.483
-704.266
-705.049
-705.833
-706.617
-707.402
-708.187
-708.972
-709.758
-710.544
-711.331
-712.118
-712.905
-713.693
-714.481
-715.269
-716.058
-716.847
-717.636
-718.426
-719.216
-720.007
-720.798
-721.589
-722.38
-723.172
-723.964
-724.756
-725.549
-726.342
-727.135
-727.929
-728.722
)
;

boundaryField
{
    inlet
    {
        type            zeroGradient;
    }
    outlet
    {
        type            fixedValue;
        value           nonuniform List<scalar> 0();
    }
    lowerWall
    {
        type            zeroGradient;
    }
    upperWall
    {
        type            zeroGradient;
    }
    frontAndBack
    {
        type            zeroGradient;
    }
    procBoundary10to1
    {
        type            processor;
        value           nonuniform List<scalar> 
36
(
-380.669
-381.34
-382.011
-382.684
-383.358
-384.033
-384.709
-385.386
-386.064
-386.743
-387.423
-388.104
-388.786
-389.469
-390.153
-390.838
-391.524
-392.211
-392.899
-393.589
-394.279
-394.97
-395.662
-396.355
-397.049
-397.744
-398.44
-399.137
-399.835
-400.534
-401.234
-401.935
-402.636
-403.339
-404.043
-404.747
)
;
    }
    procBoundary10to4
    {
        type            processor;
        value           nonuniform List<scalar> 
85
(
-384.238
-389.145
-389.145
-393.383
-398.292
-398.292
-403.201
-403.201
-408.112
-408.112
-412.35
-417.262
-417.262
-422.175
-422.175
-426.413
-431.326
-431.326
-436.241
-436.241
-441.157
-441.157
-445.395
-450.312
-450.312
-455.23
-455.23
-460.149
-460.149
-464.387
-469.307
-469.307
-474.228
-474.228
-478.466
-483.388
-483.388
-488.311
-488.311
-493.235
-493.235
-497.474
-502.398
-502.398
-507.324
-507.324
-511.563
-516.489
-516.489
-521.417
-521.417
-526.346
-526.346
-530.585
-535.514
-535.514
-540.445
-540.445
-544.683
-549.615
-549.615
-554.548
-554.548
-559.482
-559.482
-563.72
-568.655
-568.655
-573.591
-573.591
-578.527
-578.527
-582.765
-587.703
-587.703
-592.642
-592.642
-596.88
-601.819
-601.819
-606.76
-606.76
-611.702
-611.702
-615.94
)
;
    }
    procBoundary10to5
    {
        type            processor;
        value           nonuniform List<scalar> 
51
(
-522.652
-526.89
-531.128
-535.366
-539.603
-543.841
-548.079
-552.317
-556.555
-560.793
-565.031
-569.269
-573.507
-577.745
-581.983
-586.221
-589.665
-589.665
-593.902
-598.14
-602.378
-606.616
-610.854
-615.092
-619.33
-623.568
-627.806
-632.044
-636.282
-640.52
-644.758
-648.996
-653.234
-657.472
-661.71
-665.947
-670.185
-674.423
-678.661
-682.899
-687.137
-691.375
-695.613
-699.851
-704.089
-708.327
-712.565
-716.803
-721.041
-725.278
-729.516
)
;
    }
    procBoundary10to7
    {
        type            processor;
        value           nonuniform List<scalar> 
149
(
-405.453
-406.16
-406.868
-407.576
-408.285
-408.995
-409.706
-410.418
-411.131
-411.845
-412.559
-413.274
-413.99
-414.707
-415.425
-416.144
-416.864
-417.584
-418.305
-419.027
-419.75
-420.474
-421.198
-421.923
-422.649
-423.376
-424.104
-424.832
-425.562
-426.292
-427.023
-427.754
-428.487
-429.22
-429.954
-430.688
-431.424
-432.16
-432.897
-433.635
-434.373
-435.113
-435.853
-436.593
-437.335
-438.077
-438.82
-439.563
-440.308
-441.053
-441.798
-442.545
-443.292
-444.04
-444.788
-445.537
-446.287
-447.038
-447.789
-448.541
-449.293
-450.047
-450.801
-451.555
-452.31
-453.066
-453.823
-454.58
-455.337
-456.096
-456.855
-457.614
-458.375
-459.135
-459.897
-460.659
-461.422
-462.185
-462.949
-463.713
-464.478
-465.244
-466.01
-466.777
-467.544
-468.312
-469.08
-469.849
-470.618
-471.389
-472.159
-472.93
-473.702
-474.474
-475.247
-476.02
-476.794
-477.568
-478.343
-479.118
-479.893
-480.67
-481.446
-482.223
-483.001
-483.779
-484.558
-485.337
-486.116
-486.896
-487.677
-488.458
-489.239
-490.021
-490.803
-491.585
-492.368
-493.152
-493.936
-494.72
-495.504
-496.29
-497.075
-497.861
-498.647
-499.434
-500.221
-501.008
-501.796
-502.584
-503.372
-504.161
-504.95
-505.739
-506.529
-507.319
-508.11
-508.901
-509.692
-510.483
-511.275
-512.067
-512.859
-513.652
-514.445
-515.238
-516.032
-516.826
-517.62
)
;
    }
}


// ************************************************************************* //
