/*--------------------------------*- C++ -*----------------------------------*\
| =========                 |                                                 |
| \\      /  F ield         | OpenFOAM: The Open Source CFD Toolbox           |
|  \\    /   O peration     | Version:  2512                                  |
|   \\  /    A nd           | Website:  www.openfoam.com                      |
|    \\/     M anipulation  |                                                 |
\*---------------------------------------------------------------------------*/
FoamFile
{
    version     2.0;
    format      ascii;
    arch        "LSB;label=32;scalar=64";
    class       volScalarField;
    location    "0.1";
    object      pB;
}
// * * * * * * * * * * * * * * * * * * * * * * * * * * * * * * * * * * * * * //

dimensions      [1 1 -3 0 0 -1 0];

internalField   nonuniform List<scalar> 
8334
(
4.06695
4.07641
4.08586
4.09538
4.10495
4.11458
4.12423
4.13394
4.14368
4.15346
4.16328
4.17313
4.18302
4.19293
4.20286
4.21281
4.22276
4.23273
4.24269
4.25264
4.26259
4.27251
4.2824
4.29227
4.30209
4.31188
4.32161
4.33129
4.34092
4.35048
4.35998
4.36941
4.37878
4.38809
4.39732
4.40652
4.41563
4.42473
4.43393
4.44319
4.45246
4.46174
4.47103
4.48034
4.48966
4.49899
4.50833
4.51768
4.52704
4.53641
4.54578
4.55518
4.56458
4.57398
4.5834
4.59283
4.60227
4.61172
4.62117
4.63064
4.64011
4.64959
4.65908
4.66858
4.67808
4.68759
4.6971
4.70662
4.71615
4.72568
4.73521
4.74475
4.75429
4.76384
4.77339
4.78294
4.7925
4.80205
4.81161
4.82118
4.83074
4.84031
4.84988
4.85945
4.86903
4.8786
4.88818
4.89776
4.90733
4.91691
4.92649
4.93607
4.94565
4.95524
4.96482
4.9744
4.98398
4.99357
5.00315
5.01274
5.02232
5.03191
5.04149
5.05108
5.06066
5.07025
5.07984
5.08942
5.09901
5.1086
5.11818
5.12777
5.13736
5.14694
5.15653
5.16612
5.17571
5.1853
5.19488
5.20447
5.21406
5.22366
5.23325
5.24284
5.25243
5.26202
5.27162
5.28121
5.29081
5.3004
5.31
5.31959
5.32919
5.33879
5.34839
5.35799
5.36759
5.37719
5.38679
5.3964
5.406
5.41561
5.42521
5.43482
5.44443
5.45404
5.46365
5.47327
5.48289
5.49251
5.50213
5.51175
5.52137
5.531
5.54063
5.55025
5.55989
5.56952
5.57915
5.58878
5.59842
5.60805
5.61768
5.62731
5.63694
5.64657
5.65619
5.66581
5.67542
5.68503
5.69462
5.70421
5.71379
5.72336
5.73291
5.74246
5.75199
5.7615
5.77101
5.78051
5.79001
5.79951
5.80902
5.81857
5.82813
4.14574
4.15714
4.1686
4.18013
4.1917
4.2033
4.21495
4.22664
4.23837
4.25013
4.26193
4.27375
4.2856
4.29746
4.30934
4.32123
4.33312
4.34501
4.35688
4.36874
4.38057
4.39238
4.40415
4.41588
4.42756
4.43919
4.45076
4.46227
4.47371
4.48509
4.4964
4.50763
4.5188
4.52987
4.54092
4.55188
4.56278
4.57376
4.58483
4.59592
4.60701
4.61812
4.62925
4.64039
4.65155
4.66272
4.6739
4.6851
4.69631
4.70753
4.71877
4.73002
4.74128
4.75256
4.76385
4.77515
4.78646
4.79778
4.80912
4.82047
4.83182
4.84319
4.85456
4.86595
4.87734
4.88874
4.90015
4.91156
4.92298
4.93441
4.94584
4.95727
4.96871
4.98016
4.99161
5.00306
5.01452
5.02598
5.03744
5.04891
5.06037
5.07184
5.08332
5.09479
5.10627
5.11774
5.12922
5.1407
5.15218
5.16366
5.17514
5.18662
5.19811
5.20959
5.22107
5.23255
5.24403
5.25552
5.267
5.27848
5.28996
5.30144
5.31292
5.3244
5.33588
5.34736
5.35884
5.37032
5.3818
5.39328
5.40475
5.41623
5.4277
5.43917
5.45065
5.46212
5.47359
5.48507
5.49654
5.50801
5.51948
5.53095
5.54242
5.55389
5.56536
5.57683
5.58829
5.59976
5.61123
5.6227
5.63416
5.64563
5.6571
5.66856
5.68003
5.6915
5.70297
5.71443
5.7259
5.73737
5.74884
5.76031
5.77178
5.78325
5.79472
5.8062
5.81767
5.82915
5.84063
5.85211
5.86359
5.87508
5.88656
5.89805
5.90954
5.92103
5.93252
5.94402
5.95551
5.96701
5.9785
5.98999
6.00149
6.01298
6.02446
6.03595
6.04743
6.0589
6.07036
6.08182
6.09326
6.10469
6.11611
6.1275
6.13889
6.15025
6.16159
6.17292
6.18422
6.19552
6.20681
6.21811
6.22941
6.24075
4.21497
4.22834
4.24172
4.25519
4.26871
4.28225
4.29585
4.30948
4.32315
4.33685
4.35058
4.36434
4.37812
4.39192
4.40572
4.41954
4.43335
4.44715
4.46094
4.47471
4.48846
4.50217
4.51584
4.52946
4.54304
4.55656
4.57001
4.5834
4.59672
4.60997
4.62314
4.63623
4.64926
4.66218
4.67507
4.68787
4.70058
4.71336
4.72623
4.73913
4.75204
4.76497
4.77791
4.79088
4.80386
4.81686
4.82987
4.8429
4.85595
4.86901
4.88209
4.89519
4.90831
4.92143
4.93458
4.94774
4.96091
4.9741
4.9873
5.00052
5.01375
5.02699
5.04024
5.0535
5.06677
5.08006
5.09335
5.10665
5.11995
5.13327
5.14659
5.15992
5.17325
5.18659
5.19993
5.21328
5.22663
5.23998
5.25334
5.26671
5.28007
5.29344
5.30681
5.32018
5.33355
5.34693
5.36031
5.37368
5.38706
5.40044
5.41382
5.4272
5.44057
5.45395
5.46733
5.48071
5.49409
5.50746
5.52084
5.53422
5.54759
5.56096
5.57434
5.58771
5.60108
5.61445
5.62782
5.64118
5.65455
5.66791
5.68127
5.69463
5.70799
5.72135
5.7347
5.74806
5.76141
5.77476
5.78811
5.80146
5.81481
5.82816
5.8415
5.85484
5.86819
5.88153
5.89487
5.9082
5.92154
5.93488
5.94821
5.96154
5.97488
5.98821
6.00154
6.01487
6.0282
6.04153
6.05486
6.06819
6.08152
6.09485
6.10818
6.12151
6.13484
6.14817
6.1615
6.17484
6.18818
6.20151
6.21485
6.22819
6.24154
6.25488
6.26823
6.28158
6.29493
6.30828
6.32163
6.33498
6.34833
6.36169
6.37504
6.38839
6.40173
6.41507
6.42841
6.44174
6.45506
6.46837
6.48166
6.49494
6.5082
6.52144
6.53466
6.54785
6.56102
6.57416
6.58727
6.60036
6.61344
6.62651
6.63959
6.65268
4.2994
4.31472
4.3301
4.34555
4.36104
4.37657
4.39214
4.40774
4.42337
4.43904
4.45472
4.47043
4.48615
4.50188
4.51761
4.53334
4.54905
4.56475
4.58043
4.59607
4.61168
4.62725
4.64276
4.65823
4.67363
4.68896
4.70422
4.71941
4.73452
4.74955
4.76449
4.77937
4.79413
4.80885
4.82349
4.83803
4.85261
4.86728
4.88199
4.89671
4.91145
4.92621
4.94099
4.95579
4.97061
4.98545
5.00032
5.0152
5.0301
5.04502
5.05996
5.07492
5.08989
5.10489
5.11991
5.13494
5.14999
5.16505
5.18013
5.19523
5.21034
5.22546
5.2406
5.25575
5.27091
5.28608
5.30126
5.31645
5.33164
5.34685
5.36206
5.37728
5.39251
5.40774
5.42298
5.43822
5.45347
5.46872
5.48397
5.49923
5.51449
5.52975
5.54502
5.56028
5.57555
5.59082
5.60609
5.62136
5.63663
5.65191
5.66718
5.68245
5.69772
5.71299
5.72826
5.74353
5.75879
5.77406
5.78932
5.80459
5.81985
5.83511
5.85037
5.86562
5.88088
5.89613
5.91138
5.92663
5.94187
5.95712
5.97236
5.98759
6.00283
6.01806
6.03329
6.04852
6.06375
6.07897
6.0942
6.10942
6.12463
6.13985
6.15506
6.17027
6.18548
6.20068
6.21589
6.23109
6.24629
6.26149
6.27668
6.29187
6.30707
6.32226
6.33745
6.35264
6.36782
6.38301
6.39819
6.41338
6.42856
6.44375
6.45893
6.47412
6.4893
6.50449
6.51968
6.53487
6.55006
6.56525
6.58044
6.59564
6.61083
6.62603
6.64123
6.65644
6.67164
6.68685
6.70205
6.71726
6.73247
6.74767
6.76288
6.77808
6.79327
6.80846
6.82364
6.83881
6.85397
6.86911
6.88424
6.89934
6.91442
6.92947
6.94449
6.95947
6.97442
6.98934
7.00422
7.01908
7.03392
7.04876
7.0636
4.38752
4.40481
4.42216
4.43958
4.45705
4.47455
4.49207
4.50963
4.52722
4.54482
4.56245
4.58009
4.59773
4.61537
4.633
4.65063
4.66823
4.6858
4.70334
4.72084
4.73829
4.75569
4.77303
4.7903
4.80751
4.82464
4.84169
4.85865
4.87553
4.89232
4.90903
4.92563
4.94217
4.95864
4.97501
4.9914
5.00787
5.02438
5.04091
5.05746
5.07402
5.09062
5.10723
5.12387
5.14053
5.15722
5.17393
5.19066
5.20741
5.22419
5.24099
5.25781
5.27465
5.29151
5.3084
5.3253
5.34222
5.35916
5.37612
5.39309
5.41008
5.42709
5.4441
5.46114
5.47818
5.49523
5.5123
5.52938
5.54646
5.56355
5.58066
5.59776
5.61488
5.632
5.64913
5.66626
5.68339
5.70053
5.71768
5.73482
5.75197
5.76913
5.78628
5.80344
5.82059
5.83775
5.85491
5.87207
5.88922
5.90638
5.92354
5.94069
5.95785
5.975
5.99216
6.00931
6.02646
6.0436
6.06075
6.07789
6.09503
6.11217
6.12931
6.14644
6.16357
6.1807
6.19782
6.21495
6.23206
6.24918
6.26629
6.2834
6.3005
6.31761
6.3347
6.3518
6.36889
6.38598
6.40307
6.42015
6.43723
6.4543
6.47138
6.48844
6.50551
6.52257
6.53963
6.55669
6.57374
6.5908
6.60785
6.62489
6.64194
6.65898
6.67602
6.69306
6.71009
6.72713
6.74416
6.7612
6.77823
6.79526
6.8123
6.82933
6.84636
6.8634
6.88043
6.89747
6.91451
6.93155
6.94859
6.96563
6.98268
6.99973
7.01678
7.03383
7.05088
7.06794
7.08499
7.10205
7.1191
7.13615
7.1532
7.17024
7.18728
7.20431
7.22132
7.23832
7.25531
7.27227
7.28921
7.30612
7.323
7.33984
7.35664
7.3734
7.39011
7.40678
7.42342
7.44002
7.45661
7.4732
4.47926
4.4985
4.51784
4.53723
4.55664
4.57608
4.59556
4.61506
4.63457
4.65411
4.67365
4.6932
4.71274
4.73228
4.75179
4.77128
4.79075
4.81017
4.82955
4.84888
4.86816
4.88736
4.9065
4.92557
4.94455
4.96345
4.98226
5.00098
5.0196
5.03814
5.05658
5.07494
5.09322
5.11142
5.12961
5.14788
5.16619
5.18452
5.20286
5.22124
5.23964
5.25806
5.27651
5.29498
5.31348
5.33201
5.35057
5.36915
5.38776
5.40639
5.42504
5.44373
5.46243
5.48116
5.49991
5.51868
5.53747
5.55628
5.57511
5.59396
5.61282
5.6317
5.6506
5.66951
5.68843
5.70736
5.72631
5.74527
5.76423
5.78321
5.80219
5.82118
5.84018
5.85918
5.87819
5.8972
5.91622
5.93524
5.95427
5.9733
5.99233
6.01136
6.0304
6.04943
6.06847
6.08751
6.10655
6.12558
6.14462
6.16365
6.18269
6.20172
6.22075
6.23978
6.25881
6.27784
6.29686
6.31588
6.3349
6.35391
6.37292
6.39193
6.41094
6.42994
6.44893
6.46793
6.48692
6.5059
6.52488
6.54386
6.56284
6.5818
6.60077
6.61973
6.63869
6.65764
6.67659
6.69553
6.71447
6.73341
6.75234
6.77127
6.79019
6.80911
6.82802
6.84693
6.86584
6.88474
6.90364
6.92254
6.94143
6.96032
6.97921
6.9981
7.01698
7.03586
7.05474
7.07361
7.09249
7.11136
7.13024
7.14911
7.16798
7.18686
7.20573
7.22461
7.24348
7.26236
7.28124
7.30012
7.319
7.33789
7.35677
7.37566
7.39455
7.41345
7.43234
7.45124
7.47013
7.48903
7.50792
7.52681
7.54569
7.56457
7.58344
7.60229
7.62113
7.63995
7.65875
7.67751
7.69625
7.71495
7.7336
7.75221
7.77077
7.78928
7.80773
7.82613
7.8445
7.86283
7.88116
4.55335
4.57452
4.59574
4.61703
4.63835
4.6597
4.68109
4.70249
4.72391
4.74534
4.76678
4.78822
4.80965
4.83107
4.85247
4.87385
4.89519
4.91649
4.93774
4.95893
4.98007
5.00114
5.02213
5.04304
5.06387
5.08461
5.10525
5.1258
5.14625
5.16661
5.18687
5.20704
5.22713
5.24714
5.26714
5.2872
5.3073
5.32742
5.34756
5.36773
5.38793
5.40815
5.4284
5.44868
5.46899
5.48933
5.5097
5.5301
5.55053
5.57098
5.59147
5.61198
5.63251
5.65307
5.67366
5.69427
5.71491
5.73556
5.75624
5.77694
5.79765
5.81839
5.83914
5.85991
5.88069
5.90148
5.92229
5.94311
5.96393
5.98477
6.00562
6.02648
6.04734
6.06821
6.08909
6.10997
6.13086
6.15175
6.17265
6.19355
6.21445
6.23535
6.25626
6.27717
6.29807
6.31898
6.33989
6.3608
6.3817
6.40261
6.42351
6.44441
6.46531
6.48621
6.5071
6.528
6.54888
6.56977
6.59065
6.61153
6.63241
6.65328
6.67415
6.69501
6.71587
6.73672
6.75757
6.77841
6.79925
6.82009
6.84092
6.86174
6.88256
6.90337
6.92418
6.94499
6.96579
6.98658
7.00737
7.02815
7.04893
7.0697
7.09047
7.11123
7.13199
7.15274
7.17349
7.19424
7.21497
7.23571
7.25644
7.27717
7.29789
7.31861
7.33933
7.36005
7.38076
7.40147
7.42218
7.44288
7.46359
7.48429
7.505
7.5257
7.5464
7.56711
7.58782
7.60852
7.62923
7.64994
7.67066
7.69137
7.71209
7.73281
7.75353
7.77426
7.79498
7.81571
7.83644
7.85716
7.87789
7.89861
7.91933
7.94003
7.96073
7.98142
8.00208
8.02273
8.04335
8.06394
8.08449
8.10501
8.12547
8.14588
8.16623
8.18652
8.20675
8.22691
8.24702
8.2671
8.28715
4.65014
4.67324
4.6964
4.71962
4.74287
4.76615
4.78944
4.81274
4.83607
4.85939
4.88271
4.90602
4.92932
4.95259
4.97583
4.99904
5.0222
5.04531
5.06836
5.09135
5.11426
5.13709
5.15984
5.1825
5.20507
5.22754
5.24991
5.27217
5.29434
5.3164
5.33837
5.36027
5.38209
5.40388
5.42572
5.4476
5.46951
5.49143
5.51339
5.53537
5.55738
5.57943
5.6015
5.62361
5.64575
5.66793
5.69013
5.71237
5.73464
5.75694
5.77927
5.80163
5.82402
5.84643
5.86887
5.89134
5.91383
5.93635
5.95888
5.98144
6.00402
6.02661
6.04922
6.07185
6.0945
6.11715
6.13982
6.16251
6.1852
6.2079
6.23061
6.25333
6.27606
6.2988
6.32154
6.34429
6.36704
6.38979
6.41255
6.43531
6.45807
6.48084
6.50361
6.52637
6.54914
6.57191
6.59467
6.61744
6.6402
6.66297
6.68573
6.70848
6.73124
6.75399
6.77674
6.79948
6.82222
6.84496
6.86769
6.89042
6.91315
6.93587
6.95858
6.98129
7.00399
7.02669
7.04938
7.07207
7.09475
7.11742
7.14009
7.16275
7.18541
7.20806
7.23071
7.25335
7.27598
7.29861
7.32123
7.34384
7.36645
7.38905
7.41165
7.43424
7.45682
7.4794
7.50197
7.52454
7.54711
7.56967
7.59222
7.61477
7.63732
7.65986
7.6824
7.70493
7.72746
7.74999
7.77252
7.79505
7.81758
7.8401
7.86262
7.88515
7.90767
7.9302
7.95273
7.97526
7.99779
8.02032
8.04285
8.06539
8.08793
8.11048
8.13302
8.15557
8.17812
8.20067
8.22322
8.24576
8.26831
8.29085
8.31338
8.33589
8.3584
8.38088
8.40335
8.42578
8.44818
8.47055
8.49286
8.51512
8.53733
8.55946
8.58153
8.60352
8.62543
8.64728
8.66909
8.69086
4.75027
4.77529
4.80039
4.82552
4.85068
4.87585
4.90102
4.92622
4.95141
4.9766
5.00178
5.02693
5.05207
5.07716
5.10222
5.12723
5.15219
5.17708
5.2019
5.22664
5.2513
5.27588
5.30035
5.32473
5.34901
5.37318
5.39725
5.42121
5.44507
5.46884
5.49252
5.51613
5.53972
5.56333
5.58698
5.61066
5.63436
5.65809
5.68185
5.70564
5.72947
5.75333
5.77723
5.80116
5.82512
5.84913
5.87316
5.89724
5.92134
5.94548
5.96965
5.99385
6.01808
6.04234
6.06662
6.09094
6.11528
6.13964
6.16403
6.18844
6.21286
6.23731
6.26177
6.28626
6.31075
6.33526
6.35978
6.38432
6.40887
6.43342
6.45799
6.48256
6.50714
6.53173
6.55632
6.58092
6.60552
6.63013
6.65474
6.67935
6.70396
6.72858
6.75319
6.77781
6.80242
6.82703
6.85165
6.87626
6.90087
6.92547
6.95007
6.97468
6.99927
7.02386
7.04845
7.07304
7.09762
7.12219
7.14676
7.17132
7.19588
7.22044
7.24498
7.26953
7.29406
7.31859
7.34311
7.36762
7.39213
7.41663
7.44113
7.46562
7.4901
7.51457
7.53904
7.5635
7.58795
7.6124
7.63683
7.66127
7.68569
7.71011
7.73452
7.75892
7.78332
7.80771
7.8321
7.85648
7.88085
7.90522
7.92959
7.95395
7.9783
8.00265
8.027
8.05134
8.07568
8.10002
8.12436
8.14869
8.17303
8.19736
8.22169
8.24603
8.27036
8.29469
8.31903
8.34337
8.36771
8.39206
8.4164
8.44075
8.4651
8.48946
8.51381
8.53817
8.56253
8.58689
8.61125
8.6356
8.65995
8.68429
8.70862
8.73293
8.75723
8.7815
8.80573
8.82994
8.8541
8.8782
8.90225
8.92624
8.95015
8.97398
8.99773
9.02139
9.04497
9.06849
9.09197
4.82675
4.85365
4.88059
4.90759
4.93461
4.96163
4.98867
5.01572
5.04277
5.06981
5.09684
5.12384
5.15082
5.17776
5.20465
5.23149
5.25828
5.28499
5.31164
5.3382
5.36467
5.39105
5.41733
5.44351
5.46958
5.49555
5.5214
5.54714
5.57279
5.59833
5.62379
5.64918
5.67454
5.69992
5.72533
5.75077
5.77623
5.80172
5.82725
5.85281
5.8784
5.90404
5.92971
5.95541
5.98116
6.00695
6.03277
6.05863
6.08453
6.11046
6.13643
6.16243
6.18846
6.21452
6.24062
6.26674
6.29289
6.31907
6.34527
6.3715
6.39775
6.42401
6.4503
6.4766
6.50293
6.52926
6.55561
6.58198
6.60835
6.63474
6.66114
6.68754
6.71395
6.74037
6.7668
6.79323
6.81967
6.84611
6.87255
6.899
6.92544
6.95189
6.97834
7.00479
7.03124
7.05769
7.08413
7.11058
7.13702
7.16346
7.18989
7.21632
7.24275
7.26917
7.29559
7.32201
7.34842
7.37482
7.40122
7.42761
7.45399
7.48037
7.50674
7.53311
7.55947
7.58582
7.61216
7.6385
7.66482
7.69115
7.71746
7.74376
7.77006
7.79635
7.82263
7.84891
7.87517
7.90143
7.92768
7.95392
7.98015
8.00638
8.0326
8.05881
8.08501
8.11121
8.1374
8.16358
8.18976
8.21593
8.2421
8.26825
8.29441
8.32056
8.3467
8.37285
8.39898
8.42512
8.45125
8.47738
8.50351
8.52964
8.55577
8.58189
8.60802
8.63415
8.66028
8.68642
8.71255
8.73869
8.76483
8.79098
8.81713
8.84328
8.86943
8.89559
8.92174
8.9479
8.97405
9.00021
9.02635
9.05249
9.07861
9.10472
9.13081
9.15687
9.1829
9.20889
9.23484
9.26073
9.28655
9.31231
9.33798
9.36357
9.38906
9.41445
9.43975
9.46498
9.49015
4.93139
4.96018
4.989
5.01787
5.04673
5.07562
5.10451
5.1334
5.16227
5.19113
5.21996
5.24877
5.27753
5.30624
5.3349
5.3635
5.39202
5.42047
5.44883
5.4771
5.50527
5.53334
5.5613
5.58915
5.61689
5.64452
5.67203
5.69944
5.72674
5.75397
5.78112
5.80824
5.83537
5.86253
5.88972
5.91693
5.94417
5.97145
5.99876
6.02611
6.0535
6.08093
6.1084
6.13591
6.16347
6.19106
6.2187
6.24637
6.27408
6.30183
6.32962
6.35744
6.38529
6.41318
6.4411
6.46905
6.49702
6.52503
6.55305
6.58111
6.60918
6.63727
6.66539
6.69352
6.72167
6.74983
6.77801
6.8062
6.8344
6.86261
6.89083
6.91907
6.9473
6.97555
7.0038
7.03205
7.06031
7.08857
7.11684
7.1451
7.17337
7.20164
7.22991
7.25818
7.28644
7.31471
7.34297
7.37123
7.39949
7.42774
7.45599
7.48423
7.51247
7.5407
7.56893
7.59716
7.62537
7.65358
7.68179
7.70998
7.73817
7.76635
7.79453
7.82269
7.85085
7.879
7.90715
7.93528
7.9634
7.99152
8.01963
8.04773
8.07582
8.1039
8.13197
8.16003
8.18809
8.21613
8.24417
8.2722
8.30022
8.32823
8.35623
8.38423
8.41221
8.44019
8.46816
8.49613
8.52409
8.55204
8.57998
8.60792
8.63586
8.66378
8.69171
8.71963
8.74755
8.77546
8.80337
8.83128
8.85919
8.8871
8.91501
8.94292
8.97083
8.99874
9.02665
9.05457
9.08249
9.11041
9.13833
9.16626
9.19419
9.22213
9.25007
9.27801
9.30595
9.33388
9.36182
9.38975
9.41767
9.44557
9.47346
9.50133
9.52917
9.55698
9.58475
9.61246
9.64012
9.66771
9.69522
9.72264
9.74997
9.7772
9.80431
9.83131
9.85824
9.88509
5.03908
5.06972
5.10038
5.13108
5.1618
5.19251
5.22321
5.25391
5.28458
5.31522
5.34583
5.3764
5.40692
5.43738
5.46777
5.49808
5.52832
5.55846
5.58851
5.61846
5.64829
5.67802
5.70763
5.73712
5.7665
5.79577
5.82492
5.85398
5.88295
5.91185
5.94071
5.96958
5.99847
6.02739
6.05634
6.08531
6.11432
6.14337
6.17246
6.20159
6.23077
6.25999
6.28925
6.31856
6.34791
6.3773
6.40673
6.43621
6.46573
6.49528
6.52487
6.5545
6.58417
6.61387
6.64359
6.67335
6.70314
6.73296
6.7628
6.79266
6.82255
6.85245
6.88238
6.91232
6.94228
6.97226
7.00224
7.03224
7.06226
7.09228
7.12231
7.15235
7.18239
7.21245
7.2425
7.27256
7.30263
7.3327
7.36277
7.39284
7.42291
7.45298
7.48305
7.51312
7.54319
7.57325
7.60331
7.63337
7.66342
7.69347
7.72351
7.75355
7.78359
7.81361
7.84363
7.87365
7.90365
7.93365
7.96364
7.99363
8.0236
8.05357
8.08353
8.11348
8.14342
8.17335
8.20327
8.23319
8.26309
8.29298
8.32287
8.35274
8.38261
8.41246
8.44231
8.47214
8.50197
8.53178
8.56159
8.59139
8.62117
8.65095
8.68072
8.71048
8.74023
8.76998
8.79971
8.82944
8.85916
8.88888
8.91858
8.94829
8.97798
9.00767
9.03736
9.06704
9.09672
9.1264
9.15607
9.18575
9.21542
9.24509
9.27476
9.30444
9.33411
9.36379
9.39347
9.42315
9.45284
9.48253
9.51223
9.54192
9.57162
9.60133
9.63103
9.66074
9.69044
9.72014
9.74984
9.77953
9.8092
9.83886
9.86849
9.89809
9.92766
9.95719
9.98666
10.0161
10.0454
10.0747
10.1038
10.1329
10.1618
10.1907
10.2193
10.248
10.2765
5.14966
5.18211
5.21461
5.24713
5.27965
5.31215
5.34464
5.37711
5.40954
5.44194
5.4743
5.5066
5.53883
5.571
5.60308
5.63508
5.66699
5.6988
5.7305
5.76209
5.79356
5.82491
5.85614
5.88726
5.91825
5.94914
5.97993
6.01062
6.04126
6.07185
6.10244
6.13304
6.16368
6.19434
6.22503
6.25576
6.28653
6.31734
6.3482
6.3791
6.41005
6.44105
6.47209
6.50318
6.53431
6.56549
6.59671
6.62798
6.65928
6.69063
6.72202
6.75344
6.7849
6.81639
6.84792
6.87947
6.91105
6.94267
6.9743
7.00596
7.03764
7.06934
7.10106
7.1328
7.16456
7.19632
7.22811
7.2599
7.2917
7.32352
7.35534
7.38717
7.41901
7.45085
7.48269
7.51454
7.5464
7.57825
7.61011
7.64196
7.67382
7.70567
7.73753
7.76938
7.80122
7.83307
7.86491
7.89675
7.92858
7.9604
7.99222
8.02404
8.05584
8.08764
8.11944
8.15122
8.183
8.21477
8.24653
8.27828
8.31002
8.34175
8.37348
8.40519
8.43689
8.46859
8.50027
8.53194
8.5636
8.59526
8.6269
8.65853
8.69015
8.72176
8.75335
8.78494
8.81652
8.84809
8.87964
8.91119
8.94272
8.97425
9.00577
9.03727
9.06877
9.10026
9.13174
9.16322
9.19468
9.22614
9.25759
9.28904
9.32048
9.35192
9.38335
9.41477
9.4462
9.47762
9.50904
9.54046
9.57188
9.6033
9.63472
9.66614
9.69756
9.72899
9.76042
9.79185
9.82329
9.85473
9.88617
9.91762
9.94907
9.98053
10.012
10.0434
10.0749
10.1063
10.1378
10.1692
10.2006
10.232
10.2633
10.2946
10.3259
10.3571
10.3883
10.4193
10.4503
10.4812
10.512
10.5426
10.5732
10.6035
10.6338
10.664
5.22873
5.26298
5.29725
5.33155
5.36585
5.40012
5.43439
5.46864
5.50284
5.53701
5.57113
5.60519
5.63918
5.6731
5.70694
5.74069
5.77434
5.80788
5.84132
5.87463
5.90783
5.94091
5.97386
6.00668
6.03939
6.07199
6.10448
6.13689
6.16923
6.20153
6.23383
6.26613
6.29847
6.33082
6.36322
6.39565
6.42812
6.46063
6.4932
6.52581
6.55847
6.59118
6.62393
6.65674
6.6896
6.7225
6.75545
6.78845
6.82149
6.85457
6.88769
6.92086
6.95406
6.98729
7.02056
7.05387
7.0872
7.12056
7.15395
7.18736
7.2208
7.25426
7.28774
7.32124
7.35475
7.38828
7.42182
7.45538
7.48895
7.52252
7.55611
7.5897
7.6233
7.65691
7.69052
7.72414
7.75776
7.79138
7.825
7.85862
7.89224
7.92586
7.95948
7.99309
8.0267
8.06031
8.09392
8.12752
8.16111
8.1947
8.22828
8.26186
8.29542
8.32898
8.36254
8.39608
8.42962
8.46314
8.49666
8.53017
8.56367
8.59715
8.63063
8.6641
8.69755
8.731
8.76443
8.79785
8.83126
8.86466
8.89805
8.93143
8.9648
8.99815
9.03149
9.06482
9.09814
9.13145
9.16475
9.19803
9.23131
9.26457
9.29782
9.33107
9.3643
9.39753
9.43074
9.46395
9.49715
9.53034
9.56352
9.5967
9.62987
9.66303
9.69619
9.72935
9.7625
9.79565
9.8288
9.86194
9.89509
9.92824
9.96138
9.99453
10.0277
10.0608
10.094
10.1272
10.1603
10.1935
10.2267
10.2598
10.293
10.3262
10.3594
10.3926
10.4258
10.4589
10.4921
10.5253
10.5584
10.5915
10.6246
10.6576
10.6906
10.7235
10.7564
10.7892
10.8219
10.8545
10.8869
10.9193
10.9515
10.9835
11.0155
11.0473
5.34293
5.37895
5.41499
5.45104
5.48707
5.5231
5.55909
5.59504
5.63096
5.66682
5.70262
5.73835
5.774
5.80956
5.84504
5.88041
5.91567
5.95081
5.98584
6.02074
6.05551
6.09016
6.12468
6.15908
6.19337
6.22755
6.26165
6.29568
6.32966
6.36364
6.39763
6.43164
6.46567
6.49975
6.53385
6.56801
6.60221
6.63646
6.67076
6.70511
6.73951
6.77397
6.80847
6.84303
6.87764
6.9123
6.947
6.98175
7.01655
7.05139
7.08627
7.1212
7.15616
7.19115
7.22618
7.26125
7.29634
7.33146
7.36661
7.40178
7.43697
7.47219
7.50742
7.54268
7.57795
7.61323
7.64853
7.68384
7.71916
7.75449
7.78982
7.82517
7.86052
7.89588
7.93123
7.9666
8.00196
8.03733
8.07269
8.10806
8.14342
8.17878
8.21414
8.2495
8.28485
8.3202
8.35554
8.39088
8.42621
8.46153
8.49685
8.53215
8.56745
8.60274
8.63803
8.6733
8.70856
8.74382
8.77906
8.81429
8.84951
8.88473
8.91992
8.95511
8.99029
9.02545
9.0606
9.09574
9.13087
9.16598
9.20109
9.23618
9.27126
9.30632
9.34137
9.37641
9.41144
9.44646
9.48146
9.51646
9.55144
9.58641
9.62137
9.65632
9.69125
9.72618
9.7611
9.79601
9.83091
9.86581
9.90069
9.93557
9.97045
10.0053
10.0402
10.075
10.1099
10.1448
10.1796
10.2145
10.2493
10.2842
10.319
10.3539
10.3887
10.4236
10.4585
10.4933
10.5282
10.5631
10.598
10.6329
10.6678
10.7027
10.7376
10.7725
10.8073
10.8422
10.8771
10.9119
10.9467
10.9815
11.0163
11.051
11.0856
11.1202
11.1547
11.189
11.2233
11.2575
11.2915
11.3254
11.3591
11.3927
11.4261
5.45963
5.4974
5.53515
5.57292
5.61068
5.6484
5.68607
5.72371
5.76129
5.79881
5.83625
5.8736
5.91087
5.94805
5.98511
6.02207
6.0589
6.09561
6.13219
6.16864
6.20496
6.24115
6.27722
6.31317
6.34902
6.38478
6.42048
6.45613
6.49177
6.52741
6.56308
6.59877
6.6345
6.67027
6.70609
6.74195
6.77786
6.81383
6.84985
6.88592
6.92205
6.95824
6.99448
7.03077
7.06711
7.10351
7.13995
7.17644
7.21297
7.24955
7.28618
7.32284
7.35954
7.39627
7.43304
7.46984
7.50667
7.54353
7.58042
7.61732
7.65425
7.69121
7.72818
7.76516
7.80217
7.83918
7.87621
7.91325
7.9503
7.98736
8.02443
8.0615
8.09858
8.13566
8.17274
8.20983
8.24692
8.28401
8.32109
8.35818
8.39526
8.43234
8.46942
8.50649
8.54356
8.58062
8.61768
8.65473
8.69177
8.7288
8.76583
8.80285
8.83985
8.87685
8.91384
8.95082
8.98779
9.02474
9.06169
9.09862
9.13554
9.17245
9.20935
9.24623
9.2831
9.31996
9.35681
9.39364
9.43046
9.46727
9.50406
9.54084
9.57761
9.61436
9.6511
9.68783
9.72454
9.76124
9.79793
9.83461
9.87127
9.90792
9.94457
9.9812
10.0178
10.0544
10.091
10.1276
10.1642
10.2008
10.2373
10.2739
10.3105
10.347
10.3836
10.4201
10.4566
10.4932
10.5297
10.5662
10.6028
10.6393
10.6759
10.7124
10.749
10.7855
10.8221
10.8586
10.8952
10.9318
10.9684
11.0049
11.0415
11.0781
11.1147
11.1513
11.1878
11.2244
11.2609
11.2974
11.3339
11.3703
11.4067
11.443
11.4793
11.5154
11.5515
11.5874
11.6232
11.6589
11.6944
11.7298
11.765
11.8001
5.57869
5.61813
5.6576
5.69706
5.73648
5.77585
5.81519
5.85446
5.89366
5.93279
5.97183
6.01078
6.04963
6.08836
6.12698
6.16548
6.20385
6.24208
6.28019
6.31815
6.35599
6.3937
6.4313
6.46879
6.50619
6.54353
6.58082
6.6181
6.65538
6.69268
6.73001
6.76737
6.80478
6.84223
6.87973
6.91729
6.9549
6.99257
7.03029
7.06807
7.10591
7.14381
7.18176
7.21976
7.25782
7.29593
7.33409
7.3723
7.41055
7.44885
7.48719
7.52557
7.56399
7.60244
7.64093
7.67944
7.71799
7.75656
7.79516
7.83378
7.87243
7.91109
7.94977
7.98847
8.02718
8.0659
8.10464
8.14339
8.18214
8.22091
8.25968
8.29845
8.33723
8.37602
8.4148
8.45359
8.49237
8.53116
8.56994
8.60872
8.6475
8.68628
8.72505
8.76381
8.80257
8.84132
8.88007
8.9188
8.95753
8.99625
9.03496
9.07366
9.11235
9.15103
9.1897
9.22836
9.267
9.30564
9.34426
9.38287
9.42146
9.46004
9.49861
9.53717
9.57571
9.61424
9.65275
9.69125
9.72974
9.76821
9.80667
9.84511
9.88354
9.92196
9.96036
9.99875
10.0371
10.0755
10.1138
10.1522
10.1905
10.2288
10.2671
10.3054
10.3437
10.3819
10.4202
10.4584
10.4967
10.5349
10.5731
10.6113
10.6496
10.6878
10.726
10.7642
10.8024
10.8406
10.8788
10.917
10.9552
10.9934
11.0316
11.0698
11.108
11.1462
11.1845
11.2227
11.2609
11.2992
11.3374
11.3757
11.4139
11.4522
11.4904
11.5286
11.5668
11.605
11.6432
11.6814
11.7195
11.7575
11.7955
11.8334
11.8712
11.9089
11.9465
11.9839
12.0212
12.0584
12.0954
12.1322
5.65877
5.6999
5.74103
5.78216
5.82326
5.86431
5.90531
5.94625
5.98711
6.0279
6.06859
6.10919
6.14969
6.19007
6.23033
6.27046
6.31047
6.35033
6.39006
6.42965
6.4691
6.50843
6.54764
6.58675
6.62577
6.66472
6.70363
6.74252
6.78141
6.82033
6.85926
6.89824
6.93725
6.97632
7.01544
7.05461
7.09384
7.13313
7.17248
7.21189
7.25136
7.29089
7.33047
7.37012
7.40982
7.44957
7.48937
7.52923
7.56913
7.60908
7.64907
7.6891
7.72918
7.76929
7.80944
7.84962
7.88982
7.93006
7.97032
8.01061
8.05092
8.09125
8.1316
8.17197
8.21235
8.25275
8.29315
8.33357
8.374
8.41444
8.45488
8.49533
8.53578
8.57624
8.6167
8.65715
8.69761
8.73807
8.77853
8.81898
8.85943
8.89988
8.94032
8.98075
9.02118
9.06161
9.10202
9.14243
9.18282
9.22321
9.26359
9.30396
9.34432
9.38466
9.425
9.46532
9.50563
9.54593
9.58621
9.62648
9.66674
9.70698
9.74721
9.78742
9.82762
9.86781
9.90798
9.94814
9.98828
10.0284
10.0685
10.1086
10.1487
10.1888
10.2288
10.2688
10.3089
10.3489
10.3889
10.4289
10.4688
10.5088
10.5487
10.5886
10.6286
10.6685
10.7084
10.7483
10.7881
10.828
10.8679
10.9077
10.9476
10.9874
11.0273
11.0671
11.1069
11.1468
11.1866
11.2265
11.2663
11.3061
11.346
11.3858
11.4257
11.4655
11.5054
11.5453
11.5851
11.625
11.6649
11.7048
11.7447
11.7846
11.8244
11.8643
11.9042
11.944
11.9838
12.0236
12.0633
12.103
12.1426
12.1822
12.2216
12.2609
12.3002
12.3392
12.3781
12.4169
12.4555
12.4939
5.7804
5.82316
5.86592
5.90866
5.95136
5.994
6.03657
6.07907
6.12149
6.16381
6.20603
6.24815
6.29015
6.33202
6.37376
6.41537
6.45683
6.49816
6.53934
6.58039
6.62131
6.66211
6.70281
6.74341
6.78396
6.82445
6.86493
6.90541
6.9459
6.98642
7.02698
7.06759
7.10824
7.14895
7.18971
7.23054
7.27142
7.31237
7.35338
7.39445
7.43559
7.47678
7.51804
7.55935
7.60072
7.64214
7.68362
7.72514
7.76672
7.80834
7.85
7.8917
7.93345
7.97523
8.01704
8.05888
8.10076
8.14266
8.18459
8.22654
8.26851
8.3105
8.35251
8.39453
8.43657
8.47863
8.52069
8.56276
8.60485
8.64693
8.68903
8.73113
8.77323
8.81533
8.85744
8.89954
8.94165
8.98375
9.02585
9.06794
9.11003
9.15212
9.1942
9.23627
9.27834
9.3204
9.36245
9.40449
9.44652
9.48854
9.53054
9.57254
9.61453
9.6565
9.69846
9.74041
9.78234
9.82426
9.86617
9.90806
9.94994
9.9918
10.0336
10.0755
10.1173
10.1591
10.2009
10.2427
10.2844
10.3261
10.3679
10.4096
10.4513
10.4929
10.5346
10.5762
10.6179
10.6595
10.7011
10.7427
10.7842
10.8258
10.8673
10.9089
10.9504
10.9919
11.0334
11.0749
11.1164
11.1579
11.1993
11.2408
11.2823
11.3237
11.3652
11.4066
11.4481
11.4895
11.5309
11.5724
11.6138
11.6553
11.6968
11.7382
11.7797
11.8212
11.8626
11.9041
11.9456
11.9871
12.0286
12.0701
12.1116
12.1531
12.1946
12.2361
12.2775
12.319
12.3604
12.4017
12.443
12.4842
12.5254
12.5664
12.6073
12.6481
12.6888
12.7293
12.7696
12.8098
12.8498
5.90391
5.94826
5.99261
6.03693
6.08118
6.12535
6.16946
6.21347
6.25739
6.30121
6.34492
6.3885
6.43196
6.47528
6.51846
6.56149
6.60439
6.64714
6.68975
6.73223
6.77459
6.81685
6.85901
6.90112
6.94317
6.98521
7.02724
7.0693
7.11137
7.15349
7.19565
7.23787
7.28014
7.32247
7.36486
7.40731
7.44983
7.49242
7.53507
7.57778
7.62056
7.6634
7.7063
7.74925
7.79227
7.83533
7.87845
7.92162
7.96484
8.00811
8.05141
8.09476
8.13814
8.18156
8.22502
8.2685
8.31201
8.35555
8.39911
8.4427
8.4863
8.52992
8.57356
8.61722
8.66089
8.70457
8.74826
8.79196
8.83566
8.87938
8.92309
8.96681
9.01053
9.05426
9.09798
9.1417
9.18542
9.22914
9.27285
9.31656
9.36026
9.40396
9.44765
9.49133
9.535
9.57866
9.62232
9.66596
9.70959
9.75321
9.79682
9.84042
9.884
9.92757
9.97113
10.0147
10.0582
10.1017
10.1452
10.1887
10.2322
10.2756
10.319
10.3625
10.4059
10.4493
10.4926
10.536
10.5793
10.6226
10.6659
10.7092
10.7525
10.7957
10.839
10.8822
10.9254
10.9686
11.0118
11.0549
11.0981
11.1412
11.1844
11.2275
11.2706
11.3137
11.3567
11.3998
11.4429
11.4859
11.529
11.572
11.615
11.6581
11.7011
11.7441
11.7871
11.8302
11.8732
11.9162
11.9593
12.0023
12.0454
12.0884
12.1315
12.1745
12.2176
12.2607
12.3038
12.3469
12.3899
12.433
12.4761
12.5192
12.5622
12.6053
12.6483
12.6913
12.7342
12.7771
12.8199
12.8626
12.9053
12.9478
12.9901
13.0324
13.0744
13.1163
13.1581
13.1996
5.98317
6.02912
6.07503
6.12093
6.16676
6.21251
6.25819
6.30378
6.34926
6.39464
6.43991
6.48505
6.53005
6.57492
6.61965
6.66422
6.70865
6.75294
6.79708
6.8411
6.88499
6.92877
6.97247
7.0161
7.05969
7.10325
7.14681
7.19039
7.234
7.27765
7.32134
7.36508
7.40889
7.45275
7.49668
7.54068
7.58474
7.62887
7.67307
7.71733
7.76166
7.80605
7.85051
7.89503
7.9396
7.98423
8.02892
8.07366
8.11844
8.16328
8.20816
8.25308
8.29804
8.34304
8.38807
8.43313
8.47822
8.52334
8.56849
8.61365
8.65884
8.70405
8.74928
8.79452
8.83977
8.88504
8.93032
8.9756
9.0209
9.0662
9.1115
9.15681
9.20212
9.24743
9.29274
9.33805
9.38336
9.42866
9.47396
9.51926
9.56455
9.60983
9.6551
9.70037
9.74563
9.79088
9.83611
9.88134
9.92656
9.97176
10.017
10.0621
10.1073
10.1524
10.1976
10.2427
10.2878
10.3329
10.378
10.423
10.4681
10.5131
10.5581
10.6031
10.6481
10.693
10.738
10.7829
10.8278
10.8727
10.9176
10.9624
11.0073
11.0521
11.0969
11.1417
11.1864
11.2312
11.2759
11.3206
11.3654
11.4101
11.4547
11.4994
11.5441
11.5887
11.6333
11.678
11.7226
11.7672
11.8118
11.8564
11.901
11.9456
11.9901
12.0347
12.0793
12.1239
12.1685
12.213
12.2576
12.3022
12.3468
12.3914
12.436
12.4807
12.5253
12.5699
12.6146
12.6592
12.7038
12.7485
12.7931
12.8378
12.8824
12.927
12.9716
13.0161
13.0606
13.105
13.1494
13.1937
13.2379
13.2819
13.3258
13.3696
13.4132
13.4566
13.4998
13.5428
6.10842
6.15588
6.2033
6.25067
6.29796
6.34518
6.39231
6.43932
6.48623
6.53303
6.57969
6.62622
6.6726
6.71884
6.76492
6.81086
6.85665
6.90229
6.9478
6.99319
7.03848
7.08367
7.1288
7.17388
7.21894
7.264
7.30908
7.35419
7.39933
7.44452
7.48977
7.53508
7.58045
7.62589
7.67139
7.71697
7.76261
7.80833
7.85411
7.89996
7.94588
7.99186
8.03791
8.08402
8.13018
8.1764
8.22267
8.269
8.31537
8.3618
8.40826
8.45477
8.50131
8.54789
8.5945
8.64114
8.68781
8.73451
8.78123
8.82797
8.87473
8.92151
8.9683
9.01512
9.06194
9.10877
9.15561
9.20246
9.24932
9.29618
9.34304
9.38991
9.43678
9.48364
9.53051
9.57737
9.62423
9.67109
9.71794
9.76479
9.81162
9.85845
9.90528
9.95209
9.99889
10.0457
10.0925
10.1392
10.186
10.2327
10.2795
10.3262
10.3729
10.4196
10.4662
10.5129
10.5595
10.6061
10.6527
10.6993
10.7459
10.7924
10.839
10.8855
10.932
10.9785
11.0249
11.0714
11.1178
11.1642
11.2106
11.257
11.3033
11.3497
11.396
11.4423
11.4886
11.5348
11.5811
11.6273
11.6736
11.7198
11.766
11.8121
11.8583
11.9045
11.9506
11.9968
12.0429
12.089
12.1351
12.1812
12.2274
12.2735
12.3196
12.3657
12.4118
12.4579
12.504
12.5501
12.5962
12.6423
12.6885
12.7346
12.7807
12.8269
12.873
12.9192
12.9654
13.0116
13.0577
13.1039
13.1501
13.1962
13.2423
13.2884
13.3345
13.3805
13.4265
13.4724
13.5182
13.5639
13.6094
13.6549
13.7001
13.7452
13.7901
13.8348
13.8793
6.23506
6.28398
6.33283
6.38163
6.43036
6.47899
6.5275
6.57591
6.6242
6.67235
6.72036
6.76822
6.81594
6.8635
6.91091
6.95816
7.00528
7.05225
7.09911
7.14585
7.19251
7.23911
7.28565
7.33218
7.37871
7.42525
7.47182
7.51843
7.56509
7.61181
7.65859
7.70543
7.75235
7.79933
7.84639
7.89351
7.94071
7.98799
8.03533
8.08274
8.13022
8.17776
8.22537
8.27303
8.32075
8.36853
8.41636
8.46425
8.51218
8.56015
8.60817
8.65623
8.70432
8.75245
8.8006
8.84879
8.89701
8.94525
8.99351
9.04179
9.09009
9.13841
9.18674
9.23509
9.28344
9.33181
9.38018
9.42856
9.47695
9.52534
9.57373
9.62212
9.67051
9.7189
9.76729
9.81567
9.86405
9.91242
9.96079
10.0092
10.0575
10.1058
10.1542
10.2025
10.2508
10.2991
10.3474
10.3957
10.4439
10.4922
10.5404
10.5886
10.6368
10.685
10.7332
10.7813
10.8295
10.8776
10.9257
10.9738
11.0218
11.0699
11.1179
11.1659
11.2139
11.2619
11.3098
11.3577
11.4056
11.4535
11.5014
11.5493
11.5971
11.6449
11.6927
11.7405
11.7883
11.836
11.8838
11.9315
11.9792
12.0269
12.0746
12.1222
12.1699
12.2175
12.2651
12.3128
12.3604
12.408
12.4556
12.5032
12.5508
12.5984
12.646
12.6936
12.7412
12.7888
12.8364
12.884
12.9316
12.9792
13.0268
13.0745
13.1221
13.1698
13.2174
13.2651
13.3127
13.3604
13.4081
13.4557
13.5034
13.551
13.5986
13.6462
13.6937
13.7412
13.7885
13.8358
13.883
13.9301
13.977
14.0237
14.0703
14.1166
14.1628
14.2086
6.36287
6.41317
6.46344
6.51364
6.56373
6.61371
6.66358
6.71332
6.76293
6.81239
6.8617
6.91085
6.95986
7.0087
7.05739
7.10594
7.15434
7.20263
7.2508
7.29889
7.34691
7.39489
7.44285
7.49081
7.53878
7.58679
7.63483
7.68293
7.73108
7.7793
7.82758
7.87594
7.92437
7.97287
8.02145
8.0701
8.11883
8.16763
8.2165
8.26544
8.31444
8.36351
8.41265
8.46184
8.51109
8.56039
8.60975
8.65916
8.70861
8.75811
8.80764
8.85721
8.90682
8.95646
9.00614
9.05584
9.10556
9.15531
9.20508
9.25487
9.30467
9.35449
9.40433
9.45417
9.50403
9.55389
9.60376
9.65363
9.70351
9.75339
9.80327
9.85315
9.90303
9.95291
10.0028
10.0526
10.1025
10.1524
10.2022
10.2521
10.3019
10.3517
10.4015
10.4513
10.5011
10.5509
10.6006
10.6504
10.7001
10.7498
10.7995
10.8492
10.8989
10.9485
10.9981
11.0478
11.0974
11.1469
11.1965
11.246
11.2955
11.345
11.3945
11.444
11.4934
11.5428
11.5922
11.6416
11.691
11.7403
11.7897
11.839
11.8883
11.9375
11.9868
12.036
12.0852
12.1344
12.1836
12.2328
12.2819
12.331
12.3802
12.4293
12.4784
12.5275
12.5766
12.6256
12.6747
12.7238
12.7728
12.8219
12.8709
12.92
12.969
13.0181
13.0671
13.1162
13.1653
13.2143
13.2634
13.3125
13.3616
13.4107
13.4598
13.5089
13.558
13.6072
13.6563
13.7054
13.7545
13.8036
13.8527
13.9018
13.9508
13.9998
14.0487
14.0976
14.1463
14.195
14.2435
14.2918
14.34
14.388
14.4358
14.4833
14.5306
6.43988
6.49163
6.54331
6.59494
6.64645
6.69786
6.74916
6.80032
6.85134
6.90221
6.95293
7.00349
7.0539
7.10415
7.15423
7.20417
7.25397
7.30365
7.35322
7.4027
7.45211
7.50149
7.55084
7.60019
7.64957
7.69897
7.74841
7.79791
7.84747
7.89709
7.94678
7.99654
8.04638
8.0963
8.14629
8.19636
8.24651
8.29673
8.34702
8.39739
8.44782
8.49833
8.54889
8.59952
8.6502
8.70095
8.75174
8.80259
8.85348
8.90442
8.9554
9.00642
9.05747
9.10856
9.15968
9.21083
9.26201
9.3132
9.36442
9.41566
9.46692
9.5182
9.56948
9.62078
9.67209
9.7234
9.77473
9.82606
9.87739
9.92872
9.98006
10.0314
10.0827
10.1341
10.1854
10.2367
10.288
10.3393
10.3906
10.4419
10.4932
10.5445
10.5957
10.647
10.6982
10.7494
10.8006
10.8518
10.903
10.9542
11.0053
11.0565
11.1076
11.1587
11.2097
11.2608
11.3118
11.3628
11.4138
11.4648
11.5158
11.5667
11.6176
11.6685
11.7194
11.7703
11.8211
11.8719
11.9227
11.9735
12.0243
12.075
12.1257
12.1764
12.2271
12.2778
12.3284
12.379
12.4296
12.4802
12.5308
12.5814
12.6319
12.6825
12.733
12.7835
12.834
12.8845
12.935
12.9855
13.0359
13.0864
13.1369
13.1874
13.2378
13.2883
13.3388
13.3893
13.4398
13.4902
13.5407
13.5913
13.6418
13.6923
13.7428
13.7934
13.8439
13.8945
13.945
13.9956
14.0461
14.0967
14.1472
14.1977
14.2481
14.2985
14.3489
14.3992
14.4493
14.4994
14.5493
14.5991
14.6487
14.6981
14.7472
14.7961
14.8447
6.56812
6.62118
6.67417
6.72708
6.77988
6.83256
6.88509
6.93749
6.98974
7.04183
7.09376
7.14553
7.19714
7.24859
7.29989
7.35104
7.40207
7.45299
7.50383
7.5546
7.60533
7.65605
7.70676
7.75749
7.80825
7.85906
7.90992
7.96084
8.01183
8.06289
8.11403
8.16525
8.21654
8.26791
8.31936
8.37089
8.4225
8.47418
8.52594
8.57777
8.62966
8.68162
8.73365
8.78573
8.83787
8.89007
8.94232
8.99462
9.04696
9.09935
9.15178
9.20424
9.25674
9.30927
9.36183
9.41442
9.46703
9.51967
9.57232
9.62499
9.67768
9.73039
9.7831
9.83582
9.88856
9.9413
9.99404
10.0468
10.0995
10.1523
10.205
10.2578
10.3105
10.3633
10.416
10.4687
10.5215
10.5742
10.6269
10.6796
10.7323
10.785
10.8376
10.8903
10.9429
10.9955
11.0481
11.1007
11.1533
11.2058
11.2584
11.3109
11.3634
11.4159
11.4683
11.5208
11.5732
11.6256
11.678
11.7304
11.7827
11.835
11.8873
11.9396
11.9919
12.0441
12.0963
12.1485
12.2007
12.2528
12.305
12.3571
12.4092
12.4612
12.5133
12.5653
12.6173
12.6693
12.7213
12.7733
12.8253
12.8772
12.9291
12.981
13.0329
13.0848
13.1367
13.1886
13.2404
13.2923
13.3442
13.396
13.4479
13.4997
13.5516
13.6035
13.6553
13.7072
13.7591
13.811
13.8629
13.9148
13.9667
14.0186
14.0705
14.1225
14.1744
14.2263
14.2783
14.3302
14.3822
14.4341
14.4859
14.5378
14.5896
14.6413
14.693
14.7446
14.796
14.8473
14.8985
14.9495
15.0002
15.0507
15.1009
15.1509
6.69695
6.75126
6.80552
6.85967
6.91369
6.96757
7.02131
7.07489
7.12831
7.18157
7.23467
7.2876
7.34036
7.39298
7.44545
7.49779
7.55003
7.60218
7.65427
7.70632
7.75835
7.81039
7.86244
7.91452
7.96666
8.01884
8.0711
8.12342
8.17581
8.22828
8.28084
8.33347
8.38618
8.43898
8.49186
8.54481
8.59784
8.65095
8.70413
8.75738
8.8107
8.86408
8.91753
8.97104
9.0246
9.07821
9.13188
9.18559
9.23935
9.29314
9.34698
9.40085
9.45475
9.50869
9.56265
9.61664
9.67065
9.72468
9.77872
9.83279
9.88687
9.94096
9.99506
10.0492
10.1033
10.1574
10.2115
10.2657
10.3198
10.3739
10.4281
10.4822
10.5363
10.5904
10.6445
10.6986
10.7527
10.8068
10.8609
10.9149
10.969
11.023
11.077
11.131
11.185
11.239
11.293
11.3469
11.4008
11.4548
11.5086
11.5625
11.6164
11.6702
11.724
11.7778
11.8316
11.8853
11.939
11.9928
12.0464
12.1001
12.1537
12.2074
12.261
12.3145
12.3681
12.4216
12.4751
12.5286
12.5821
12.6355
12.689
12.7424
12.7958
12.8491
12.9025
12.9558
13.0091
13.0624
13.1157
13.169
13.2223
13.2755
13.3288
13.382
13.4352
13.4884
13.5416
13.5949
13.6481
13.7013
13.7545
13.8077
13.8609
13.9141
13.9673
14.0205
14.0738
14.127
14.1803
14.2335
14.2868
14.3401
14.3934
14.4467
14.4999
14.5532
14.6065
14.6598
14.7131
14.7663
14.8195
14.8727
14.9258
14.9788
15.0317
15.0845
15.1372
15.1897
15.242
15.2941
15.3459
15.3974
15.4486
6.77052
6.82616
6.8817
6.93716
6.99248
7.04765
7.10269
7.15756
7.21227
7.26682
7.3212
7.37541
7.42946
7.48335
7.53709
7.59071
7.64422
7.69765
7.75101
7.80434
7.85765
7.91097
7.9643
8.01767
8.07109
8.12456
8.17811
8.23172
8.28541
8.33918
8.39303
8.44696
8.50098
8.55508
8.60926
8.66353
8.71787
8.77229
8.82678
8.88135
8.93599
8.99069
9.04546
9.10029
9.15517
9.21012
9.26511
9.32015
9.37523
9.43036
9.48553
9.54073
9.59597
9.65123
9.70653
9.76185
9.8172
9.87256
9.92795
9.98335
10.0388
10.0942
10.1496
10.2051
10.2605
10.316
10.3715
10.4269
10.4824
10.5379
10.5933
10.6488
10.7042
10.7597
10.8151
10.8706
10.926
10.9814
11.0368
11.0922
11.1476
11.203
11.2583
11.3137
11.369
11.4243
11.4796
11.5349
11.5901
11.6454
11.7006
11.7558
11.811
11.8661
11.9213
11.9764
12.0315
12.0866
12.1416
12.1967
12.2517
12.3066
12.3616
12.4166
12.4715
12.5264
12.5812
12.6361
12.6909
12.7457
12.8005
12.8553
12.91
12.9647
13.0194
13.0741
13.1288
13.1834
13.2381
13.2927
13.3473
13.4019
13.4565
13.511
13.5656
13.6201
13.6746
13.7292
13.7837
13.8382
13.8927
13.9472
14.0017
14.0562
14.1108
14.1653
14.2198
14.2743
14.3289
14.3834
14.438
14.4926
14.5471
14.6017
14.6563
14.7109
14.7655
14.8202
14.8748
14.9294
14.9839
15.0385
15.093
15.1475
15.2019
15.2562
15.3105
15.3646
15.4186
15.4724
15.526
15.5793
15.6324
15.6852
15.7376
6.89875
6.95555
7.01225
7.06882
7.12525
7.18154
7.23767
7.29363
7.34942
7.40504
7.46049
7.51577
7.5709
7.62587
7.68072
7.73546
7.79012
7.84472
7.89928
7.95383
8.00839
8.06296
8.11758
8.17224
8.22696
8.28176
8.33662
8.39156
8.44659
8.5017
8.55689
8.61217
8.66753
8.72298
8.77852
8.83413
8.88982
8.94559
9.00144
9.05735
9.11333
9.16938
9.22549
9.28166
9.33788
9.39416
9.45049
9.50686
9.56328
9.61973
9.67623
9.73275
9.78931
9.8459
9.90252
9.95915
10.0158
10.0725
10.1292
10.1859
10.2426
10.2994
10.3561
10.4129
10.4696
10.5264
10.5831
10.6399
10.6967
10.7534
10.8102
10.8669
10.9237
10.9804
11.0372
11.0939
11.1506
11.2073
11.264
11.3207
11.3773
11.434
11.4906
11.5472
11.6038
11.6604
11.717
11.7735
11.83
11.8866
11.943
11.9995
12.056
12.1124
12.1688
12.2252
12.2815
12.3379
12.3942
12.4505
12.5067
12.563
12.6192
12.6754
12.7316
12.7877
12.8439
12.9
12.956
13.0121
13.0681
13.1242
13.1802
13.2361
13.2921
13.348
13.404
13.4599
13.5157
13.5716
13.6275
13.6833
13.7391
13.795
13.8508
13.9066
13.9624
14.0181
14.0739
14.1297
14.1855
14.2413
14.297
14.3528
14.4086
14.4644
14.5202
14.576
14.6318
14.6877
14.7435
14.7994
14.8552
14.9111
14.967
15.0228
15.0787
15.1346
15.1905
15.2463
15.3021
15.3579
15.4137
15.4694
15.525
15.5805
15.6359
15.6911
15.7462
15.8011
15.8557
15.91
15.964
16.0176
7.02699
7.08489
7.14264
7.20029
7.25779
7.31512
7.37228
7.42927
7.48609
7.54273
7.59921
7.65552
7.71169
7.76772
7.82365
7.8795
7.93529
7.99104
8.04679
8.10254
8.15831
8.21413
8.27
8.32593
8.38193
8.438
8.49416
8.55039
8.60672
8.66313
8.71963
8.77622
8.83289
8.88965
8.94649
9.00341
9.06041
9.11749
9.17464
9.23186
9.28914
9.34649
9.4039
9.46137
9.51889
9.57646
9.63408
9.69174
9.74944
9.80718
9.86496
9.92277
9.98061
10.0385
10.0964
10.1543
10.2122
10.2701
10.3281
10.3861
10.4441
10.5021
10.5601
10.6181
10.6761
10.7341
10.7921
10.8501
10.9082
10.9662
11.0242
11.0822
11.1402
11.1982
11.2561
11.3141
11.372
11.43
11.4879
11.5458
11.6037
11.6616
11.7195
11.7773
11.8352
11.893
11.9508
12.0085
12.0663
12.124
12.1817
12.2394
12.2971
12.3547
12.4124
12.47
12.5275
12.5851
12.6426
12.7001
12.7576
12.8151
12.8725
12.9299
12.9873
13.0447
13.102
13.1593
13.2166
13.2739
13.3311
13.3884
13.4456
13.5028
13.5599
13.6171
13.6742
13.7313
13.7884
13.8455
13.9026
13.9596
14.0167
14.0737
14.1307
14.1878
14.2448
14.3018
14.3588
14.4158
14.4728
14.5298
14.5868
14.6438
14.7008
14.7579
14.8149
14.8719
14.929
14.9861
15.0431
15.1002
15.1573
15.2144
15.2715
15.3286
15.3857
15.4428
15.4999
15.557
15.614
15.671
15.7279
15.7848
15.8415
15.8981
15.9546
16.0109
16.067
16.1228
16.1783
16.2335
16.2883
7.15497
7.21387
7.27267
7.33134
7.38983
7.44814
7.50629
7.56426
7.62205
7.67967
7.73713
7.79444
7.85161
7.90868
7.96567
8.0226
8.07951
8.1364
8.19331
8.25024
8.30721
8.36424
8.42133
8.4785
8.53574
8.59306
8.65047
8.70797
8.76556
8.82323
8.881
8.93885
8.99679
9.05482
9.11293
9.17112
9.22938
9.28773
9.34614
9.40461
9.46316
9.52176
9.58043
9.63915
9.69792
9.75674
9.8156
9.8745
9.93345
9.99243
10.0514
10.1105
10.1696
10.2286
10.2878
10.3469
10.4061
10.4652
10.5244
10.5836
10.6428
10.702
10.7612
10.8205
10.8797
10.9389
10.9981
11.0574
11.1166
11.1758
11.235
11.2942
11.3534
11.4126
11.4717
11.5309
11.59
11.6492
11.7083
11.7674
11.8265
11.8856
11.9446
12.0036
12.0627
12.1217
12.1806
12.2396
12.2985
12.3574
12.4163
12.4752
12.534
12.5929
12.6517
12.7104
12.7692
12.8279
12.8866
12.9453
13.0039
13.0626
13.1212
13.1797
13.2383
13.2968
13.3553
13.4138
13.4723
13.5307
13.5891
13.6475
13.7059
13.7643
13.8226
13.8809
13.9392
13.9975
14.0558
14.114
14.1723
14.2305
14.2887
14.3469
14.4051
14.4633
14.5215
14.5797
14.6379
14.696
14.7542
14.8124
14.8706
14.9288
14.987
15.0452
15.1034
15.1617
15.2199
15.2782
15.3365
15.3947
15.453
15.5113
15.5696
15.6279
15.6862
15.7445
15.8027
15.861
15.9191
15.9772
16.0353
16.0932
16.151
16.2087
16.2661
16.3234
16.3804
16.4371
16.4934
16.5493
7.22239
7.28242
7.34232
7.40209
7.4617
7.52113
7.58038
7.63946
7.69834
7.75706
7.81562
7.87402
7.93229
7.99045
8.04853
8.10657
8.16457
8.22257
8.28058
8.33863
8.39671
8.45486
8.51307
8.57135
8.62972
8.68816
8.7467
8.80533
8.86404
8.92285
8.98175
9.04074
9.09982
9.15899
9.21824
9.27757
9.33698
9.39646
9.45602
9.51565
9.57534
9.6351
9.69491
9.75479
9.81471
9.87468
9.9347
9.99476
10.0549
10.115
10.1752
10.2354
10.2956
10.3559
10.4161
10.4764
10.5368
10.5971
10.6574
10.7178
10.7782
10.8385
10.8989
10.9593
11.0197
11.0801
11.1404
11.2008
11.2612
11.3216
11.382
11.4423
11.5027
11.563
11.6233
11.6837
11.744
11.8043
11.8645
11.9248
11.985
12.0453
12.1055
12.1657
12.2258
12.286
12.3461
12.4062
12.4663
12.5264
12.5864
12.6465
12.7065
12.7664
12.8264
12.8863
12.9462
13.0061
13.0659
13.1258
13.1856
13.2453
13.3051
13.3648
13.4245
13.4842
13.5438
13.6035
13.6631
13.7227
13.7822
13.8418
13.9013
13.9608
14.0202
14.0797
14.1391
14.1985
14.258
14.3173
14.3767
14.4361
14.4954
14.5548
14.6141
14.6734
14.7328
14.7921
14.8514
14.9107
14.97
15.0294
15.0887
15.148
15.2074
15.2667
15.3261
15.3855
15.4448
15.5042
15.5636
15.6231
15.6825
15.7419
15.8014
15.8608
15.9202
15.9797
16.039
16.0984
16.1577
16.217
16.2762
16.3353
16.3942
16.453
16.5116
16.57
16.6281
16.6859
16.7433
16.8003
7.34821
7.40916
7.46997
7.53064
7.59114
7.65145
7.71158
7.77152
7.83129
7.89089
7.95034
8.00965
8.06886
8.12798
8.18707
8.24613
8.30518
8.36426
8.42336
8.48252
8.54173
8.60102
8.66038
8.71981
8.77934
8.83896
8.89866
8.95846
9.01836
9.07834
9.13842
9.19859
9.25885
9.3192
9.37962
9.44013
9.50072
9.56138
9.6221
9.6829
9.74376
9.80468
9.86566
9.92669
9.98777
10.0489
10.1101
10.1713
10.2325
10.2938
10.3551
10.4165
10.4778
10.5392
10.6006
10.6621
10.7235
10.785
10.8464
10.9079
10.9694
11.0309
11.0924
11.1539
11.2154
11.2769
11.3384
11.3999
11.4614
11.5229
11.5843
11.6458
11.7073
11.7687
11.8301
11.8916
11.953
12.0143
12.0757
12.1371
12.1984
12.2597
12.321
12.3823
12.4436
12.5048
12.566
12.6272
12.6884
12.7496
12.8107
12.8718
12.9329
12.9939
13.0549
13.116
13.1769
13.2379
13.2988
13.3597
13.4206
13.4814
13.5423
13.6031
13.6638
13.7246
13.7853
13.846
13.9067
13.9673
14.028
14.0886
14.1492
14.2097
14.2703
14.3308
14.3913
14.4518
14.5123
14.5728
14.6332
14.6937
14.7541
14.8145
14.8749
14.9354
14.9958
15.0562
15.1166
15.177
15.2374
15.2978
15.3582
15.4187
15.4791
15.5396
15.6
15.6605
15.721
15.7815
15.842
15.9025
15.963
16.0236
16.0841
16.1446
16.2052
16.2656
16.3261
16.3865
16.4469
16.5072
16.5673
16.6274
16.6873
16.747
16.8065
16.8657
16.9245
16.983
17.041
7.4731
7.53489
7.59657
7.65808
7.7194
7.78053
7.84147
7.90225
7.96285
8.02329
8.08359
8.14379
8.20392
8.264
8.32407
8.38413
8.44422
8.50434
8.56452
8.62475
8.68506
8.74544
8.80591
8.86647
8.92712
8.98786
9.04869
9.10963
9.17065
9.23177
9.29299
9.35429
9.41568
9.47716
9.53871
9.60035
9.66206
9.72384
9.78569
9.84761
9.90958
9.97162
10.0337
10.0958
10.158
10.2203
10.2825
10.3448
10.4072
10.4696
10.532
10.5944
10.6569
10.7193
10.7818
10.8443
10.9069
10.9694
11.0319
11.0945
11.1571
11.2196
11.2822
11.3447
11.4073
11.4699
11.5324
11.595
11.6575
11.7201
11.7826
11.8451
11.9076
11.9701
12.0326
12.0951
12.1575
12.22
12.2824
12.3448
12.4072
12.4695
12.5319
12.5942
12.6565
12.7188
12.781
12.8433
12.9055
12.9676
13.0298
13.0919
13.154
13.2161
13.2782
13.3402
13.4022
13.4642
13.5262
13.5881
13.65
13.7119
13.7737
13.8355
13.8973
13.9591
14.0209
14.0826
14.1443
14.206
14.2676
14.3292
14.3909
14.4525
14.514
14.5756
14.6371
14.6986
14.7602
14.8217
14.8831
14.9446
15.0061
15.0675
15.129
15.1904
15.2519
15.3133
15.3748
15.4362
15.4977
15.5592
15.6206
15.6821
15.7436
15.8051
15.8666
15.9282
15.9897
16.0512
16.1128
16.1744
16.236
16.2975
16.3591
16.4207
16.4822
16.5437
16.6052
16.6666
16.7279
16.7892
16.8503
16.9112
16.972
17.0325
17.0927
17.1526
17.2121
17.2711
7.53401
7.59678
7.6594
7.72186
7.78414
7.84622
7.90812
7.96984
8.03138
8.09277
8.15402
8.21516
8.27622
8.33726
8.39828
8.4593
8.52035
8.58144
8.64259
8.7038
8.76508
8.82644
8.88789
8.94943
9.01106
9.07279
9.13461
9.19653
9.25855
9.32066
9.38287
9.44517
9.50755
9.57003
9.63258
9.69522
9.75793
9.82072
9.88357
9.94649
10.0095
10.0725
10.1356
10.1988
10.262
10.3252
10.3885
10.4518
10.5152
10.5785
10.642
10.7054
10.7689
10.8324
10.8959
10.9594
11.0229
11.0865
11.15
11.2136
11.2772
11.3408
11.4043
11.4679
11.5315
11.5951
11.6586
11.7222
11.7858
11.8493
11.9129
11.9764
12.0399
12.1034
12.1669
12.2304
12.2939
12.3573
12.4208
12.4842
12.5476
12.6109
12.6743
12.7376
12.8009
12.8642
12.9275
12.9907
13.0539
13.1171
13.1803
13.2434
13.3065
13.3696
13.4327
13.4957
13.5587
13.6217
13.6847
13.7476
13.8105
13.8734
13.9362
13.999
14.0618
14.1246
14.1874
14.2501
14.3128
14.3755
14.4381
14.5007
14.5633
14.6259
14.6885
14.7511
14.8136
14.8761
14.9386
15.0011
15.0636
15.126
15.1885
15.2509
15.3134
15.3758
15.4383
15.5007
15.5631
15.6256
15.688
15.7505
15.813
15.8754
15.9379
16.0004
16.0629
16.1254
16.188
16.2505
16.3131
16.3757
16.4382
16.5008
16.5634
16.6259
16.6885
16.751
16.8135
16.8759
16.9382
17.0004
17.0625
17.1245
17.1862
17.2477
17.309
17.3698
17.4303
17.4903
7.65554
7.71906
7.78241
7.84558
7.90856
7.97136
8.03397
8.09641
8.15868
8.22081
8.28284
8.3448
8.40673
8.46866
8.53059
8.59255
8.65456
8.71663
8.77876
8.84097
8.90326
8.96563
9.0281
9.09066
9.15333
9.21609
9.27894
9.3419
9.40496
9.46811
9.53135
9.59468
9.6581
9.72161
9.78519
9.84885
9.91259
9.9764
10.0403
10.1042
10.1682
10.2323
10.2964
10.3605
10.4247
10.489
10.5532
10.6175
10.6819
10.7463
10.8107
10.8751
10.9396
11.004
11.0685
11.133
11.1975
11.262
11.3266
11.3911
11.4557
11.5202
11.5847
11.6493
11.7138
11.7784
11.8429
11.9074
11.9719
12.0364
12.1009
12.1654
12.2299
12.2943
12.3588
12.4232
12.4876
12.552
12.6164
12.6807
12.745
12.8094
12.8736
12.9379
13.0022
13.0664
13.1306
13.1947
13.2589
13.323
13.3871
13.4512
13.5152
13.5792
13.6432
13.7072
13.7711
13.835
13.8989
13.9627
14.0266
14.0904
14.1541
14.2179
14.2816
14.3453
14.409
14.4726
14.5362
14.5998
14.6634
14.7269
14.7905
14.854
14.9175
14.981
15.0444
15.1079
15.1713
15.2347
15.2981
15.3615
15.4249
15.4883
15.5517
15.615
15.6784
15.7418
15.8052
15.8686
15.932
15.9954
16.0588
16.1222
16.1857
16.2491
16.3126
16.376
16.4395
16.503
16.5665
16.6301
16.6936
16.7571
16.8206
16.8841
16.9476
17.011
17.0743
17.1376
17.2008
17.2639
17.3268
17.3895
17.4519
17.5141
17.5759
17.6373
17.6982
7.77545
7.83962
7.90362
7.96745
8.03109
8.09454
8.15781
8.22092
8.28389
8.34675
8.40954
8.47232
8.5351
8.59788
8.6607
8.72358
8.78651
8.84952
8.9126
8.97576
9.03902
9.10236
9.16581
9.22935
9.293
9.35674
9.42059
9.48453
9.54857
9.6127
9.67693
9.74124
9.80564
9.87013
9.93469
9.99932
10.064
10.1288
10.1936
10.2585
10.3235
10.3885
10.4536
10.5187
10.5838
10.649
10.7142
10.7795
10.8448
10.9101
10.9754
11.0408
11.1061
11.1715
11.2369
11.3024
11.3678
11.4332
11.4987
11.5641
11.6296
11.695
11.7605
11.8259
11.8914
11.9568
12.0222
12.0877
12.1531
12.2185
12.2839
12.3492
12.4146
12.48
12.5453
12.6106
12.6759
12.7412
12.8064
12.8717
12.9369
13.0021
13.0672
13.1324
13.1975
13.2626
13.3277
13.3927
13.4577
13.5227
13.5877
13.6526
13.7176
13.7824
13.8473
13.9121
13.9769
14.0417
14.1065
14.1712
14.2359
14.3006
14.3652
14.4298
14.4944
14.559
14.6235
14.688
14.7525
14.817
14.8814
14.9458
15.0102
15.0746
15.139
15.2033
15.2677
15.332
15.3963
15.4606
15.5249
15.5891
15.6534
15.7177
15.7819
15.8462
15.9105
15.9748
16.039
16.1033
16.1676
16.2319
16.2962
16.3605
16.4249
16.4892
16.5536
16.618
16.6824
16.7468
16.8112
16.8756
16.94
17.0044
17.0688
17.1332
17.1975
17.2617
17.3259
17.39
17.454
17.5178
17.5814
17.6447
17.7078
17.7704
17.8327
17.8944
7.89342
7.95818
8.02279
8.08722
8.15146
8.2155
8.27939
8.34314
8.40677
8.47035
8.53391
8.59748
8.66107
8.7247
8.78839
8.85214
8.91596
8.97986
9.04385
9.10792
9.1721
9.23637
9.30074
9.36522
9.4298
9.49447
9.55925
9.62413
9.6891
9.75416
9.81932
9.88456
9.94989
10.0153
10.0808
10.1463
10.2119
10.2776
10.3434
10.4092
10.475
10.5409
10.6069
10.6729
10.7389
10.805
10.8711
10.9372
11.0034
11.0696
11.1358
11.202
11.2683
11.3345
11.4008
11.4671
11.5334
11.5997
11.666
11.7323
11.7986
11.8649
11.9312
11.9975
12.0638
12.1301
12.1964
12.2626
12.3289
12.3951
12.4614
12.5276
12.5938
12.66
12.7261
12.7923
12.8584
12.9245
12.9906
13.0566
13.1227
13.1887
13.2547
13.3207
13.3866
13.4525
13.5184
13.5843
13.6501
13.7159
13.7817
13.8475
13.9132
13.9789
14.0446
14.1102
14.1759
14.2415
14.307
14.3726
14.4381
14.5035
14.569
14.6344
14.6998
14.7652
14.8306
14.8959
14.9612
15.0265
15.0917
15.157
15.2222
15.2874
15.3526
15.4177
15.4829
15.548
15.6132
15.6783
15.7434
15.8085
15.8736
15.9387
16.0038
16.0689
16.134
16.1991
16.2642
16.3294
16.3945
16.4596
16.5248
16.59
16.6552
16.7204
16.7856
16.8508
16.916
16.9813
17.0465
17.1118
17.177
17.2423
17.3075
17.3726
17.4377
17.5028
17.5677
17.6325
17.6971
17.7616
17.8258
17.8897
17.9532
18.0162
18.0788
7.94367
8.00918
8.0745
8.13966
8.20461
8.26938
8.33399
8.39845
8.4628
8.5271
8.5914
8.65571
8.72005
8.78443
8.84887
8.91339
8.97797
9.04264
9.10739
9.17224
9.23718
9.30223
9.36738
9.43263
9.49798
9.56344
9.629
9.69465
9.76041
9.82625
9.89219
9.95822
10.0243
10.0905
10.1568
10.2231
10.2895
10.356
10.4226
10.4891
10.5558
10.6225
10.6892
10.756
10.8229
10.8897
10.9566
11.0236
11.0905
11.1575
11.2245
11.2915
11.3586
11.4256
11.4927
11.5598
11.6269
11.694
11.7611
11.8282
11.8953
11.9624
12.0295
12.0966
12.1637
12.2308
12.2978
12.3649
12.4319
12.499
12.566
12.633
12.7
12.767
12.8339
12.9009
12.9678
13.0347
13.1016
13.1684
13.2353
13.3021
13.3689
13.4356
13.5024
13.5691
13.6358
13.7024
13.7691
13.8357
13.9022
13.9688
14.0353
14.1018
14.1683
14.2347
14.3011
14.3675
14.4338
14.5001
14.5664
14.6327
14.6989
14.7652
14.8313
14.8975
14.9636
15.0297
15.0958
15.1619
15.2279
15.2939
15.3599
15.4259
15.4919
15.5578
15.6238
15.6897
15.7556
15.8215
15.8874
15.9533
16.0192
16.085
16.1509
16.2168
16.2827
16.3486
16.4145
16.4804
16.5463
16.6122
16.6781
16.7441
16.8101
16.876
16.942
17.008
17.0741
17.1401
17.2061
17.2722
17.3382
17.4042
17.4702
17.5361
17.602
17.6678
17.7336
17.7992
17.8646
17.9298
17.9948
18.0595
18.1238
18.1876
18.251
8.05652
8.1225
8.1883
8.25392
8.31935
8.38462
8.44974
8.51475
8.57971
8.64468
8.70967
8.7747
8.83978
8.90493
8.97015
9.03544
9.10082
9.16628
9.23184
9.2975
9.36326
9.42913
9.4951
9.56117
9.62735
9.69363
9.76001
9.82649
9.89307
9.95973
10.0265
10.0933
10.1602
10.2272
10.2943
10.3615
10.4287
10.4959
10.5633
10.6307
10.6981
10.7656
10.8331
10.9007
10.9683
11.0359
11.1036
11.1713
11.239
11.3067
11.3745
11.4423
11.5101
11.5779
11.6457
11.7135
11.7814
11.8492
11.9171
11.9849
12.0527
12.1206
12.1884
12.2562
12.3241
12.3919
12.4597
12.5275
12.5952
12.663
12.7307
12.7985
12.8662
12.9339
13.0016
13.0692
13.1369
13.2045
13.2721
13.3396
13.4072
13.4747
13.5422
13.6097
13.6771
13.7445
13.8119
13.8793
13.9466
14.0139
14.0812
14.1485
14.2157
14.2829
14.35
14.4172
14.4843
14.5514
14.6184
14.6854
14.7524
14.8194
14.8863
14.9532
15.0201
15.087
15.1538
15.2206
15.2874
15.3542
15.4209
15.4876
15.5543
15.621
15.6877
15.7544
15.821
15.8876
15.9542
16.0209
16.0875
16.1541
16.2207
16.2873
16.3539
16.4205
16.4871
16.5537
16.6203
16.687
16.7536
16.8203
16.8869
16.9536
17.0203
17.0871
17.1538
17.2205
17.2873
17.354
17.4208
17.4876
17.5543
17.621
17.6877
17.7543
17.8209
17.8873
17.9537
18.0198
18.0858
18.1515
18.2169
18.282
18.3465
18.4105
8.16669
8.23308
8.29927
8.3653
8.43118
8.49689
8.56249
8.62806
8.69365
8.75926
8.82492
8.89065
8.95644
9.02231
9.08825
9.15428
9.2204
9.28661
9.35293
9.41935
9.48587
9.5525
9.61924
9.68608
9.75303
9.82007
9.88722
9.95446
10.0218
10.0892
10.1567
10.2243
10.292
10.3597
10.4276
10.4954
10.5634
10.6314
10.6994
10.7676
10.8357
10.9039
10.9722
11.0404
11.1088
11.1771
11.2455
11.3139
11.3823
11.4508
11.5192
11.5877
11.6562
11.7247
11.7932
11.8617
11.9302
11.9987
12.0673
12.1358
12.2043
12.2728
12.3413
12.4098
12.4783
12.5468
12.6153
12.6837
12.7521
12.8206
12.889
12.9574
13.0257
13.0941
13.1624
13.2307
13.299
13.3673
13.4356
13.5038
13.572
13.6401
13.7083
13.7764
13.8445
13.9126
13.9806
14.0486
14.1166
14.1845
14.2525
14.3204
14.3882
14.4561
14.5239
14.5916
14.6594
14.7271
14.7948
14.8625
14.9301
14.9977
15.0653
15.1328
15.2003
15.2678
15.3353
15.4028
15.4702
15.5376
15.605
15.6724
15.7397
15.8071
15.8744
15.9417
16.009
16.0763
16.1435
16.2108
16.2781
16.3453
16.4126
16.4799
16.5471
16.6144
16.6817
16.749
16.8163
16.8836
16.9509
17.0182
17.0856
17.153
17.2203
17.2877
17.3552
17.4226
17.49
17.5574
17.6248
17.6923
17.7596
17.827
17.8943
17.9615
18.0287
18.0957
18.1625
18.2292
18.2956
18.3616
18.4273
18.4926
18.5573
8.27388
8.34058
8.40715
8.47356
8.53981
8.60594
8.67205
8.73819
8.80437
8.8706
8.93691
9.0033
9.06975
9.13629
9.20291
9.26962
9.33643
9.40335
9.47037
9.53749
9.60472
9.67206
9.73951
9.80706
9.87471
9.94247
10.0103
10.0783
10.1463
10.2144
10.2826
10.3509
10.4193
10.4877
10.5562
10.6247
10.6934
10.762
10.8308
10.8995
10.9684
11.0372
11.1061
11.175
11.244
11.313
11.382
11.4511
11.5201
11.5892
11.6583
11.7274
11.7965
11.8657
11.9348
12.0039
12.0731
12.1422
12.2113
12.2805
12.3496
12.4187
12.4878
12.5569
12.626
12.6951
12.7642
12.8333
12.9023
12.9713
13.0403
13.1093
13.1783
13.2472
13.3162
13.3851
13.454
13.5228
13.5917
13.6605
13.7293
13.798
13.8667
13.9354
14.0041
14.0728
14.1414
14.21
14.2785
14.3471
14.4156
14.4841
14.5525
14.6209
14.6893
14.7577
14.826
14.8943
14.9626
15.0308
15.099
15.1672
15.2354
15.3035
15.3716
15.4397
15.5077
15.5758
15.6438
15.7118
15.7798
15.8477
15.9157
15.9836
16.0515
16.1194
16.1873
16.2552
16.323
16.3909
16.4588
16.5266
16.5945
16.6624
16.7302
16.7981
16.866
16.9339
17.0018
17.0698
17.1377
17.2057
17.2736
17.3416
17.4096
17.4776
17.5457
17.6137
17.6817
17.7498
17.8178
17.8858
17.9537
18.0216
18.0895
18.1572
18.2249
18.2923
18.3596
18.4266
18.4933
18.5596
18.6255
18.6908
8.31058
8.37777
8.44479
8.51166
8.57838
8.64499
8.71157
8.7782
8.84489
8.91164
8.97847
9.04539
9.11237
9.17944
9.24659
9.31384
9.38119
9.44864
9.5162
9.58386
9.65163
9.71951
9.7875
9.8556
9.9238
9.9921
10.0605
10.129
10.1976
10.2662
10.335
10.4038
10.4727
10.5417
10.6108
10.6799
10.749
10.8183
10.8875
10.9569
11.0262
11.0957
11.1651
11.2346
11.3041
11.3737
11.4432
11.5128
11.5825
11.6521
11.7217
11.7914
11.8611
11.9308
12.0004
12.0701
12.1398
12.2095
12.2792
12.3489
12.4186
12.4883
12.5579
12.6276
12.6973
12.7669
12.8365
12.9061
12.9757
13.0453
13.1149
13.1844
13.2539
13.3234
13.3929
13.4624
13.5318
13.6012
13.6706
13.74
13.8093
13.8786
13.9479
14.0172
14.0864
14.1556
14.2248
14.2939
14.363
14.4321
14.5012
14.5702
14.6392
14.7081
14.7771
14.846
14.9148
14.9837
15.0525
15.1213
15.1901
15.2588
15.3275
15.3962
15.4648
15.5335
15.6021
15.6706
15.7392
15.8077
15.8762
15.9447
16.0132
16.0817
16.1501
16.2186
16.287
16.3554
16.4239
16.4923
16.5607
16.6291
16.6975
16.7659
16.8343
16.9027
16.9712
17.0396
17.1081
17.1765
17.245
17.3135
17.382
17.4506
17.5191
17.5877
17.6563
17.7248
17.7934
17.862
17.9306
17.9991
18.0676
18.1361
18.2045
18.2728
18.3409
18.409
18.4768
18.5444
18.6116
18.6785
18.7449
18.8107
8.41074
8.47814
8.54539
8.61251
8.67953
8.74653
8.81358
8.8807
8.94792
9.01522
9.0826
9.15005
9.21759
9.28521
9.35293
9.42075
9.48868
9.55672
9.62486
9.69311
9.76147
9.82994
9.89852
9.9672
10.036
10.1049
10.1738
10.2429
10.3121
10.3813
10.4506
10.52
10.5895
10.659
10.7286
10.7983
10.868
10.9377
11.0076
11.0774
11.1473
11.2173
11.2873
11.3573
11.4273
11.4974
11.5675
11.6376
11.7077
11.7778
11.848
11.9181
11.9883
12.0585
12.1287
12.1989
12.269
12.3392
12.4094
12.4796
12.5498
12.6199
12.6901
12.7602
12.8304
12.9005
12.9706
13.0407
13.1107
13.1808
13.2508
13.3208
13.3908
13.4608
13.5307
13.6007
13.6706
13.7404
13.8103
13.8801
13.9499
14.0197
14.0894
14.1591
14.2288
14.2985
14.3681
14.4377
14.5073
14.5768
14.6463
14.7158
14.7853
14.8547
14.9241
14.9934
15.0628
15.1321
15.2013
15.2706
15.3398
15.409
15.4781
15.5473
15.6164
15.6855
15.7545
15.8236
15.8926
15.9616
16.0306
16.0995
16.1685
16.2374
16.3063
16.3752
16.4441
16.513
16.5819
16.6508
16.7197
16.7886
16.8575
16.9264
16.9953
17.0642
17.1331
17.202
17.271
17.34
17.4089
17.4779
17.5469
17.616
17.685
17.7541
17.8231
17.8922
17.9612
18.0303
18.0993
18.1683
18.2373
18.3061
18.3749
18.4436
18.5121
18.5805
18.6485
18.7163
18.7837
18.8506
18.9169
8.5071
8.57466
8.6421
8.70946
8.7768
8.84421
8.91172
8.97933
9.04704
9.11483
9.18269
9.25063
9.31866
9.38679
9.45502
9.52336
9.5918
9.66036
9.72903
9.7978
9.86669
9.93568
10.0048
10.074
10.1433
10.2127
10.2822
10.3517
10.4214
10.4911
10.5609
10.6308
10.7008
10.7708
10.8409
10.911
10.9812
11.0515
11.1218
11.1921
11.2625
11.3329
11.4033
11.4738
11.5442
11.6148
11.6853
11.7558
11.8264
11.897
11.9676
12.0382
12.1088
12.1794
12.25
12.3206
12.3912
12.4618
12.5324
12.603
12.6736
12.7442
12.8148
12.8853
12.9559
13.0264
13.0969
13.1674
13.2379
13.3083
13.3788
13.4492
13.5196
13.5899
13.6603
13.7306
13.8009
13.8712
13.9414
14.0117
14.0819
14.152
14.2222
14.2923
14.3623
14.4324
14.5024
14.5724
14.6424
14.7123
14.7822
14.8521
14.9219
14.9917
15.0615
15.1312
15.201
15.2706
15.3403
15.4099
15.4795
15.5491
15.6187
15.6882
15.7577
15.8272
15.8966
15.9661
16.0355
16.1049
16.1743
16.2436
16.313
16.3823
16.4516
16.521
16.5903
16.6596
16.7289
16.7982
16.8675
16.9368
17.0061
17.0754
17.1447
17.2141
17.2834
17.3528
17.4222
17.4916
17.561
17.6304
17.6999
17.7693
17.8388
17.9083
17.9777
18.0472
18.1167
18.1861
18.2556
18.3249
18.3942
18.4634
18.5325
18.6015
18.6702
18.7388
18.807
18.8748
18.9421
19.0088
8.53152
8.59937
8.66705
8.73467
8.8023
8.86999
8.93782
9.00577
9.07383
9.14196
9.21016
9.27844
9.34682
9.41529
9.48387
9.55255
9.62134
9.69025
9.75926
9.82839
9.89763
9.96697
10.0364
10.106
10.1756
10.2454
10.3152
10.3851
10.4552
10.5252
10.5954
10.6657
10.736
10.8064
10.8768
10.9473
11.0178
11.0884
11.1591
11.2298
11.3005
11.3713
11.442
11.5129
11.5837
11.6546
11.7255
11.7964
11.8673
11.9383
12.0092
12.0802
12.1511
12.2221
12.2931
12.364
12.435
12.506
12.5769
12.6479
12.7188
12.7898
12.8607
12.9316
13.0025
13.0734
13.1443
13.2151
13.2859
13.3568
13.4275
13.4983
13.5691
13.6398
13.7105
13.7812
13.8518
13.9225
13.9931
14.0637
14.1342
14.2047
14.2752
14.3457
14.4161
14.4865
14.5569
14.6272
14.6976
14.7678
14.8381
14.9083
14.9785
15.0487
15.1188
15.1889
15.259
15.329
15.399
15.469
15.539
15.6089
15.6788
15.7487
15.8185
15.8884
15.9582
16.028
16.0977
16.1675
16.2372
16.3069
16.3766
16.4463
16.516
16.5856
16.6553
16.725
16.7946
16.8643
16.9339
17.0036
17.0732
17.1429
17.2126
17.2823
17.352
17.4217
17.4914
17.5612
17.6309
17.7007
17.7705
17.8403
17.9101
17.9799
18.0498
18.1196
18.1894
18.2592
18.329
18.3987
18.4684
18.538
18.6074
18.6767
18.7458
18.8147
18.8833
18.9515
19.0192
19.0863
8.61941
8.68727
8.75506
8.82289
8.89081
8.9589
9.02714
9.09548
9.16388
9.23235
9.30091
9.36957
9.43832
9.50717
9.57614
9.64521
9.7144
9.7837
9.85311
9.92263
9.99225
10.062
10.1318
10.2018
10.2718
10.3419
10.4121
10.4824
10.5528
10.6233
10.6938
10.7644
10.8351
10.9058
10.9766
11.0474
11.1183
11.1892
11.2602
11.3312
11.4023
11.4734
11.5445
11.6156
11.6868
11.758
11.8292
11.9004
11.9716
12.0428
12.1141
12.1853
12.2566
12.3279
12.3991
12.4704
12.5416
12.6129
12.6841
12.7554
12.8266
12.8978
12.969
13.0402
13.1114
13.1825
13.2537
13.3248
13.3959
13.467
13.538
13.6091
13.6801
13.7511
13.8221
13.893
13.9639
14.0348
14.1057
14.1765
14.2473
14.3181
14.3889
14.4596
14.5303
14.6009
14.6716
14.7422
14.8127
14.8833
14.9538
15.0243
15.0947
15.1651
15.2355
15.3059
15.3762
15.4465
15.5168
15.587
15.6572
15.7274
15.7976
15.8677
15.9378
16.0079
16.078
16.148
16.2181
16.2881
16.3581
16.428
16.498
16.568
16.6379
16.7079
16.7778
16.8477
16.9177
16.9876
17.0575
17.1275
17.1974
17.2674
17.3374
17.4074
17.4774
17.5474
17.6174
17.6874
17.7575
17.8276
17.8977
17.9678
18.0379
18.108
18.1781
18.2482
18.3183
18.3884
18.4584
18.5283
18.5982
18.6679
18.7375
18.807
18.8761
18.945
19.0135
19.0815
19.1489
8.70265
8.77056
8.83849
8.90657
8.97486
9.04332
9.11187
9.18048
9.24917
9.31794
9.3868
9.45576
9.52483
9.594
9.66329
9.73269
9.8022
9.87183
9.94156
10.0114
10.0814
10.1514
10.2216
10.2918
10.3622
10.4326
10.5031
10.5737
10.6444
10.7151
10.7859
10.8568
10.9278
10.9988
11.0698
11.1409
11.2121
11.2833
11.3545
11.4258
11.4971
11.5684
11.6398
11.7112
11.7826
11.854
11.9254
11.9969
12.0683
12.1398
12.2113
12.2827
12.3542
12.4257
12.4972
12.5686
12.6401
12.7116
12.783
12.8545
12.9259
12.9973
13.0687
13.1401
13.2115
13.2829
13.3542
13.4255
13.4968
13.5681
13.6394
13.7106
13.7818
13.853
13.9242
13.9953
14.0664
14.1375
14.2086
14.2796
14.3506
14.4216
14.4925
14.5634
14.6343
14.7051
14.776
14.8467
14.9175
14.9882
15.0589
15.1296
15.2002
15.2708
15.3414
15.4119
15.4825
15.5529
15.6234
15.6938
15.7642
15.8346
15.905
15.9753
16.0456
16.1159
16.1861
16.2564
16.3266
16.3968
16.467
16.5372
16.6074
16.6775
16.7477
16.8178
16.888
16.9581
17.0283
17.0984
17.1686
17.2388
17.3089
17.3791
17.4493
17.5195
17.5898
17.66
17.7303
17.8005
17.8708
17.9411
18.0115
18.0818
18.1521
18.2225
18.2928
18.3631
18.4334
18.5036
18.5738
18.6438
18.7138
18.7836
18.8533
18.9227
18.9918
19.0605
19.1288
19.1964
8.78102
8.849
8.91715
8.9856
9.05422
9.12291
9.19166
9.26048
9.32939
9.3984
9.4675
9.53671
9.60603
9.67546
9.745
9.81466
9.88443
9.95431
10.0243
10.0944
10.1646
10.2349
10.3053
10.3758
10.4464
10.517
10.5878
10.6586
10.7295
10.8004
10.8715
10.9426
11.0137
11.0849
11.1562
11.2275
11.2988
11.3702
11.4416
11.5131
11.5845
11.6561
11.7276
11.7991
11.8707
11.9423
12.0139
12.0855
12.1571
12.2287
12.3003
12.372
12.4436
12.5152
12.5868
12.6585
12.7301
12.8017
12.8733
12.9448
13.0164
13.088
13.1595
13.231
13.3026
13.374
13.4455
13.517
13.5884
13.6598
13.7312
13.8025
13.8739
13.9452
14.0165
14.0877
14.159
14.2302
14.3013
14.3725
14.4436
14.5147
14.5857
14.6568
14.7277
14.7987
14.8696
14.9405
15.0114
15.0823
15.1531
15.2238
15.2946
15.3653
15.436
15.5067
15.5773
15.6479
15.7185
15.789
15.8595
15.93
16.0005
16.071
16.1414
16.2118
16.2822
16.3526
16.4229
16.4933
16.5636
16.6339
16.7042
16.7745
16.8448
16.9151
16.9854
17.0557
17.126
17.1963
17.2666
17.3369
17.4072
17.4776
17.5479
17.6183
17.6887
17.7591
17.8295
17.9
17.9704
18.0409
18.1113
18.1818
18.2523
18.3228
18.3932
18.4636
18.534
18.6043
18.6746
18.7447
18.8147
18.8845
18.954
19.0233
19.0922
19.1606
19.2284
8.78728
8.85526
8.92345
8.99199
9.06071
9.12949
9.19832
9.26723
9.33622
9.40531
9.4745
9.54379
9.6132
9.68271
9.75234
9.82208
9.89194
9.9619
10.032
10.1022
10.1724
10.2428
10.3133
10.3839
10.4546
10.5253
10.5961
10.6671
10.738
10.8091
10.8802
10.9514
11.0226
11.0939
11.1653
11.2367
11.3081
11.3796
11.4511
11.5226
11.5942
11.6658
11.7374
11.809
11.8807
11.9523
12.024
12.0957
12.1674
12.2391
12.3108
12.3826
12.4543
12.526
12.5977
12.6694
12.7411
12.8128
12.8845
12.9561
13.0278
13.0994
13.1711
13.2427
13.3143
13.3859
13.4574
13.529
13.6005
13.672
13.7434
13.8149
13.8863
13.9577
14.0291
14.1004
14.1717
14.243
14.3143
14.3855
14.4567
14.5279
14.599
14.6701
14.7412
14.8123
14.8833
14.9543
15.0252
15.0962
15.1671
15.2379
15.3088
15.3796
15.4504
15.5211
15.5918
15.6625
15.7332
15.8038
15.8744
15.945
16.0156
16.0861
16.1566
16.2271
16.2976
16.368
16.4385
16.5089
16.5793
16.6497
16.7201
16.7905
16.8609
16.9313
17.0016
17.072
17.1424
17.2128
17.2832
17.3536
17.424
17.4944
17.5649
17.6353
17.7058
17.7763
17.8468
17.9173
17.9879
18.0584
18.129
18.1995
18.2701
18.3407
18.4112
18.4817
18.5522
18.6226
18.6929
18.7631
18.8332
18.9031
18.9727
19.0421
19.1111
19.1796
19.2475
)
;

boundaryField
{
    inlet
    {
        type            fixedValue;
        value           nonuniform List<scalar> 0();
    }
    outlet
    {
        type            fixedValue;
        value           nonuniform List<scalar> 0();
    }
    lowerWall
    {
        type            zeroGradient;
    }
    upperWall
    {
        type            zeroGradient;
    }
    frontAndBack
    {
        type            zeroGradient;
    }
    procBoundary10to1
    {
        type            processor;
        value           nonuniform List<scalar> 
36
(
3.99959
4.00705
4.01456
4.02212
4.02975
4.03741
4.04512
4.05287
4.06067
4.0685
4.07637
4.08428
4.09222
4.10019
4.10819
4.1162
4.12422
4.13226
4.14029
4.14832
4.15635
4.16435
4.17233
4.18029
4.18821
4.19609
4.20393
4.21171
4.21945
4.22713
4.23475
4.2423
4.2498
4.25724
4.26463
4.27196
)
;
    }
    procBoundary10to4
    {
        type            processor;
        value           nonuniform List<scalar> 
85
(
4.05746
4.13428
4.13428
4.20148
4.28402
4.28402
4.37022
4.37022
4.46002
4.46002
4.53215
4.62701
4.62701
4.72526
4.72526
4.79981
4.90259
4.90259
5.00841
5.00841
5.11719
5.11719
5.19441
5.30685
5.30685
5.42182
5.42182
5.53919
5.53919
5.61753
5.73754
5.73754
5.8595
5.8595
5.9371
6.06086
6.06086
6.18604
6.18604
6.31245
6.31245
6.38796
6.5149
6.5149
6.64251
6.64251
6.71469
6.84179
6.84179
6.96892
6.96892
7.09588
7.09588
7.16211
7.28703
7.28703
7.4111
7.4111
7.47097
7.59179
7.59179
7.71103
7.71103
7.82843
7.82843
7.87788
7.99027
7.99027
8.10005
8.10005
8.20692
8.20692
8.24307
8.34304
8.34304
8.43932
8.43932
8.46337
8.55128
8.55128
8.63462
8.63462
8.71303
8.71303
8.71923
)
;
    }
    procBoundary10to5
    {
        type            processor;
        value           nonuniform List<scalar> 
51
(
5.83774
6.25211
6.66578
7.07845
7.48978
7.89947
8.30718
8.71261
9.11541
9.51528
9.9119
10.3049
10.6941
11.079
11.4595
11.835
12.169
12.169
12.5323
12.8897
13.2409
13.5856
13.9234
14.2542
14.5775
14.893
15.2004
15.4994
15.7897
16.0709
16.3427
16.6048
16.8569
17.0986
17.3297
17.5498
17.7586
17.9557
18.1408
18.3137
18.474
18.6213
18.7554
18.8759
18.9825
19.0748
19.1526
19.2156
19.2632
19.2954
19.3146
)
;
    }
    procBoundary10to7
    {
        type            processor;
        value           nonuniform List<scalar> 
149
(
4.27924
4.28657
4.29399
4.30144
4.30889
4.31635
4.32383
4.33131
4.33881
4.34631
4.35382
4.36133
4.36886
4.37638
4.38392
4.39146
4.39901
4.40657
4.41413
4.4217
4.42927
4.43685
4.44444
4.45203
4.45963
4.46724
4.47485
4.48246
4.49008
4.49771
4.50533
4.51297
4.5206
4.52824
4.53588
4.54353
4.55117
4.55882
4.56648
4.57413
4.58179
4.58944
4.5971
4.60477
4.61243
4.6201
4.62777
4.63544
4.64311
4.65078
4.65846
4.66613
4.67381
4.68148
4.68916
4.69684
4.70452
4.7122
4.71988
4.72756
4.73524
4.74293
4.75061
4.7583
4.76599
4.77367
4.78136
4.78905
4.79674
4.80443
4.81213
4.81982
4.82751
4.83521
4.8429
4.8506
4.8583
4.86599
4.87369
4.8814
4.8891
4.8968
4.90451
4.91221
4.91992
4.92763
4.93534
4.94305
4.95077
4.95848
4.9662
4.97392
4.98164
4.98936
4.99708
5.00481
5.01254
5.02026
5.02799
5.03572
5.04346
5.05119
5.05893
5.06666
5.0744
5.08214
5.08989
5.09763
5.10538
5.11313
5.12088
5.12863
5.13638
5.14414
5.1519
5.15966
5.16742
5.17519
5.18296
5.19072
5.19849
5.20626
5.21403
5.2218
5.22957
5.23734
5.24511
5.25288
5.26065
5.26841
5.27617
5.28393
5.29168
5.29943
5.30717
5.3149
5.32263
5.33035
5.33806
5.34576
5.35346
5.36115
5.36884
5.37653
5.38422
5.39194
5.39967
5.40744
5.41525
)
;
    }
}


// ************************************************************************* //
