/*--------------------------------*- C++ -*----------------------------------*\
| =========                 |                                                 |
| \\      /  F ield         | OpenFOAM: The Open Source CFD Toolbox           |
|  \\    /   O peration     | Version:  2512                                  |
|   \\  /    A nd           | Website:  www.openfoam.com                      |
|    \\/     M anipulation  |                                                 |
\*---------------------------------------------------------------------------*/
FoamFile
{
    version     2.0;
    format      ascii;
    arch        "LSB;label=32;scalar=64";
    class       volScalarField;
    location    "0.1";
    object      Ux;
}
// * * * * * * * * * * * * * * * * * * * * * * * * * * * * * * * * * * * * * //

dimensions      [0 1 -1 0 0 0 0];

internalField   nonuniform List<scalar> 
8334
(
0.0645688
0.0645663
0.0645625
0.0645606
0.0645588
0.0645566
0.0645543
0.0645519
0.0645495
0.064547
0.0645445
0.0645419
0.0645392
0.0645365
0.0645338
0.064531
0.0645282
0.0645253
0.0645223
0.0645194
0.0645163
0.0645132
0.0645101
0.0645069
0.0645037
0.0645004
0.0644971
0.0644937
0.0644903
0.0644867
0.0644834
0.0644794
0.0644762
0.0644723
0.0644681
0.0644653
0.0644601
0.0644555
0.0644531
0.0644499
0.0644458
0.0644418
0.0644379
0.0644339
0.0644298
0.0644257
0.0644216
0.0644174
0.0644132
0.0644089
0.0644045
0.0644002
0.0643957
0.0643913
0.0643867
0.0643822
0.0643775
0.0643729
0.0643682
0.0643634
0.0643586
0.0643538
0.0643489
0.0643439
0.0643389
0.0643339
0.0643288
0.0643237
0.0643185
0.0643133
0.064308
0.0643026
0.0642973
0.0642919
0.0642864
0.0642809
0.0642753
0.0642697
0.0642641
0.0642583
0.0642526
0.0642468
0.064241
0.0642351
0.0642291
0.0642231
0.0642171
0.064211
0.0642049
0.0641987
0.0641925
0.0641862
0.0641799
0.0641735
0.0641671
0.0641607
0.0641541
0.0641476
0.064141
0.0641343
0.0641276
0.0641209
0.0641141
0.0641073
0.0641004
0.0640935
0.0640865
0.0640794
0.0640724
0.0640653
0.0640581
0.0640509
0.0640436
0.0640363
0.064029
0.0640216
0.0640141
0.0640066
0.0639991
0.0639915
0.0639838
0.0639762
0.0639684
0.0639607
0.0639528
0.063945
0.0639371
0.0639291
0.0639211
0.063913
0.0639049
0.0638968
0.0638886
0.0638804
0.0638721
0.0638638
0.0638554
0.063847
0.0638385
0.06383
0.0638214
0.0638128
0.0638042
0.0637955
0.0637867
0.0637779
0.0637691
0.0637602
0.0637513
0.0637423
0.0637333
0.0637242
0.0637151
0.063706
0.0636968
0.0636875
0.0636782
0.0636689
0.0636595
0.0636501
0.0636406
0.0636311
0.0636215
0.0636119
0.0636023
0.0635926
0.0635829
0.0635731
0.0635632
0.0635534
0.0635435
0.0635335
0.0635235
0.0635134
0.0635033
0.0634932
0.063483
0.0634728
0.0634625
0.0634522
0.0634418
0.0634313
0.0634211
0.0634101
0.0633994
0.0645664
0.0645629
0.0645608
0.0645587
0.0645565
0.0645543
0.0645519
0.0645495
0.064547
0.0645445
0.0645419
0.0645392
0.0645365
0.0645338
0.064531
0.0645282
0.0645253
0.0645223
0.0645194
0.0645163
0.0645132
0.0645101
0.0645069
0.0645037
0.0645004
0.0644971
0.0644937
0.0644903
0.0644867
0.0644834
0.0644794
0.0644761
0.0644723
0.0644681
0.0644652
0.0644604
0.0644558
0.064453
0.0644498
0.0644458
0.0644417
0.0644378
0.0644339
0.0644298
0.0644257
0.0644216
0.0644174
0.0644131
0.0644089
0.0644045
0.0644001
0.0643957
0.0643912
0.0643867
0.0643822
0.0643775
0.0643729
0.0643682
0.0643634
0.0643586
0.0643538
0.0643489
0.0643439
0.0643389
0.0643339
0.0643288
0.0643237
0.0643185
0.0643132
0.064308
0.0643026
0.0642973
0.0642919
0.0642864
0.0642809
0.0642753
0.0642697
0.064264
0.0642583
0.0642526
0.0642468
0.0642409
0.0642351
0.0642291
0.0642231
0.0642171
0.064211
0.0642049
0.0641987
0.0641925
0.0641862
0.0641799
0.0641735
0.0641671
0.0641606
0.0641541
0.0641476
0.064141
0.0641343
0.0641276
0.0641209
0.0641141
0.0641073
0.0641004
0.0640934
0.0640865
0.0640794
0.0640724
0.0640652
0.0640581
0.0640509
0.0640436
0.0640363
0.0640289
0.0640215
0.0640141
0.0640066
0.0639991
0.0639915
0.0639838
0.0639762
0.0639684
0.0639607
0.0639528
0.063945
0.063937
0.0639291
0.0639211
0.063913
0.0639049
0.0638968
0.0638886
0.0638804
0.0638721
0.0638637
0.0638554
0.0638469
0.0638385
0.06383
0.0638214
0.0638128
0.0638041
0.0637954
0.0637867
0.0637779
0.0637691
0.0637602
0.0637513
0.0637423
0.0637333
0.0637242
0.0637151
0.063706
0.0636968
0.0636875
0.0636782
0.0636689
0.0636595
0.0636501
0.0636406
0.0636311
0.0636215
0.0636119
0.0636023
0.0635926
0.0635829
0.0635731
0.0635632
0.0635534
0.0635435
0.0635335
0.0635235
0.0635134
0.0635033
0.0634932
0.063483
0.0634728
0.0634625
0.0634522
0.0634418
0.0634313
0.0634211
0.0634101
0.0633994
0.0645669
0.0645629
0.0645602
0.0645587
0.0645566
0.0645542
0.0645518
0.0645495
0.0645471
0.0645445
0.0645419
0.0645392
0.0645365
0.0645338
0.064531
0.0645282
0.0645253
0.0645223
0.0645193
0.0645163
0.0645132
0.0645101
0.0645069
0.0645037
0.0645004
0.0644971
0.0644937
0.0644903
0.0644867
0.0644833
0.0644795
0.064476
0.0644723
0.0644681
0.0644651
0.0644606
0.064456
0.0644529
0.0644497
0.0644458
0.0644417
0.0644378
0.0644338
0.0644298
0.0644257
0.0644216
0.0644174
0.0644131
0.0644088
0.0644045
0.0644001
0.0643957
0.0643912
0.0643867
0.0643821
0.0643775
0.0643729
0.0643682
0.0643634
0.0643586
0.0643537
0.0643488
0.0643439
0.0643389
0.0643339
0.0643288
0.0643236
0.0643185
0.0643132
0.064308
0.0643026
0.0642973
0.0642918
0.0642864
0.0642809
0.0642753
0.0642697
0.064264
0.0642583
0.0642526
0.0642468
0.0642409
0.064235
0.0642291
0.0642231
0.0642171
0.064211
0.0642049
0.0641987
0.0641925
0.0641862
0.0641799
0.0641735
0.0641671
0.0641606
0.0641541
0.0641476
0.064141
0.0641343
0.0641276
0.0641209
0.0641141
0.0641072
0.0641004
0.0640934
0.0640865
0.0640794
0.0640724
0.0640652
0.0640581
0.0640509
0.0640436
0.0640363
0.0640289
0.0640215
0.0640141
0.0640066
0.063999
0.0639915
0.0639838
0.0639761
0.0639684
0.0639606
0.0639528
0.063945
0.063937
0.0639291
0.0639211
0.063913
0.0639049
0.0638968
0.0638886
0.0638803
0.0638721
0.0638637
0.0638554
0.0638469
0.0638385
0.06383
0.0638214
0.0638128
0.0638041
0.0637954
0.0637867
0.0637779
0.0637691
0.0637602
0.0637513
0.0637423
0.0637333
0.0637242
0.0637151
0.0637059
0.0636967
0.0636875
0.0636782
0.0636689
0.0636595
0.0636501
0.0636406
0.0636311
0.0636215
0.0636119
0.0636023
0.0635926
0.0635828
0.0635731
0.0635632
0.0635534
0.0635434
0.0635335
0.0635235
0.0635134
0.0635033
0.0634932
0.063483
0.0634728
0.0634625
0.0634522
0.0634418
0.0634313
0.0634211
0.06341
0.0633993
0.0645636
0.0645604
0.0645581
0.0645565
0.0645544
0.0645519
0.0645495
0.064547
0.0645444
0.0645418
0.0645392
0.0645365
0.0645338
0.064531
0.0645282
0.0645253
0.0645223
0.0645193
0.0645163
0.0645132
0.0645101
0.0645069
0.0645037
0.0645004
0.0644971
0.0644937
0.0644903
0.0644867
0.0644833
0.0644795
0.064476
0.0644723
0.0644682
0.0644649
0.0644608
0.0644562
0.0644529
0.0644496
0.0644457
0.0644417
0.0644378
0.0644338
0.0644298
0.0644257
0.0644215
0.0644173
0.0644131
0.0644088
0.0644045
0.0644001
0.0643957
0.0643912
0.0643867
0.0643821
0.0643775
0.0643729
0.0643681
0.0643634
0.0643586
0.0643537
0.0643488
0.0643439
0.0643389
0.0643339
0.0643288
0.0643236
0.0643185
0.0643132
0.0643079
0.0643026
0.0642973
0.0642918
0.0642864
0.0642809
0.0642753
0.0642697
0.064264
0.0642583
0.0642526
0.0642468
0.0642409
0.064235
0.0642291
0.0642231
0.0642171
0.064211
0.0642049
0.0641987
0.0641925
0.0641862
0.0641799
0.0641735
0.0641671
0.0641606
0.0641541
0.0641476
0.064141
0.0641343
0.0641276
0.0641209
0.0641141
0.0641072
0.0641004
0.0640934
0.0640864
0.0640794
0.0640723
0.0640652
0.0640581
0.0640508
0.0640436
0.0640363
0.0640289
0.0640215
0.0640141
0.0640066
0.063999
0.0639915
0.0639838
0.0639761
0.0639684
0.0639606
0.0639528
0.0639449
0.063937
0.0639291
0.0639211
0.063913
0.0639049
0.0638968
0.0638886
0.0638803
0.0638721
0.0638637
0.0638553
0.0638469
0.0638385
0.0638299
0.0638214
0.0638128
0.0638041
0.0637954
0.0637867
0.0637779
0.0637691
0.0637602
0.0637513
0.0637423
0.0637333
0.0637242
0.0637151
0.0637059
0.0636967
0.0636875
0.0636782
0.0636689
0.0636595
0.0636501
0.0636406
0.0636311
0.0636215
0.0636119
0.0636023
0.0635926
0.0635828
0.0635731
0.0635632
0.0635534
0.0635434
0.0635335
0.0635235
0.0635134
0.0635033
0.0634932
0.063483
0.0634728
0.0634625
0.0634522
0.0634418
0.0634313
0.0634211
0.06341
0.0633993
0.0645609
0.0645582
0.0645562
0.0645541
0.0645517
0.0645495
0.0645471
0.0645444
0.0645419
0.0645393
0.0645365
0.0645338
0.064531
0.0645282
0.0645253
0.0645223
0.0645193
0.0645163
0.0645132
0.0645101
0.0645069
0.0645037
0.0645004
0.064497
0.0644936
0.0644902
0.0644867
0.0644833
0.0644795
0.0644759
0.0644723
0.0644683
0.0644648
0.0644608
0.0644564
0.0644529
0.0644495
0.0644457
0.0644417
0.0644378
0.0644338
0.0644297
0.0644257
0.0644215
0.0644173
0.0644131
0.0644088
0.0644045
0.0644001
0.0643957
0.0643912
0.0643867
0.0643821
0.0643775
0.0643728
0.0643681
0.0643634
0.0643586
0.0643537
0.0643488
0.0643439
0.0643389
0.0643339
0.0643288
0.0643236
0.0643184
0.0643132
0.0643079
0.0643026
0.0642972
0.0642918
0.0642864
0.0642808
0.0642753
0.0642697
0.064264
0.0642583
0.0642526
0.0642468
0.0642409
0.064235
0.0642291
0.0642231
0.0642171
0.064211
0.0642049
0.0641987
0.0641924
0.0641862
0.0641799
0.0641735
0.0641671
0.0641606
0.0641541
0.0641476
0.064141
0.0641343
0.0641276
0.0641209
0.0641141
0.0641072
0.0641003
0.0640934
0.0640864
0.0640794
0.0640723
0.0640652
0.0640581
0.0640508
0.0640436
0.0640363
0.0640289
0.0640215
0.0640141
0.0640066
0.063999
0.0639914
0.0639838
0.0639761
0.0639684
0.0639606
0.0639528
0.0639449
0.063937
0.0639291
0.0639211
0.063913
0.0639049
0.0638968
0.0638886
0.0638803
0.063872
0.0638637
0.0638553
0.0638469
0.0638385
0.0638299
0.0638214
0.0638128
0.0638041
0.0637954
0.0637867
0.0637779
0.0637691
0.0637602
0.0637512
0.0637423
0.0637333
0.0637242
0.0637151
0.0637059
0.0636967
0.0636875
0.0636782
0.0636689
0.0636595
0.0636501
0.0636406
0.0636311
0.0636215
0.0636119
0.0636023
0.0635926
0.0635828
0.063573
0.0635632
0.0635533
0.0635434
0.0635335
0.0635235
0.0635134
0.0635033
0.0634932
0.063483
0.0634728
0.0634625
0.0634522
0.0634418
0.0634313
0.0634211
0.06341
0.0633993
0.0645584
0.0645563
0.0645541
0.0645517
0.0645495
0.064547
0.0645444
0.0645419
0.0645393
0.0645365
0.0645338
0.064531
0.0645282
0.0645253
0.0645223
0.0645193
0.0645163
0.0645132
0.0645101
0.0645069
0.0645036
0.0645004
0.064497
0.0644936
0.0644902
0.0644867
0.0644832
0.0644795
0.0644759
0.0644723
0.0644683
0.0644648
0.0644609
0.0644566
0.0644529
0.0644495
0.0644457
0.0644417
0.0644377
0.0644338
0.0644297
0.0644256
0.0644215
0.0644173
0.0644131
0.0644088
0.0644045
0.0644001
0.0643957
0.0643912
0.0643867
0.0643821
0.0643775
0.0643728
0.0643681
0.0643634
0.0643586
0.0643537
0.0643488
0.0643439
0.0643389
0.0643338
0.0643288
0.0643236
0.0643184
0.0643132
0.0643079
0.0643026
0.0642972
0.0642918
0.0642864
0.0642808
0.0642753
0.0642697
0.064264
0.0642583
0.0642526
0.0642468
0.0642409
0.064235
0.0642291
0.0642231
0.0642171
0.064211
0.0642048
0.0641987
0.0641924
0.0641862
0.0641799
0.0641735
0.0641671
0.0641606
0.0641541
0.0641475
0.0641409
0.0641343
0.0641276
0.0641209
0.0641141
0.0641072
0.0641003
0.0640934
0.0640864
0.0640794
0.0640723
0.0640652
0.064058
0.0640508
0.0640436
0.0640363
0.0640289
0.0640215
0.0640141
0.0640066
0.063999
0.0639914
0.0639838
0.0639761
0.0639684
0.0639606
0.0639528
0.0639449
0.063937
0.0639291
0.063921
0.063913
0.0639049
0.0638968
0.0638886
0.0638803
0.063872
0.0638637
0.0638553
0.0638469
0.0638384
0.0638299
0.0638214
0.0638128
0.0638041
0.0637954
0.0637867
0.0637779
0.063769
0.0637602
0.0637512
0.0637423
0.0637332
0.0637242
0.0637151
0.0637059
0.0636967
0.0636875
0.0636782
0.0636689
0.0636595
0.0636501
0.0636406
0.0636311
0.0636215
0.0636119
0.0636023
0.0635926
0.0635828
0.063573
0.0635632
0.0635533
0.0635434
0.0635335
0.0635235
0.0635134
0.0635033
0.0634932
0.063483
0.0634728
0.0634625
0.0634523
0.0634418
0.0634313
0.0634211
0.06341
0.0633993
0.0645591
0.0645562
0.0645534
0.0645516
0.0645496
0.064547
0.0645444
0.0645419
0.0645393
0.0645365
0.0645338
0.064531
0.0645282
0.0645253
0.0645223
0.0645193
0.0645163
0.0645132
0.0645101
0.0645069
0.0645036
0.0645004
0.064497
0.0644936
0.0644902
0.0644867
0.0644832
0.0644795
0.0644759
0.0644723
0.0644684
0.0644647
0.0644609
0.0644567
0.064453
0.0644494
0.0644456
0.0644417
0.0644377
0.0644337
0.0644297
0.0644256
0.0644215
0.0644173
0.0644131
0.0644088
0.0644045
0.0644001
0.0643957
0.0643912
0.0643867
0.0643821
0.0643775
0.0643728
0.0643681
0.0643634
0.0643586
0.0643537
0.0643488
0.0643439
0.0643389
0.0643338
0.0643287
0.0643236
0.0643184
0.0643132
0.0643079
0.0643026
0.0642972
0.0642918
0.0642863
0.0642808
0.0642753
0.0642697
0.064264
0.0642583
0.0642525
0.0642468
0.0642409
0.064235
0.0642291
0.0642231
0.064217
0.064211
0.0642048
0.0641987
0.0641924
0.0641862
0.0641798
0.0641735
0.0641671
0.0641606
0.0641541
0.0641475
0.0641409
0.0641343
0.0641276
0.0641208
0.0641141
0.0641072
0.0641003
0.0640934
0.0640864
0.0640794
0.0640723
0.0640652
0.064058
0.0640508
0.0640436
0.0640363
0.0640289
0.0640215
0.0640141
0.0640066
0.063999
0.0639914
0.0639838
0.0639761
0.0639684
0.0639606
0.0639528
0.0639449
0.063937
0.063929
0.063921
0.063913
0.0639049
0.0638967
0.0638886
0.0638803
0.063872
0.0638637
0.0638553
0.0638469
0.0638384
0.0638299
0.0638214
0.0638128
0.0638041
0.0637954
0.0637867
0.0637779
0.063769
0.0637602
0.0637512
0.0637423
0.0637332
0.0637242
0.0637151
0.0637059
0.0636967
0.0636875
0.0636782
0.0636689
0.0636595
0.06365
0.0636406
0.0636311
0.0636215
0.0636119
0.0636023
0.0635926
0.0635828
0.063573
0.0635632
0.0635533
0.0635434
0.0635335
0.0635235
0.0635134
0.0635033
0.0634932
0.063483
0.0634728
0.0634625
0.0634523
0.0634418
0.0634314
0.0634211
0.06341
0.0633993
0.0645568
0.0645537
0.0645512
0.0645493
0.0645469
0.0645443
0.0645418
0.0645392
0.0645365
0.0645338
0.064531
0.0645282
0.0645253
0.0645223
0.0645193
0.0645163
0.0645132
0.0645101
0.0645069
0.0645036
0.0645003
0.064497
0.0644936
0.0644902
0.0644867
0.0644832
0.0644795
0.0644759
0.0644723
0.0644684
0.0644647
0.0644609
0.0644568
0.064453
0.0644494
0.0644456
0.0644417
0.0644377
0.0644337
0.0644297
0.0644256
0.0644215
0.0644173
0.064413
0.0644088
0.0644044
0.0644001
0.0643956
0.0643912
0.0643867
0.0643821
0.0643775
0.0643728
0.0643681
0.0643634
0.0643586
0.0643537
0.0643488
0.0643439
0.0643389
0.0643338
0.0643287
0.0643236
0.0643184
0.0643132
0.0643079
0.0643026
0.0642972
0.0642918
0.0642863
0.0642808
0.0642753
0.0642697
0.064264
0.0642583
0.0642525
0.0642467
0.0642409
0.064235
0.0642291
0.0642231
0.064217
0.064211
0.0642048
0.0641987
0.0641924
0.0641862
0.0641798
0.0641735
0.0641671
0.0641606
0.0641541
0.0641475
0.0641409
0.0641343
0.0641276
0.0641208
0.0641141
0.0641072
0.0641003
0.0640934
0.0640864
0.0640794
0.0640723
0.0640652
0.064058
0.0640508
0.0640436
0.0640362
0.0640289
0.0640215
0.064014
0.0640066
0.063999
0.0639914
0.0639838
0.0639761
0.0639684
0.0639606
0.0639528
0.0639449
0.063937
0.063929
0.063921
0.063913
0.0639049
0.0638967
0.0638885
0.0638803
0.063872
0.0638637
0.0638553
0.0638469
0.0638384
0.0638299
0.0638214
0.0638127
0.0638041
0.0637954
0.0637867
0.0637779
0.063769
0.0637602
0.0637512
0.0637423
0.0637332
0.0637242
0.0637151
0.0637059
0.0636967
0.0636875
0.0636782
0.0636688
0.0636595
0.06365
0.0636406
0.0636311
0.0636215
0.0636119
0.0636022
0.0635926
0.0635828
0.063573
0.0635632
0.0635533
0.0635434
0.0635335
0.0635235
0.0635134
0.0635033
0.0634932
0.063483
0.0634728
0.0634625
0.0634523
0.0634418
0.0634314
0.0634211
0.0634099
0.0633994
0.0645538
0.0645512
0.0645494
0.0645468
0.0645442
0.0645419
0.0645393
0.0645365
0.0645338
0.064531
0.0645282
0.0645253
0.0645223
0.0645193
0.0645163
0.0645132
0.0645101
0.0645069
0.0645036
0.0645003
0.064497
0.0644936
0.0644902
0.0644867
0.0644831
0.0644795
0.0644759
0.0644722
0.0644684
0.0644647
0.0644609
0.0644569
0.064453
0.0644494
0.0644456
0.0644416
0.0644377
0.0644337
0.0644297
0.0644256
0.0644214
0.0644173
0.064413
0.0644088
0.0644044
0.0644001
0.0643956
0.0643912
0.0643866
0.0643821
0.0643775
0.0643728
0.0643681
0.0643633
0.0643585
0.0643537
0.0643488
0.0643439
0.0643389
0.0643338
0.0643287
0.0643236
0.0643184
0.0643132
0.0643079
0.0643026
0.0642972
0.0642918
0.0642863
0.0642808
0.0642753
0.0642696
0.064264
0.0642583
0.0642525
0.0642467
0.0642409
0.064235
0.0642291
0.0642231
0.064217
0.064211
0.0642048
0.0641986
0.0641924
0.0641861
0.0641798
0.0641735
0.064167
0.0641606
0.0641541
0.0641475
0.0641409
0.0641343
0.0641276
0.0641208
0.064114
0.0641072
0.0641003
0.0640934
0.0640864
0.0640794
0.0640723
0.0640652
0.064058
0.0640508
0.0640435
0.0640362
0.0640289
0.0640215
0.064014
0.0640065
0.063999
0.0639914
0.0639838
0.0639761
0.0639684
0.0639606
0.0639528
0.0639449
0.063937
0.063929
0.063921
0.063913
0.0639049
0.0638967
0.0638885
0.0638803
0.063872
0.0638637
0.0638553
0.0638469
0.0638384
0.0638299
0.0638213
0.0638127
0.0638041
0.0637954
0.0637866
0.0637779
0.063769
0.0637601
0.0637512
0.0637422
0.0637332
0.0637242
0.0637151
0.0637059
0.0636967
0.0636875
0.0636782
0.0636688
0.0636595
0.06365
0.0636406
0.0636311
0.0636215
0.0636119
0.0636022
0.0635925
0.0635828
0.063573
0.0635632
0.0635533
0.0635434
0.0635335
0.0635235
0.0635134
0.0635033
0.0634932
0.063483
0.0634728
0.0634625
0.0634523
0.0634418
0.0634314
0.0634212
0.0634099
0.0633994
0.0645547
0.0645512
0.0645488
0.0645469
0.0645442
0.0645418
0.0645392
0.0645365
0.0645338
0.064531
0.0645282
0.0645253
0.0645223
0.0645193
0.0645163
0.0645132
0.0645101
0.0645069
0.0645036
0.0645003
0.064497
0.0644936
0.0644902
0.0644866
0.0644831
0.0644795
0.0644759
0.0644722
0.0644684
0.0644647
0.0644609
0.0644569
0.0644531
0.0644493
0.0644455
0.0644416
0.0644377
0.0644337
0.0644296
0.0644256
0.0644214
0.0644172
0.064413
0.0644087
0.0644044
0.0644
0.0643956
0.0643911
0.0643866
0.0643821
0.0643775
0.0643728
0.0643681
0.0643633
0.0643585
0.0643537
0.0643488
0.0643438
0.0643388
0.0643338
0.0643287
0.0643236
0.0643184
0.0643132
0.0643079
0.0643026
0.0642972
0.0642918
0.0642863
0.0642808
0.0642752
0.0642696
0.064264
0.0642583
0.0642525
0.0642467
0.0642409
0.064235
0.064229
0.0642231
0.064217
0.0642109
0.0642048
0.0641986
0.0641924
0.0641861
0.0641798
0.0641735
0.064167
0.0641606
0.0641541
0.0641475
0.0641409
0.0641343
0.0641276
0.0641208
0.064114
0.0641072
0.0641003
0.0640934
0.0640864
0.0640794
0.0640723
0.0640652
0.064058
0.0640508
0.0640435
0.0640362
0.0640289
0.0640215
0.064014
0.0640065
0.063999
0.0639914
0.0639838
0.0639761
0.0639684
0.0639606
0.0639528
0.0639449
0.063937
0.063929
0.063921
0.063913
0.0639049
0.0638967
0.0638885
0.0638803
0.063872
0.0638637
0.0638553
0.0638469
0.0638384
0.0638299
0.0638213
0.0638127
0.0638041
0.0637954
0.0637866
0.0637779
0.063769
0.0637601
0.0637512
0.0637422
0.0637332
0.0637242
0.0637151
0.0637059
0.0636967
0.0636875
0.0636782
0.0636688
0.0636595
0.06365
0.0636406
0.063631
0.0636215
0.0636119
0.0636022
0.0635925
0.0635828
0.063573
0.0635632
0.0635533
0.0635434
0.0635335
0.0635234
0.0635134
0.0635033
0.0634932
0.063483
0.0634728
0.0634625
0.0634523
0.0634418
0.0634314
0.0634212
0.0634099
0.0633995
0.0645518
0.0645488
0.0645462
0.0645442
0.064542
0.0645392
0.0645364
0.0645338
0.064531
0.0645282
0.0645253
0.0645223
0.0645193
0.0645163
0.0645132
0.06451
0.0645069
0.0645036
0.0645003
0.064497
0.0644936
0.0644901
0.0644866
0.0644831
0.0644795
0.0644759
0.0644722
0.0644684
0.0644647
0.0644609
0.0644569
0.0644531
0.0644493
0.0644455
0.0644416
0.0644376
0.0644337
0.0644296
0.0644255
0.0644214
0.0644172
0.064413
0.0644087
0.0644044
0.0644
0.0643956
0.0643911
0.0643866
0.0643821
0.0643774
0.0643728
0.0643681
0.0643633
0.0643585
0.0643537
0.0643488
0.0643438
0.0643388
0.0643338
0.0643287
0.0643236
0.0643184
0.0643132
0.0643079
0.0643026
0.0642972
0.0642918
0.0642863
0.0642808
0.0642752
0.0642696
0.064264
0.0642583
0.0642525
0.0642467
0.0642409
0.064235
0.064229
0.0642231
0.064217
0.0642109
0.0642048
0.0641986
0.0641924
0.0641861
0.0641798
0.0641734
0.064167
0.0641606
0.0641541
0.0641475
0.0641409
0.0641343
0.0641276
0.0641208
0.064114
0.0641072
0.0641003
0.0640934
0.0640864
0.0640794
0.0640723
0.0640652
0.064058
0.0640508
0.0640435
0.0640362
0.0640289
0.0640215
0.064014
0.0640065
0.063999
0.0639914
0.0639838
0.0639761
0.0639684
0.0639606
0.0639528
0.0639449
0.063937
0.063929
0.063921
0.063913
0.0639049
0.0638967
0.0638885
0.0638803
0.063872
0.0638637
0.0638553
0.0638469
0.0638384
0.0638299
0.0638213
0.0638127
0.0638041
0.0637954
0.0637866
0.0637778
0.063769
0.0637601
0.0637512
0.0637422
0.0637332
0.0637242
0.063715
0.0637059
0.0636967
0.0636875
0.0636782
0.0636688
0.0636594
0.06365
0.0636406
0.063631
0.0636215
0.0636119
0.0636022
0.0635925
0.0635828
0.063573
0.0635632
0.0635533
0.0635434
0.0635334
0.0635234
0.0635134
0.0635033
0.0634932
0.063483
0.0634728
0.0634625
0.0634524
0.0634418
0.0634315
0.0634213
0.0634098
0.0633996
0.0645494
0.0645464
0.0645438
0.0645417
0.0645391
0.0645364
0.0645337
0.064531
0.0645282
0.0645253
0.0645223
0.0645193
0.0645163
0.0645132
0.06451
0.0645068
0.0645036
0.0645003
0.064497
0.0644936
0.0644901
0.0644866
0.0644831
0.0644795
0.0644758
0.0644722
0.0644684
0.0644647
0.0644609
0.064457
0.0644531
0.0644493
0.0644455
0.0644416
0.0644376
0.0644336
0.0644296
0.0644255
0.0644214
0.0644172
0.064413
0.0644087
0.0644044
0.0644
0.0643956
0.0643911
0.0643866
0.064382
0.0643774
0.0643728
0.0643681
0.0643633
0.0643585
0.0643537
0.0643488
0.0643438
0.0643388
0.0643338
0.0643287
0.0643236
0.0643184
0.0643132
0.0643079
0.0643026
0.0642972
0.0642918
0.0642863
0.0642808
0.0642752
0.0642696
0.064264
0.0642583
0.0642525
0.0642467
0.0642409
0.064235
0.064229
0.064223
0.064217
0.0642109
0.0642048
0.0641986
0.0641924
0.0641861
0.0641798
0.0641734
0.064167
0.0641606
0.0641541
0.0641475
0.0641409
0.0641343
0.0641276
0.0641208
0.064114
0.0641072
0.0641003
0.0640934
0.0640864
0.0640794
0.0640723
0.0640652
0.064058
0.0640508
0.0640435
0.0640362
0.0640289
0.0640215
0.064014
0.0640065
0.063999
0.0639914
0.0639838
0.0639761
0.0639684
0.0639606
0.0639528
0.0639449
0.063937
0.063929
0.063921
0.063913
0.0639049
0.0638967
0.0638885
0.0638803
0.063872
0.0638637
0.0638553
0.0638469
0.0638384
0.0638299
0.0638213
0.0638127
0.0638041
0.0637954
0.0637866
0.0637778
0.063769
0.0637601
0.0637512
0.0637422
0.0637332
0.0637241
0.063715
0.0637059
0.0636967
0.0636874
0.0636782
0.0636688
0.0636594
0.06365
0.0636405
0.063631
0.0636215
0.0636119
0.0636022
0.0635925
0.0635828
0.063573
0.0635632
0.0635533
0.0635434
0.0635334
0.0635234
0.0635134
0.0635033
0.0634932
0.063483
0.0634729
0.0634624
0.0634524
0.0634418
0.0634316
0.0634213
0.0634098
0.0633997
0.0645465
0.0645439
0.0645418
0.064539
0.0645363
0.0645338
0.064531
0.0645282
0.0645253
0.0645223
0.0645193
0.0645163
0.0645132
0.06451
0.0645068
0.0645036
0.0645003
0.064497
0.0644936
0.0644901
0.0644866
0.0644831
0.0644795
0.0644758
0.0644722
0.0644684
0.0644646
0.0644608
0.064457
0.0644531
0.0644493
0.0644455
0.0644416
0.0644376
0.0644336
0.0644296
0.0644255
0.0644214
0.0644172
0.064413
0.0644087
0.0644044
0.0644
0.0643956
0.0643911
0.0643866
0.064382
0.0643774
0.0643728
0.0643681
0.0643633
0.0643585
0.0643537
0.0643488
0.0643438
0.0643388
0.0643338
0.0643287
0.0643236
0.0643184
0.0643132
0.0643079
0.0643026
0.0642972
0.0642918
0.0642863
0.0642808
0.0642752
0.0642696
0.064264
0.0642583
0.0642525
0.0642467
0.0642409
0.064235
0.064229
0.064223
0.064217
0.0642109
0.0642048
0.0641986
0.0641924
0.0641861
0.0641798
0.0641734
0.064167
0.0641606
0.0641541
0.0641475
0.0641409
0.0641342
0.0641276
0.0641208
0.064114
0.0641072
0.0641003
0.0640934
0.0640864
0.0640794
0.0640723
0.0640652
0.064058
0.0640508
0.0640435
0.0640362
0.0640289
0.0640215
0.064014
0.0640065
0.063999
0.0639914
0.0639838
0.0639761
0.0639683
0.0639606
0.0639527
0.0639449
0.063937
0.063929
0.063921
0.0639129
0.0639049
0.0638967
0.0638885
0.0638803
0.063872
0.0638637
0.0638553
0.0638469
0.0638384
0.0638299
0.0638213
0.0638127
0.0638041
0.0637954
0.0637866
0.0637778
0.063769
0.0637601
0.0637512
0.0637422
0.0637332
0.0637241
0.063715
0.0637059
0.0636967
0.0636874
0.0636782
0.0636688
0.0636594
0.06365
0.0636405
0.063631
0.0636215
0.0636119
0.0636022
0.0635925
0.0635828
0.063573
0.0635632
0.0635533
0.0635434
0.0635334
0.0635234
0.0635134
0.0635033
0.0634932
0.063483
0.0634729
0.0634624
0.0634524
0.0634417
0.0634317
0.0634213
0.0634098
0.0633999
0.0645473
0.0645439
0.0645412
0.064539
0.0645364
0.0645336
0.0645309
0.0645282
0.0645253
0.0645223
0.0645193
0.0645163
0.0645132
0.06451
0.0645068
0.0645036
0.0645003
0.0644969
0.0644936
0.0644901
0.0644866
0.0644831
0.0644795
0.0644758
0.0644721
0.0644684
0.0644646
0.0644608
0.064457
0.0644531
0.0644493
0.0644455
0.0644415
0.0644376
0.0644336
0.0644296
0.0644255
0.0644214
0.0644172
0.064413
0.0644087
0.0644044
0.0644
0.0643956
0.0643911
0.0643866
0.064382
0.0643774
0.0643728
0.064368
0.0643633
0.0643585
0.0643536
0.0643488
0.0643438
0.0643388
0.0643338
0.0643287
0.0643236
0.0643184
0.0643131
0.0643079
0.0643025
0.0642972
0.0642918
0.0642863
0.0642808
0.0642752
0.0642696
0.064264
0.0642582
0.0642525
0.0642467
0.0642409
0.064235
0.064229
0.064223
0.064217
0.0642109
0.0642048
0.0641986
0.0641924
0.0641861
0.0641798
0.0641734
0.064167
0.0641606
0.064154
0.0641475
0.0641409
0.0641342
0.0641275
0.0641208
0.064114
0.0641072
0.0641003
0.0640934
0.0640864
0.0640793
0.0640723
0.0640652
0.064058
0.0640508
0.0640435
0.0640362
0.0640289
0.0640215
0.064014
0.0640065
0.063999
0.0639914
0.0639837
0.0639761
0.0639683
0.0639606
0.0639527
0.0639449
0.063937
0.063929
0.063921
0.0639129
0.0639048
0.0638967
0.0638885
0.0638803
0.063872
0.0638637
0.0638553
0.0638469
0.0638384
0.0638299
0.0638213
0.0638127
0.0638041
0.0637954
0.0637866
0.0637778
0.063769
0.0637601
0.0637512
0.0637422
0.0637332
0.0637241
0.063715
0.0637059
0.0636967
0.0636874
0.0636781
0.0636688
0.0636594
0.06365
0.0636405
0.063631
0.0636215
0.0636119
0.0636022
0.0635925
0.0635828
0.063573
0.0635632
0.0635533
0.0635434
0.0635334
0.0635234
0.0635134
0.0635033
0.0634932
0.063483
0.0634729
0.0634624
0.0634525
0.0634417
0.0634318
0.0634214
0.0634099
0.0634002
0.0645444
0.0645413
0.0645384
0.0645363
0.0645338
0.064531
0.0645282
0.0645253
0.0645223
0.0645193
0.0645163
0.0645132
0.06451
0.0645068
0.0645036
0.0645003
0.0644969
0.0644935
0.0644901
0.0644866
0.0644831
0.0644795
0.0644758
0.0644721
0.0644684
0.0644646
0.0644608
0.064457
0.0644531
0.0644493
0.0644454
0.0644415
0.0644376
0.0644336
0.0644295
0.0644255
0.0644213
0.0644172
0.0644129
0.0644087
0.0644043
0.0644
0.0643956
0.0643911
0.0643866
0.064382
0.0643774
0.0643727
0.064368
0.0643633
0.0643585
0.0643536
0.0643487
0.0643438
0.0643388
0.0643338
0.0643287
0.0643235
0.0643184
0.0643131
0.0643079
0.0643025
0.0642972
0.0642918
0.0642863
0.0642808
0.0642752
0.0642696
0.0642639
0.0642582
0.0642525
0.0642467
0.0642408
0.064235
0.064229
0.064223
0.064217
0.0642109
0.0642048
0.0641986
0.0641924
0.0641861
0.0641798
0.0641734
0.064167
0.0641605
0.064154
0.0641475
0.0641409
0.0641342
0.0641275
0.0641208
0.064114
0.0641072
0.0641003
0.0640933
0.0640864
0.0640793
0.0640723
0.0640652
0.064058
0.0640508
0.0640435
0.0640362
0.0640288
0.0640214
0.064014
0.0640065
0.063999
0.0639914
0.0639837
0.0639761
0.0639683
0.0639606
0.0639527
0.0639449
0.063937
0.063929
0.063921
0.0639129
0.0639048
0.0638967
0.0638885
0.0638803
0.063872
0.0638636
0.0638553
0.0638469
0.0638384
0.0638299
0.0638213
0.0638127
0.0638041
0.0637954
0.0637866
0.0637778
0.063769
0.0637601
0.0637512
0.0637422
0.0637332
0.0637241
0.063715
0.0637059
0.0636967
0.0636874
0.0636781
0.0636688
0.0636594
0.06365
0.0636405
0.063631
0.0636215
0.0636119
0.0636022
0.0635925
0.0635828
0.063573
0.0635632
0.0635533
0.0635434
0.0635334
0.0635234
0.0635134
0.0635033
0.0634932
0.063483
0.0634729
0.0634624
0.0634525
0.0634417
0.0634319
0.0634213
0.06341
0.0634002
0.0645418
0.0645385
0.064536
0.0645335
0.0645307
0.0645282
0.0645253
0.0645223
0.0645193
0.0645163
0.0645132
0.06451
0.0645068
0.0645036
0.0645003
0.0644969
0.0644935
0.0644901
0.0644866
0.064483
0.0644794
0.0644758
0.0644721
0.0644684
0.0644646
0.0644608
0.064457
0.0644531
0.0644493
0.0644454
0.0644415
0.0644376
0.0644336
0.0644295
0.0644254
0.0644213
0.0644171
0.0644129
0.0644086
0.0644043
0.0644
0.0643955
0.0643911
0.0643866
0.064382
0.0643774
0.0643727
0.064368
0.0643633
0.0643585
0.0643536
0.0643487
0.0643438
0.0643388
0.0643338
0.0643287
0.0643235
0.0643184
0.0643131
0.0643079
0.0643025
0.0642972
0.0642917
0.0642863
0.0642808
0.0642752
0.0642696
0.0642639
0.0642582
0.0642525
0.0642467
0.0642408
0.0642349
0.064229
0.064223
0.064217
0.0642109
0.0642048
0.0641986
0.0641924
0.0641861
0.0641798
0.0641734
0.064167
0.0641605
0.064154
0.0641475
0.0641409
0.0641342
0.0641275
0.0641208
0.064114
0.0641072
0.0641003
0.0640933
0.0640864
0.0640793
0.0640723
0.0640651
0.064058
0.0640508
0.0640435
0.0640362
0.0640288
0.0640214
0.064014
0.0640065
0.063999
0.0639914
0.0639837
0.0639761
0.0639683
0.0639606
0.0639527
0.0639449
0.0639369
0.063929
0.063921
0.0639129
0.0639048
0.0638967
0.0638885
0.0638803
0.063872
0.0638636
0.0638553
0.0638468
0.0638384
0.0638299
0.0638213
0.0638127
0.063804
0.0637953
0.0637866
0.0637778
0.063769
0.0637601
0.0637512
0.0637422
0.0637332
0.0637241
0.063715
0.0637059
0.0636967
0.0636874
0.0636781
0.0636688
0.0636594
0.06365
0.0636405
0.063631
0.0636215
0.0636119
0.0636022
0.0635925
0.0635828
0.063573
0.0635632
0.0635533
0.0635434
0.0635334
0.0635234
0.0635134
0.0635033
0.0634932
0.063483
0.0634729
0.0634624
0.0634525
0.0634416
0.0634321
0.0634214
0.0634108
0.0634007
0.0645387
0.064536
0.0645336
0.0645308
0.0645281
0.0645252
0.0645222
0.0645193
0.0645163
0.0645132
0.06451
0.0645068
0.0645036
0.0645003
0.0644969
0.0644935
0.0644901
0.0644866
0.064483
0.0644794
0.0644758
0.0644721
0.0644684
0.0644646
0.0644608
0.064457
0.0644531
0.0644493
0.0644454
0.0644415
0.0644375
0.0644335
0.0644295
0.0644254
0.0644213
0.0644171
0.0644129
0.0644086
0.0644043
0.0643999
0.0643955
0.0643911
0.0643866
0.064382
0.0643774
0.0643727
0.064368
0.0643633
0.0643585
0.0643536
0.0643487
0.0643438
0.0643388
0.0643338
0.0643287
0.0643235
0.0643184
0.0643131
0.0643078
0.0643025
0.0642972
0.0642917
0.0642863
0.0642808
0.0642752
0.0642696
0.0642639
0.0642582
0.0642525
0.0642467
0.0642408
0.0642349
0.064229
0.064223
0.064217
0.0642109
0.0642048
0.0641986
0.0641924
0.0641861
0.0641798
0.0641734
0.064167
0.0641605
0.064154
0.0641475
0.0641409
0.0641342
0.0641275
0.0641208
0.064114
0.0641072
0.0641003
0.0640933
0.0640864
0.0640793
0.0640723
0.0640651
0.064058
0.0640508
0.0640435
0.0640362
0.0640288
0.0640214
0.064014
0.0640065
0.063999
0.0639914
0.0639837
0.063976
0.0639683
0.0639605
0.0639527
0.0639449
0.0639369
0.063929
0.063921
0.0639129
0.0639048
0.0638967
0.0638885
0.0638803
0.063872
0.0638636
0.0638553
0.0638468
0.0638384
0.0638299
0.0638213
0.0638127
0.063804
0.0637953
0.0637866
0.0637778
0.063769
0.0637601
0.0637512
0.0637422
0.0637332
0.0637241
0.063715
0.0637059
0.0636967
0.0636874
0.0636781
0.0636688
0.0636594
0.06365
0.0636405
0.063631
0.0636215
0.0636118
0.0636022
0.0635925
0.0635828
0.063573
0.0635632
0.0635533
0.0635434
0.0635334
0.0635234
0.0635134
0.0635033
0.0634932
0.063483
0.0634729
0.0634624
0.0634525
0.0634417
0.0634321
0.0634214
0.0634105
0.0645395
0.0645361
0.0645328
0.0645306
0.0645282
0.0645253
0.0645222
0.0645193
0.0645163
0.0645132
0.06451
0.0645068
0.0645036
0.0645003
0.0644969
0.0644935
0.0644901
0.0644866
0.064483
0.0644794
0.0644758
0.0644721
0.0644683
0.0644646
0.0644608
0.064457
0.0644531
0.0644493
0.0644454
0.0644415
0.0644375
0.0644335
0.0644295
0.0644254
0.0644213
0.0644171
0.0644129
0.0644086
0.0644043
0.0643999
0.0643955
0.0643911
0.0643865
0.064382
0.0643774
0.0643727
0.064368
0.0643633
0.0643585
0.0643536
0.0643487
0.0643438
0.0643388
0.0643337
0.0643287
0.0643235
0.0643183
0.0643131
0.0643078
0.0643025
0.0642971
0.0642917
0.0642863
0.0642807
0.0642752
0.0642696
0.0642639
0.0642582
0.0642525
0.0642467
0.0642408
0.0642349
0.064229
0.064223
0.064217
0.0642109
0.0642048
0.0641986
0.0641924
0.0641861
0.0641798
0.0641734
0.064167
0.0641605
0.064154
0.0641475
0.0641409
0.0641342
0.0641275
0.0641208
0.064114
0.0641071
0.0641003
0.0640933
0.0640863
0.0640793
0.0640723
0.0640651
0.064058
0.0640508
0.0640435
0.0640362
0.0640288
0.0640214
0.064014
0.0640065
0.0639989
0.0639914
0.0639837
0.063976
0.0639683
0.0639605
0.0639527
0.0639449
0.0639369
0.063929
0.063921
0.0639129
0.0639048
0.0638967
0.0638885
0.0638802
0.063872
0.0638636
0.0638553
0.0638468
0.0638384
0.0638299
0.0638213
0.0638127
0.063804
0.0637953
0.0637866
0.0637778
0.063769
0.0637601
0.0637512
0.0637422
0.0637332
0.0637241
0.063715
0.0637059
0.0636967
0.0636874
0.0636781
0.0636688
0.0636594
0.06365
0.0636405
0.063631
0.0636214
0.0636118
0.0636022
0.0635925
0.0635828
0.063573
0.0635632
0.0635533
0.0635434
0.0635334
0.0635234
0.0635134
0.0635033
0.0634932
0.063483
0.0634729
0.0634624
0.0634525
0.0634417
0.063432
0.0634213
0.0634101
0.0645367
0.0645331
0.0645303
0.064528
0.0645251
0.0645222
0.0645193
0.0645162
0.0645132
0.06451
0.0645068
0.0645036
0.0645003
0.0644969
0.0644935
0.0644901
0.0644865
0.064483
0.0644794
0.0644758
0.0644721
0.0644683
0.0644646
0.0644608
0.0644569
0.0644531
0.0644492
0.0644454
0.0644414
0.0644375
0.0644335
0.0644295
0.0644254
0.0644213
0.0644171
0.0644129
0.0644086
0.0644043
0.0643999
0.0643955
0.064391
0.0643865
0.064382
0.0643774
0.0643727
0.064368
0.0643632
0.0643584
0.0643536
0.0643487
0.0643438
0.0643388
0.0643337
0.0643287
0.0643235
0.0643183
0.0643131
0.0643078
0.0643025
0.0642971
0.0642917
0.0642863
0.0642807
0.0642752
0.0642696
0.0642639
0.0642582
0.0642525
0.0642467
0.0642408
0.0642349
0.064229
0.064223
0.064217
0.0642109
0.0642048
0.0641986
0.0641924
0.0641861
0.0641798
0.0641734
0.064167
0.0641605
0.064154
0.0641475
0.0641409
0.0641342
0.0641275
0.0641208
0.064114
0.0641071
0.0641003
0.0640933
0.0640863
0.0640793
0.0640722
0.0640651
0.064058
0.0640507
0.0640435
0.0640362
0.0640288
0.0640214
0.064014
0.0640065
0.0639989
0.0639913
0.0639837
0.063976
0.0639683
0.0639605
0.0639527
0.0639448
0.0639369
0.063929
0.063921
0.0639129
0.0639048
0.0638967
0.0638885
0.0638802
0.063872
0.0638636
0.0638552
0.0638468
0.0638384
0.0638298
0.0638213
0.0638127
0.063804
0.0637953
0.0637866
0.0637778
0.063769
0.0637601
0.0637512
0.0637422
0.0637332
0.0637241
0.063715
0.0637058
0.0636966
0.0636874
0.0636781
0.0636688
0.0636594
0.06365
0.0636405
0.063631
0.0636214
0.0636118
0.0636022
0.0635925
0.0635828
0.063573
0.0635632
0.0635533
0.0635434
0.0635334
0.0635234
0.0635134
0.0635033
0.0634932
0.063483
0.0634728
0.0634625
0.0634524
0.0634417
0.0634319
0.0634212
0.06341
0.0645332
0.0645303
0.064528
0.0645251
0.0645221
0.0645193
0.0645163
0.0645132
0.0645101
0.0645068
0.0645036
0.0645003
0.0644969
0.0644935
0.06449
0.0644865
0.064483
0.0644794
0.0644757
0.064472
0.0644683
0.0644645
0.0644607
0.0644569
0.0644531
0.0644492
0.0644453
0.0644414
0.0644375
0.0644335
0.0644295
0.0644254
0.0644213
0.0644171
0.0644129
0.0644086
0.0644043
0.0643999
0.0643955
0.064391
0.0643865
0.064382
0.0643773
0.0643727
0.064368
0.0643632
0.0643584
0.0643536
0.0643487
0.0643438
0.0643388
0.0643337
0.0643286
0.0643235
0.0643183
0.0643131
0.0643078
0.0643025
0.0642971
0.0642917
0.0642862
0.0642807
0.0642752
0.0642696
0.0642639
0.0642582
0.0642525
0.0642467
0.0642408
0.0642349
0.064229
0.064223
0.064217
0.0642109
0.0642047
0.0641986
0.0641923
0.0641861
0.0641798
0.0641734
0.064167
0.0641605
0.064154
0.0641475
0.0641409
0.0641342
0.0641275
0.0641208
0.064114
0.0641071
0.0641002
0.0640933
0.0640863
0.0640793
0.0640722
0.0640651
0.064058
0.0640507
0.0640435
0.0640362
0.0640288
0.0640214
0.064014
0.0640065
0.0639989
0.0639913
0.0639837
0.063976
0.0639683
0.0639605
0.0639527
0.0639448
0.0639369
0.063929
0.063921
0.0639129
0.0639048
0.0638967
0.0638885
0.0638802
0.0638719
0.0638636
0.0638552
0.0638468
0.0638384
0.0638298
0.0638213
0.0638127
0.063804
0.0637953
0.0637866
0.0637778
0.063769
0.0637601
0.0637512
0.0637422
0.0637332
0.0637241
0.063715
0.0637058
0.0636966
0.0636874
0.0636781
0.0636688
0.0636594
0.06365
0.0636405
0.063631
0.0636214
0.0636118
0.0636022
0.0635925
0.0635828
0.063573
0.0635632
0.0635533
0.0635434
0.0635334
0.0635234
0.0635134
0.0635033
0.0634932
0.063483
0.0634728
0.0634625
0.0634524
0.0634418
0.0634318
0.0634212
0.0634099
0.0645341
0.0645303
0.0645275
0.064525
0.0645221
0.0645192
0.0645162
0.0645132
0.06451
0.0645068
0.0645035
0.0645003
0.0644969
0.0644935
0.06449
0.0644865
0.064483
0.0644794
0.0644757
0.064472
0.0644683
0.0644645
0.0644607
0.0644569
0.0644531
0.0644492
0.0644453
0.0644414
0.0644375
0.0644335
0.0644294
0.0644254
0.0644212
0.0644171
0.0644128
0.0644086
0.0644043
0.0643999
0.0643955
0.064391
0.0643865
0.0643819
0.0643773
0.0643727
0.064368
0.0643632
0.0643584
0.0643536
0.0643487
0.0643437
0.0643388
0.0643337
0.0643286
0.0643235
0.0643183
0.0643131
0.0643078
0.0643025
0.0642971
0.0642917
0.0642862
0.0642807
0.0642752
0.0642696
0.0642639
0.0642582
0.0642525
0.0642467
0.0642408
0.0642349
0.064229
0.064223
0.064217
0.0642109
0.0642047
0.0641986
0.0641923
0.0641861
0.0641797
0.0641734
0.064167
0.0641605
0.064154
0.0641474
0.0641408
0.0641342
0.0641275
0.0641208
0.064114
0.0641071
0.0641002
0.0640933
0.0640863
0.0640793
0.0640722
0.0640651
0.0640579
0.0640507
0.0640435
0.0640362
0.0640288
0.0640214
0.064014
0.0640065
0.0639989
0.0639913
0.0639837
0.063976
0.0639683
0.0639605
0.0639527
0.0639448
0.0639369
0.063929
0.063921
0.0639129
0.0639048
0.0638967
0.0638885
0.0638802
0.0638719
0.0638636
0.0638552
0.0638468
0.0638383
0.0638298
0.0638213
0.0638127
0.063804
0.0637953
0.0637866
0.0637778
0.063769
0.0637601
0.0637511
0.0637422
0.0637332
0.0637241
0.063715
0.0637058
0.0636966
0.0636874
0.0636781
0.0636688
0.0636594
0.06365
0.0636405
0.063631
0.0636214
0.0636118
0.0636022
0.0635925
0.0635828
0.063573
0.0635632
0.0635533
0.0635434
0.0635334
0.0635234
0.0635134
0.0635033
0.0634932
0.063483
0.0634728
0.0634625
0.0634523
0.0634418
0.0634317
0.0634211
0.0634099
0.0645309
0.0645275
0.0645245
0.0645221
0.0645193
0.0645162
0.0645132
0.0645101
0.0645068
0.0645035
0.0645002
0.0644969
0.0644935
0.06449
0.0644865
0.064483
0.0644794
0.0644757
0.064472
0.0644683
0.0644645
0.0644607
0.0644569
0.064453
0.0644492
0.0644453
0.0644414
0.0644374
0.0644334
0.0644294
0.0644253
0.0644212
0.064417
0.0644128
0.0644086
0.0644042
0.0643999
0.0643955
0.064391
0.0643865
0.0643819
0.0643773
0.0643727
0.064368
0.0643632
0.0643584
0.0643536
0.0643487
0.0643437
0.0643387
0.0643337
0.0643286
0.0643235
0.0643183
0.0643131
0.0643078
0.0643025
0.0642971
0.0642917
0.0642862
0.0642807
0.0642752
0.0642696
0.0642639
0.0642582
0.0642524
0.0642466
0.0642408
0.0642349
0.064229
0.064223
0.0642169
0.0642109
0.0642047
0.0641986
0.0641923
0.0641861
0.0641797
0.0641734
0.064167
0.0641605
0.064154
0.0641474
0.0641408
0.0641342
0.0641275
0.0641207
0.064114
0.0641071
0.0641002
0.0640933
0.0640863
0.0640793
0.0640722
0.0640651
0.0640579
0.0640507
0.0640435
0.0640362
0.0640288
0.0640214
0.064014
0.0640065
0.0639989
0.0639913
0.0639837
0.063976
0.0639683
0.0639605
0.0639527
0.0639448
0.0639369
0.063929
0.0639209
0.0639129
0.0639048
0.0638966
0.0638885
0.0638802
0.0638719
0.0638636
0.0638552
0.0638468
0.0638383
0.0638298
0.0638213
0.0638127
0.063804
0.0637953
0.0637866
0.0637778
0.0637689
0.0637601
0.0637511
0.0637422
0.0637332
0.0637241
0.063715
0.0637058
0.0636966
0.0636874
0.0636781
0.0636688
0.0636594
0.06365
0.0636405
0.063631
0.0636214
0.0636118
0.0636022
0.0635925
0.0635828
0.063573
0.0635631
0.0635533
0.0635434
0.0635334
0.0635234
0.0635134
0.0635033
0.0634932
0.063483
0.0634728
0.0634625
0.0634523
0.0634418
0.0634317
0.063421
0.0634099
0.0645281
0.0645245
0.0645218
0.064519
0.064516
0.0645132
0.06451
0.0645068
0.0645035
0.0645002
0.0644969
0.0644935
0.06449
0.0644865
0.0644829
0.0644793
0.0644757
0.064472
0.0644682
0.0644645
0.0644607
0.0644569
0.064453
0.0644492
0.0644453
0.0644414
0.0644374
0.0644334
0.0644294
0.0644253
0.0644212
0.064417
0.0644128
0.0644085
0.0644042
0.0643999
0.0643955
0.064391
0.0643865
0.0643819
0.0643773
0.0643727
0.064368
0.0643632
0.0643584
0.0643536
0.0643487
0.0643437
0.0643387
0.0643337
0.0643286
0.0643235
0.0643183
0.0643131
0.0643078
0.0643025
0.0642971
0.0642917
0.0642862
0.0642807
0.0642752
0.0642695
0.0642639
0.0642582
0.0642524
0.0642466
0.0642408
0.0642349
0.064229
0.064223
0.0642169
0.0642109
0.0642047
0.0641986
0.0641923
0.0641861
0.0641797
0.0641734
0.064167
0.0641605
0.064154
0.0641474
0.0641408
0.0641342
0.0641275
0.0641207
0.064114
0.0641071
0.0641002
0.0640933
0.0640863
0.0640793
0.0640722
0.0640651
0.0640579
0.0640507
0.0640435
0.0640362
0.0640288
0.0640214
0.0640139
0.0640065
0.0639989
0.0639913
0.0639837
0.063976
0.0639683
0.0639605
0.0639527
0.0639448
0.0639369
0.0639289
0.0639209
0.0639129
0.0639048
0.0638966
0.0638885
0.0638802
0.0638719
0.0638636
0.0638552
0.0638468
0.0638383
0.0638298
0.0638213
0.0638127
0.063804
0.0637953
0.0637866
0.0637778
0.0637689
0.0637601
0.0637511
0.0637422
0.0637331
0.0637241
0.063715
0.0637058
0.0636966
0.0636874
0.0636781
0.0636688
0.0636594
0.06365
0.0636405
0.063631
0.0636214
0.0636118
0.0636022
0.0635925
0.0635827
0.063573
0.0635631
0.0635533
0.0635434
0.0635334
0.0635234
0.0635134
0.0635033
0.0634931
0.063483
0.0634728
0.0634625
0.0634523
0.0634418
0.0634316
0.0634209
0.0634099
0.0645248
0.0645218
0.0645191
0.064516
0.0645132
0.06451
0.0645067
0.0645035
0.0645002
0.0644969
0.0644935
0.06449
0.0644865
0.0644829
0.0644793
0.0644757
0.064472
0.0644682
0.0644644
0.0644606
0.0644568
0.064453
0.0644491
0.0644452
0.0644413
0.0644374
0.0644334
0.0644294
0.0644253
0.0644212
0.064417
0.0644128
0.0644085
0.0644042
0.0643999
0.0643954
0.064391
0.0643865
0.0643819
0.0643773
0.0643727
0.0643679
0.0643632
0.0643584
0.0643536
0.0643487
0.0643437
0.0643387
0.0643337
0.0643286
0.0643235
0.0643183
0.0643131
0.0643078
0.0643025
0.0642971
0.0642917
0.0642862
0.0642807
0.0642751
0.0642695
0.0642639
0.0642582
0.0642524
0.0642466
0.0642408
0.0642349
0.064229
0.064223
0.0642169
0.0642109
0.0642047
0.0641985
0.0641923
0.064186
0.0641797
0.0641734
0.064167
0.0641605
0.064154
0.0641474
0.0641408
0.0641342
0.0641275
0.0641207
0.0641139
0.0641071
0.0641002
0.0640933
0.0640863
0.0640793
0.0640722
0.0640651
0.0640579
0.0640507
0.0640435
0.0640361
0.0640288
0.0640214
0.0640139
0.0640064
0.0639989
0.0639913
0.0639837
0.063976
0.0639683
0.0639605
0.0639527
0.0639448
0.0639369
0.0639289
0.0639209
0.0639129
0.0639048
0.0638966
0.0638884
0.0638802
0.0638719
0.0638636
0.0638552
0.0638468
0.0638383
0.0638298
0.0638213
0.0638127
0.063804
0.0637953
0.0637866
0.0637778
0.0637689
0.0637601
0.0637511
0.0637422
0.0637331
0.0637241
0.063715
0.0637058
0.0636966
0.0636874
0.0636781
0.0636688
0.0636594
0.06365
0.0636405
0.063631
0.0636214
0.0636118
0.0636022
0.0635925
0.0635827
0.063573
0.0635631
0.0635533
0.0635434
0.0635334
0.0635234
0.0635134
0.0635033
0.0634931
0.063483
0.0634727
0.0634625
0.0634522
0.0634418
0.0634316
0.0634208
0.06341
0.0645255
0.0645218
0.0645184
0.0645159
0.0645132
0.06451
0.0645067
0.0645035
0.0645002
0.0644969
0.0644935
0.06449
0.0644865
0.0644829
0.0644793
0.0644756
0.0644719
0.0644682
0.0644644
0.0644606
0.0644568
0.0644529
0.0644491
0.0644452
0.0644413
0.0644374
0.0644334
0.0644294
0.0644253
0.0644212
0.064417
0.0644128
0.0644085
0.0644042
0.0643998
0.0643954
0.064391
0.0643865
0.0643819
0.0643773
0.0643726
0.0643679
0.0643632
0.0643584
0.0643535
0.0643487
0.0643437
0.0643387
0.0643337
0.0643286
0.0643235
0.0643183
0.0643131
0.0643078
0.0643025
0.0642971
0.0642917
0.0642862
0.0642807
0.0642751
0.0642695
0.0642639
0.0642582
0.0642524
0.0642466
0.0642408
0.0642349
0.064229
0.064223
0.0642169
0.0642108
0.0642047
0.0641985
0.0641923
0.064186
0.0641797
0.0641734
0.0641669
0.0641605
0.064154
0.0641474
0.0641408
0.0641342
0.0641275
0.0641207
0.0641139
0.0641071
0.0641002
0.0640933
0.0640863
0.0640793
0.0640722
0.0640651
0.0640579
0.0640507
0.0640434
0.0640361
0.0640288
0.0640214
0.0640139
0.0640064
0.0639989
0.0639913
0.0639837
0.063976
0.0639683
0.0639605
0.0639527
0.0639448
0.0639369
0.0639289
0.0639209
0.0639129
0.0639048
0.0638966
0.0638884
0.0638802
0.0638719
0.0638636
0.0638552
0.0638468
0.0638383
0.0638298
0.0638213
0.0638126
0.063804
0.0637953
0.0637866
0.0637778
0.0637689
0.0637601
0.0637511
0.0637422
0.0637331
0.0637241
0.063715
0.0637058
0.0636966
0.0636874
0.0636781
0.0636688
0.0636594
0.06365
0.0636405
0.063631
0.0636214
0.0636118
0.0636022
0.0635925
0.0635827
0.063573
0.0635631
0.0635533
0.0635434
0.0635334
0.0635234
0.0635134
0.0635033
0.0634931
0.063483
0.0634727
0.0634625
0.0634522
0.0634418
0.0634316
0.0634207
0.06341
0.0645225
0.0645185
0.0645155
0.064513
0.0645099
0.0645067
0.0645035
0.0645002
0.0644969
0.0644935
0.06449
0.0644865
0.0644829
0.0644793
0.0644756
0.0644719
0.0644682
0.0644644
0.0644606
0.0644568
0.0644529
0.0644491
0.0644452
0.0644413
0.0644373
0.0644334
0.0644293
0.0644253
0.0644211
0.064417
0.0644128
0.0644085
0.0644042
0.0643998
0.0643954
0.064391
0.0643864
0.0643819
0.0643773
0.0643726
0.0643679
0.0643632
0.0643584
0.0643535
0.0643486
0.0643437
0.0643387
0.0643337
0.0643286
0.0643235
0.0643183
0.0643131
0.0643078
0.0643025
0.0642971
0.0642917
0.0642862
0.0642807
0.0642751
0.0642695
0.0642639
0.0642582
0.0642524
0.0642466
0.0642408
0.0642349
0.0642289
0.064223
0.0642169
0.0642108
0.0642047
0.0641985
0.0641923
0.064186
0.0641797
0.0641734
0.0641669
0.0641605
0.064154
0.0641474
0.0641408
0.0641342
0.0641275
0.0641207
0.0641139
0.0641071
0.0641002
0.0640933
0.0640863
0.0640793
0.0640722
0.0640651
0.0640579
0.0640507
0.0640434
0.0640361
0.0640288
0.0640214
0.0640139
0.0640064
0.0639989
0.0639913
0.0639837
0.063976
0.0639683
0.0639605
0.0639527
0.0639448
0.0639369
0.0639289
0.0639209
0.0639129
0.0639048
0.0638966
0.0638884
0.0638802
0.0638719
0.0638636
0.0638552
0.0638468
0.0638383
0.0638298
0.0638212
0.0638126
0.063804
0.0637953
0.0637865
0.0637778
0.0637689
0.06376
0.0637511
0.0637421
0.0637331
0.0637241
0.063715
0.0637058
0.0636966
0.0636874
0.0636781
0.0636687
0.0636594
0.0636499
0.0636405
0.063631
0.0636214
0.0636118
0.0636022
0.0635925
0.0635827
0.063573
0.0635631
0.0635533
0.0635434
0.0635334
0.0635234
0.0635134
0.0635033
0.0634931
0.063483
0.0634727
0.0634625
0.0634522
0.0634418
0.0634315
0.0634207
0.06341
0.0645188
0.0645155
0.064513
0.0645098
0.0645066
0.0645035
0.0645002
0.0644969
0.0644935
0.06449
0.0644864
0.0644829
0.0644793
0.0644756
0.0644719
0.0644681
0.0644644
0.0644605
0.0644567
0.0644529
0.064449
0.0644452
0.0644413
0.0644373
0.0644333
0.0644293
0.0644252
0.0644211
0.064417
0.0644128
0.0644085
0.0644042
0.0643998
0.0643954
0.0643909
0.0643864
0.0643819
0.0643773
0.0643726
0.0643679
0.0643632
0.0643584
0.0643535
0.0643486
0.0643437
0.0643387
0.0643337
0.0643286
0.0643235
0.0643183
0.0643131
0.0643078
0.0643025
0.0642971
0.0642917
0.0642862
0.0642807
0.0642751
0.0642695
0.0642639
0.0642582
0.0642524
0.0642466
0.0642408
0.0642349
0.0642289
0.064223
0.0642169
0.0642108
0.0642047
0.0641985
0.0641923
0.064186
0.0641797
0.0641733
0.0641669
0.0641605
0.064154
0.0641474
0.0641408
0.0641342
0.0641275
0.0641207
0.0641139
0.0641071
0.0641002
0.0640933
0.0640863
0.0640793
0.0640722
0.0640651
0.0640579
0.0640507
0.0640434
0.0640361
0.0640288
0.0640214
0.0640139
0.0640064
0.0639989
0.0639913
0.0639837
0.063976
0.0639683
0.0639605
0.0639527
0.0639448
0.0639369
0.0639289
0.0639209
0.0639129
0.0639048
0.0638966
0.0638884
0.0638802
0.0638719
0.0638636
0.0638552
0.0638468
0.0638383
0.0638298
0.0638212
0.0638126
0.063804
0.0637953
0.0637865
0.0637778
0.0637689
0.06376
0.0637511
0.0637421
0.0637331
0.0637241
0.063715
0.0637058
0.0636966
0.0636874
0.0636781
0.0636687
0.0636594
0.0636499
0.0636405
0.063631
0.0636214
0.0636118
0.0636022
0.0635925
0.0635827
0.063573
0.0635631
0.0635533
0.0635433
0.0635334
0.0635234
0.0635133
0.0635033
0.0634931
0.063483
0.0634727
0.0634625
0.0634522
0.0634418
0.0634315
0.0634207
0.0634099
0.0645196
0.0645156
0.0645125
0.0645097
0.0645066
0.0645034
0.0645001
0.0644968
0.0644935
0.06449
0.0644864
0.0644829
0.0644793
0.0644756
0.0644719
0.0644681
0.0644643
0.0644605
0.0644567
0.0644528
0.064449
0.0644451
0.0644412
0.0644373
0.0644333
0.0644293
0.0644252
0.0644211
0.0644169
0.0644127
0.0644085
0.0644042
0.0643998
0.0643954
0.0643909
0.0643864
0.0643819
0.0643773
0.0643726
0.0643679
0.0643632
0.0643584
0.0643535
0.0643486
0.0643437
0.0643387
0.0643337
0.0643286
0.0643234
0.0643183
0.064313
0.0643078
0.0643024
0.0642971
0.0642917
0.0642862
0.0642807
0.0642751
0.0642695
0.0642639
0.0642582
0.0642524
0.0642466
0.0642408
0.0642349
0.0642289
0.0642229
0.0642169
0.0642108
0.0642047
0.0641985
0.0641923
0.064186
0.0641797
0.0641733
0.0641669
0.0641605
0.064154
0.0641474
0.0641408
0.0641342
0.0641275
0.0641207
0.0641139
0.0641071
0.0641002
0.0640933
0.0640863
0.0640793
0.0640722
0.0640651
0.0640579
0.0640507
0.0640434
0.0640361
0.0640288
0.0640214
0.0640139
0.0640064
0.0639989
0.0639913
0.0639837
0.063976
0.0639683
0.0639605
0.0639527
0.0639448
0.0639369
0.0639289
0.0639209
0.0639129
0.0639048
0.0638966
0.0638884
0.0638802
0.0638719
0.0638636
0.0638552
0.0638468
0.0638383
0.0638298
0.0638212
0.0638126
0.063804
0.0637953
0.0637865
0.0637777
0.0637689
0.06376
0.0637511
0.0637421
0.0637331
0.0637241
0.063715
0.0637058
0.0636966
0.0636874
0.0636781
0.0636687
0.0636594
0.0636499
0.0636405
0.063631
0.0636214
0.0636118
0.0636022
0.0635925
0.0635827
0.0635729
0.0635631
0.0635533
0.0635433
0.0635334
0.0635234
0.0635133
0.0635033
0.0634931
0.063483
0.0634727
0.0634625
0.0634521
0.0634417
0.0634315
0.0634206
0.0634099
0.0645162
0.0645124
0.0645092
0.0645066
0.0645035
0.0645001
0.0644969
0.0644935
0.0644899
0.0644864
0.0644829
0.0644792
0.0644756
0.0644718
0.0644681
0.0644643
0.0644605
0.0644566
0.0644528
0.0644489
0.0644451
0.0644412
0.0644373
0.0644333
0.0644293
0.0644252
0.0644211
0.0644169
0.0644127
0.0644085
0.0644041
0.0643998
0.0643954
0.0643909
0.0643864
0.0643819
0.0643773
0.0643726
0.0643679
0.0643632
0.0643584
0.0643535
0.0643486
0.0643437
0.0643387
0.0643337
0.0643286
0.0643234
0.0643183
0.064313
0.0643078
0.0643024
0.0642971
0.0642917
0.0642862
0.0642807
0.0642751
0.0642695
0.0642639
0.0642582
0.0642524
0.0642466
0.0642408
0.0642349
0.0642289
0.0642229
0.0642169
0.0642108
0.0642047
0.0641985
0.0641923
0.064186
0.0641797
0.0641733
0.0641669
0.0641605
0.064154
0.0641474
0.0641408
0.0641341
0.0641275
0.0641207
0.0641139
0.0641071
0.0641002
0.0640933
0.0640863
0.0640793
0.0640722
0.0640651
0.0640579
0.0640507
0.0640434
0.0640361
0.0640288
0.0640214
0.0640139
0.0640064
0.0639989
0.0639913
0.0639837
0.063976
0.0639682
0.0639605
0.0639527
0.0639448
0.0639369
0.0639289
0.0639209
0.0639129
0.0639048
0.0638966
0.0638884
0.0638802
0.0638719
0.0638636
0.0638552
0.0638468
0.0638383
0.0638298
0.0638212
0.0638126
0.063804
0.0637953
0.0637865
0.0637777
0.0637689
0.06376
0.0637511
0.0637421
0.0637331
0.0637241
0.0637149
0.0637058
0.0636966
0.0636874
0.0636781
0.0636687
0.0636594
0.0636499
0.0636405
0.063631
0.0636214
0.0636118
0.0636022
0.0635925
0.0635827
0.0635729
0.0635631
0.0635533
0.0635433
0.0635334
0.0635234
0.0635133
0.0635033
0.0634931
0.063483
0.0634727
0.0634625
0.0634521
0.0634417
0.0634315
0.0634206
0.0634099
0.0645131
0.0645092
0.0645062
0.0645032
0.0645
0.0644968
0.0644935
0.0644899
0.0644864
0.0644829
0.0644792
0.0644755
0.0644718
0.064468
0.0644642
0.0644604
0.0644566
0.0644527
0.0644489
0.0644451
0.0644412
0.0644372
0.0644333
0.0644293
0.0644252
0.0644211
0.0644169
0.0644127
0.0644084
0.0644041
0.0643998
0.0643954
0.0643909
0.0643864
0.0643818
0.0643772
0.0643726
0.0643679
0.0643631
0.0643583
0.0643535
0.0643486
0.0643437
0.0643387
0.0643336
0.0643286
0.0643234
0.0643183
0.064313
0.0643078
0.0643024
0.0642971
0.0642916
0.0642862
0.0642807
0.0642751
0.0642695
0.0642638
0.0642581
0.0642524
0.0642466
0.0642408
0.0642349
0.0642289
0.0642229
0.0642169
0.0642108
0.0642047
0.0641985
0.0641923
0.064186
0.0641797
0.0641733
0.0641669
0.0641605
0.0641539
0.0641474
0.0641408
0.0641341
0.0641274
0.0641207
0.0641139
0.0641071
0.0641002
0.0640933
0.0640863
0.0640793
0.0640722
0.0640651
0.0640579
0.0640507
0.0640434
0.0640361
0.0640288
0.0640214
0.0640139
0.0640064
0.0639989
0.0639913
0.0639837
0.063976
0.0639682
0.0639605
0.0639526
0.0639448
0.0639369
0.0639289
0.0639209
0.0639128
0.0639048
0.0638966
0.0638884
0.0638802
0.0638719
0.0638636
0.0638552
0.0638468
0.0638383
0.0638298
0.0638212
0.0638126
0.063804
0.0637953
0.0637865
0.0637777
0.0637689
0.06376
0.0637511
0.0637421
0.0637331
0.0637241
0.0637149
0.0637058
0.0636966
0.0636874
0.0636781
0.0636687
0.0636594
0.0636499
0.0636405
0.063631
0.0636214
0.0636118
0.0636021
0.0635925
0.0635827
0.0635729
0.0635631
0.0635533
0.0635433
0.0635334
0.0635234
0.0635133
0.0635033
0.0634931
0.063483
0.0634727
0.0634625
0.0634521
0.0634417
0.0634315
0.0634206
0.0634099
0.0645095
0.0645063
0.0645033
0.0645
0.0644969
0.0644934
0.0644899
0.0644864
0.0644829
0.0644792
0.0644755
0.0644718
0.064468
0.0644642
0.0644604
0.0644565
0.0644527
0.0644489
0.064445
0.0644411
0.0644372
0.0644332
0.0644292
0.0644252
0.0644211
0.0644169
0.0644127
0.0644084
0.0644041
0.0643998
0.0643954
0.0643909
0.0643864
0.0643818
0.0643772
0.0643726
0.0643679
0.0643631
0.0643583
0.0643535
0.0643486
0.0643437
0.0643387
0.0643336
0.0643286
0.0643234
0.0643182
0.064313
0.0643077
0.0643024
0.0642971
0.0642916
0.0642862
0.0642807
0.0642751
0.0642695
0.0642638
0.0642581
0.0642524
0.0642466
0.0642407
0.0642349
0.0642289
0.0642229
0.0642169
0.0642108
0.0642047
0.0641985
0.0641923
0.064186
0.0641797
0.0641733
0.0641669
0.0641605
0.0641539
0.0641474
0.0641408
0.0641341
0.0641274
0.0641207
0.0641139
0.0641071
0.0641002
0.0640933
0.0640863
0.0640792
0.0640722
0.0640651
0.0640579
0.0640507
0.0640434
0.0640361
0.0640288
0.0640214
0.0640139
0.0640064
0.0639989
0.0639913
0.0639836
0.063976
0.0639682
0.0639605
0.0639526
0.0639448
0.0639369
0.0639289
0.0639209
0.0639128
0.0639047
0.0638966
0.0638884
0.0638802
0.0638719
0.0638636
0.0638552
0.0638468
0.0638383
0.0638298
0.0638212
0.0638126
0.063804
0.0637953
0.0637865
0.0637777
0.0637689
0.06376
0.0637511
0.0637421
0.0637331
0.063724
0.0637149
0.0637058
0.0636966
0.0636873
0.0636781
0.0636687
0.0636594
0.0636499
0.0636405
0.0636309
0.0636214
0.0636118
0.0636021
0.0635925
0.0635827
0.0635729
0.0635631
0.0635532
0.0635433
0.0635334
0.0635234
0.0635133
0.0635033
0.0634931
0.063483
0.0634727
0.0634625
0.0634521
0.0634417
0.0634315
0.0634206
0.0634099
0.0645103
0.0645063
0.0645026
0.0644998
0.0644969
0.0644934
0.0644898
0.0644864
0.0644829
0.0644792
0.0644755
0.0644718
0.064468
0.0644642
0.0644603
0.0644564
0.0644526
0.0644488
0.064445
0.0644411
0.0644372
0.0644332
0.0644292
0.0644252
0.064421
0.0644169
0.0644127
0.0644084
0.0644041
0.0643997
0.0643953
0.0643909
0.0643864
0.0643818
0.0643772
0.0643726
0.0643679
0.0643631
0.0643583
0.0643535
0.0643486
0.0643437
0.0643387
0.0643336
0.0643286
0.0643234
0.0643182
0.064313
0.0643077
0.0643024
0.0642971
0.0642916
0.0642862
0.0642807
0.0642751
0.0642695
0.0642638
0.0642581
0.0642524
0.0642466
0.0642407
0.0642348
0.0642289
0.0642229
0.0642169
0.0642108
0.0642047
0.0641985
0.0641923
0.064186
0.0641797
0.0641733
0.0641669
0.0641604
0.0641539
0.0641474
0.0641408
0.0641341
0.0641274
0.0641207
0.0641139
0.0641071
0.0641002
0.0640932
0.0640863
0.0640792
0.0640722
0.064065
0.0640579
0.0640507
0.0640434
0.0640361
0.0640287
0.0640213
0.0640139
0.0640064
0.0639989
0.0639913
0.0639836
0.063976
0.0639682
0.0639605
0.0639526
0.0639448
0.0639369
0.0639289
0.0639209
0.0639128
0.0639047
0.0638966
0.0638884
0.0638802
0.0638719
0.0638636
0.0638552
0.0638468
0.0638383
0.0638298
0.0638212
0.0638126
0.063804
0.0637953
0.0637865
0.0637777
0.0637689
0.06376
0.0637511
0.0637421
0.0637331
0.063724
0.0637149
0.0637058
0.0636966
0.0636873
0.0636781
0.0636687
0.0636593
0.0636499
0.0636405
0.0636309
0.0636214
0.0636118
0.0636021
0.0635925
0.0635827
0.0635729
0.0635631
0.0635532
0.0635433
0.0635334
0.0635234
0.0635133
0.0635033
0.0634931
0.063483
0.0634727
0.0634625
0.0634521
0.0634417
0.0634315
0.0634205
0.0634099
0.064507
0.0645028
0.0644995
0.0644967
0.0644933
0.0644898
0.0644864
0.0644828
0.0644791
0.0644755
0.0644717
0.0644679
0.0644641
0.0644602
0.0644564
0.0644526
0.0644488
0.0644449
0.0644411
0.0644372
0.0644332
0.0644292
0.0644251
0.064421
0.0644169
0.0644127
0.0644084
0.0644041
0.0643997
0.0643953
0.0643909
0.0643864
0.0643818
0.0643772
0.0643726
0.0643679
0.0643631
0.0643583
0.0643535
0.0643486
0.0643436
0.0643387
0.0643336
0.0643285
0.0643234
0.0643182
0.064313
0.0643077
0.0643024
0.064297
0.0642916
0.0642862
0.0642807
0.0642751
0.0642695
0.0642638
0.0642581
0.0642524
0.0642466
0.0642407
0.0642348
0.0642289
0.0642229
0.0642169
0.0642108
0.0642047
0.0641985
0.0641923
0.064186
0.0641797
0.0641733
0.0641669
0.0641604
0.0641539
0.0641474
0.0641408
0.0641341
0.0641274
0.0641207
0.0641139
0.0641071
0.0641002
0.0640932
0.0640863
0.0640792
0.0640722
0.064065
0.0640579
0.0640507
0.0640434
0.0640361
0.0640287
0.0640213
0.0640139
0.0640064
0.0639989
0.0639913
0.0639836
0.063976
0.0639682
0.0639605
0.0639526
0.0639448
0.0639369
0.0639289
0.0639209
0.0639128
0.0639047
0.0638966
0.0638884
0.0638802
0.0638719
0.0638635
0.0638552
0.0638468
0.0638383
0.0638298
0.0638212
0.0638126
0.063804
0.0637953
0.0637865
0.0637777
0.0637689
0.06376
0.0637511
0.0637421
0.0637331
0.063724
0.0637149
0.0637058
0.0636966
0.0636873
0.0636781
0.0636687
0.0636593
0.0636499
0.0636405
0.0636309
0.0636214
0.0636118
0.0636021
0.0635924
0.0635827
0.0635729
0.0635631
0.0635532
0.0635433
0.0635334
0.0635234
0.0635133
0.0635032
0.0634931
0.063483
0.0634727
0.0634625
0.0634521
0.0634417
0.0634315
0.0634205
0.0634099
0.064503
0.0644995
0.0644967
0.0644933
0.0644897
0.0644864
0.0644828
0.0644791
0.0644755
0.0644717
0.0644679
0.0644641
0.0644602
0.0644563
0.0644525
0.0644487
0.0644449
0.064441
0.0644371
0.0644332
0.0644292
0.0644251
0.064421
0.0644169
0.0644127
0.0644084
0.0644041
0.0643997
0.0643953
0.0643909
0.0643864
0.0643818
0.0643772
0.0643726
0.0643679
0.0643631
0.0643583
0.0643535
0.0643486
0.0643436
0.0643387
0.0643336
0.0643285
0.0643234
0.0643182
0.064313
0.0643077
0.0643024
0.064297
0.0642916
0.0642862
0.0642806
0.0642751
0.0642695
0.0642638
0.0642581
0.0642524
0.0642466
0.0642407
0.0642348
0.0642289
0.0642229
0.0642169
0.0642108
0.0642047
0.0641985
0.0641923
0.064186
0.0641797
0.0641733
0.0641669
0.0641604
0.0641539
0.0641474
0.0641408
0.0641341
0.0641274
0.0641207
0.0641139
0.0641071
0.0641002
0.0640932
0.0640863
0.0640792
0.0640722
0.064065
0.0640579
0.0640507
0.0640434
0.0640361
0.0640287
0.0640213
0.0640139
0.0640064
0.0639989
0.0639913
0.0639836
0.063976
0.0639682
0.0639604
0.0639526
0.0639448
0.0639368
0.0639289
0.0639209
0.0639128
0.0639047
0.0638966
0.0638884
0.0638802
0.0638719
0.0638635
0.0638552
0.0638467
0.0638383
0.0638298
0.0638212
0.0638126
0.0638039
0.0637953
0.0637865
0.0637777
0.0637689
0.06376
0.0637511
0.0637421
0.0637331
0.063724
0.0637149
0.0637058
0.0636966
0.0636873
0.063678
0.0636687
0.0636593
0.0636499
0.0636404
0.0636309
0.0636214
0.0636118
0.0636021
0.0635924
0.0635827
0.0635729
0.0635631
0.0635532
0.0635433
0.0635334
0.0635234
0.0635133
0.0635032
0.0634931
0.063483
0.0634727
0.0634625
0.0634521
0.0634417
0.0634315
0.0634205
0.0634099
0.0645039
0.0644995
0.0644961
0.0644931
0.0644897
0.0644863
0.0644828
0.0644791
0.0644754
0.0644717
0.0644679
0.064464
0.0644601
0.0644562
0.0644524
0.0644486
0.0644448
0.064441
0.0644371
0.0644332
0.0644292
0.0644251
0.064421
0.0644168
0.0644126
0.0644084
0.0644041
0.0643997
0.0643953
0.0643909
0.0643863
0.0643818
0.0643772
0.0643725
0.0643678
0.0643631
0.0643583
0.0643535
0.0643486
0.0643436
0.0643386
0.0643336
0.0643285
0.0643234
0.0643182
0.064313
0.0643077
0.0643024
0.064297
0.0642916
0.0642862
0.0642806
0.0642751
0.0642695
0.0642638
0.0642581
0.0642524
0.0642466
0.0642407
0.0642348
0.0642289
0.0642229
0.0642169
0.0642108
0.0642047
0.0641985
0.0641923
0.064186
0.0641797
0.0641733
0.0641669
0.0641604
0.0641539
0.0641474
0.0641408
0.0641341
0.0641274
0.0641207
0.0641139
0.064107
0.0641002
0.0640932
0.0640863
0.0640792
0.0640722
0.064065
0.0640579
0.0640507
0.0640434
0.0640361
0.0640287
0.0640213
0.0640139
0.0640064
0.0639988
0.0639913
0.0639836
0.0639759
0.0639682
0.0639604
0.0639526
0.0639448
0.0639368
0.0639289
0.0639209
0.0639128
0.0639047
0.0638966
0.0638884
0.0638802
0.0638719
0.0638635
0.0638552
0.0638467
0.0638383
0.0638298
0.0638212
0.0638126
0.0638039
0.0637952
0.0637865
0.0637777
0.0637689
0.06376
0.0637511
0.0637421
0.0637331
0.063724
0.0637149
0.0637058
0.0636966
0.0636873
0.063678
0.0636687
0.0636593
0.0636499
0.0636404
0.0636309
0.0636214
0.0636118
0.0636021
0.0635924
0.0635827
0.0635729
0.0635631
0.0635532
0.0635433
0.0635334
0.0635234
0.0635133
0.0635032
0.0634931
0.0634829
0.0634727
0.0634625
0.0634521
0.0634417
0.0634314
0.0634205
0.0634099
0.0645002
0.0644961
0.0644926
0.0644896
0.0644864
0.0644828
0.0644791
0.0644754
0.0644716
0.0644678
0.064464
0.06446
0.0644561
0.0644523
0.0644486
0.0644448
0.064441
0.0644371
0.0644331
0.0644291
0.0644251
0.064421
0.0644168
0.0644126
0.0644084
0.0644041
0.0643997
0.0643953
0.0643908
0.0643863
0.0643818
0.0643772
0.0643725
0.0643678
0.0643631
0.0643583
0.0643535
0.0643486
0.0643436
0.0643386
0.0643336
0.0643285
0.0643234
0.0643182
0.064313
0.0643077
0.0643024
0.064297
0.0642916
0.0642861
0.0642806
0.0642751
0.0642695
0.0642638
0.0642581
0.0642524
0.0642466
0.0642407
0.0642348
0.0642289
0.0642229
0.0642169
0.0642108
0.0642047
0.0641985
0.0641923
0.064186
0.0641797
0.0641733
0.0641669
0.0641604
0.0641539
0.0641474
0.0641408
0.0641341
0.0641274
0.0641207
0.0641139
0.064107
0.0641002
0.0640932
0.0640862
0.0640792
0.0640721
0.064065
0.0640579
0.0640506
0.0640434
0.0640361
0.0640287
0.0640213
0.0640139
0.0640064
0.0639988
0.0639913
0.0639836
0.0639759
0.0639682
0.0639604
0.0639526
0.0639448
0.0639368
0.0639289
0.0639209
0.0639128
0.0639047
0.0638966
0.0638884
0.0638801
0.0638719
0.0638635
0.0638552
0.0638467
0.0638383
0.0638298
0.0638212
0.0638126
0.0638039
0.0637952
0.0637865
0.0637777
0.0637689
0.06376
0.0637511
0.0637421
0.0637331
0.063724
0.0637149
0.0637058
0.0636966
0.0636873
0.063678
0.0636687
0.0636593
0.0636499
0.0636404
0.0636309
0.0636214
0.0636118
0.0636021
0.0635924
0.0635827
0.0635729
0.0635631
0.0635532
0.0635433
0.0635334
0.0635234
0.0635133
0.0635032
0.0634931
0.0634829
0.0634727
0.0634625
0.0634521
0.0634417
0.0634314
0.0634205
0.0634099
0.0644968
0.0644927
0.0644892
0.0644862
0.0644826
0.064479
0.0644754
0.0644716
0.0644678
0.0644639
0.0644599
0.064456
0.0644522
0.0644485
0.0644447
0.0644409
0.064437
0.0644331
0.0644291
0.0644251
0.064421
0.0644168
0.0644126
0.0644084
0.064404
0.0643997
0.0643953
0.0643908
0.0643863
0.0643818
0.0643772
0.0643725
0.0643678
0.0643631
0.0643583
0.0643534
0.0643486
0.0643436
0.0643386
0.0643336
0.0643285
0.0643234
0.0643182
0.064313
0.0643077
0.0643024
0.064297
0.0642916
0.0642861
0.0642806
0.0642751
0.0642695
0.0642638
0.0642581
0.0642524
0.0642466
0.0642407
0.0642348
0.0642289
0.0642229
0.0642169
0.0642108
0.0642046
0.0641985
0.0641922
0.064186
0.0641797
0.0641733
0.0641669
0.0641604
0.0641539
0.0641474
0.0641408
0.0641341
0.0641274
0.0641207
0.0641139
0.064107
0.0641002
0.0640932
0.0640862
0.0640792
0.0640721
0.064065
0.0640579
0.0640506
0.0640434
0.0640361
0.0640287
0.0640213
0.0640139
0.0640064
0.0639988
0.0639913
0.0639836
0.0639759
0.0639682
0.0639604
0.0639526
0.0639447
0.0639368
0.0639289
0.0639209
0.0639128
0.0639047
0.0638966
0.0638884
0.0638801
0.0638719
0.0638635
0.0638552
0.0638467
0.0638383
0.0638298
0.0638212
0.0638126
0.0638039
0.0637952
0.0637865
0.0637777
0.0637689
0.06376
0.0637511
0.0637421
0.0637331
0.063724
0.0637149
0.0637058
0.0636966
0.0636873
0.063678
0.0636687
0.0636593
0.0636499
0.0636404
0.0636309
0.0636214
0.0636118
0.0636021
0.0635924
0.0635827
0.0635729
0.0635631
0.0635532
0.0635433
0.0635334
0.0635234
0.0635133
0.0635032
0.0634931
0.0634829
0.0634727
0.0634625
0.0634521
0.0634417
0.0634314
0.0634205
0.0634099
0.0644929
0.0644893
0.0644862
0.0644826
0.0644789
0.0644754
0.0644716
0.0644678
0.0644639
0.0644598
0.0644558
0.0644521
0.0644485
0.0644447
0.0644409
0.064437
0.0644331
0.0644291
0.0644251
0.064421
0.0644168
0.0644126
0.0644083
0.064404
0.0643997
0.0643953
0.0643908
0.0643863
0.0643818
0.0643772
0.0643725
0.0643678
0.0643631
0.0643583
0.0643534
0.0643485
0.0643436
0.0643386
0.0643336
0.0643285
0.0643234
0.0643182
0.064313
0.0643077
0.0643024
0.064297
0.0642916
0.0642861
0.0642806
0.0642751
0.0642695
0.0642638
0.0642581
0.0642523
0.0642466
0.0642407
0.0642348
0.0642289
0.0642229
0.0642169
0.0642108
0.0642046
0.0641985
0.0641922
0.064186
0.0641797
0.0641733
0.0641669
0.0641604
0.0641539
0.0641474
0.0641408
0.0641341
0.0641274
0.0641207
0.0641139
0.064107
0.0641001
0.0640932
0.0640862
0.0640792
0.0640721
0.064065
0.0640579
0.0640506
0.0640434
0.0640361
0.0640287
0.0640213
0.0640139
0.0640064
0.0639988
0.0639912
0.0639836
0.0639759
0.0639682
0.0639604
0.0639526
0.0639447
0.0639368
0.0639289
0.0639209
0.0639128
0.0639047
0.0638966
0.0638884
0.0638801
0.0638719
0.0638635
0.0638551
0.0638467
0.0638383
0.0638297
0.0638212
0.0638126
0.0638039
0.0637952
0.0637865
0.0637777
0.0637689
0.06376
0.0637511
0.0637421
0.0637331
0.063724
0.0637149
0.0637058
0.0636966
0.0636873
0.063678
0.0636687
0.0636593
0.0636499
0.0636404
0.0636309
0.0636214
0.0636118
0.0636021
0.0635924
0.0635827
0.0635729
0.0635631
0.0635532
0.0635433
0.0635334
0.0635234
0.0635133
0.0635032
0.0634931
0.0634829
0.0634727
0.0634625
0.0634521
0.0634417
0.0634314
0.0634205
0.0634099
0.0644938
0.0644893
0.0644857
0.0644824
0.0644789
0.0644753
0.0644715
0.0644677
0.0644638
0.0644596
0.0644557
0.064452
0.0644484
0.0644446
0.0644408
0.064437
0.0644331
0.0644291
0.064425
0.0644209
0.0644168
0.0644126
0.0644083
0.064404
0.0643997
0.0643953
0.0643908
0.0643863
0.0643818
0.0643772
0.0643725
0.0643678
0.0643631
0.0643583
0.0643534
0.0643485
0.0643436
0.0643386
0.0643336
0.0643285
0.0643234
0.0643182
0.064313
0.0643077
0.0643024
0.064297
0.0642916
0.0642861
0.0642806
0.0642751
0.0642695
0.0642638
0.0642581
0.0642523
0.0642465
0.0642407
0.0642348
0.0642289
0.0642229
0.0642169
0.0642108
0.0642046
0.0641985
0.0641922
0.064186
0.0641796
0.0641733
0.0641669
0.0641604
0.0641539
0.0641473
0.0641407
0.0641341
0.0641274
0.0641207
0.0641139
0.064107
0.0641001
0.0640932
0.0640862
0.0640792
0.0640721
0.064065
0.0640578
0.0640506
0.0640434
0.0640361
0.0640287
0.0640213
0.0640139
0.0640064
0.0639988
0.0639912
0.0639836
0.0639759
0.0639682
0.0639604
0.0639526
0.0639447
0.0639368
0.0639289
0.0639209
0.0639128
0.0639047
0.0638966
0.0638884
0.0638801
0.0638718
0.0638635
0.0638551
0.0638467
0.0638383
0.0638297
0.0638212
0.0638126
0.0638039
0.0637952
0.0637865
0.0637777
0.0637689
0.06376
0.0637511
0.0637421
0.0637331
0.063724
0.0637149
0.0637058
0.0636966
0.0636873
0.063678
0.0636687
0.0636593
0.0636499
0.0636404
0.0636309
0.0636214
0.0636118
0.0636021
0.0635924
0.0635827
0.0635729
0.0635631
0.0635532
0.0635433
0.0635334
0.0635234
0.0635133
0.0635032
0.0634931
0.0634829
0.0634727
0.0634625
0.0634521
0.0634417
0.0634314
0.0634205
0.0634099
0.06449
0.0644856
0.0644819
0.0644788
0.0644754
0.0644714
0.0644678
0.0644638
0.0644595
0.0644555
0.0644519
0.0644483
0.0644446
0.0644408
0.064437
0.0644331
0.0644291
0.064425
0.0644209
0.0644168
0.0644126
0.0644083
0.064404
0.0643997
0.0643953
0.0643908
0.0643863
0.0643817
0.0643771
0.0643725
0.0643678
0.0643631
0.0643583
0.0643534
0.0643485
0.0643436
0.0643386
0.0643336
0.0643285
0.0643234
0.0643182
0.064313
0.0643077
0.0643024
0.064297
0.0642916
0.0642861
0.0642806
0.0642751
0.0642694
0.0642638
0.0642581
0.0642523
0.0642465
0.0642407
0.0642348
0.0642289
0.0642229
0.0642168
0.0642108
0.0642046
0.0641985
0.0641922
0.064186
0.0641796
0.0641733
0.0641669
0.0641604
0.0641539
0.0641473
0.0641407
0.0641341
0.0641274
0.0641207
0.0641139
0.064107
0.0641001
0.0640932
0.0640862
0.0640792
0.0640721
0.064065
0.0640578
0.0640506
0.0640434
0.0640361
0.0640287
0.0640213
0.0640139
0.0640064
0.0639988
0.0639912
0.0639836
0.0639759
0.0639682
0.0639604
0.0639526
0.0639447
0.0639368
0.0639289
0.0639209
0.0639128
0.0639047
0.0638966
0.0638884
0.0638801
0.0638718
0.0638635
0.0638551
0.0638467
0.0638382
0.0638297
0.0638212
0.0638126
0.0638039
0.0637952
0.0637865
0.0637777
0.0637689
0.06376
0.0637511
0.0637421
0.0637331
0.063724
0.0637149
0.0637057
0.0636966
0.0636873
0.063678
0.0636687
0.0636593
0.0636499
0.0636404
0.0636309
0.0636214
0.0636118
0.0636021
0.0635924
0.0635827
0.0635729
0.0635631
0.0635532
0.0635433
0.0635334
0.0635234
0.0635133
0.0635032
0.0634931
0.0634829
0.0634727
0.0634625
0.0634521
0.0634417
0.0634315
0.0634205
0.0634099
0.0644863
0.0644819
0.0644785
0.0644751
0.0644712
0.0644677
0.0644637
0.0644592
0.0644553
0.0644518
0.0644482
0.0644445
0.0644408
0.0644369
0.064433
0.064429
0.064425
0.0644209
0.0644168
0.0644126
0.0644083
0.064404
0.0643996
0.0643952
0.0643908
0.0643863
0.0643817
0.0643771
0.0643725
0.0643678
0.064363
0.0643582
0.0643534
0.0643485
0.0643436
0.0643386
0.0643336
0.0643285
0.0643233
0.0643182
0.0643129
0.0643077
0.0643024
0.064297
0.0642916
0.0642861
0.0642806
0.064275
0.0642694
0.0642638
0.0642581
0.0642523
0.0642465
0.0642407
0.0642348
0.0642289
0.0642229
0.0642168
0.0642107
0.0642046
0.0641984
0.0641922
0.0641859
0.0641796
0.0641733
0.0641669
0.0641604
0.0641539
0.0641473
0.0641407
0.0641341
0.0641274
0.0641206
0.0641138
0.064107
0.0641001
0.0640932
0.0640862
0.0640792
0.0640721
0.064065
0.0640578
0.0640506
0.0640434
0.064036
0.0640287
0.0640213
0.0640138
0.0640064
0.0639988
0.0639912
0.0639836
0.0639759
0.0639682
0.0639604
0.0639526
0.0639447
0.0639368
0.0639288
0.0639208
0.0639128
0.0639047
0.0638965
0.0638884
0.0638801
0.0638718
0.0638635
0.0638551
0.0638467
0.0638382
0.0638297
0.0638212
0.0638126
0.0638039
0.0637952
0.0637865
0.0637777
0.0637688
0.06376
0.063751
0.0637421
0.0637331
0.063724
0.0637149
0.0637057
0.0636965
0.0636873
0.063678
0.0636687
0.0636593
0.0636499
0.0636404
0.0636309
0.0636213
0.0636117
0.0636021
0.0635924
0.0635827
0.0635729
0.0635631
0.0635532
0.0635433
0.0635333
0.0635234
0.0635133
0.0635032
0.0634931
0.0634829
0.0634726
0.0634625
0.0634521
0.0634417
0.0634314
0.0634205
0.0634099
0.0644821
0.0644784
0.064475
0.0644711
0.0644677
0.0644636
0.0644589
0.0644549
0.0644516
0.0644481
0.0644444
0.0644406
0.0644368
0.0644329
0.064429
0.0644249
0.0644208
0.0644167
0.0644125
0.0644082
0.0644039
0.0643995
0.0643951
0.0643907
0.0643862
0.0643816
0.064377
0.0643724
0.0643677
0.0643629
0.0643582
0.0643533
0.0643484
0.0643435
0.0643385
0.0643335
0.0643284
0.0643233
0.0643181
0.0643129
0.0643076
0.0643023
0.0642969
0.0642915
0.064286
0.0642805
0.064275
0.0642693
0.0642637
0.064258
0.0642522
0.0642464
0.0642406
0.0642347
0.0642288
0.0642228
0.0642167
0.0642107
0.0642045
0.0641984
0.0641921
0.0641859
0.0641795
0.0641732
0.0641668
0.0641603
0.0641538
0.0641472
0.0641406
0.064134
0.0641273
0.0641206
0.0641138
0.0641069
0.0641
0.0640931
0.0640861
0.0640791
0.064072
0.0640649
0.0640577
0.0640505
0.0640433
0.064036
0.0640286
0.0640212
0.0640138
0.0640063
0.0639987
0.0639911
0.0639835
0.0639758
0.0639681
0.0639603
0.0639525
0.0639446
0.0639367
0.0639288
0.0639208
0.0639127
0.0639046
0.0638965
0.0638883
0.06388
0.0638718
0.0638634
0.063855
0.0638466
0.0638382
0.0638296
0.0638211
0.0638125
0.0638038
0.0637951
0.0637864
0.0637776
0.0637688
0.0637599
0.063751
0.063742
0.063733
0.0637239
0.0637148
0.0637057
0.0636965
0.0636872
0.0636779
0.0636686
0.0636592
0.0636498
0.0636403
0.0636308
0.0636213
0.0636117
0.063602
0.0635923
0.0635826
0.0635728
0.063563
0.0635531
0.0635432
0.0635333
0.0635233
0.0635132
0.0635032
0.063493
0.0634829
0.0634726
0.0634624
0.063452
0.0634416
0.0634314
0.0634205
0.0634098
0.0644823
0.0644778
0.0644737
0.0644702
0.0644671
0.0644629
0.0644579
0.064454
0.0644508
0.0644473
0.0644437
0.0644399
0.0644361
0.0644322
0.0644283
0.0644242
0.0644201
0.064416
0.0644118
0.0644075
0.0644032
0.0643989
0.0643945
0.06439
0.0643855
0.064381
0.0643764
0.0643717
0.064367
0.0643623
0.0643575
0.0643527
0.0643478
0.0643428
0.0643378
0.0643328
0.0643277
0.0643226
0.0643174
0.0643122
0.0643069
0.0643016
0.0642963
0.0642908
0.0642854
0.0642799
0.0642743
0.0642687
0.064263
0.0642573
0.0642516
0.0642458
0.06424
0.0642341
0.0642281
0.0642221
0.0642161
0.06421
0.0642039
0.0641977
0.0641915
0.0641852
0.0641789
0.0641726
0.0641661
0.0641597
0.0641532
0.0641466
0.06414
0.0641334
0.0641267
0.0641199
0.0641132
0.0641063
0.0640994
0.0640925
0.0640855
0.0640785
0.0640714
0.0640643
0.0640571
0.0640499
0.0640427
0.0640354
0.064028
0.0640206
0.0640132
0.0640057
0.0639981
0.0639905
0.0639829
0.0639752
0.0639675
0.0639597
0.0639519
0.063944
0.0639361
0.0639282
0.0639202
0.0639121
0.063904
0.0638959
0.0638877
0.0638795
0.0638712
0.0638628
0.0638545
0.063846
0.0638376
0.0638291
0.0638205
0.0638119
0.0638033
0.0637946
0.0637858
0.063777
0.0637682
0.0637593
0.0637504
0.0637414
0.0637324
0.0637234
0.0637143
0.0637051
0.0636959
0.0636867
0.0636774
0.063668
0.0636587
0.0636493
0.0636398
0.0636303
0.0636207
0.0636111
0.0636015
0.0635918
0.0635821
0.0635723
0.0635625
0.0635526
0.0635427
0.0635327
0.0635227
0.0635127
0.0635026
0.0634925
0.0634823
0.063472
0.0634619
0.0634515
0.0634411
0.0634309
0.06342
0.0634093
0.0644737
0.064469
0.064465
0.0644622
0.0644579
0.0644527
0.0644489
0.0644458
0.0644425
0.0644388
0.0644352
0.0644314
0.0644275
0.0644235
0.0644195
0.0644154
0.0644112
0.064407
0.0644028
0.0643985
0.0643942
0.0643898
0.0643853
0.0643808
0.0643763
0.0643717
0.0643671
0.0643624
0.0643576
0.0643528
0.064348
0.0643431
0.0643382
0.0643332
0.0643282
0.0643231
0.064318
0.0643128
0.0643076
0.0643024
0.064297
0.0642917
0.0642863
0.0642808
0.0642753
0.0642698
0.0642642
0.0642585
0.0642528
0.0642471
0.0642413
0.0642355
0.0642296
0.0642237
0.0642177
0.0642116
0.0642056
0.0641995
0.0641933
0.0641871
0.0641808
0.0641745
0.0641681
0.0641617
0.0641553
0.0641488
0.0641422
0.0641356
0.064129
0.0641223
0.0641156
0.0641088
0.064102
0.0640951
0.0640882
0.0640812
0.0640742
0.0640671
0.06406
0.0640528
0.0640456
0.0640384
0.0640311
0.0640237
0.0640163
0.0640089
0.0640014
0.0639939
0.0639863
0.0639787
0.063971
0.0639633
0.0639555
0.0639477
0.0639398
0.0639319
0.063924
0.063916
0.0639079
0.0638999
0.0638917
0.0638835
0.0638753
0.063867
0.0638587
0.0638503
0.0638419
0.0638335
0.063825
0.0638164
0.0638078
0.0637992
0.0637905
0.0637817
0.063773
0.0637641
0.0637553
0.0637464
0.0637374
0.0637284
0.0637193
0.0637102
0.0637011
0.0636919
0.0636827
0.0636734
0.0636641
0.0636547
0.0636453
0.0636358
0.0636263
0.0636168
0.0636072
0.0635975
0.0635879
0.0635781
0.0635684
0.0635586
0.0635487
0.0635388
0.0635289
0.0635189
0.0635088
0.0634988
0.0634886
0.0634785
0.0634682
0.063458
0.0634477
0.0634373
0.0634271
0.0634162
0.0634055
0.064439
0.0644346
0.0644322
0.0644278
0.0644222
0.0644185
0.0644157
0.0644124
0.0644089
0.0644052
0.0644015
0.0643976
0.0643937
0.0643897
0.0643857
0.0643816
0.0643774
0.0643732
0.0643689
0.0643646
0.0643603
0.0643559
0.0643514
0.0643469
0.0643424
0.0643378
0.0643331
0.0643284
0.0643237
0.0643189
0.064314
0.0643091
0.0643042
0.0642992
0.0642942
0.0642891
0.064284
0.0642788
0.0642736
0.0642683
0.064263
0.0642576
0.0642522
0.0642467
0.0642412
0.0642357
0.0642301
0.0642244
0.0642187
0.064213
0.0642072
0.0642013
0.0641954
0.0641895
0.0641835
0.0641775
0.0641714
0.0641653
0.0641591
0.0641529
0.0641466
0.0641403
0.0641339
0.0641275
0.064121
0.0641145
0.064108
0.0641014
0.0640947
0.064088
0.0640813
0.0640745
0.0640677
0.0640608
0.0640538
0.0640469
0.0640398
0.0640328
0.0640257
0.0640185
0.0640113
0.064004
0.0639967
0.0639894
0.063982
0.0639745
0.063967
0.0639595
0.0639519
0.0639443
0.0639366
0.0639289
0.0639211
0.0639133
0.0639054
0.0638975
0.0638895
0.0638815
0.0638735
0.0638654
0.0638572
0.063849
0.0638408
0.0638325
0.0638242
0.0638158
0.0638074
0.0637989
0.0637904
0.0637819
0.0637733
0.0637646
0.0637559
0.0637472
0.0637384
0.0637296
0.0637207
0.0637118
0.0637028
0.0636938
0.0636847
0.0636756
0.0636665
0.0636573
0.063648
0.0636388
0.0636294
0.06362
0.0636106
0.0636012
0.0635917
0.0635821
0.0635725
0.0635629
0.0635532
0.0635435
0.0635337
0.0635239
0.063514
0.0635041
0.0634941
0.0634841
0.0634741
0.063464
0.0634539
0.0634437
0.0634335
0.0634232
0.0634129
0.0634027
0.0633919
0.0633813
0.0642742
0.0642691
0.0642666
0.0642627
0.0642571
0.0642537
0.0642513
0.0642484
0.064245
0.0642415
0.064238
0.0642343
0.0642306
0.0642268
0.0642229
0.064219
0.064215
0.064211
0.0642069
0.0642028
0.0641987
0.0641945
0.0641902
0.0641859
0.0641815
0.0641771
0.0641727
0.0641682
0.0641636
0.0641591
0.0641544
0.0641497
0.064145
0.0641402
0.0641354
0.0641305
0.0641255
0.0641206
0.0641155
0.0641105
0.0641053
0.0641002
0.0640949
0.0640897
0.0640844
0.064079
0.0640736
0.0640681
0.0640626
0.0640571
0.0640515
0.0640458
0.0640401
0.0640344
0.0640286
0.0640228
0.0640169
0.064011
0.064005
0.0639989
0.0639929
0.0639868
0.0639806
0.0639744
0.0639681
0.0639618
0.0639554
0.063949
0.0639426
0.0639361
0.0639295
0.0639229
0.0639163
0.0639096
0.0639029
0.0638961
0.0638893
0.0638824
0.0638755
0.0638685
0.0638615
0.0638544
0.0638473
0.0638402
0.063833
0.0638257
0.0638184
0.0638111
0.0638037
0.0637963
0.0637888
0.0637812
0.0637737
0.063766
0.0637584
0.0637507
0.0637429
0.0637351
0.0637272
0.0637193
0.0637114
0.0637034
0.0636954
0.0636873
0.0636791
0.063671
0.0636627
0.0636545
0.0636462
0.0636378
0.0636294
0.0636209
0.0636124
0.0636039
0.0635953
0.0635867
0.063578
0.0635693
0.0635605
0.0635517
0.0635428
0.0635339
0.063525
0.063516
0.0635069
0.0634978
0.0634887
0.0634795
0.0634703
0.063461
0.0634517
0.0634424
0.063433
0.0634235
0.063414
0.0634045
0.0633949
0.0633853
0.0633756
0.0633659
0.0633562
0.0633464
0.0633365
0.0633266
0.0633167
0.0633067
0.0632968
0.0632866
0.0632765
0.0632665
0.0632559
0.0632455
0.0634953
0.0634933
0.0634899
0.0634857
0.0634836
0.0634822
0.06348
0.0634773
0.0634745
0.0634717
0.0634687
0.0634658
0.0634627
0.0634597
0.0634565
0.0634534
0.0634501
0.0634469
0.0634435
0.0634402
0.0634368
0.0634333
0.0634298
0.0634262
0.0634226
0.063419
0.0634153
0.0634115
0.0634077
0.0634039
0.0634
0.063396
0.0633921
0.063388
0.0633839
0.0633798
0.0633756
0.0633714
0.0633671
0.0633628
0.0633584
0.063354
0.0633495
0.063345
0.0633404
0.0633358
0.0633312
0.0633265
0.0633217
0.0633169
0.0633121
0.0633072
0.0633022
0.0632972
0.0632922
0.0632871
0.063282
0.0632768
0.0632716
0.0632663
0.063261
0.0632556
0.0632502
0.0632447
0.0632392
0.0632337
0.0632281
0.0632224
0.0632167
0.063211
0.0632052
0.0631993
0.0631934
0.0631875
0.0631815
0.0631755
0.0631694
0.0631633
0.0631571
0.0631509
0.0631446
0.0631383
0.063132
0.0631256
0.0631191
0.0631126
0.0631061
0.0630995
0.0630928
0.0630861
0.0630794
0.0630726
0.0630658
0.0630589
0.063052
0.0630451
0.0630381
0.063031
0.0630239
0.0630167
0.0630096
0.0630023
0.062995
0.0629877
0.0629803
0.0629729
0.0629654
0.0629579
0.0629503
0.0629427
0.0629351
0.0629274
0.0629196
0.0629118
0.062904
0.0628961
0.0628882
0.0628802
0.0628722
0.0628641
0.062856
0.0628479
0.0628397
0.0628314
0.0628231
0.0628148
0.0628064
0.062798
0.0627895
0.062781
0.0627725
0.0627639
0.0627552
0.0627465
0.0627378
0.062729
0.0627202
0.0627113
0.0627024
0.0626935
0.0626845
0.0626754
0.0626663
0.0626572
0.062648
0.0626388
0.0626295
0.0626202
0.062611
0.0626012
0.0625916
0.0604681
0.0604675
0.0604669
0.0604687
0.06047
0.0604699
0.0604693
0.0604688
0.0604683
0.0604678
0.0604672
0.0604666
0.0604659
0.0604653
0.0604646
0.0604638
0.060463
0.0604622
0.0604613
0.0604603
0.0604593
0.0604583
0.0604572
0.0604561
0.0604549
0.0604537
0.0604524
0.0604511
0.0604497
0.0604483
0.0604469
0.0604454
0.0604438
0.0604422
0.0604406
0.0604389
0.0604371
0.0604353
0.0604335
0.0604316
0.0604296
0.0604277
0.0604256
0.0604236
0.0604214
0.0604193
0.060417
0.0604148
0.0604124
0.0604101
0.0604077
0.0604052
0.0604027
0.0604001
0.0603975
0.0603949
0.0603922
0.0603895
0.0603867
0.0603838
0.0603809
0.060378
0.060375
0.060372
0.0603689
0.0603658
0.0603626
0.0603594
0.0603562
0.0603529
0.0603495
0.0603461
0.0603426
0.0603391
0.0603356
0.060332
0.0603284
0.0603247
0.060321
0.0603172
0.0603133
0.0603095
0.0603056
0.0603016
0.0602976
0.0602935
0.0602894
0.0602853
0.0602811
0.0602768
0.0602725
0.0602682
0.0602638
0.0602594
0.0602549
0.0602503
0.0602458
0.0602412
0.0602365
0.0602318
0.060227
0.0602222
0.0602174
0.0602125
0.0602075
0.0602026
0.0601975
0.0601924
0.0601873
0.0601822
0.0601769
0.0601717
0.0601664
0.060161
0.0601556
0.0601502
0.0601447
0.0601392
0.0601336
0.0601279
0.0601223
0.0601166
0.0601108
0.060105
0.0600991
0.0600933
0.0600873
0.0600813
0.0600753
0.0600692
0.0600631
0.0600569
0.0600507
0.0600445
0.0600382
0.0600319
0.0600255
0.060019
0.0600126
0.0600061
0.0599995
0.0599929
0.0599863
0.0599795
0.0599729
0.059966
0.0599592
0.0599525
0.0599452
0.059938
0.0508789
0.0508866
0.050895
0.0509012
0.0509054
0.0509094
0.0509136
0.050918
0.0509225
0.0509269
0.0509313
0.0509358
0.0509402
0.0509445
0.0509489
0.0509531
0.0509574
0.0509616
0.0509658
0.0509699
0.050974
0.050978
0.050982
0.0509859
0.0509898
0.0509936
0.0509974
0.0510012
0.0510049
0.0510085
0.0510122
0.0510157
0.0510192
0.0510227
0.0510261
0.0510295
0.0510328
0.0510361
0.0510393
0.0510425
0.0510456
0.0510487
0.0510518
0.0510548
0.0510577
0.0510606
0.0510635
0.0510663
0.051069
0.0510717
0.0510744
0.051077
0.0510796
0.0510821
0.0510846
0.051087
0.0510894
0.0510917
0.051094
0.0510962
0.0510984
0.0511006
0.0511026
0.0511047
0.0511067
0.0511086
0.0511106
0.0511124
0.0511142
0.051116
0.0511177
0.0511194
0.051121
0.0511226
0.0511241
0.0511256
0.051127
0.0511284
0.0511297
0.051131
0.0511323
0.0511335
0.0511346
0.0511358
0.0511368
0.0511378
0.0511388
0.0511397
0.0511406
0.0511414
0.0511422
0.0511429
0.0511436
0.0511443
0.0511449
0.0511454
0.0511459
0.0511464
0.0511468
0.0511471
0.0511475
0.0511477
0.051148
0.0511481
0.0511483
0.0511484
0.0511484
0.0511484
0.0511483
0.0511482
0.0511481
0.0511479
0.0511477
0.0511474
0.0511471
0.0511467
0.0511463
0.0511458
0.0511453
0.0511448
0.0511442
0.0511435
0.0511429
0.0511421
0.0511414
0.0511405
0.0511397
0.0511388
0.0511378
0.0511368
0.0511358
0.0511347
0.0511335
0.0511324
0.0511311
0.0511299
0.0511286
0.0511272
0.0511258
0.0511244
0.0511229
0.0511214
0.0511197
0.0511182
0.0511165
0.0511148
0.0511131
0.0511112
0.051109
0.027074
0.0270865
0.0270976
0.0271056
0.0271124
0.0271196
0.0271272
0.0271349
0.0271426
0.0271503
0.0271581
0.0271658
0.0271735
0.0271811
0.0271887
0.0271963
0.0272039
0.0272114
0.0272188
0.0272262
0.0272336
0.0272409
0.0272482
0.0272555
0.0272626
0.0272698
0.0272769
0.0272839
0.0272909
0.0272979
0.0273048
0.0273116
0.0273185
0.0273252
0.0273319
0.0273386
0.0273452
0.0273518
0.0273583
0.0273648
0.0273713
0.0273776
0.027384
0.0273903
0.0273965
0.0274027
0.0274089
0.027415
0.027421
0.027427
0.027433
0.0274389
0.0274448
0.0274506
0.0274564
0.0274621
0.0274678
0.0274734
0.027479
0.0274845
0.02749
0.0274954
0.0275008
0.0275062
0.0275115
0.0275167
0.0275219
0.0275271
0.0275322
0.0275372
0.0275423
0.0275472
0.0275521
0.027557
0.0275618
0.0275666
0.0275714
0.027576
0.0275807
0.0275853
0.0275898
0.0275943
0.0275988
0.0276032
0.0276075
0.0276118
0.0276161
0.0276203
0.0276245
0.0276286
0.0276327
0.0276367
0.0276407
0.0276446
0.0276485
0.0276523
0.0276561
0.0276599
0.0276636
0.0276672
0.0276709
0.0276744
0.0276779
0.0276814
0.0276848
0.0276882
0.0276915
0.0276948
0.0276981
0.0277013
0.0277044
0.0277075
0.0277106
0.0277136
0.0277166
0.0277195
0.0277224
0.0277252
0.027728
0.0277307
0.0277334
0.027736
0.0277387
0.0277412
0.0277437
0.0277462
0.0277486
0.027751
0.0277533
0.0277556
0.0277578
0.02776
0.0277622
0.0277643
0.0277664
0.0277684
0.0277704
0.0277723
0.0277742
0.027776
0.0277778
0.0277796
0.0277813
0.027783
0.0277846
0.0277861
0.0277876
0.0277892
0.0277902
)
;

boundaryField
{
    inlet
    {
        type            calculated;
        value           nonuniform List<scalar> 0();
    }
    outlet
    {
        type            calculated;
        value           nonuniform List<scalar> 0();
    }
    lowerWall
    {
        type            calculated;
        value           nonuniform List<scalar> 0();
    }
    upperWall
    {
        type            calculated;
        value           uniform 0;
    }
    frontAndBack
    {
        type            calculated;
        value           uniform 0;
    }
    procBoundary10to1
    {
        type            processor;
        value           nonuniform List<scalar> 
36
(
0.0645684
0.0645662
0.064563
0.0645609
0.0645589
0.0645566
0.0645543
0.0645519
0.0645495
0.064547
0.0645445
0.0645419
0.0645392
0.0645365
0.0645338
0.064531
0.0645282
0.0645253
0.0645224
0.0645194
0.0645163
0.0645132
0.0645101
0.0645069
0.0645037
0.0645004
0.0644971
0.0644937
0.0644903
0.0644867
0.0644835
0.0644794
0.0644763
0.0644722
0.0644682
0.0644654
)
;
    }
    procBoundary10to4
    {
        type            processor;
        value           nonuniform List<scalar> 
85
(
0.0645691
0.0645685
0.0645685
0.0645682
0.0645667
0.0645667
0.0645638
0.0645638
0.0645611
0.0645611
0.0645611
0.0645592
0.0645592
0.0645569
0.0645569
0.0645569
0.0645546
0.0645546
0.0645521
0.0645521
0.0645495
0.0645495
0.0645495
0.0645472
0.0645472
0.0645447
0.0645447
0.0645419
0.0645419
0.0645419
0.0645395
0.0645395
0.0645369
0.0645369
0.0645368
0.0645341
0.0645341
0.0645313
0.0645313
0.0645282
0.0645282
0.0645283
0.0645257
0.0645257
0.0645227
0.0645227
0.0645228
0.0645198
0.0645198
0.0645166
0.0645166
0.0645132
0.0645132
0.0645134
0.0645105
0.0645105
0.0645072
0.0645072
0.0645073
0.0645041
0.0645041
0.0645006
0.0645006
0.064497
0.064497
0.0644972
0.064494
0.064494
0.0644904
0.0644904
0.0644865
0.0644865
0.064486
0.0644776
0.0644776
0.0644436
0.0644436
0.0642778
0.0634994
0.0634994
0.0604676
0.0604676
0.0508724
0.0508724
0.0270628
)
;
    }
    procBoundary10to5
    {
        type            processor;
        value           nonuniform List<scalar> 
51
(
0.0633882
0.0633882
0.0633882
0.0633882
0.0633882
0.0633882
0.0633882
0.0633882
0.0633881
0.0633881
0.063388
0.0633879
0.0633876
0.0633874
0.0633869
0.0633859
0.0634002
0.0634002
0.0634
0.0633997
0.0633995
0.0633993
0.0633991
0.063399
0.063399
0.0633989
0.0633989
0.0633989
0.0633989
0.0633988
0.0633988
0.0633988
0.0633988
0.0633988
0.0633988
0.0633988
0.0633988
0.0633988
0.0633988
0.0633988
0.0633988
0.0633988
0.0633988
0.0633983
0.0633946
0.0633704
0.0632348
0.0625818
0.0599307
0.0511066
0.0277907
)
;
    }
    procBoundary10to7
    {
        type            processor;
        value           nonuniform List<scalar> 
149
(
0.0644597
0.0644554
0.0644533
0.06445
0.0644458
0.0644418
0.0644379
0.0644339
0.0644299
0.0644257
0.0644216
0.0644174
0.0644132
0.0644089
0.0644045
0.0644002
0.0643957
0.0643913
0.0643867
0.0643822
0.0643776
0.0643729
0.0643682
0.0643634
0.0643586
0.0643538
0.0643489
0.0643439
0.0643389
0.0643339
0.0643288
0.0643237
0.0643185
0.0643133
0.064308
0.0643027
0.0642973
0.0642919
0.0642864
0.0642809
0.0642753
0.0642697
0.0642641
0.0642584
0.0642526
0.0642468
0.064241
0.0642351
0.0642291
0.0642231
0.0642171
0.064211
0.0642049
0.0641987
0.0641925
0.0641862
0.0641799
0.0641735
0.0641671
0.0641607
0.0641542
0.0641476
0.064141
0.0641343
0.0641276
0.0641209
0.0641141
0.0641073
0.0641004
0.0640935
0.0640865
0.0640795
0.0640724
0.0640653
0.0640581
0.0640509
0.0640436
0.0640363
0.064029
0.0640216
0.0640141
0.0640066
0.0639991
0.0639915
0.0639839
0.0639762
0.0639684
0.0639607
0.0639528
0.063945
0.0639371
0.0639291
0.0639211
0.063913
0.0639049
0.0638968
0.0638886
0.0638804
0.0638721
0.0638638
0.0638554
0.063847
0.0638385
0.06383
0.0638214
0.0638128
0.0638042
0.0637955
0.0637867
0.0637779
0.0637691
0.0637602
0.0637513
0.0637423
0.0637333
0.0637242
0.0637151
0.063706
0.0636968
0.0636875
0.0636782
0.0636689
0.0636595
0.0636501
0.0636406
0.0636311
0.0636216
0.0636119
0.0636023
0.0635926
0.0635829
0.0635731
0.0635633
0.0635534
0.0635435
0.0635335
0.0635235
0.0635134
0.0635033
0.0634932
0.063483
0.0634728
0.0634625
0.0634522
0.0634418
0.0634313
0.0634211
0.0634101
0.0633994
)
;
    }
}


// ************************************************************************* //
