/*--------------------------------*- C++ -*----------------------------------*\
| =========                 |                                                 |
| \\      /  F ield         | OpenFOAM: The Open Source CFD Toolbox           |
|  \\    /   O peration     | Version:  2512                                  |
|   \\  /    A nd           | Website:  www.openfoam.com                      |
|    \\/     M anipulation  |                                                 |
\*---------------------------------------------------------------------------*/
FoamFile
{
    version     2.0;
    format      ascii;
    arch        "LSB;label=32;scalar=64";
    class       volScalarField;
    location    "0.1";
    object      p;
}
// * * * * * * * * * * * * * * * * * * * * * * * * * * * * * * * * * * * * * //

dimensions      [1 -1 -2 0 0 0 0];

internalField   nonuniform List<scalar> 
8333
(
-293.492
-297.731
-298.223
-298.717
-299.213
-299.71
-300.208
-300.707
-301.208
-301.71
-302.213
-302.718
-303.224
-303.732
-304.24
-304.75
-305.262
-305.774
-306.288
-306.804
-307.32
-307.838
-308.357
-308.878
-309.4
-309.923
-310.447
-310.973
-311.5
-312.028
-312.558
-313.089
-313.621
-314.154
-314.689
-315.225
-315.762
-316.301
-316.841
-317.382
-317.924
-318.468
-319.013
-319.559
-320.107
-320.655
-321.206
-321.757
-322.309
-322.863
-323.418
-323.975
-324.532
-325.091
-325.651
-326.213
-326.775
-327.339
-327.904
-328.47
-329.038
-329.607
-330.177
-330.748
-331.32
-331.894
-332.469
-333.045
-333.623
-334.201
-334.781
-335.362
-335.944
-336.528
-337.113
-337.698
-338.286
-338.874
-339.463
-340.054
-340.646
-341.239
-341.833
-342.429
-343.025
-343.623
-344.222
-344.822
-345.424
-346.026
-346.63
-347.235
-347.841
-348.448
-349.057
-349.666
-350.277
-350.889
-351.502
-352.116
-352.732
-353.348
-353.966
-354.585
-355.204
-355.825
-356.448
-357.071
-357.695
-358.321
-358.948
-359.576
-360.205
-360.835
-361.466
-362.098
-362.732
-363.366
-364.002
-364.638
-365.276
-365.915
-366.555
-367.196
-367.838
-368.482
-369.126
-369.771
-370.418
-371.066
-371.714
-372.364
-373.015
-373.667
-374.319
-374.973
-375.628
-376.284
-376.942
-377.6
-378.259
-378.919
-379.58
-380.243
-380.906
-381.57
-382.236
-382.902
-383.57
-384.238
-301.969
-302.462
-302.956
-303.451
-303.948
-304.446
-304.946
-305.446
-305.948
-306.452
-306.957
-307.463
-307.97
-308.479
-308.989
-309.5
-310.013
-310.527
-311.042
-311.559
-312.076
-312.596
-313.116
-313.638
-314.161
-314.685
-315.211
-315.738
-316.266
-316.796
-317.327
-317.859
-318.392
-318.927
-319.463
-320.001
-320.539
-321.079
-321.62
-322.163
-322.706
-323.251
-323.797
-324.345
-324.894
-325.444
-325.995
-326.548
-327.101
-327.657
-328.213
-328.77
-329.329
-329.889
-330.451
-331.013
-331.577
-332.142
-332.709
-333.276
-333.845
-334.415
-334.986
-335.559
-336.132
-336.707
-337.283
-337.861
-338.439
-339.019
-339.6
-340.183
-340.766
-341.351
-341.937
-342.524
-343.112
-343.702
-344.292
-344.884
-345.477
-346.072
-346.667
-347.264
-347.861
-348.46
-349.061
-349.662
-350.265
-350.868
-351.473
-352.079
-352.687
-353.295
-353.905
-354.515
-355.127
-355.74
-356.354
-356.97
-357.586
-358.204
-358.823
-359.443
-360.064
-360.686
-361.309
-361.934
-362.559
-363.186
-363.814
-364.443
-365.073
-365.704
-366.336
-366.97
-367.604
-368.24
-368.877
-369.514
-370.153
-370.793
-371.434
-372.077
-372.72
-373.364
-374.01
-374.656
-375.304
-375.952
-376.602
-377.253
-377.905
-378.558
-379.212
-379.867
-380.523
-381.18
-381.838
-382.497
-383.157
-383.819
-384.481
-385.144
-385.809
-386.474
-387.14
-387.808
-388.476
-389.145
-306.207
-306.699
-307.193
-307.689
-308.186
-308.684
-309.183
-309.684
-310.186
-310.69
-311.194
-311.7
-312.208
-312.717
-313.227
-313.738
-314.251
-314.765
-315.28
-315.796
-316.314
-316.834
-317.354
-317.876
-318.399
-318.923
-319.449
-319.976
-320.504
-321.034
-321.565
-322.097
-322.63
-323.165
-323.701
-324.239
-324.777
-325.317
-325.858
-326.401
-326.944
-327.489
-328.035
-328.583
-329.132
-329.682
-330.233
-330.786
-331.339
-331.895
-332.451
-333.008
-333.567
-334.127
-334.689
-335.251
-335.815
-336.38
-336.947
-337.514
-338.083
-338.653
-339.224
-339.797
-340.37
-340.945
-341.522
-342.099
-342.678
-343.257
-343.838
-344.421
-345.004
-345.589
-346.175
-346.762
-347.35
-347.94
-348.53
-349.122
-349.715
-350.31
-350.905
-351.502
-352.1
-352.699
-353.299
-353.9
-354.503
-355.106
-355.711
-356.317
-356.925
-357.533
-358.143
-358.753
-359.365
-359.978
-360.592
-361.208
-361.824
-362.442
-363.061
-363.681
-364.302
-364.924
-365.547
-366.172
-366.797
-367.424
-368.052
-368.681
-369.311
-369.942
-370.574
-371.208
-371.842
-372.478
-373.115
-373.752
-374.391
-375.031
-375.672
-376.315
-376.958
-377.602
-378.248
-378.894
-379.542
-380.19
-380.84
-381.491
-382.143
-382.796
-383.45
-384.105
-384.761
-385.418
-386.076
-386.735
-387.395
-388.057
-388.719
-389.382
-390.047
-390.712
-391.378
-392.046
-392.714
-393.383
-310.445
-310.938
-311.432
-311.927
-312.424
-312.922
-313.422
-313.923
-314.425
-314.928
-315.433
-315.939
-316.446
-316.955
-317.465
-317.976
-318.489
-319.003
-319.518
-320.035
-320.553
-321.072
-321.592
-322.114
-322.637
-323.162
-323.687
-324.214
-324.743
-325.272
-325.803
-326.335
-326.869
-327.403
-327.939
-328.477
-329.015
-329.555
-330.096
-330.639
-331.182
-331.727
-332.274
-332.821
-333.37
-333.92
-334.471
-335.024
-335.578
-336.133
-336.689
-337.247
-337.805
-338.366
-338.927
-339.489
-340.053
-340.618
-341.185
-341.752
-342.321
-342.891
-343.462
-344.035
-344.609
-345.183
-345.76
-346.337
-346.916
-347.495
-348.077
-348.659
-349.242
-349.827
-350.413
-351
-351.588
-352.178
-352.768
-353.36
-353.953
-354.548
-355.143
-355.74
-356.338
-356.937
-357.537
-358.138
-358.741
-359.345
-359.949
-360.556
-361.163
-361.771
-362.381
-362.991
-363.603
-364.216
-364.831
-365.446
-366.062
-366.68
-367.299
-367.919
-368.54
-369.162
-369.785
-370.41
-371.035
-371.662
-372.29
-372.919
-373.549
-374.18
-374.812
-375.446
-376.08
-376.716
-377.353
-377.991
-378.629
-379.269
-379.911
-380.553
-381.196
-381.84
-382.486
-383.132
-383.78
-384.429
-385.078
-385.729
-386.381
-387.034
-387.688
-388.343
-388.999
-389.656
-390.314
-390.973
-391.634
-392.295
-392.957
-393.62
-394.285
-394.95
-395.617
-396.284
-396.952
-397.621
-398.292
-314.683
-315.176
-315.67
-316.165
-316.662
-317.16
-317.66
-318.161
-318.663
-319.166
-319.671
-320.177
-320.684
-321.193
-321.703
-322.214
-322.727
-323.241
-323.756
-324.273
-324.791
-325.31
-325.83
-326.352
-326.875
-327.4
-327.925
-328.452
-328.981
-329.51
-330.041
-330.573
-331.107
-331.641
-332.177
-332.715
-333.253
-333.793
-334.334
-334.877
-335.421
-335.965
-336.512
-337.059
-337.608
-338.158
-338.709
-339.262
-339.816
-340.371
-340.927
-341.485
-342.044
-342.604
-343.165
-343.728
-344.291
-344.856
-345.423
-345.99
-346.559
-347.129
-347.7
-348.273
-348.847
-349.422
-349.998
-350.575
-351.154
-351.734
-352.315
-352.897
-353.48
-354.065
-354.651
-355.238
-355.826
-356.416
-357.006
-357.598
-358.191
-358.786
-359.381
-359.978
-360.576
-361.175
-361.775
-362.376
-362.979
-363.583
-364.188
-364.794
-365.401
-366.009
-366.619
-367.23
-367.841
-368.454
-369.069
-369.684
-370.301
-370.918
-371.537
-372.157
-372.778
-373.4
-374.023
-374.648
-375.273
-375.9
-376.528
-377.157
-377.787
-378.418
-379.051
-379.684
-380.318
-380.954
-381.591
-382.229
-382.868
-383.508
-384.149
-384.791
-385.434
-386.078
-386.724
-387.37
-388.018
-388.667
-389.316
-389.967
-390.619
-391.272
-391.926
-392.581
-393.237
-393.894
-394.552
-395.211
-395.872
-396.533
-397.195
-397.859
-398.523
-399.188
-399.855
-400.522
-401.19
-401.86
-402.53
-403.201
-318.921
-319.414
-319.908
-320.404
-320.9
-321.398
-321.898
-322.399
-322.901
-323.404
-323.909
-324.415
-324.922
-325.431
-325.941
-326.452
-326.965
-327.479
-327.994
-328.511
-329.029
-329.548
-330.068
-330.59
-331.113
-331.638
-332.164
-332.691
-333.219
-333.748
-334.279
-334.811
-335.345
-335.88
-336.416
-336.953
-337.492
-338.031
-338.573
-339.115
-339.659
-340.204
-340.75
-341.297
-341.846
-342.396
-342.947
-343.5
-344.054
-344.609
-345.165
-345.723
-346.282
-346.842
-347.403
-347.966
-348.53
-349.095
-349.661
-350.228
-350.797
-351.367
-351.939
-352.511
-353.085
-353.66
-354.236
-354.813
-355.392
-355.972
-356.553
-357.135
-357.718
-358.303
-358.889
-359.476
-360.064
-360.654
-361.245
-361.836
-362.43
-363.024
-363.619
-364.216
-364.814
-365.413
-366.013
-366.614
-367.217
-367.821
-368.426
-369.032
-369.639
-370.247
-370.857
-371.468
-372.08
-372.693
-373.307
-373.922
-374.539
-375.156
-375.775
-376.395
-377.016
-377.638
-378.262
-378.886
-379.512
-380.138
-380.766
-381.395
-382.025
-382.656
-383.289
-383.922
-384.557
-385.192
-385.829
-386.467
-387.106
-387.746
-388.387
-389.029
-389.672
-390.316
-390.962
-391.608
-392.256
-392.905
-393.554
-394.205
-394.857
-395.51
-396.164
-396.819
-397.475
-398.132
-398.79
-399.449
-400.11
-400.771
-401.433
-402.097
-402.761
-403.426
-404.093
-404.76
-405.428
-406.098
-406.768
-407.439
-408.112
-323.159
-323.652
-324.146
-324.642
-325.138
-325.637
-326.136
-326.637
-327.139
-327.642
-328.147
-328.653
-329.16
-329.669
-330.179
-330.691
-331.203
-331.717
-332.232
-332.749
-333.267
-333.786
-334.307
-334.828
-335.351
-335.876
-336.402
-336.929
-337.457
-337.986
-338.517
-339.049
-339.583
-340.118
-340.654
-341.191
-341.73
-342.269
-342.811
-343.353
-343.897
-344.442
-344.988
-345.535
-346.084
-346.634
-347.186
-347.738
-348.292
-348.847
-349.403
-349.961
-350.52
-351.08
-351.641
-352.204
-352.768
-353.333
-353.899
-354.467
-355.035
-355.605
-356.177
-356.749
-357.323
-357.898
-358.474
-359.051
-359.63
-360.21
-360.791
-361.373
-361.957
-362.541
-363.127
-363.714
-364.302
-364.892
-365.483
-366.075
-366.668
-367.262
-367.857
-368.454
-369.052
-369.651
-370.251
-370.852
-371.455
-372.059
-372.664
-373.27
-373.877
-374.485
-375.095
-375.706
-376.318
-376.931
-377.545
-378.16
-378.777
-379.394
-380.013
-380.633
-381.254
-381.876
-382.5
-383.124
-383.75
-384.376
-385.004
-385.633
-386.263
-386.894
-387.527
-388.16
-388.795
-389.43
-390.067
-390.705
-391.344
-391.984
-392.625
-393.267
-393.91
-394.555
-395.2
-395.847
-396.494
-397.143
-397.792
-398.443
-399.095
-399.748
-400.402
-401.057
-401.713
-402.37
-403.028
-403.688
-404.348
-405.009
-405.671
-406.335
-406.999
-407.664
-408.331
-408.998
-409.667
-410.336
-411.006
-411.678
-412.35
-327.397
-327.89
-328.384
-328.88
-329.377
-329.875
-330.374
-330.875
-331.377
-331.88
-332.385
-332.891
-333.399
-333.907
-334.417
-334.929
-335.441
-335.955
-336.47
-336.987
-337.505
-338.024
-338.545
-339.066
-339.59
-340.114
-340.64
-341.167
-341.695
-342.225
-342.755
-343.288
-343.821
-344.356
-344.892
-345.429
-345.968
-346.508
-347.049
-347.591
-348.135
-348.68
-349.226
-349.773
-350.322
-350.872
-351.424
-351.976
-352.53
-353.085
-353.641
-354.199
-354.758
-355.318
-355.879
-356.442
-357.006
-357.571
-358.137
-358.705
-359.273
-359.843
-360.415
-360.987
-361.561
-362.136
-362.712
-363.289
-363.868
-364.448
-365.029
-365.611
-366.195
-366.779
-367.365
-367.952
-368.541
-369.13
-369.721
-370.313
-370.906
-371.5
-372.095
-372.692
-373.29
-373.889
-374.489
-375.091
-375.693
-376.297
-376.902
-377.508
-378.115
-378.724
-379.333
-379.944
-380.556
-381.169
-381.783
-382.398
-383.015
-383.632
-384.251
-384.871
-385.492
-386.114
-386.738
-387.362
-387.988
-388.614
-389.242
-389.871
-390.501
-391.132
-391.765
-392.398
-393.033
-393.668
-394.305
-394.943
-395.582
-396.222
-396.863
-397.505
-398.148
-398.793
-399.438
-400.085
-400.732
-401.381
-402.031
-402.681
-403.333
-403.986
-404.64
-405.295
-405.951
-406.608
-407.266
-407.926
-408.586
-409.247
-409.909
-410.573
-411.237
-411.903
-412.569
-413.236
-413.905
-414.574
-415.244
-415.916
-416.588
-417.262
-331.635
-332.128
-332.622
-333.118
-333.615
-334.113
-334.612
-335.113
-335.615
-336.118
-336.623
-337.129
-337.637
-338.145
-338.655
-339.167
-339.679
-340.193
-340.709
-341.225
-341.743
-342.262
-342.783
-343.305
-343.828
-344.352
-344.878
-345.405
-345.933
-346.463
-346.994
-347.526
-348.059
-348.594
-349.13
-349.667
-350.206
-350.746
-351.287
-351.829
-352.373
-352.918
-353.464
-354.012
-354.56
-355.11
-355.662
-356.214
-356.768
-357.323
-357.879
-358.437
-358.996
-359.556
-360.117
-360.68
-361.244
-361.809
-362.375
-362.943
-363.511
-364.082
-364.653
-365.225
-365.799
-366.374
-366.95
-367.527
-368.106
-368.686
-369.267
-369.849
-370.433
-371.017
-371.603
-372.19
-372.779
-373.368
-373.959
-374.551
-375.144
-375.738
-376.334
-376.93
-377.528
-378.127
-378.727
-379.329
-379.931
-380.535
-381.14
-381.746
-382.353
-382.962
-383.571
-384.182
-384.794
-385.407
-386.021
-386.636
-387.253
-387.87
-388.489
-389.109
-389.73
-390.352
-390.976
-391.6
-392.226
-392.852
-393.48
-394.109
-394.739
-395.371
-396.003
-396.636
-397.271
-397.906
-398.543
-399.181
-399.82
-400.46
-401.101
-401.743
-402.386
-403.031
-403.676
-404.323
-404.97
-405.619
-406.269
-406.919
-407.571
-408.224
-408.878
-409.533
-410.189
-410.846
-411.505
-412.164
-412.824
-413.485
-414.148
-414.811
-415.475
-416.141
-416.807
-417.474
-418.143
-418.812
-419.483
-420.154
-420.826
-421.5
-422.175
-335.874
-336.366
-336.86
-337.356
-337.853
-338.351
-338.85
-339.351
-339.853
-340.357
-340.861
-341.367
-341.875
-342.383
-342.893
-343.405
-343.917
-344.431
-344.947
-345.463
-345.981
-346.5
-347.021
-347.543
-348.066
-348.59
-349.116
-349.643
-350.171
-350.701
-351.232
-351.764
-352.297
-352.832
-353.368
-353.905
-354.444
-354.984
-355.525
-356.067
-356.611
-357.156
-357.702
-358.25
-358.798
-359.348
-359.9
-360.452
-361.006
-361.561
-362.118
-362.675
-363.234
-363.794
-364.355
-364.918
-365.482
-366.047
-366.613
-367.181
-367.75
-368.32
-368.891
-369.463
-370.037
-370.612
-371.188
-371.766
-372.344
-372.924
-373.505
-374.087
-374.671
-375.255
-375.841
-376.428
-377.017
-377.606
-378.197
-378.789
-379.382
-379.976
-380.572
-381.168
-381.766
-382.365
-382.965
-383.567
-384.169
-384.773
-385.378
-385.984
-386.591
-387.2
-387.809
-388.42
-389.032
-389.645
-390.259
-390.874
-391.491
-392.109
-392.727
-393.347
-393.968
-394.59
-395.214
-395.838
-396.464
-397.091
-397.718
-398.347
-398.977
-399.609
-400.241
-400.874
-401.509
-402.144
-402.781
-403.419
-404.058
-404.698
-405.339
-405.981
-406.624
-407.269
-407.914
-408.561
-409.208
-409.857
-410.507
-411.157
-411.809
-412.462
-413.116
-413.771
-414.427
-415.084
-415.743
-416.402
-417.062
-417.723
-418.386
-419.049
-419.713
-420.379
-421.045
-421.712
-422.381
-423.05
-423.721
-424.392
-425.065
-425.738
-426.413
-340.112
-340.604
-341.099
-341.594
-342.091
-342.589
-343.088
-343.589
-344.091
-344.595
-345.099
-345.605
-346.113
-346.622
-347.132
-347.643
-348.156
-348.669
-349.185
-349.701
-350.219
-350.738
-351.259
-351.781
-352.304
-352.828
-353.354
-353.881
-354.409
-354.939
-355.47
-356.002
-356.535
-357.07
-357.606
-358.143
-358.682
-359.222
-359.763
-360.305
-360.849
-361.394
-361.94
-362.488
-363.037
-363.587
-364.138
-364.69
-365.244
-365.799
-366.356
-366.913
-367.472
-368.032
-368.593
-369.156
-369.72
-370.285
-370.851
-371.419
-371.988
-372.558
-373.129
-373.701
-374.275
-374.85
-375.426
-376.004
-376.582
-377.162
-377.743
-378.325
-378.909
-379.493
-380.079
-380.666
-381.255
-381.844
-382.435
-383.027
-383.62
-384.214
-384.81
-385.406
-386.004
-386.603
-387.203
-387.805
-388.407
-389.011
-389.616
-390.222
-390.829
-391.438
-392.047
-392.658
-393.27
-393.883
-394.497
-395.112
-395.729
-396.347
-396.965
-397.585
-398.206
-398.829
-399.452
-400.076
-400.702
-401.329
-401.956
-402.585
-403.215
-403.847
-404.479
-405.112
-405.747
-406.382
-407.019
-407.657
-408.296
-408.936
-409.577
-410.219
-410.862
-411.507
-412.152
-412.799
-413.446
-414.095
-414.745
-415.396
-416.047
-416.7
-417.354
-418.009
-418.665
-419.322
-419.981
-420.64
-421.3
-421.961
-422.624
-423.287
-423.951
-424.617
-425.283
-425.951
-426.619
-427.288
-427.959
-428.63
-429.303
-429.976
-430.651
-431.326
-344.35
-344.843
-345.337
-345.832
-346.329
-346.827
-347.326
-347.827
-348.329
-348.833
-349.337
-349.844
-350.351
-350.86
-351.37
-351.881
-352.394
-352.908
-353.423
-353.939
-354.457
-354.976
-355.497
-356.019
-356.542
-357.066
-357.592
-358.119
-358.647
-359.177
-359.708
-360.24
-360.773
-361.308
-361.844
-362.381
-362.92
-363.46
-364.001
-364.543
-365.087
-365.632
-366.178
-366.726
-367.275
-367.825
-368.376
-368.928
-369.482
-370.037
-370.594
-371.151
-371.71
-372.27
-372.832
-373.394
-373.958
-374.523
-375.089
-375.657
-376.226
-376.796
-377.367
-377.939
-378.513
-379.088
-379.664
-380.242
-380.82
-381.4
-381.981
-382.563
-383.147
-383.732
-384.317
-384.905
-385.493
-386.082
-386.673
-387.265
-387.858
-388.452
-389.048
-389.644
-390.242
-390.841
-391.441
-392.043
-392.645
-393.249
-393.854
-394.46
-395.067
-395.676
-396.285
-396.896
-397.508
-398.121
-398.735
-399.351
-399.967
-400.585
-401.203
-401.823
-402.444
-403.067
-403.69
-404.314
-404.94
-405.567
-406.195
-406.823
-407.454
-408.085
-408.717
-409.35
-409.985
-410.621
-411.257
-411.895
-412.534
-413.174
-413.815
-414.457
-415.101
-415.745
-416.39
-417.037
-417.684
-418.333
-418.983
-419.634
-420.285
-420.938
-421.592
-422.247
-422.903
-423.561
-424.219
-424.878
-425.538
-426.199
-426.862
-427.525
-428.189
-428.855
-429.521
-430.189
-430.857
-431.527
-432.197
-432.868
-433.541
-434.215
-434.889
-435.565
-436.241
-348.588
-349.081
-349.575
-350.07
-350.567
-351.065
-351.565
-352.065
-352.567
-353.071
-353.576
-354.082
-354.589
-355.098
-355.608
-356.119
-356.632
-357.146
-357.661
-358.177
-358.695
-359.215
-359.735
-360.257
-360.78
-361.304
-361.83
-362.357
-362.885
-363.415
-363.946
-364.478
-365.011
-365.546
-366.082
-366.619
-367.158
-367.698
-368.239
-368.781
-369.325
-369.87
-370.416
-370.964
-371.513
-372.063
-372.614
-373.167
-373.72
-374.275
-374.832
-375.389
-375.948
-376.508
-377.07
-377.632
-378.196
-378.761
-379.327
-379.895
-380.464
-381.034
-381.605
-382.178
-382.751
-383.326
-383.902
-384.48
-385.058
-385.638
-386.219
-386.801
-387.385
-387.97
-388.555
-389.143
-389.731
-390.32
-390.911
-391.503
-392.096
-392.69
-393.286
-393.882
-394.48
-395.079
-395.68
-396.281
-396.883
-397.487
-398.092
-398.698
-399.305
-399.914
-400.523
-401.134
-401.746
-402.359
-402.973
-403.589
-404.205
-404.823
-405.441
-406.061
-406.682
-407.305
-407.928
-408.552
-409.178
-409.805
-410.433
-411.062
-411.692
-412.323
-412.955
-413.588
-414.223
-414.859
-415.495
-416.133
-416.772
-417.412
-418.053
-418.695
-419.339
-419.983
-420.628
-421.275
-421.922
-422.571
-423.221
-423.872
-424.523
-425.176
-425.83
-426.485
-427.141
-427.799
-428.457
-429.116
-429.776
-430.438
-431.1
-431.763
-432.428
-433.093
-433.759
-434.427
-435.095
-435.765
-436.435
-437.107
-437.779
-438.453
-439.127
-439.803
-440.48
-441.157
-352.826
-353.319
-353.813
-354.308
-354.805
-355.303
-355.803
-356.303
-356.805
-357.309
-357.814
-358.32
-358.827
-359.336
-359.846
-360.357
-360.87
-361.384
-361.899
-362.416
-362.933
-363.453
-363.973
-364.495
-365.018
-365.542
-366.068
-366.595
-367.123
-367.653
-368.184
-368.716
-369.249
-369.784
-370.32
-370.858
-371.396
-371.936
-372.477
-373.02
-373.563
-374.108
-374.654
-375.202
-375.751
-376.301
-376.852
-377.405
-377.958
-378.513
-379.07
-379.627
-380.186
-380.746
-381.308
-381.87
-382.434
-382.999
-383.565
-384.133
-384.702
-385.272
-385.843
-386.416
-386.989
-387.564
-388.14
-388.718
-389.296
-389.876
-390.457
-391.04
-391.623
-392.208
-392.794
-393.381
-393.969
-394.558
-395.149
-395.741
-396.334
-396.928
-397.524
-398.12
-398.718
-399.317
-399.918
-400.519
-401.122
-401.725
-402.33
-402.936
-403.543
-404.152
-404.761
-405.372
-405.984
-406.597
-407.211
-407.827
-408.443
-409.061
-409.68
-410.299
-410.921
-411.543
-412.166
-412.79
-413.416
-414.043
-414.671
-415.3
-415.93
-416.561
-417.193
-417.826
-418.461
-419.097
-419.733
-420.371
-421.01
-421.65
-422.291
-422.933
-423.577
-424.221
-424.866
-425.513
-426.161
-426.809
-427.459
-428.11
-428.762
-429.414
-430.068
-430.723
-431.38
-432.037
-432.695
-433.354
-434.014
-434.676
-435.338
-436.001
-436.666
-437.331
-437.997
-438.665
-439.333
-440.003
-440.673
-441.345
-442.017
-442.691
-443.365
-444.041
-444.718
-445.395
-357.064
-357.557
-358.051
-358.546
-359.043
-359.541
-360.041
-360.541
-361.044
-361.547
-362.052
-362.558
-363.065
-363.574
-364.084
-364.595
-365.108
-365.622
-366.137
-366.654
-367.171
-367.691
-368.211
-368.733
-369.256
-369.78
-370.306
-370.833
-371.361
-371.891
-372.422
-372.954
-373.488
-374.022
-374.558
-375.096
-375.634
-376.174
-376.715
-377.258
-377.801
-378.346
-378.892
-379.44
-379.989
-380.539
-381.09
-381.643
-382.196
-382.752
-383.308
-383.865
-384.424
-384.984
-385.546
-386.108
-386.672
-387.237
-387.804
-388.371
-388.94
-389.51
-390.081
-390.654
-391.227
-391.802
-392.378
-392.956
-393.534
-394.114
-394.695
-395.278
-395.861
-396.446
-397.032
-397.619
-398.207
-398.796
-399.387
-399.979
-400.572
-401.166
-401.762
-402.359
-402.956
-403.555
-404.156
-404.757
-405.36
-405.963
-406.568
-407.174
-407.782
-408.39
-408.999
-409.61
-410.222
-410.835
-411.449
-412.065
-412.681
-413.299
-413.918
-414.537
-415.159
-415.781
-416.404
-417.029
-417.654
-418.281
-418.909
-419.538
-420.168
-420.799
-421.431
-422.065
-422.699
-423.335
-423.971
-424.609
-425.248
-425.888
-426.529
-427.171
-427.815
-428.459
-429.104
-429.751
-430.399
-431.047
-431.697
-432.348
-433
-433.652
-434.306
-434.961
-435.618
-436.275
-436.933
-437.592
-438.252
-438.914
-439.576
-440.239
-440.904
-441.569
-442.236
-442.903
-443.571
-444.241
-444.911
-445.583
-446.255
-446.929
-447.604
-448.279
-448.956
-449.634
-450.312
-361.302
-361.795
-362.289
-362.784
-363.281
-363.779
-364.279
-364.779
-365.282
-365.785
-366.29
-366.796
-367.303
-367.812
-368.322
-368.833
-369.346
-369.86
-370.375
-370.892
-371.41
-371.929
-372.449
-372.971
-373.494
-374.019
-374.544
-375.071
-375.6
-376.129
-376.66
-377.192
-377.726
-378.26
-378.796
-379.334
-379.872
-380.412
-380.953
-381.496
-382.039
-382.584
-383.131
-383.678
-384.227
-384.777
-385.328
-385.881
-386.435
-386.99
-387.546
-388.104
-388.662
-389.222
-389.784
-390.346
-390.91
-391.475
-392.042
-392.609
-393.178
-393.748
-394.319
-394.892
-395.465
-396.04
-396.616
-397.194
-397.772
-398.352
-398.933
-399.516
-400.099
-400.684
-401.27
-401.857
-402.445
-403.035
-403.625
-404.217
-404.81
-405.404
-406
-406.597
-407.194
-407.793
-408.394
-408.995
-409.598
-410.201
-410.806
-411.412
-412.02
-412.628
-413.238
-413.848
-414.46
-415.073
-415.687
-416.303
-416.919
-417.537
-418.156
-418.776
-419.397
-420.019
-420.642
-421.267
-421.892
-422.519
-423.147
-423.776
-424.406
-425.037
-425.669
-426.303
-426.937
-427.573
-428.209
-428.847
-429.486
-430.126
-430.767
-431.409
-432.053
-432.697
-433.342
-433.989
-434.637
-435.285
-435.935
-436.586
-437.238
-437.891
-438.545
-439.2
-439.856
-440.513
-441.171
-441.83
-442.49
-443.152
-443.814
-444.477
-445.142
-445.807
-446.474
-447.141
-447.809
-448.479
-449.149
-449.821
-450.494
-451.167
-451.842
-452.517
-453.194
-453.872
-454.551
-455.23
-365.54
-366.033
-366.527
-367.022
-367.519
-368.017
-368.517
-369.018
-369.52
-370.023
-370.528
-371.034
-371.541
-372.05
-372.56
-373.071
-373.584
-374.098
-374.613
-375.13
-375.648
-376.167
-376.687
-377.209
-377.732
-378.257
-378.782
-379.309
-379.838
-380.367
-380.898
-381.43
-381.964
-382.498
-383.034
-383.572
-384.11
-384.65
-385.191
-385.734
-386.277
-386.822
-387.369
-387.916
-388.465
-389.015
-389.566
-390.119
-390.673
-391.228
-391.784
-392.342
-392.9
-393.46
-394.022
-394.584
-395.148
-395.713
-396.28
-396.847
-397.416
-397.986
-398.557
-399.13
-399.703
-400.278
-400.855
-401.432
-402.011
-402.59
-403.171
-403.754
-404.337
-404.922
-405.508
-406.095
-406.683
-407.273
-407.863
-408.455
-409.048
-409.643
-410.238
-410.835
-411.432
-412.031
-412.632
-413.233
-413.836
-414.439
-415.044
-415.65
-416.258
-416.866
-417.476
-418.086
-418.698
-419.311
-419.925
-420.541
-421.157
-421.775
-422.394
-423.014
-423.635
-424.257
-424.88
-425.505
-426.13
-426.757
-427.385
-428.014
-428.644
-429.275
-429.907
-430.541
-431.175
-431.811
-432.447
-433.085
-433.724
-434.364
-435.005
-435.647
-436.291
-436.935
-437.581
-438.227
-438.875
-439.523
-440.173
-440.824
-441.476
-442.129
-442.783
-443.438
-444.094
-444.751
-445.409
-446.068
-446.728
-447.39
-448.052
-448.715
-449.38
-450.045
-450.712
-451.379
-452.048
-452.717
-453.388
-454.059
-454.732
-455.405
-456.08
-456.756
-457.432
-458.11
-458.789
-459.468
-460.149
-369.778
-370.271
-370.765
-371.26
-371.757
-372.255
-372.755
-373.256
-373.758
-374.261
-374.766
-375.272
-375.779
-376.288
-376.798
-377.309
-377.822
-378.336
-378.851
-379.368
-379.886
-380.405
-380.925
-381.447
-381.97
-382.495
-383.02
-383.547
-384.076
-384.605
-385.136
-385.668
-386.202
-386.736
-387.272
-387.81
-388.348
-388.888
-389.429
-389.972
-390.515
-391.06
-391.607
-392.154
-392.703
-393.253
-393.804
-394.357
-394.911
-395.466
-396.022
-396.58
-397.138
-397.699
-398.26
-398.822
-399.386
-399.951
-400.518
-401.085
-401.654
-402.224
-402.795
-403.368
-403.941
-404.516
-405.093
-405.67
-406.249
-406.828
-407.409
-407.992
-408.575
-409.16
-409.746
-410.333
-410.921
-411.511
-412.101
-412.693
-413.286
-413.881
-414.476
-415.073
-415.67
-416.27
-416.87
-417.471
-418.074
-418.677
-419.282
-419.888
-420.496
-421.104
-421.714
-422.324
-422.936
-423.549
-424.163
-424.779
-425.395
-426.013
-426.632
-427.252
-427.873
-428.495
-429.118
-429.743
-430.368
-430.995
-431.623
-432.252
-432.882
-433.513
-434.145
-434.779
-435.413
-436.049
-436.685
-437.323
-437.962
-438.602
-439.243
-439.885
-440.529
-441.173
-441.819
-442.465
-443.113
-443.761
-444.411
-445.062
-445.714
-446.367
-447.021
-447.676
-448.332
-448.989
-449.647
-450.306
-450.966
-451.628
-452.29
-452.953
-453.618
-454.283
-454.95
-455.617
-456.286
-456.955
-457.626
-458.297
-458.97
-459.643
-460.318
-460.994
-461.67
-462.348
-463.027
-463.707
-464.387
-374.016
-374.509
-375.003
-375.499
-375.995
-376.493
-376.993
-377.494
-377.996
-378.499
-379.004
-379.51
-380.017
-380.526
-381.036
-381.547
-382.06
-382.574
-383.089
-383.606
-384.124
-384.643
-385.163
-385.685
-386.208
-386.733
-387.258
-387.785
-388.314
-388.843
-389.374
-389.906
-390.44
-390.974
-391.51
-392.048
-392.586
-393.126
-393.667
-394.21
-394.753
-395.298
-395.845
-396.392
-396.941
-397.491
-398.042
-398.595
-399.149
-399.704
-400.26
-400.818
-401.376
-401.937
-402.498
-403.06
-403.624
-404.189
-404.756
-405.323
-405.892
-406.462
-407.033
-407.606
-408.18
-408.754
-409.331
-409.908
-410.487
-411.066
-411.647
-412.23
-412.813
-413.398
-413.984
-414.571
-415.159
-415.749
-416.339
-416.931
-417.524
-418.119
-418.714
-419.311
-419.909
-420.508
-421.108
-421.709
-422.312
-422.915
-423.52
-424.126
-424.734
-425.342
-425.952
-426.562
-427.174
-427.787
-428.401
-429.017
-429.633
-430.251
-430.87
-431.49
-432.111
-432.733
-433.356
-433.981
-434.606
-435.233
-435.861
-436.49
-437.12
-437.751
-438.383
-439.017
-439.651
-440.287
-440.924
-441.561
-442.2
-442.84
-443.481
-444.124
-444.767
-445.411
-446.057
-446.703
-447.351
-447.999
-448.649
-449.3
-449.952
-450.605
-451.259
-451.914
-452.57
-453.227
-453.885
-454.544
-455.205
-455.866
-456.528
-457.192
-457.856
-458.521
-459.188
-459.855
-460.524
-461.193
-461.864
-462.535
-463.208
-463.882
-464.556
-465.232
-465.909
-466.586
-467.265
-467.945
-468.626
-469.307
-378.254
-378.747
-379.241
-379.737
-380.233
-380.731
-381.231
-381.732
-382.234
-382.737
-383.242
-383.748
-384.255
-384.764
-385.274
-385.785
-386.298
-386.812
-387.327
-387.844
-388.362
-388.881
-389.401
-389.923
-390.446
-390.971
-391.496
-392.023
-392.552
-393.081
-393.612
-394.144
-394.678
-395.212
-395.749
-396.286
-396.824
-397.364
-397.905
-398.448
-398.991
-399.536
-400.083
-400.63
-401.179
-401.729
-402.28
-402.833
-403.387
-403.942
-404.498
-405.056
-405.615
-406.175
-406.736
-407.299
-407.862
-408.427
-408.994
-409.561
-410.13
-410.7
-411.271
-411.844
-412.418
-412.992
-413.569
-414.146
-414.725
-415.304
-415.885
-416.468
-417.051
-417.636
-418.222
-418.809
-419.397
-419.987
-420.577
-421.169
-421.762
-422.357
-422.952
-423.549
-424.147
-424.746
-425.346
-425.947
-426.55
-427.153
-427.758
-428.364
-428.972
-429.58
-430.19
-430.8
-431.412
-432.025
-432.639
-433.255
-433.871
-434.489
-435.108
-435.728
-436.349
-436.971
-437.594
-438.219
-438.844
-439.471
-440.099
-440.728
-441.358
-441.989
-442.621
-443.255
-443.889
-444.525
-445.162
-445.799
-446.438
-447.078
-447.719
-448.362
-449.005
-449.649
-450.295
-450.941
-451.589
-452.237
-452.887
-453.538
-454.19
-454.843
-455.497
-456.152
-456.808
-457.465
-458.123
-458.782
-459.443
-460.104
-460.766
-461.43
-462.094
-462.759
-463.426
-464.093
-464.762
-465.431
-466.102
-466.773
-467.446
-468.12
-468.794
-469.47
-470.147
-470.824
-471.503
-472.183
-472.864
-473.546
-474.228
-382.492
-382.985
-383.479
-383.975
-384.471
-384.97
-385.469
-385.97
-386.472
-386.975
-387.48
-387.986
-388.493
-389.002
-389.512
-390.023
-390.536
-391.05
-391.565
-392.082
-392.6
-393.119
-393.639
-394.161
-394.684
-395.209
-395.734
-396.261
-396.79
-397.319
-397.85
-398.382
-398.916
-399.451
-399.987
-400.524
-401.062
-401.602
-402.143
-402.686
-403.23
-403.774
-404.321
-404.868
-405.417
-405.967
-406.518
-407.071
-407.625
-408.18
-408.736
-409.294
-409.853
-410.413
-410.974
-411.537
-412.1
-412.665
-413.232
-413.799
-414.368
-414.938
-415.509
-416.082
-416.656
-417.23
-417.807
-418.384
-418.963
-419.542
-420.124
-420.706
-421.289
-421.874
-422.46
-423.047
-423.635
-424.225
-424.815
-425.407
-426
-426.595
-427.19
-427.787
-428.385
-428.984
-429.584
-430.185
-430.788
-431.391
-431.996
-432.602
-433.21
-433.818
-434.428
-435.038
-435.65
-436.263
-436.878
-437.493
-438.109
-438.727
-439.346
-439.966
-440.587
-441.209
-441.832
-442.457
-443.082
-443.709
-444.337
-444.966
-445.596
-446.227
-446.859
-447.493
-448.127
-448.763
-449.4
-450.037
-450.676
-451.316
-451.957
-452.6
-453.243
-453.887
-454.533
-455.179
-455.827
-456.475
-457.125
-457.776
-458.428
-459.081
-459.735
-460.39
-461.046
-461.703
-462.361
-463.02
-463.681
-464.342
-465.004
-465.668
-466.332
-466.997
-467.664
-468.331
-469
-469.669
-470.34
-471.012
-471.684
-472.358
-473.032
-473.708
-474.385
-475.063
-475.741
-476.421
-477.102
-477.784
-478.466
-386.73
-387.223
-387.717
-388.213
-388.709
-389.208
-389.707
-390.208
-390.71
-391.213
-391.718
-392.224
-392.731
-393.24
-393.75
-394.261
-394.774
-395.288
-395.803
-396.32
-396.838
-397.357
-397.877
-398.399
-398.922
-399.447
-399.972
-400.499
-401.028
-401.557
-402.088
-402.62
-403.154
-403.689
-404.225
-404.762
-405.3
-405.84
-406.381
-406.924
-407.468
-408.013
-408.559
-409.106
-409.655
-410.205
-410.756
-411.309
-411.863
-412.418
-412.974
-413.532
-414.091
-414.651
-415.212
-415.775
-416.338
-416.903
-417.47
-418.037
-418.606
-419.176
-419.747
-420.32
-420.894
-421.469
-422.045
-422.622
-423.201
-423.78
-424.362
-424.944
-425.527
-426.112
-426.698
-427.285
-427.873
-428.463
-429.053
-429.645
-430.238
-430.833
-431.428
-432.025
-432.623
-433.222
-433.822
-434.423
-435.026
-435.629
-436.234
-436.84
-437.448
-438.056
-438.666
-439.276
-439.888
-440.501
-441.116
-441.731
-442.347
-442.965
-443.584
-444.204
-444.825
-445.447
-446.07
-446.695
-447.32
-447.947
-448.575
-449.204
-449.834
-450.465
-451.097
-451.731
-452.365
-453.001
-453.638
-454.275
-454.914
-455.554
-456.195
-456.838
-457.481
-458.125
-458.771
-459.417
-460.065
-460.713
-461.363
-462.014
-462.666
-463.319
-463.973
-464.628
-465.284
-465.941
-466.599
-467.258
-467.919
-468.58
-469.242
-469.906
-470.57
-471.235
-471.902
-472.569
-473.238
-473.907
-474.578
-475.25
-475.922
-476.596
-477.271
-477.946
-478.623
-479.301
-479.979
-480.659
-481.34
-482.022
-482.705
-483.388
-390.968
-391.461
-391.955
-392.451
-392.947
-393.446
-393.945
-394.446
-394.948
-395.451
-395.956
-396.462
-396.969
-397.478
-397.988
-398.499
-399.012
-399.526
-400.041
-400.558
-401.076
-401.595
-402.115
-402.637
-403.16
-403.685
-404.21
-404.737
-405.266
-405.795
-406.326
-406.858
-407.392
-407.927
-408.463
-409
-409.538
-410.078
-410.619
-411.162
-411.706
-412.251
-412.797
-413.344
-413.893
-414.443
-414.994
-415.547
-416.101
-416.656
-417.212
-417.77
-418.329
-418.889
-419.45
-420.013
-420.576
-421.141
-421.708
-422.275
-422.844
-423.414
-423.985
-424.558
-425.132
-425.707
-426.283
-426.86
-427.439
-428.019
-428.6
-429.182
-429.765
-430.35
-430.936
-431.523
-432.111
-432.701
-433.291
-433.883
-434.476
-435.071
-435.666
-436.263
-436.861
-437.46
-438.06
-438.661
-439.264
-439.867
-440.472
-441.078
-441.686
-442.294
-442.904
-443.514
-444.126
-444.739
-445.354
-445.969
-446.585
-447.203
-447.822
-448.442
-449.063
-449.685
-450.308
-450.933
-451.558
-452.185
-452.813
-453.442
-454.072
-454.703
-455.335
-455.969
-456.603
-457.239
-457.876
-458.513
-459.152
-459.792
-460.433
-461.076
-461.719
-462.363
-463.009
-463.655
-464.303
-464.951
-465.601
-466.252
-466.904
-467.557
-468.211
-468.866
-469.522
-470.179
-470.837
-471.496
-472.157
-472.818
-473.48
-474.144
-474.808
-475.474
-476.14
-476.807
-477.476
-478.146
-478.816
-479.488
-480.16
-480.834
-481.509
-482.184
-482.861
-483.539
-484.218
-484.897
-485.578
-486.26
-486.943
-487.627
-488.311
-395.206
-395.699
-396.193
-396.689
-397.185
-397.684
-398.183
-398.684
-399.186
-399.689
-400.194
-400.7
-401.207
-401.716
-402.226
-402.737
-403.25
-403.764
-404.279
-404.796
-405.314
-405.833
-406.354
-406.875
-407.398
-407.923
-408.448
-408.975
-409.504
-410.033
-410.564
-411.096
-411.63
-412.165
-412.701
-413.238
-413.776
-414.316
-414.857
-415.4
-415.944
-416.489
-417.035
-417.582
-418.131
-418.681
-419.232
-419.785
-420.339
-420.894
-421.45
-422.008
-422.567
-423.127
-423.688
-424.251
-424.814
-425.379
-425.946
-426.513
-427.082
-427.652
-428.223
-428.796
-429.37
-429.945
-430.521
-431.098
-431.677
-432.257
-432.838
-433.42
-434.003
-434.588
-435.174
-435.761
-436.349
-436.939
-437.529
-438.121
-438.714
-439.309
-439.904
-440.501
-441.099
-441.698
-442.298
-442.899
-443.502
-444.106
-444.71
-445.316
-445.924
-446.532
-447.142
-447.752
-448.364
-448.977
-449.592
-450.207
-450.823
-451.441
-452.06
-452.68
-453.301
-453.923
-454.546
-455.171
-455.796
-456.423
-457.051
-457.68
-458.31
-458.941
-459.573
-460.207
-460.841
-461.477
-462.114
-462.751
-463.39
-464.03
-464.671
-465.314
-465.957
-466.601
-467.247
-467.893
-468.541
-469.189
-469.839
-470.49
-471.142
-471.795
-472.449
-473.104
-473.76
-474.417
-475.075
-475.734
-476.395
-477.056
-477.718
-478.382
-479.046
-479.712
-480.378
-481.046
-481.714
-482.384
-483.054
-483.726
-484.398
-485.072
-485.747
-486.422
-487.099
-487.777
-488.456
-489.135
-489.816
-490.498
-491.181
-491.865
-492.55
-493.235
-399.444
-399.937
-400.431
-400.927
-401.423
-401.922
-402.421
-402.922
-403.424
-403.927
-404.432
-404.938
-405.445
-405.954
-406.464
-406.976
-407.488
-408.002
-408.517
-409.034
-409.552
-410.071
-410.592
-411.113
-411.636
-412.161
-412.687
-413.213
-413.742
-414.271
-414.802
-415.334
-415.868
-416.403
-416.939
-417.476
-418.014
-418.554
-419.095
-419.638
-420.182
-420.727
-421.273
-421.82
-422.369
-422.919
-423.47
-424.023
-424.577
-425.132
-425.688
-426.246
-426.805
-427.365
-427.926
-428.489
-429.052
-429.617
-430.184
-430.751
-431.32
-431.89
-432.461
-433.034
-433.608
-434.183
-434.759
-435.336
-435.915
-436.495
-437.076
-437.658
-438.241
-438.826
-439.412
-439.999
-440.587
-441.177
-441.767
-442.359
-442.952
-443.547
-444.142
-444.739
-445.337
-445.936
-446.536
-447.137
-447.74
-448.344
-448.948
-449.554
-450.162
-450.77
-451.38
-451.99
-452.602
-453.215
-453.83
-454.445
-455.061
-455.679
-456.298
-456.918
-457.539
-458.161
-458.784
-459.409
-460.034
-460.661
-461.289
-461.918
-462.548
-463.179
-463.811
-464.445
-465.079
-465.715
-466.352
-466.989
-467.628
-468.268
-468.909
-469.552
-470.195
-470.839
-471.485
-472.131
-472.779
-473.427
-474.077
-474.728
-475.38
-476.033
-476.687
-477.342
-477.998
-478.655
-479.313
-479.972
-480.633
-481.294
-481.956
-482.62
-483.284
-483.95
-484.616
-485.284
-485.952
-486.622
-487.292
-487.964
-488.636
-489.31
-489.985
-490.661
-491.337
-492.015
-492.694
-493.374
-494.054
-494.736
-495.419
-496.103
-496.788
-497.474
-403.682
-404.175
-404.669
-405.165
-405.661
-406.16
-406.659
-407.16
-407.662
-408.165
-408.67
-409.176
-409.683
-410.192
-410.702
-411.214
-411.726
-412.24
-412.755
-413.272
-413.79
-414.309
-414.83
-415.351
-415.874
-416.399
-416.925
-417.451
-417.98
-418.509
-419.04
-419.572
-420.106
-420.641
-421.177
-421.714
-422.252
-422.792
-423.333
-423.876
-424.42
-424.965
-425.511
-426.058
-426.607
-427.157
-427.708
-428.261
-428.815
-429.37
-429.926
-430.484
-431.043
-431.603
-432.164
-432.727
-433.29
-433.855
-434.422
-434.989
-435.558
-436.128
-436.699
-437.272
-437.846
-438.421
-438.997
-439.574
-440.153
-440.733
-441.314
-441.896
-442.479
-443.064
-443.65
-444.237
-444.825
-445.415
-446.005
-446.597
-447.19
-447.785
-448.38
-448.977
-449.575
-450.174
-450.774
-451.375
-451.978
-452.581
-453.186
-453.792
-454.4
-455.008
-455.618
-456.228
-456.84
-457.453
-458.068
-458.683
-459.299
-459.917
-460.536
-461.156
-461.777
-462.399
-463.022
-463.647
-464.272
-464.899
-465.527
-466.156
-466.786
-467.417
-468.049
-468.683
-469.317
-469.953
-470.59
-471.227
-471.866
-472.506
-473.147
-473.79
-474.433
-475.077
-475.723
-476.369
-477.017
-477.665
-478.315
-478.966
-479.618
-480.271
-480.925
-481.58
-482.236
-482.893
-483.551
-484.21
-484.871
-485.532
-486.194
-486.858
-487.522
-488.188
-488.854
-489.522
-490.19
-490.86
-491.53
-492.202
-492.875
-493.548
-494.223
-494.899
-495.575
-496.253
-496.932
-497.612
-498.292
-498.974
-499.657
-500.341
-501.026
-501.712
-502.398
-407.92
-408.413
-408.907
-409.403
-409.899
-410.398
-410.897
-411.398
-411.9
-412.403
-412.908
-413.414
-413.921
-414.43
-414.94
-415.452
-415.964
-416.478
-416.993
-417.51
-418.028
-418.547
-419.068
-419.589
-420.112
-420.637
-421.163
-421.689
-422.218
-422.747
-423.278
-423.81
-424.344
-424.879
-425.415
-425.952
-426.49
-427.03
-427.571
-428.114
-428.658
-429.203
-429.749
-430.296
-430.845
-431.395
-431.946
-432.499
-433.053
-433.608
-434.164
-434.722
-435.281
-435.841
-436.402
-436.965
-437.528
-438.093
-438.66
-439.227
-439.796
-440.366
-440.937
-441.51
-442.084
-442.659
-443.235
-443.812
-444.391
-444.971
-445.552
-446.134
-446.717
-447.302
-447.888
-448.475
-449.063
-449.653
-450.243
-450.835
-451.428
-452.023
-452.618
-453.215
-453.813
-454.412
-455.012
-455.613
-456.216
-456.819
-457.424
-458.03
-458.638
-459.246
-459.856
-460.466
-461.078
-461.691
-462.306
-462.921
-463.537
-464.155
-464.774
-465.394
-466.015
-466.637
-467.26
-467.885
-468.51
-469.137
-469.765
-470.394
-471.024
-471.655
-472.287
-472.921
-473.555
-474.191
-474.828
-475.465
-476.104
-476.744
-477.385
-478.028
-478.671
-479.315
-479.961
-480.607
-481.255
-481.903
-482.553
-483.204
-483.856
-484.509
-485.163
-485.818
-486.474
-487.131
-487.789
-488.448
-489.109
-489.77
-490.432
-491.096
-491.76
-492.426
-493.092
-493.76
-494.428
-495.098
-495.768
-496.44
-497.113
-497.786
-498.461
-499.137
-499.813
-500.491
-501.17
-501.85
-502.531
-503.212
-503.895
-504.579
-505.264
-505.95
-506.637
-507.324
-412.158
-412.651
-413.145
-413.641
-414.137
-414.636
-415.135
-415.636
-416.138
-416.641
-417.146
-417.652
-418.159
-418.668
-419.178
-419.69
-420.202
-420.716
-421.231
-421.748
-422.266
-422.785
-423.306
-423.827
-424.35
-424.875
-425.4
-425.927
-426.456
-426.985
-427.516
-428.048
-428.582
-429.117
-429.653
-430.19
-430.728
-431.268
-431.809
-432.352
-432.896
-433.441
-433.987
-434.534
-435.083
-435.633
-436.184
-436.737
-437.291
-437.846
-438.402
-438.96
-439.519
-440.079
-440.64
-441.203
-441.766
-442.331
-442.898
-443.465
-444.034
-444.604
-445.175
-445.748
-446.322
-446.897
-447.473
-448.05
-448.629
-449.209
-449.79
-450.372
-450.955
-451.54
-452.126
-452.713
-453.301
-453.891
-454.481
-455.073
-455.666
-456.261
-456.856
-457.453
-458.051
-458.65
-459.25
-459.851
-460.454
-461.057
-461.662
-462.268
-462.876
-463.484
-464.094
-464.704
-465.316
-465.929
-466.544
-467.159
-467.775
-468.393
-469.012
-469.632
-470.253
-470.875
-471.498
-472.123
-472.748
-473.375
-474.003
-474.632
-475.262
-475.893
-476.525
-477.159
-477.793
-478.429
-479.066
-479.703
-480.342
-480.982
-481.623
-482.266
-482.909
-483.553
-484.199
-484.845
-485.493
-486.141
-486.791
-487.442
-488.094
-488.747
-489.401
-490.056
-490.712
-491.369
-492.027
-492.686
-493.347
-494.008
-494.67
-495.334
-495.998
-496.664
-497.33
-497.998
-498.666
-499.336
-500.006
-500.678
-501.351
-502.024
-502.699
-503.375
-504.051
-504.729
-505.408
-506.088
-506.769
-507.45
-508.133
-508.817
-509.502
-510.188
-510.875
-511.563
-416.396
-416.889
-417.383
-417.879
-418.375
-418.874
-419.373
-419.874
-420.376
-420.879
-421.384
-421.89
-422.397
-422.906
-423.416
-423.927
-424.44
-424.954
-425.469
-425.986
-426.504
-427.023
-427.543
-428.065
-428.588
-429.113
-429.638
-430.165
-430.694
-431.223
-431.754
-432.286
-432.82
-433.355
-433.891
-434.428
-434.966
-435.506
-436.047
-436.59
-437.134
-437.679
-438.225
-438.772
-439.321
-439.871
-440.422
-440.975
-441.529
-442.084
-442.64
-443.198
-443.757
-444.317
-444.878
-445.441
-446.004
-446.569
-447.136
-447.703
-448.272
-448.842
-449.413
-449.986
-450.56
-451.135
-451.711
-452.288
-452.867
-453.446
-454.028
-454.61
-455.193
-455.778
-456.364
-456.951
-457.539
-458.129
-458.719
-459.311
-459.904
-460.499
-461.094
-461.691
-462.289
-462.888
-463.488
-464.089
-464.692
-465.295
-465.9
-466.506
-467.114
-467.722
-468.332
-468.942
-469.554
-470.167
-470.781
-471.397
-472.013
-472.631
-473.25
-473.87
-474.491
-475.113
-475.736
-476.361
-476.986
-477.613
-478.241
-478.87
-479.5
-480.131
-480.763
-481.397
-482.031
-482.667
-483.304
-483.941
-484.58
-485.22
-485.861
-486.504
-487.147
-487.791
-488.437
-489.083
-489.731
-490.379
-491.029
-491.68
-492.332
-492.985
-493.639
-494.294
-494.95
-495.607
-496.265
-496.924
-497.585
-498.246
-498.908
-499.572
-500.236
-500.902
-501.568
-502.236
-502.904
-503.574
-504.244
-504.916
-505.589
-506.262
-506.937
-507.613
-508.29
-508.967
-509.646
-510.326
-511.007
-511.689
-512.371
-513.055
-513.74
-514.426
-515.113
-515.801
-516.489
-420.634
-421.127
-421.621
-422.117
-422.613
-423.112
-423.611
-424.112
-424.614
-425.117
-425.622
-426.128
-426.635
-427.144
-427.654
-428.165
-428.678
-429.192
-429.707
-430.224
-430.742
-431.261
-431.781
-432.303
-432.826
-433.351
-433.876
-434.403
-434.932
-435.461
-435.992
-436.524
-437.058
-437.593
-438.129
-438.666
-439.204
-439.744
-440.285
-440.828
-441.372
-441.916
-442.463
-443.01
-443.559
-444.109
-444.66
-445.213
-445.767
-446.322
-446.878
-447.436
-447.995
-448.555
-449.116
-449.679
-450.242
-450.807
-451.374
-451.941
-452.51
-453.08
-453.651
-454.224
-454.798
-455.372
-455.949
-456.526
-457.105
-457.684
-458.266
-458.848
-459.431
-460.016
-460.602
-461.189
-461.777
-462.367
-462.957
-463.549
-464.142
-464.737
-465.332
-465.929
-466.527
-467.126
-467.726
-468.327
-468.93
-469.533
-470.138
-470.744
-471.352
-471.96
-472.57
-473.18
-473.792
-474.405
-475.019
-475.635
-476.251
-476.869
-477.488
-478.108
-478.729
-479.351
-479.974
-480.599
-481.224
-481.851
-482.479
-483.108
-483.738
-484.369
-485.001
-485.635
-486.269
-486.905
-487.541
-488.179
-488.818
-489.458
-490.099
-490.742
-491.385
-492.029
-492.675
-493.321
-493.969
-494.617
-495.267
-495.918
-496.57
-497.223
-497.877
-498.532
-499.188
-499.845
-500.503
-501.162
-501.823
-502.484
-503.146
-503.81
-504.474
-505.14
-505.806
-506.474
-507.142
-507.812
-508.482
-509.154
-509.827
-510.5
-511.175
-511.851
-512.528
-513.205
-513.884
-514.564
-515.245
-515.927
-516.609
-517.293
-517.978
-518.664
-519.351
-520.039
-520.728
-521.417
-424.872
-425.365
-425.859
-426.355
-426.851
-427.35
-427.849
-428.35
-428.852
-429.355
-429.86
-430.366
-430.873
-431.382
-431.892
-432.403
-432.916
-433.43
-433.945
-434.462
-434.98
-435.499
-436.019
-436.541
-437.064
-437.589
-438.114
-438.641
-439.17
-439.699
-440.23
-440.762
-441.296
-441.831
-442.367
-442.904
-443.442
-443.982
-444.523
-445.066
-445.61
-446.154
-446.701
-447.248
-447.797
-448.347
-448.898
-449.451
-450.005
-450.56
-451.116
-451.674
-452.233
-452.793
-453.354
-453.917
-454.48
-455.045
-455.612
-456.179
-456.748
-457.318
-457.889
-458.462
-459.036
-459.61
-460.187
-460.764
-461.343
-461.922
-462.503
-463.086
-463.669
-464.254
-464.84
-465.427
-466.015
-466.605
-467.195
-467.787
-468.38
-468.975
-469.57
-470.167
-470.765
-471.364
-471.964
-472.565
-473.168
-473.771
-474.376
-474.982
-475.59
-476.198
-476.808
-477.418
-478.03
-478.643
-479.257
-479.873
-480.489
-481.107
-481.726
-482.346
-482.967
-483.589
-484.212
-484.837
-485.462
-486.089
-486.717
-487.346
-487.976
-488.607
-489.239
-489.873
-490.507
-491.143
-491.779
-492.417
-493.056
-493.696
-494.337
-494.979
-495.623
-496.267
-496.913
-497.559
-498.207
-498.855
-499.505
-500.156
-500.808
-501.461
-502.115
-502.77
-503.426
-504.083
-504.741
-505.4
-506.061
-506.722
-507.384
-508.048
-508.712
-509.378
-510.044
-510.712
-511.38
-512.05
-512.72
-513.392
-514.065
-514.738
-515.413
-516.089
-516.766
-517.443
-518.122
-518.802
-519.483
-520.165
-520.848
-521.531
-522.216
-522.902
-523.589
-524.277
-524.966
-525.656
-526.346
-429.11
-429.603
-430.097
-430.593
-431.089
-431.588
-432.087
-432.588
-433.09
-433.593
-434.098
-434.604
-435.111
-435.62
-436.13
-436.641
-437.154
-437.668
-438.183
-438.7
-439.218
-439.737
-440.257
-440.779
-441.302
-441.827
-442.352
-442.879
-443.408
-443.937
-444.468
-445
-445.534
-446.068
-446.604
-447.142
-447.68
-448.22
-448.761
-449.304
-449.847
-450.392
-450.939
-451.486
-452.035
-452.585
-453.136
-453.689
-454.243
-454.798
-455.354
-455.912
-456.47
-457.031
-457.592
-458.154
-458.718
-459.283
-459.85
-460.417
-460.986
-461.556
-462.127
-462.7
-463.273
-463.848
-464.425
-465.002
-465.581
-466.16
-466.741
-467.324
-467.907
-468.492
-469.078
-469.665
-470.253
-470.843
-471.433
-472.025
-472.618
-473.213
-473.808
-474.405
-475.002
-475.602
-476.202
-476.803
-477.406
-478.009
-478.614
-479.22
-479.828
-480.436
-481.046
-481.656
-482.268
-482.881
-483.495
-484.111
-484.727
-485.345
-485.964
-486.584
-487.205
-487.827
-488.45
-489.075
-489.7
-490.327
-490.955
-491.584
-492.214
-492.845
-493.477
-494.111
-494.745
-495.381
-496.017
-496.655
-497.294
-497.934
-498.575
-499.217
-499.861
-500.505
-501.151
-501.797
-502.445
-503.093
-503.743
-504.394
-505.046
-505.699
-506.353
-507.008
-507.664
-508.321
-508.979
-509.638
-510.299
-510.96
-511.622
-512.286
-512.95
-513.616
-514.282
-514.95
-515.618
-516.288
-516.958
-517.63
-518.303
-518.976
-519.651
-520.327
-521.004
-521.681
-522.36
-523.04
-523.721
-524.403
-525.086
-525.769
-526.454
-527.14
-527.827
-528.515
-529.204
-529.894
-530.585
-433.348
-433.841
-434.335
-434.831
-435.327
-435.825
-436.325
-436.826
-437.328
-437.831
-438.336
-438.842
-439.349
-439.858
-440.368
-440.879
-441.392
-441.906
-442.421
-442.938
-443.456
-443.975
-444.495
-445.017
-445.54
-446.065
-446.59
-447.117
-447.646
-448.175
-448.706
-449.238
-449.772
-450.306
-450.842
-451.38
-451.918
-452.458
-452.999
-453.542
-454.085
-454.63
-455.177
-455.724
-456.273
-456.823
-457.374
-457.927
-458.481
-459.036
-459.592
-460.15
-460.708
-461.269
-461.83
-462.392
-462.956
-463.521
-464.088
-464.655
-465.224
-465.794
-466.365
-466.938
-467.511
-468.086
-468.663
-469.24
-469.819
-470.398
-470.979
-471.562
-472.145
-472.73
-473.316
-473.903
-474.491
-475.081
-475.671
-476.263
-476.856
-477.451
-478.046
-478.643
-479.24
-479.839
-480.44
-481.041
-481.644
-482.247
-482.852
-483.458
-484.066
-484.674
-485.284
-485.894
-486.506
-487.119
-487.733
-488.349
-488.965
-489.583
-490.202
-490.822
-491.443
-492.065
-492.688
-493.313
-493.938
-494.565
-495.193
-495.822
-496.452
-497.083
-497.715
-498.349
-498.983
-499.619
-500.255
-500.893
-501.532
-502.172
-502.813
-503.455
-504.099
-504.743
-505.388
-506.035
-506.683
-507.331
-507.981
-508.632
-509.284
-509.937
-510.591
-511.246
-511.902
-512.559
-513.217
-513.876
-514.537
-515.198
-515.86
-516.524
-517.188
-517.854
-518.52
-519.188
-519.856
-520.526
-521.196
-521.868
-522.541
-523.214
-523.889
-524.565
-525.242
-525.92
-526.598
-527.278
-527.959
-528.641
-529.324
-530.008
-530.692
-531.378
-532.065
-532.753
-533.442
-534.132
-534.823
-535.514
-437.586
-438.079
-438.573
-439.069
-439.565
-440.063
-440.563
-441.064
-441.566
-442.069
-442.574
-443.08
-443.587
-444.096
-444.606
-445.117
-445.63
-446.144
-446.659
-447.176
-447.694
-448.213
-448.733
-449.255
-449.778
-450.303
-450.828
-451.355
-451.884
-452.413
-452.944
-453.476
-454.01
-454.544
-455.08
-455.618
-456.156
-456.696
-457.237
-457.78
-458.323
-458.868
-459.415
-459.962
-460.511
-461.061
-461.612
-462.165
-462.719
-463.274
-463.83
-464.388
-464.946
-465.507
-466.068
-466.63
-467.194
-467.759
-468.326
-468.893
-469.462
-470.032
-470.603
-471.176
-471.749
-472.324
-472.901
-473.478
-474.057
-474.636
-475.217
-475.8
-476.383
-476.968
-477.554
-478.141
-478.729
-479.319
-479.909
-480.501
-481.094
-481.688
-482.284
-482.881
-483.478
-484.077
-484.678
-485.279
-485.882
-486.485
-487.09
-487.696
-488.304
-488.912
-489.521
-490.132
-490.744
-491.357
-491.971
-492.587
-493.203
-493.821
-494.44
-495.059
-495.681
-496.303
-496.926
-497.551
-498.176
-498.803
-499.431
-500.06
-500.69
-501.321
-501.953
-502.587
-503.221
-503.857
-504.493
-505.131
-505.77
-506.41
-507.051
-507.693
-508.337
-508.981
-509.626
-510.273
-510.921
-511.569
-512.219
-512.87
-513.522
-514.175
-514.829
-515.484
-516.14
-516.797
-517.455
-518.114
-518.775
-519.436
-520.098
-520.762
-521.426
-522.092
-522.758
-523.426
-524.094
-524.764
-525.434
-526.106
-526.779
-527.453
-528.127
-528.803
-529.48
-530.158
-530.836
-531.516
-532.197
-532.879
-533.562
-534.246
-534.93
-535.616
-536.303
-536.991
-537.68
-538.37
-539.061
-539.752
-540.445
-441.824
-442.317
-442.811
-443.307
-443.803
-444.301
-444.801
-445.302
-445.804
-446.307
-446.812
-447.318
-447.825
-448.334
-448.844
-449.355
-449.868
-450.382
-450.897
-451.414
-451.932
-452.451
-452.971
-453.493
-454.016
-454.541
-455.066
-455.593
-456.122
-456.651
-457.182
-457.714
-458.248
-458.782
-459.318
-459.856
-460.394
-460.934
-461.475
-462.018
-462.561
-463.106
-463.653
-464.2
-464.749
-465.299
-465.85
-466.403
-466.957
-467.512
-468.068
-468.626
-469.184
-469.744
-470.306
-470.868
-471.432
-471.997
-472.564
-473.131
-473.7
-474.27
-474.841
-475.414
-475.987
-476.562
-477.138
-477.716
-478.294
-478.874
-479.455
-480.038
-480.621
-481.206
-481.792
-482.379
-482.967
-483.556
-484.147
-484.739
-485.332
-485.926
-486.522
-487.119
-487.716
-488.315
-488.916
-489.517
-490.12
-490.723
-491.328
-491.934
-492.541
-493.15
-493.759
-494.37
-494.982
-495.595
-496.209
-496.825
-497.441
-498.059
-498.678
-499.297
-499.919
-500.541
-501.164
-501.788
-502.414
-503.041
-503.669
-504.298
-504.928
-505.559
-506.191
-506.824
-507.459
-508.095
-508.731
-509.369
-510.008
-510.648
-511.289
-511.931
-512.575
-513.219
-513.864
-514.511
-515.159
-515.807
-516.457
-517.108
-517.76
-518.413
-519.067
-519.722
-520.378
-521.035
-521.693
-522.352
-523.013
-523.674
-524.336
-525
-525.664
-526.33
-526.996
-527.664
-528.332
-529.002
-529.672
-530.344
-531.017
-531.691
-532.365
-533.041
-533.718
-534.396
-535.074
-535.754
-536.435
-537.117
-537.8
-538.484
-539.168
-539.854
-540.541
-541.229
-541.918
-542.608
-543.299
-543.991
-544.683
-446.062
-446.555
-447.049
-447.544
-448.041
-448.539
-449.039
-449.54
-450.042
-450.545
-451.05
-451.556
-452.063
-452.572
-453.082
-453.593
-454.106
-454.62
-455.135
-455.652
-456.17
-456.689
-457.209
-457.731
-458.254
-458.779
-459.304
-459.831
-460.36
-460.889
-461.42
-461.952
-462.486
-463.02
-463.556
-464.094
-464.632
-465.172
-465.713
-466.256
-466.799
-467.344
-467.891
-468.438
-468.987
-469.537
-470.088
-470.641
-471.194
-471.75
-472.306
-472.863
-473.422
-473.982
-474.544
-475.106
-475.67
-476.235
-476.802
-477.369
-477.938
-478.508
-479.079
-479.652
-480.225
-480.8
-481.376
-481.954
-482.532
-483.112
-483.693
-484.276
-484.859
-485.444
-486.03
-486.617
-487.205
-487.794
-488.385
-488.977
-489.57
-490.164
-490.76
-491.356
-491.954
-492.553
-493.154
-493.755
-494.357
-494.961
-495.566
-496.172
-496.779
-497.388
-497.997
-498.608
-499.22
-499.833
-500.447
-501.063
-501.679
-502.297
-502.915
-503.535
-504.156
-504.779
-505.402
-506.026
-506.652
-507.279
-507.907
-508.535
-509.166
-509.797
-510.429
-511.062
-511.697
-512.333
-512.969
-513.607
-514.246
-514.886
-515.527
-516.169
-516.813
-517.457
-518.102
-518.749
-519.396
-520.045
-520.695
-521.346
-521.998
-522.65
-523.304
-523.96
-524.616
-525.273
-525.931
-526.59
-527.251
-527.912
-528.574
-529.238
-529.902
-530.568
-531.234
-531.902
-532.57
-533.24
-533.91
-534.582
-535.255
-535.929
-536.603
-537.279
-537.956
-538.634
-539.312
-539.992
-540.673
-541.355
-542.038
-542.722
-543.406
-544.092
-544.779
-545.467
-546.156
-546.846
-547.537
-548.229
-548.921
-549.615
-450.3
-450.793
-451.287
-451.782
-452.279
-452.777
-453.277
-453.778
-454.28
-454.783
-455.288
-455.794
-456.301
-456.81
-457.32
-457.831
-458.344
-458.858
-459.373
-459.89
-460.408
-460.927
-461.447
-461.969
-462.492
-463.017
-463.542
-464.069
-464.597
-465.127
-465.658
-466.19
-466.724
-467.258
-467.794
-468.332
-468.87
-469.41
-469.951
-470.494
-471.037
-471.582
-472.128
-472.676
-473.225
-473.775
-474.326
-474.879
-475.432
-475.988
-476.544
-477.101
-477.66
-478.22
-478.782
-479.344
-479.908
-480.473
-481.039
-481.607
-482.176
-482.746
-483.317
-483.89
-484.463
-485.038
-485.614
-486.192
-486.77
-487.35
-487.931
-488.513
-489.097
-489.682
-490.268
-490.855
-491.443
-492.032
-492.623
-493.215
-493.808
-494.402
-494.998
-495.594
-496.192
-496.791
-497.392
-497.993
-498.595
-499.199
-499.804
-500.41
-501.017
-501.626
-502.235
-502.846
-503.458
-504.071
-504.685
-505.301
-505.917
-506.535
-507.153
-507.773
-508.394
-509.017
-509.64
-510.264
-510.89
-511.517
-512.144
-512.773
-513.404
-514.035
-514.667
-515.3
-515.935
-516.571
-517.207
-517.845
-518.484
-519.124
-519.765
-520.407
-521.051
-521.695
-522.34
-522.987
-523.634
-524.283
-524.933
-525.584
-526.235
-526.888
-527.542
-528.197
-528.854
-529.511
-530.169
-530.828
-531.488
-532.15
-532.812
-533.476
-534.14
-534.806
-535.472
-536.14
-536.808
-537.478
-538.148
-538.82
-539.493
-540.167
-540.841
-541.517
-542.194
-542.872
-543.55
-544.23
-544.911
-545.593
-546.276
-546.96
-547.645
-548.33
-549.017
-549.705
-550.394
-551.084
-551.775
-552.467
-553.159
-553.853
-554.548
-454.538
-455.031
-455.525
-456.02
-456.517
-457.015
-457.515
-458.015
-458.518
-459.021
-459.526
-460.032
-460.539
-461.048
-461.558
-462.069
-462.582
-463.096
-463.611
-464.128
-464.645
-465.165
-465.685
-466.207
-466.73
-467.254
-467.78
-468.307
-468.835
-469.365
-469.896
-470.428
-470.961
-471.496
-472.032
-472.57
-473.108
-473.648
-474.189
-474.732
-475.275
-475.82
-476.366
-476.914
-477.463
-478.013
-478.564
-479.117
-479.67
-480.225
-480.782
-481.339
-481.898
-482.458
-483.02
-483.582
-484.146
-484.711
-485.277
-485.845
-486.414
-486.984
-487.555
-488.128
-488.701
-489.276
-489.852
-490.43
-491.008
-491.588
-492.169
-492.751
-493.335
-493.92
-494.505
-495.093
-495.681
-496.27
-496.861
-497.453
-498.046
-498.64
-499.236
-499.832
-500.43
-501.029
-501.629
-502.231
-502.833
-503.437
-504.042
-504.648
-505.255
-505.864
-506.473
-507.084
-507.696
-508.309
-508.923
-509.538
-510.155
-510.773
-511.391
-512.011
-512.632
-513.255
-513.878
-514.502
-515.128
-515.755
-516.382
-517.011
-517.641
-518.273
-518.905
-519.538
-520.173
-520.808
-521.445
-522.083
-522.722
-523.362
-524.003
-524.645
-525.288
-525.933
-526.578
-527.225
-527.872
-528.521
-529.171
-529.822
-530.473
-531.126
-531.78
-532.435
-533.092
-533.749
-534.407
-535.066
-535.726
-536.388
-537.05
-537.714
-538.378
-539.044
-539.71
-540.378
-541.046
-541.716
-542.386
-543.058
-543.731
-544.404
-545.079
-545.755
-546.432
-547.11
-547.788
-548.468
-549.149
-549.831
-550.514
-551.198
-551.883
-552.568
-553.255
-553.943
-554.632
-555.322
-556.013
-556.705
-557.397
-558.091
-558.786
-559.482
-458.776
-459.269
-459.763
-460.258
-460.755
-461.253
-461.753
-462.253
-462.755
-463.259
-463.764
-464.27
-464.777
-465.286
-465.796
-466.307
-466.82
-467.334
-467.849
-468.366
-468.883
-469.403
-469.923
-470.445
-470.968
-471.492
-472.018
-472.545
-473.073
-473.603
-474.134
-474.666
-475.199
-475.734
-476.27
-476.807
-477.346
-477.886
-478.427
-478.969
-479.513
-480.058
-480.604
-481.152
-481.701
-482.251
-482.802
-483.355
-483.908
-484.463
-485.02
-485.577
-486.136
-486.696
-487.258
-487.82
-488.384
-488.949
-489.515
-490.083
-490.652
-491.222
-491.793
-492.365
-492.939
-493.514
-494.09
-494.668
-495.246
-495.826
-496.407
-496.989
-497.573
-498.158
-498.743
-499.33
-499.919
-500.508
-501.099
-501.691
-502.284
-502.878
-503.474
-504.07
-504.668
-505.267
-505.867
-506.469
-507.071
-507.675
-508.28
-508.886
-509.493
-510.102
-510.711
-511.322
-511.934
-512.547
-513.161
-513.776
-514.393
-515.011
-515.629
-516.249
-516.87
-517.492
-518.116
-518.74
-519.366
-519.993
-520.62
-521.249
-521.879
-522.511
-523.143
-523.776
-524.411
-525.046
-525.683
-526.321
-526.96
-527.6
-528.241
-528.883
-529.526
-530.171
-530.816
-531.463
-532.11
-532.759
-533.409
-534.06
-534.711
-535.364
-536.018
-536.673
-537.329
-537.987
-538.645
-539.304
-539.964
-540.626
-541.288
-541.952
-542.616
-543.281
-543.948
-544.616
-545.284
-545.954
-546.624
-547.296
-547.969
-548.642
-549.317
-549.993
-550.67
-551.348
-552.026
-552.706
-553.387
-554.069
-554.752
-555.436
-556.121
-556.806
-557.493
-558.181
-558.87
-559.56
-560.251
-560.943
-561.635
-562.329
-563.024
-563.72
-463.014
-463.507
-464.001
-464.496
-464.993
-465.491
-465.991
-466.491
-466.993
-467.497
-468.002
-468.508
-469.015
-469.524
-470.034
-470.545
-471.058
-471.572
-472.087
-472.603
-473.121
-473.641
-474.161
-474.683
-475.206
-475.73
-476.256
-476.783
-477.311
-477.841
-478.372
-478.904
-479.437
-479.972
-480.508
-481.045
-481.584
-482.124
-482.665
-483.207
-483.751
-484.296
-484.842
-485.39
-485.939
-486.489
-487.04
-487.592
-488.146
-488.701
-489.258
-489.815
-490.374
-490.934
-491.496
-492.058
-492.622
-493.187
-493.753
-494.321
-494.89
-495.46
-496.031
-496.603
-497.177
-497.752
-498.328
-498.906
-499.484
-500.064
-500.645
-501.227
-501.811
-502.395
-502.981
-503.568
-504.157
-504.746
-505.337
-505.929
-506.522
-507.116
-507.712
-508.308
-508.906
-509.505
-510.105
-510.707
-511.309
-511.913
-512.518
-513.124
-513.731
-514.34
-514.949
-515.56
-516.172
-516.785
-517.399
-518.014
-518.631
-519.248
-519.867
-520.487
-521.108
-521.73
-522.354
-522.978
-523.604
-524.23
-524.858
-525.487
-526.117
-526.749
-527.381
-528.014
-528.649
-529.284
-529.921
-530.559
-531.198
-531.838
-532.479
-533.121
-533.764
-534.409
-535.054
-535.701
-536.348
-536.997
-537.647
-538.297
-538.949
-539.602
-540.256
-540.911
-541.567
-542.225
-542.883
-543.542
-544.202
-544.864
-545.526
-546.189
-546.854
-547.519
-548.186
-548.853
-549.522
-550.192
-550.862
-551.534
-552.207
-552.88
-553.555
-554.231
-554.908
-555.586
-556.264
-556.944
-557.625
-558.307
-558.99
-559.674
-560.359
-561.044
-561.731
-562.419
-563.108
-563.798
-564.489
-565.181
-565.874
-566.567
-567.262
-567.958
-568.655
-467.252
-467.745
-468.239
-468.734
-469.231
-469.729
-470.228
-470.729
-471.231
-471.735
-472.239
-472.746
-473.253
-473.762
-474.272
-474.783
-475.296
-475.81
-476.325
-476.841
-477.359
-477.878
-478.399
-478.921
-479.444
-479.968
-480.494
-481.021
-481.549
-482.079
-482.61
-483.142
-483.675
-484.21
-484.746
-485.283
-485.822
-486.362
-486.903
-487.445
-487.989
-488.534
-489.08
-489.628
-490.176
-490.727
-491.278
-491.83
-492.384
-492.939
-493.496
-494.053
-494.612
-495.172
-495.733
-496.296
-496.86
-497.425
-497.991
-498.559
-499.128
-499.698
-500.269
-500.841
-501.415
-501.99
-502.566
-503.144
-503.722
-504.302
-504.883
-505.465
-506.049
-506.633
-507.219
-507.806
-508.395
-508.984
-509.575
-510.167
-510.76
-511.354
-511.95
-512.546
-513.144
-513.743
-514.343
-514.945
-515.547
-516.151
-516.756
-517.362
-517.969
-518.578
-519.187
-519.798
-520.41
-521.023
-521.637
-522.252
-522.869
-523.486
-524.105
-524.725
-525.346
-525.968
-526.592
-527.216
-527.842
-528.468
-529.096
-529.725
-530.355
-530.986
-531.619
-532.252
-532.887
-533.522
-534.159
-534.797
-535.436
-536.076
-536.717
-537.359
-538.002
-538.647
-539.292
-539.939
-540.586
-541.235
-541.885
-542.535
-543.187
-543.84
-544.494
-545.149
-545.805
-546.462
-547.121
-547.78
-548.44
-549.102
-549.764
-550.427
-551.092
-551.757
-552.424
-553.091
-553.76
-554.43
-555.1
-555.772
-556.445
-557.118
-557.793
-558.469
-559.146
-559.824
-560.502
-561.182
-561.863
-562.545
-563.228
-563.912
-564.597
-565.282
-565.969
-566.657
-567.346
-568.036
-568.727
-569.419
-570.111
-570.805
-571.5
-572.196
-572.893
-573.591
-471.49
-471.983
-472.477
-472.972
-473.469
-473.967
-474.466
-474.967
-475.469
-475.973
-476.477
-476.983
-477.491
-478
-478.51
-479.021
-479.534
-480.047
-480.563
-481.079
-481.597
-482.116
-482.637
-483.159
-483.682
-484.206
-484.732
-485.259
-485.787
-486.317
-486.848
-487.38
-487.913
-488.448
-488.984
-489.521
-490.06
-490.6
-491.141
-491.683
-492.227
-492.772
-493.318
-493.866
-494.414
-494.964
-495.516
-496.068
-496.622
-497.177
-497.734
-498.291
-498.85
-499.41
-499.971
-500.534
-501.098
-501.663
-502.229
-502.797
-503.365
-503.936
-504.507
-505.079
-505.653
-506.228
-506.804
-507.381
-507.96
-508.54
-509.121
-509.703
-510.287
-510.871
-511.457
-512.044
-512.633
-513.222
-513.813
-514.405
-514.998
-515.592
-516.187
-516.784
-517.382
-517.981
-518.581
-519.183
-519.785
-520.389
-520.994
-521.6
-522.207
-522.815
-523.425
-524.036
-524.648
-525.261
-525.875
-526.49
-527.107
-527.724
-528.343
-528.963
-529.584
-530.206
-530.83
-531.454
-532.08
-532.706
-533.334
-533.963
-534.593
-535.224
-535.857
-536.49
-537.125
-537.76
-538.397
-539.035
-539.674
-540.314
-540.955
-541.597
-542.24
-542.885
-543.53
-544.177
-544.824
-545.473
-546.123
-546.773
-547.425
-548.078
-548.732
-549.387
-550.043
-550.7
-551.359
-552.018
-552.678
-553.34
-554.002
-554.665
-555.33
-555.995
-556.662
-557.329
-557.998
-558.668
-559.338
-560.01
-560.683
-561.356
-562.031
-562.707
-563.384
-564.061
-564.74
-565.42
-566.101
-566.783
-567.466
-568.15
-568.834
-569.52
-570.207
-570.895
-571.584
-572.274
-572.965
-573.657
-574.349
-575.043
-575.738
-576.434
-577.131
-577.829
-578.527
-475.728
-476.22
-476.715
-477.21
-477.707
-478.205
-478.704
-479.205
-479.707
-480.211
-480.715
-481.221
-481.729
-482.237
-482.747
-483.259
-483.771
-484.285
-484.801
-485.317
-485.835
-486.354
-486.875
-487.397
-487.92
-488.444
-488.97
-489.497
-490.025
-490.555
-491.086
-491.618
-492.151
-492.686
-493.222
-493.759
-494.298
-494.838
-495.379
-495.921
-496.465
-497.01
-497.556
-498.104
-498.652
-499.202
-499.754
-500.306
-500.86
-501.415
-501.971
-502.529
-503.088
-503.648
-504.209
-504.772
-505.336
-505.901
-506.467
-507.035
-507.603
-508.173
-508.745
-509.317
-509.891
-510.466
-511.042
-511.619
-512.198
-512.778
-513.359
-513.941
-514.525
-515.109
-515.695
-516.282
-516.87
-517.46
-518.051
-518.643
-519.236
-519.83
-520.425
-521.022
-521.62
-522.219
-522.819
-523.42
-524.023
-524.627
-525.232
-525.838
-526.445
-527.053
-527.663
-528.274
-528.886
-529.499
-530.113
-530.728
-531.345
-531.962
-532.581
-533.201
-533.822
-534.444
-535.068
-535.692
-536.318
-536.944
-537.572
-538.201
-538.831
-539.462
-540.095
-540.728
-541.362
-541.998
-542.635
-543.273
-543.912
-544.552
-545.193
-545.835
-546.478
-547.122
-547.768
-548.414
-549.062
-549.711
-550.36
-551.011
-551.663
-552.316
-552.97
-553.625
-554.281
-554.938
-555.597
-556.256
-556.916
-557.577
-558.24
-558.903
-559.568
-560.233
-560.9
-561.567
-562.236
-562.906
-563.576
-564.248
-564.921
-565.594
-566.269
-566.945
-567.622
-568.299
-568.978
-569.658
-570.339
-571.021
-571.704
-572.388
-573.072
-573.758
-574.445
-575.133
-575.822
-576.512
-577.203
-577.895
-578.587
-579.281
-579.976
-580.672
-581.369
-582.067
-582.765
-479.966
-480.458
-480.952
-481.448
-481.945
-482.443
-482.942
-483.443
-483.945
-484.448
-484.953
-485.459
-485.967
-486.475
-486.985
-487.497
-488.009
-488.523
-489.039
-489.555
-490.073
-490.592
-491.113
-491.635
-492.158
-492.682
-493.208
-493.735
-494.263
-494.793
-495.323
-495.856
-496.389
-496.924
-497.46
-497.997
-498.536
-499.076
-499.617
-500.159
-500.703
-501.248
-501.794
-502.341
-502.89
-503.44
-503.992
-504.544
-505.098
-505.653
-506.209
-506.767
-507.326
-507.886
-508.447
-509.01
-509.574
-510.139
-510.705
-511.273
-511.841
-512.411
-512.983
-513.555
-514.129
-514.704
-515.28
-515.857
-516.436
-517.016
-517.597
-518.179
-518.762
-519.347
-519.933
-520.52
-521.108
-521.698
-522.289
-522.88
-523.474
-524.068
-524.663
-525.26
-525.858
-526.457
-527.057
-527.658
-528.261
-528.865
-529.47
-530.076
-530.683
-531.291
-531.901
-532.512
-533.123
-533.737
-534.351
-534.966
-535.583
-536.2
-536.819
-537.439
-538.06
-538.682
-539.305
-539.93
-540.555
-541.182
-541.81
-542.439
-543.069
-543.7
-544.332
-544.966
-545.6
-546.236
-546.873
-547.511
-548.149
-548.789
-549.431
-550.073
-550.716
-551.36
-552.006
-552.652
-553.3
-553.949
-554.598
-555.249
-555.901
-556.554
-557.208
-557.863
-558.519
-559.176
-559.834
-560.494
-561.154
-561.815
-562.478
-563.141
-563.806
-564.471
-565.138
-565.805
-566.474
-567.143
-567.814
-568.486
-569.159
-569.832
-570.507
-571.183
-571.86
-572.537
-573.216
-573.896
-574.577
-575.259
-575.942
-576.626
-577.31
-577.996
-578.683
-579.371
-580.06
-580.75
-581.441
-582.133
-582.825
-583.519
-584.214
-584.91
-585.607
-586.304
-587.003
-587.703
-484.203
-484.696
-485.19
-485.686
-486.183
-486.681
-487.18
-487.681
-488.183
-488.686
-489.191
-489.697
-490.205
-490.713
-491.223
-491.735
-492.247
-492.761
-493.276
-493.793
-494.311
-494.83
-495.351
-495.872
-496.396
-496.92
-497.446
-497.973
-498.501
-499.03
-499.561
-500.093
-500.627
-501.162
-501.698
-502.235
-502.774
-503.313
-503.855
-504.397
-504.941
-505.486
-506.032
-506.579
-507.128
-507.678
-508.229
-508.782
-509.336
-509.891
-510.447
-511.005
-511.564
-512.124
-512.685
-513.248
-513.812
-514.377
-514.943
-515.51
-516.079
-516.649
-517.22
-517.793
-518.367
-518.942
-519.518
-520.095
-520.674
-521.254
-521.835
-522.417
-523
-523.585
-524.171
-524.758
-525.346
-525.936
-526.526
-527.118
-527.711
-528.306
-528.901
-529.498
-530.096
-530.695
-531.295
-531.896
-532.499
-533.103
-533.707
-534.314
-534.921
-535.529
-536.139
-536.75
-537.361
-537.974
-538.589
-539.204
-539.82
-540.438
-541.057
-541.677
-542.298
-542.92
-543.543
-544.168
-544.793
-545.42
-546.048
-546.677
-547.307
-547.938
-548.57
-549.204
-549.838
-550.474
-551.111
-551.748
-552.387
-553.027
-553.669
-554.311
-554.954
-555.598
-556.244
-556.89
-557.538
-558.187
-558.836
-559.487
-560.139
-560.792
-561.446
-562.101
-562.757
-563.414
-564.072
-564.732
-565.392
-566.053
-566.716
-567.379
-568.044
-568.709
-569.376
-570.043
-570.712
-571.381
-572.052
-572.724
-573.396
-574.07
-574.745
-575.421
-576.098
-576.775
-577.454
-578.134
-578.815
-579.497
-580.18
-580.863
-581.548
-582.234
-582.921
-583.609
-584.298
-584.988
-585.679
-586.371
-587.063
-587.757
-588.452
-589.148
-589.845
-590.542
-591.241
-591.941
-592.642
-488.441
-488.934
-489.428
-489.924
-490.42
-490.919
-491.418
-491.919
-492.421
-492.924
-493.429
-493.935
-494.442
-494.951
-495.461
-495.973
-496.485
-496.999
-497.514
-498.031
-498.549
-499.068
-499.589
-500.11
-500.633
-501.158
-501.684
-502.21
-502.739
-503.268
-503.799
-504.331
-504.865
-505.4
-505.936
-506.473
-507.011
-507.551
-508.092
-508.635
-509.179
-509.724
-510.27
-510.817
-511.366
-511.916
-512.467
-513.02
-513.574
-514.129
-514.685
-515.243
-515.802
-516.362
-516.923
-517.486
-518.049
-518.614
-519.181
-519.748
-520.317
-520.887
-521.458
-522.031
-522.605
-523.18
-523.756
-524.333
-524.912
-525.492
-526.073
-526.655
-527.238
-527.823
-528.409
-528.996
-529.584
-530.174
-530.764
-531.356
-531.949
-532.544
-533.139
-533.736
-534.334
-534.933
-535.533
-536.134
-536.737
-537.34
-537.945
-538.551
-539.159
-539.767
-540.377
-540.987
-541.599
-542.212
-542.827
-543.442
-544.058
-544.676
-545.295
-545.915
-546.536
-547.158
-547.781
-548.406
-549.031
-549.658
-550.286
-550.915
-551.545
-552.176
-552.808
-553.442
-554.076
-554.712
-555.349
-555.986
-556.625
-557.265
-557.906
-558.549
-559.192
-559.836
-560.482
-561.128
-561.776
-562.424
-563.074
-563.725
-564.377
-565.03
-565.684
-566.339
-566.995
-567.652
-568.31
-568.97
-569.63
-570.291
-570.954
-571.617
-572.282
-572.947
-573.614
-574.281
-574.95
-575.619
-576.29
-576.962
-577.634
-578.308
-578.983
-579.659
-580.335
-581.013
-581.692
-582.372
-583.053
-583.735
-584.418
-585.101
-585.786
-586.472
-587.159
-587.847
-588.536
-589.226
-589.917
-590.608
-591.301
-591.995
-592.69
-593.386
-594.083
-594.78
-595.479
-596.179
-596.88
-492.679
-493.172
-493.666
-494.162
-494.658
-495.156
-495.656
-496.157
-496.659
-497.162
-497.667
-498.173
-498.68
-499.189
-499.699
-500.21
-500.723
-501.237
-501.752
-502.269
-502.787
-503.306
-503.826
-504.348
-504.871
-505.396
-505.921
-506.448
-506.977
-507.506
-508.037
-508.569
-509.103
-509.637
-510.173
-510.711
-511.249
-511.789
-512.33
-512.873
-513.416
-513.961
-514.508
-515.055
-515.604
-516.154
-516.705
-517.258
-517.812
-518.367
-518.923
-519.481
-520.039
-520.6
-521.161
-521.723
-522.287
-522.852
-523.419
-523.986
-524.555
-525.125
-525.696
-526.269
-526.843
-527.417
-527.994
-528.571
-529.15
-529.729
-530.31
-530.893
-531.476
-532.061
-532.647
-533.234
-533.822
-534.412
-535.002
-535.594
-536.187
-536.782
-537.377
-537.974
-538.572
-539.171
-539.771
-540.372
-540.975
-541.578
-542.183
-542.789
-543.397
-544.005
-544.615
-545.225
-545.837
-546.45
-547.064
-547.68
-548.296
-548.914
-549.533
-550.153
-550.774
-551.396
-552.019
-552.644
-553.269
-553.896
-554.524
-555.153
-555.783
-556.414
-557.046
-557.68
-558.314
-558.95
-559.586
-560.224
-560.863
-561.503
-562.144
-562.787
-563.43
-564.074
-564.72
-565.366
-566.014
-566.662
-567.312
-567.963
-568.615
-569.268
-569.922
-570.577
-571.233
-571.89
-572.548
-573.207
-573.868
-574.529
-575.192
-575.855
-576.519
-577.185
-577.851
-578.519
-579.188
-579.857
-580.528
-581.2
-581.872
-582.546
-583.221
-583.897
-584.573
-585.251
-585.93
-586.61
-587.291
-587.973
-588.655
-589.339
-590.024
-590.71
-591.397
-592.085
-592.774
-593.464
-594.155
-594.846
-595.539
-596.233
-596.928
-597.624
-598.321
-599.018
-599.717
-600.417
-601.118
-601.819
-496.917
-497.41
-497.904
-498.399
-498.896
-499.394
-499.894
-500.395
-500.897
-501.4
-501.905
-502.411
-502.918
-503.427
-503.937
-504.448
-504.961
-505.475
-505.99
-506.507
-507.025
-507.544
-508.064
-508.586
-509.109
-509.634
-510.159
-510.686
-511.215
-511.744
-512.275
-512.807
-513.341
-513.875
-514.411
-514.949
-515.487
-516.027
-516.568
-517.111
-517.654
-518.199
-518.746
-519.293
-519.842
-520.392
-520.943
-521.496
-522.05
-522.605
-523.161
-523.719
-524.277
-524.837
-525.399
-525.961
-526.525
-527.09
-527.657
-528.224
-528.793
-529.363
-529.934
-530.507
-531.08
-531.655
-532.231
-532.809
-533.387
-533.967
-534.548
-535.131
-535.714
-536.299
-536.885
-537.472
-538.06
-538.65
-539.24
-539.832
-540.425
-541.019
-541.615
-542.212
-542.809
-543.408
-544.009
-544.61
-545.213
-545.816
-546.421
-547.027
-547.635
-548.243
-548.852
-549.463
-550.075
-550.688
-551.302
-551.918
-552.534
-553.152
-553.771
-554.39
-555.012
-555.634
-556.257
-556.882
-557.507
-558.134
-558.762
-559.391
-560.021
-560.652
-561.284
-561.918
-562.552
-563.188
-563.824
-564.462
-565.101
-565.741
-566.382
-567.024
-567.668
-568.312
-568.957
-569.604
-570.252
-570.9
-571.55
-572.201
-572.853
-573.506
-574.16
-574.815
-575.471
-576.128
-576.786
-577.445
-578.106
-578.767
-579.429
-580.093
-580.757
-581.423
-582.089
-582.757
-583.426
-584.095
-584.766
-585.438
-586.11
-586.784
-587.459
-588.134
-588.811
-589.489
-590.168
-590.848
-591.529
-592.21
-592.893
-593.577
-594.262
-594.948
-595.635
-596.323
-597.012
-597.702
-598.392
-599.084
-599.777
-600.471
-601.166
-601.862
-602.558
-603.256
-603.955
-604.655
-605.356
-606.057
-606.76
-501.155
-501.648
-502.142
-502.637
-503.134
-503.632
-504.132
-504.632
-505.135
-505.638
-506.143
-506.649
-507.156
-507.665
-508.175
-508.686
-509.199
-509.713
-510.228
-510.745
-511.263
-511.782
-512.302
-512.824
-513.347
-513.871
-514.397
-514.924
-515.452
-515.982
-516.513
-517.045
-517.579
-518.113
-518.649
-519.187
-519.725
-520.265
-520.806
-521.349
-521.892
-522.437
-522.983
-523.531
-524.08
-524.63
-525.181
-525.734
-526.287
-526.843
-527.399
-527.956
-528.515
-529.075
-529.637
-530.199
-530.763
-531.328
-531.894
-532.462
-533.031
-533.601
-534.172
-534.745
-535.318
-535.893
-536.469
-537.047
-537.625
-538.205
-538.786
-539.368
-539.952
-540.537
-541.123
-541.71
-542.298
-542.887
-543.478
-544.07
-544.663
-545.257
-545.853
-546.449
-547.047
-547.646
-548.247
-548.848
-549.45
-550.054
-550.659
-551.265
-551.872
-552.481
-553.09
-553.701
-554.313
-554.926
-555.54
-556.156
-556.772
-557.39
-558.008
-558.628
-559.249
-559.872
-560.495
-561.119
-561.745
-562.372
-563
-563.628
-564.259
-564.89
-565.522
-566.155
-566.79
-567.426
-568.062
-568.7
-569.339
-569.979
-570.62
-571.262
-571.906
-572.55
-573.195
-573.842
-574.489
-575.138
-575.788
-576.439
-577.091
-577.744
-578.398
-579.053
-579.709
-580.366
-581.024
-581.683
-582.344
-583.005
-583.667
-584.331
-584.995
-585.661
-586.327
-586.995
-587.663
-588.333
-589.004
-589.675
-590.348
-591.022
-591.697
-592.372
-593.049
-593.727
-594.406
-595.086
-595.767
-596.448
-597.131
-597.815
-598.5
-599.186
-599.873
-600.561
-601.25
-601.94
-602.63
-603.322
-604.015
-604.709
-605.404
-606.1
-606.796
-607.494
-608.193
-608.893
-609.593
-610.295
-610.998
-611.702
-505.393
-505.886
-506.38
-506.875
-507.372
-507.87
-508.37
-508.87
-509.372
-509.876
-510.381
-510.887
-511.394
-511.903
-512.413
-512.924
-513.437
-513.951
-514.466
-514.983
-515.5
-516.02
-516.54
-517.062
-517.585
-518.109
-518.635
-519.162
-519.69
-520.22
-520.751
-521.283
-521.816
-522.351
-522.887
-523.424
-523.963
-524.503
-525.044
-525.586
-526.13
-526.675
-527.221
-527.769
-528.318
-528.868
-529.419
-529.972
-530.525
-531.08
-531.637
-532.194
-532.753
-533.313
-533.875
-534.437
-535.001
-535.566
-536.132
-536.7
-537.269
-537.839
-538.41
-538.982
-539.556
-540.131
-540.707
-541.285
-541.863
-542.443
-543.024
-543.606
-544.19
-544.775
-545.36
-545.948
-546.536
-547.125
-547.716
-548.308
-548.901
-549.495
-550.091
-550.687
-551.285
-551.884
-552.484
-553.086
-553.688
-554.292
-554.897
-555.503
-556.11
-556.719
-557.328
-557.939
-558.551
-559.164
-559.778
-560.393
-561.01
-561.628
-562.246
-562.866
-563.487
-564.11
-564.733
-565.357
-565.983
-566.61
-567.237
-567.866
-568.496
-569.128
-569.76
-570.393
-571.028
-571.663
-572.3
-572.938
-573.577
-574.217
-574.858
-575.5
-576.143
-576.788
-577.433
-578.08
-578.727
-579.376
-580.026
-580.677
-581.328
-581.981
-582.635
-583.29
-583.947
-584.604
-585.262
-585.921
-586.582
-587.243
-587.905
-588.569
-589.233
-589.899
-590.565
-591.233
-591.901
-592.571
-593.242
-593.913
-594.586
-595.26
-595.935
-596.61
-597.287
-597.965
-598.644
-599.324
-600.004
-600.686
-601.369
-602.053
-602.738
-603.424
-604.111
-604.799
-605.488
-606.177
-606.868
-607.56
-608.253
-608.947
-609.642
-610.338
-611.034
-611.732
-612.431
-613.131
-613.831
-614.533
-615.236
-615.94
)
;

boundaryField
{
    inlet
    {
        type            zeroGradient;
    }
    outlet
    {
        type            fixedValue;
        value           nonuniform List<scalar> 0();
    }
    lowerWall
    {
        type            zeroGradient;
    }
    upperWall
    {
        type            zeroGradient;
    }
    frontAndBack
    {
        type            zeroGradient;
    }
    procBoundary4to1
    {
        type            processor;
        value           nonuniform List<scalar> 
150
(
-289.254
-293.985
-293.985
-294.479
-294.975
-295.471
-295.969
-296.469
-296.97
-297.472
-297.975
-298.48
-298.986
-299.493
-300.002
-300.512
-301.024
-301.536
-302.05
-302.565
-303.082
-303.6
-304.119
-304.64
-305.161
-305.685
-306.209
-306.735
-307.262
-307.79
-308.32
-308.85
-309.383
-309.916
-310.451
-310.987
-311.524
-312.063
-312.603
-313.144
-313.686
-314.23
-314.775
-315.321
-315.869
-316.417
-316.967
-317.519
-318.071
-318.625
-319.18
-319.736
-320.294
-320.853
-321.413
-321.974
-322.537
-323.101
-323.666
-324.232
-324.8
-325.368
-325.939
-326.51
-327.082
-327.656
-328.231
-328.807
-329.384
-329.963
-330.543
-331.124
-331.706
-332.29
-332.874
-333.46
-334.047
-334.636
-335.225
-335.816
-336.408
-337.001
-337.595
-338.191
-338.787
-339.385
-339.984
-340.584
-341.186
-341.788
-342.392
-342.997
-343.603
-344.21
-344.819
-345.428
-346.039
-346.651
-347.264
-347.878
-348.493
-349.11
-349.728
-350.346
-350.966
-351.587
-352.21
-352.833
-353.457
-354.083
-354.71
-355.338
-355.966
-356.597
-357.228
-357.86
-358.493
-359.128
-359.764
-360.4
-361.038
-361.677
-362.317
-362.958
-363.6
-364.244
-364.888
-365.533
-366.18
-366.827
-367.476
-368.126
-368.777
-369.428
-370.081
-370.735
-371.39
-372.046
-372.704
-373.362
-374.021
-374.681
-375.342
-376.005
-376.668
-377.332
-377.998
-378.664
-379.331
-380
)
;
    }
    procBoundary4to6
    {
        type            processor;
        value           uniform -293.001;
    }
    procBoundary4to9
    {
        type            processor;
        value           nonuniform List<scalar> 
50
(
-297.239
-301.478
-305.715
-309.954
-314.192
-318.43
-322.668
-326.906
-331.144
-335.382
-339.62
-343.858
-348.097
-352.335
-356.573
-360.811
-365.049
-369.287
-373.525
-377.763
-382.001
-386.239
-390.477
-394.715
-398.953
-403.191
-407.429
-411.667
-415.905
-420.143
-424.381
-428.619
-432.857
-437.095
-441.333
-445.571
-449.809
-454.047
-458.285
-462.523
-466.761
-470.998
-475.236
-479.474
-483.712
-487.95
-492.188
-496.426
-500.664
-504.902
)
;
    }
    procBoundary4to10
    {
        type            processor;
        value           nonuniform List<scalar> 
85
(
-384.907
-384.907
-389.816
-394.053
-394.053
-398.963
-398.963
-403.874
-403.874
-408.786
-413.024
-413.024
-417.936
-417.936
-422.85
-427.088
-427.088
-432.003
-432.003
-436.919
-436.919
-441.836
-446.074
-446.074
-450.992
-450.992
-455.911
-455.911
-460.831
-465.069
-465.069
-469.99
-469.99
-474.912
-479.15
-479.15
-484.073
-484.073
-488.997
-488.997
-493.923
-498.16
-498.16
-503.086
-503.086
-508.014
-512.251
-512.251
-517.179
-517.179
-522.108
-522.108
-527.039
-531.276
-531.276
-536.207
-536.207
-541.139
-545.377
-545.377
-550.31
-550.31
-555.244
-555.244
-560.179
-564.417
-564.417
-569.353
-569.353
-574.289
-574.289
-579.227
-583.465
-583.465
-588.404
-588.404
-593.344
-597.581
-597.581
-602.522
-602.522
-607.464
-607.464
-612.407
-616.645
)
;
    }
}


// ************************************************************************* //
