/*--------------------------------*- C++ -*----------------------------------*\
| =========                 |                                                 |
| \\      /  F ield         | OpenFOAM: The Open Source CFD Toolbox           |
|  \\    /   O peration     | Version:  2512                                  |
|   \\  /    A nd           | Website:  www.openfoam.com                      |
|    \\/     M anipulation  |                                                 |
\*---------------------------------------------------------------------------*/
FoamFile
{
    version     2.0;
    format      ascii;
    arch        "LSB;label=32;scalar=64";
    class       volScalarField;
    location    "0.1";
    object      pB;
}
// * * * * * * * * * * * * * * * * * * * * * * * * * * * * * * * * * * * * * //

dimensions      [1 1 -3 0 0 -1 0];

internalField   nonuniform List<scalar> 
8333
(
2.87264
2.67649
2.68567
2.69485
2.70402
2.71323
2.72244
2.73165
2.74087
2.75008
2.7593
2.76851
2.77772
2.78693
2.79613
2.80534
2.81453
2.82373
2.83293
2.84212
2.85131
2.86051
2.8697
2.87889
2.88809
2.89728
2.90648
2.91568
2.92488
2.93409
2.94329
2.9525
2.96171
2.97092
2.98014
2.98936
2.99858
3.0078
3.01703
3.02626
3.0355
3.04473
3.05397
3.06322
3.07246
3.08171
3.09096
3.10022
3.10947
3.11873
3.128
3.13727
3.14653
3.15581
3.16508
3.17436
3.18364
3.19293
3.20221
3.2115
3.2208
3.23009
3.23939
3.24869
3.258
3.2673
3.27661
3.28592
3.29524
3.30456
3.31388
3.3232
3.33253
3.34185
3.35118
3.36052
3.36986
3.37919
3.38854
3.39788
3.40723
3.41658
3.42593
3.43529
3.44465
3.45401
3.46337
3.47274
3.48211
3.49148
3.50085
3.51023
3.51961
3.52899
3.53837
3.54776
3.55715
3.56654
3.57594
3.58534
3.59474
3.60414
3.61354
3.62295
3.63236
3.64177
3.65119
3.66061
3.67002
3.67944
3.68887
3.69829
3.70771
3.71714
3.72657
3.73601
3.74544
3.75488
3.76432
3.77376
3.7832
3.79264
3.80208
3.81153
3.82097
3.83042
3.83987
3.84931
3.85876
3.86821
3.87766
3.88711
3.89656
3.90601
3.91546
3.92492
3.93437
3.94383
3.95328
3.96274
3.97221
3.98167
3.99114
4.00061
4.01009
4.01956
4.02904
4.03851
4.04799
4.05746
2.48048
2.49119
2.50193
2.51267
2.52344
2.53424
2.54504
2.55585
2.56666
2.57748
2.58831
2.59913
2.60996
2.62079
2.63161
2.64244
2.65327
2.6641
2.67493
2.68576
2.6966
2.70744
2.71827
2.72912
2.73996
2.75081
2.76166
2.77252
2.78338
2.79424
2.80511
2.81598
2.82686
2.83775
2.84863
2.85952
2.87042
2.88132
2.89223
2.90314
2.91406
2.92498
2.93591
2.94684
2.95778
2.96872
2.97967
2.99063
3.00159
3.01255
3.02352
3.03449
3.04547
3.05646
3.06745
3.07844
3.08945
3.10045
3.11146
3.12248
3.1335
3.14453
3.15556
3.1666
3.17764
3.18869
3.19974
3.2108
3.22186
3.23293
3.244
3.25508
3.26616
3.27725
3.28834
3.29944
3.31055
3.32165
3.33277
3.34389
3.35501
3.36614
3.37727
3.38841
3.39955
3.4107
3.42186
3.43302
3.44418
3.45535
3.46652
3.4777
3.48888
3.50007
3.51126
3.52246
3.53366
3.54487
3.55608
3.5673
3.57852
3.58975
3.60098
3.61222
3.62346
3.63471
3.64596
3.65722
3.66848
3.67974
3.69101
3.70228
3.71356
3.72485
3.73614
3.74743
3.75873
3.77003
3.78134
3.79265
3.80397
3.81529
3.82661
3.83794
3.84928
3.86061
3.87196
3.88331
3.89466
3.90601
3.91737
3.92873
3.9401
3.95148
3.96286
3.97424
3.98563
3.99703
4.00843
4.01984
4.03125
4.04268
4.05411
4.06555
4.07699
4.08844
4.09988
4.11135
4.12278
4.13428
2.28479
2.29704
2.30933
2.32164
2.33398
2.34635
2.35874
2.37114
2.38355
2.39598
2.40841
2.42084
2.43329
2.44573
2.45818
2.47064
2.4831
2.49556
2.50802
2.52049
2.53297
2.54544
2.55793
2.57041
2.58291
2.5954
2.60791
2.62041
2.63293
2.64545
2.65797
2.67051
2.68305
2.69559
2.70814
2.7207
2.73327
2.74584
2.75842
2.77101
2.78361
2.79621
2.80882
2.82144
2.83406
2.84669
2.85933
2.87198
2.88463
2.8973
2.90996
2.92264
2.93533
2.94802
2.96072
2.97342
2.98614
2.99886
3.01159
3.02433
3.03707
3.04983
3.06259
3.07536
3.08813
3.10091
3.1137
3.1265
3.13931
3.15212
3.16494
3.17777
3.1906
3.20344
3.21629
3.22915
3.24201
3.25488
3.26776
3.28065
3.29354
3.30645
3.31935
3.33227
3.34519
3.35812
3.37106
3.38401
3.39696
3.40992
3.42288
3.43586
3.44884
3.46183
3.47482
3.48783
3.50084
3.51385
3.52688
3.53991
3.55295
3.566
3.57905
3.59211
3.60518
3.61826
3.63134
3.64443
3.65753
3.67063
3.68374
3.69686
3.70999
3.72312
3.73627
3.74942
3.76257
3.77574
3.78891
3.80209
3.81528
3.82847
3.84167
3.85488
3.8681
3.88133
3.89456
3.90781
3.92106
3.93432
3.94758
3.96086
3.97414
3.98743
4.00073
4.01404
4.02736
4.04069
4.05404
4.06739
4.08075
4.09413
4.10751
4.12091
4.13432
4.14774
4.16116
4.17461
4.18801
4.20148
2.08959
2.10337
2.11722
2.13109
2.14499
2.15894
2.1729
2.18689
2.2009
2.21492
2.22895
2.243
2.25705
2.27111
2.28518
2.29926
2.31334
2.32743
2.34153
2.35563
2.36974
2.38385
2.39797
2.4121
2.42624
2.44038
2.45453
2.46868
2.48285
2.49702
2.5112
2.52539
2.53958
2.55379
2.568
2.58223
2.59646
2.6107
2.62495
2.63921
2.65348
2.66776
2.68204
2.69634
2.71065
2.72496
2.73929
2.75362
2.76797
2.78233
2.79669
2.81107
2.82545
2.83985
2.85425
2.86866
2.88309
2.89752
2.91197
2.92642
2.94089
2.95536
2.96985
2.98434
2.99884
3.01336
3.02788
3.04241
3.05696
3.07151
3.08607
3.10064
3.11523
3.12982
3.14442
3.15903
3.17365
3.18828
3.20292
3.21757
3.23223
3.2469
3.26158
3.27627
3.29097
3.30568
3.32039
3.33512
3.34986
3.3646
3.37936
3.39413
3.4089
3.42368
3.43848
3.45328
3.46809
3.48292
3.49775
3.51259
3.52744
3.54231
3.55718
3.57206
3.58695
3.60185
3.61676
3.63168
3.64661
3.66155
3.6765
3.69146
3.70643
3.72141
3.7364
3.7514
3.76641
3.78143
3.79646
3.81151
3.82656
3.84163
3.8567
3.87179
3.88689
3.902
3.91712
3.93225
3.9474
3.96255
3.97772
3.9929
4.00809
4.0233
4.03852
4.05375
4.069
4.08426
4.09954
4.11483
4.13013
4.14546
4.16079
4.17615
4.19151
4.2069
4.22229
4.23771
4.2531
4.26853
4.28402
1.89501
1.91034
1.92573
1.94116
1.95662
1.97213
1.98767
2.00324
2.01883
2.03445
2.05008
2.06573
2.08139
2.09706
2.11274
2.12844
2.14414
2.15985
2.17557
2.1913
2.20704
2.22278
2.23854
2.2543
2.27007
2.28585
2.30164
2.31744
2.33325
2.34907
2.3649
2.38074
2.39659
2.41245
2.42832
2.4442
2.46009
2.47599
2.49191
2.50783
2.52377
2.53972
2.55568
2.57165
2.58763
2.60363
2.61963
2.63565
2.65168
2.66773
2.68378
2.69985
2.71593
2.73202
2.74813
2.76424
2.78037
2.79651
2.81267
2.82883
2.84501
2.8612
2.8774
2.89362
2.90984
2.92608
2.94233
2.9586
2.97487
2.99116
3.00746
3.02377
3.04009
3.05643
3.07278
3.08914
3.10551
3.12189
3.13829
3.1547
3.17112
3.18755
3.204
3.22045
3.23692
3.2534
3.26989
3.28639
3.30291
3.31944
3.33598
3.35253
3.36909
3.38566
3.40225
3.41885
3.43546
3.45208
3.46871
3.48536
3.50202
3.51869
3.53537
3.55207
3.56878
3.58549
3.60223
3.61897
3.63573
3.65249
3.66927
3.68607
3.70288
3.7197
3.73653
3.75338
3.77024
3.78711
3.804
3.8209
3.83781
3.85474
3.87168
3.88864
3.90561
3.9226
3.9396
3.95662
3.97365
3.9907
4.00776
4.02484
4.04194
4.05905
4.07618
4.09333
4.1105
4.12768
4.14489
4.16211
4.17935
4.19662
4.2139
4.2312
4.24852
4.26587
4.28322
4.3006
4.31797
4.33537
4.35283
4.37022
1.70122
1.71808
1.73501
1.75199
1.76901
1.78608
1.80319
1.82033
1.83751
1.85471
1.87193
1.88917
1.90643
1.92371
1.941
1.95831
1.97562
1.99295
2.01029
2.02763
2.04499
2.06237
2.07974
2.09714
2.11454
2.13195
2.14938
2.16681
2.18426
2.20172
2.21919
2.23667
2.25417
2.27167
2.28919
2.30672
2.32427
2.34183
2.3594
2.37698
2.39458
2.41219
2.42982
2.44746
2.46511
2.48278
2.50046
2.51816
2.53587
2.55359
2.57133
2.58908
2.60685
2.62463
2.64243
2.66024
2.67807
2.69591
2.71376
2.73163
2.74952
2.76742
2.78533
2.80326
2.8212
2.83916
2.85713
2.87512
2.89312
2.91113
2.92916
2.94721
2.96527
2.98334
3.00143
3.01953
3.03764
3.05577
3.07392
3.09208
3.11025
3.12844
3.14664
3.16486
3.18309
3.20133
3.21959
3.23786
3.25615
3.27445
3.29276
3.31109
3.32944
3.34779
3.36617
3.38455
3.40295
3.42137
3.43979
3.45824
3.4767
3.49517
3.51366
3.53216
3.55067
3.5692
3.58775
3.60631
3.62488
3.64347
3.66208
3.6807
3.69934
3.71799
3.73666
3.75534
3.77404
3.79276
3.81149
3.83024
3.84901
3.86779
3.8866
3.90542
3.92426
3.94311
3.96199
3.98088
3.9998
4.01873
4.03768
4.05665
4.07565
4.09466
4.11369
4.13275
4.15183
4.17093
4.19006
4.2092
4.22838
4.24757
4.26679
4.28604
4.3053
4.3246
4.34391
4.36324
4.38258
4.40194
4.42137
4.44073
4.46002
1.50836
1.52675
1.54521
1.56373
1.5823
1.60092
1.6196
1.63831
1.65706
1.67583
1.69464
1.71347
1.73232
1.7512
1.77009
1.78899
1.80791
1.82685
1.8458
1.86476
1.88373
1.90272
1.92172
1.94073
1.95976
1.9788
1.99785
2.01691
2.03599
2.05508
2.07418
2.0933
2.11243
2.13158
2.15074
2.16991
2.1891
2.20831
2.22753
2.24677
2.26602
2.28529
2.30457
2.32387
2.34318
2.36251
2.38186
2.40123
2.42061
2.44001
2.45942
2.47885
2.4983
2.51776
2.53724
2.55674
2.57626
2.59579
2.61534
2.63491
2.65449
2.67409
2.6937
2.71334
2.73299
2.75266
2.77234
2.79204
2.81176
2.83149
2.85124
2.87101
2.8908
2.9106
2.93042
2.95025
2.9701
2.98997
3.00986
3.02976
3.04968
3.06961
3.08956
3.10953
3.12951
3.14951
3.16953
3.18956
3.20961
3.22968
3.24976
3.26986
3.28998
3.31011
3.33026
3.35042
3.3706
3.3908
3.41101
3.43124
3.45149
3.47176
3.49204
3.51234
3.53266
3.55299
3.57334
3.59371
3.61409
3.6345
3.65492
3.67536
3.69582
3.71629
3.73679
3.7573
3.77783
3.79838
3.81895
3.83954
3.86016
3.88079
3.90144
3.92211
3.94281
3.96353
3.98427
4.00503
4.02581
4.04662
4.06745
4.08831
4.10919
4.13009
4.15102
4.17198
4.19296
4.21397
4.235
4.25607
4.27716
4.29828
4.31943
4.3406
4.36181
4.38304
4.40429
4.42558
4.44688
4.46819
4.48956
4.51089
4.53215
1.31659
1.3365
1.35648
1.37654
1.39665
1.41682
1.43704
1.45731
1.47762
1.49797
1.51835
1.53876
1.5592
1.57966
1.60014
1.62064
1.64115
1.66169
1.68224
1.7028
1.72338
1.74398
1.76459
1.78521
1.80585
1.8265
1.84717
1.86786
1.88855
1.90926
1.92999
1.95074
1.9715
1.99227
2.01307
2.03387
2.0547
2.07555
2.09641
2.11728
2.13818
2.15909
2.18002
2.20097
2.22194
2.24293
2.26393
2.28496
2.306
2.32706
2.34814
2.36924
2.39036
2.41149
2.43265
2.45382
2.47502
2.49623
2.51747
2.53872
2.55999
2.58128
2.60259
2.62392
2.64527
2.66664
2.68802
2.70943
2.73085
2.7523
2.77376
2.79524
2.81674
2.83827
2.8598
2.88136
2.90294
2.92454
2.94615
2.96779
2.98944
3.01111
3.0328
3.05451
3.07624
3.09798
3.11975
3.14153
3.16334
3.18516
3.207
3.22886
3.25073
3.27263
3.29454
3.31648
3.33843
3.3604
3.38239
3.4044
3.42643
3.44848
3.47054
3.49263
3.51474
3.53686
3.55901
3.58117
3.60336
3.62557
3.64779
3.67004
3.69231
3.7146
3.73691
3.75924
3.78159
3.80397
3.82637
3.84879
3.87123
3.8937
3.91619
3.93871
3.96126
3.98382
4.00642
4.02904
4.05168
4.07435
4.09705
4.11978
4.14254
4.16532
4.18814
4.21098
4.23385
4.25676
4.27969
4.30266
4.32566
4.34869
4.37176
4.39486
4.41799
4.44115
4.46434
4.48755
4.5108
4.53405
4.55736
4.58064
4.60385
4.62701
1.12606
1.14748
1.16898
1.19055
1.21219
1.2339
1.25566
1.27748
1.29935
1.32126
1.3432
1.36518
1.38719
1.40923
1.43128
1.45337
1.47547
1.49759
1.51973
1.54189
1.56407
1.58626
1.60847
1.63069
1.65294
1.67519
1.69747
1.71976
1.74207
1.76439
1.78673
1.80909
1.83147
1.85387
1.87628
1.89871
1.92116
1.94364
1.96613
1.98863
2.01116
2.03371
2.05628
2.07887
2.10148
2.12411
2.14676
2.16943
2.19213
2.21484
2.23758
2.26033
2.28311
2.30591
2.32873
2.35157
2.37443
2.39732
2.42023
2.44315
2.4661
2.48907
2.51207
2.53508
2.55812
2.58117
2.60425
2.62735
2.65047
2.67361
2.69678
2.71996
2.74317
2.7664
2.78965
2.81292
2.83621
2.85952
2.88286
2.90621
2.92959
2.95299
2.9764
2.99984
3.0233
3.04678
3.07029
3.09381
3.11735
3.14092
3.16451
3.18811
3.21174
3.23539
3.25906
3.28275
3.30646
3.3302
3.35395
3.37773
3.40152
3.42534
3.44918
3.47305
3.49693
3.52084
3.54477
3.56872
3.59269
3.61669
3.64071
3.66475
3.68882
3.71291
3.73702
3.76116
3.78533
3.80952
3.83373
3.85797
3.88224
3.90653
3.93085
3.9552
3.97958
4.00398
4.02842
4.05288
4.07738
4.1019
4.12646
4.15104
4.17566
4.20032
4.225
4.24972
4.27448
4.29926
4.32409
4.34895
4.37385
4.39878
4.42375
4.44876
4.4738
4.49887
4.52398
4.54912
4.57429
4.59948
4.62471
4.64993
4.67508
4.70018
4.72526
0.936912
0.959835
0.982837
1.00593
1.02909
1.05231
1.07561
1.09897
1.12238
1.14583
1.16933
1.19287
1.21644
1.24004
1.26367
1.28732
1.311
1.33469
1.35842
1.38216
1.40591
1.42969
1.45349
1.4773
1.50114
1.52499
1.54886
1.57275
1.59665
1.62057
1.64452
1.66848
1.69247
1.71647
1.74049
1.76454
1.7886
1.81269
1.8368
1.86092
1.88507
1.90925
1.93344
1.95766
1.9819
2.00616
2.03044
2.05475
2.07908
2.10344
2.12782
2.15222
2.17664
2.20109
2.22556
2.25006
2.27458
2.29912
2.32369
2.34828
2.3729
2.39754
2.4222
2.44688
2.47159
2.49633
2.52108
2.54587
2.57067
2.5955
2.62035
2.64523
2.67013
2.69505
2.72
2.74497
2.76996
2.79498
2.82002
2.84508
2.87017
2.89528
2.92041
2.94557
2.97075
2.99595
3.02118
3.04643
3.0717
3.097
3.12232
3.14766
3.17303
3.19842
3.22383
3.24926
3.27472
3.30021
3.32571
3.35124
3.37679
3.40237
3.42797
3.4536
3.47925
3.50492
3.53062
3.55635
3.5821
3.60787
3.63367
3.6595
3.68535
3.71123
3.73713
3.76307
3.78903
3.81502
3.84103
3.86708
3.89315
3.91926
3.94539
3.97156
3.99776
4.02399
4.05025
4.07655
4.10288
4.12924
4.15564
4.18207
4.20854
4.23505
4.26159
4.28818
4.3148
4.34145
4.36815
4.39489
4.42167
4.44849
4.47535
4.50225
4.52919
4.55617
4.58319
4.61023
4.63731
4.66442
4.69156
4.7187
4.74578
4.77279
4.79981
0.74931
0.773721
0.798216
0.822803
0.84747
0.872212
0.897028
0.92191
0.946849
0.971841
0.996879
1.02196
1.04708
1.07223
1.09741
1.12263
1.14787
1.17313
1.19841
1.22372
1.24905
1.2744
1.29977
1.32516
1.35057
1.37601
1.40146
1.42693
1.45242
1.47793
1.50346
1.52902
1.55459
1.58019
1.60581
1.63145
1.65712
1.6828
1.70852
1.73425
1.76001
1.78579
1.8116
1.83743
1.86329
1.88917
1.91507
1.941
1.96696
1.99294
2.01895
2.04498
2.07104
2.09713
2.12324
2.14937
2.17553
2.20172
2.22794
2.25418
2.28045
2.30674
2.33306
2.3594
2.38577
2.41217
2.43859
2.46504
2.49152
2.51802
2.54455
2.5711
2.59768
2.62428
2.65091
2.67757
2.70425
2.73096
2.75769
2.78445
2.81123
2.83804
2.86488
2.89174
2.91862
2.94553
2.97247
2.99943
3.02642
3.05344
3.08047
3.10754
3.13463
3.16174
3.18888
3.21605
3.24324
3.27045
3.2977
3.32497
3.35226
3.37958
3.40693
3.4343
3.46171
3.48913
3.51659
3.54407
3.57158
3.59912
3.62668
3.65428
3.6819
3.70955
3.73724
3.76495
3.79269
3.82046
3.84827
3.8761
3.90397
3.93187
3.95981
3.98778
4.01578
4.04382
4.0719
4.10001
4.12816
4.15635
4.18457
4.21284
4.24114
4.26949
4.29788
4.32631
4.35478
4.38329
4.41185
4.44045
4.4691
4.49779
4.52652
4.5553
4.58412
4.61299
4.64189
4.67083
4.69981
4.72881
4.75785
4.78688
4.81587
4.84481
4.87372
4.90259
0.563401
0.589285
0.61526
0.641332
0.667493
0.693736
0.720057
0.74645
0.772906
0.79942
0.825984
0.852598
0.879249
0.905942
0.932665
0.959421
0.986207
1.01302
1.03986
1.06672
1.0936
1.12051
1.14744
1.17439
1.20137
1.22837
1.25539
1.28243
1.30949
1.33657
1.36368
1.39081
1.41796
1.44514
1.47234
1.49957
1.52682
1.55409
1.58139
1.60872
1.63607
1.66345
1.69086
1.71829
1.74574
1.77323
1.80074
1.82828
1.85585
1.88344
1.91106
1.93871
1.96639
1.9941
2.02183
2.04959
2.07738
2.1052
2.13305
2.16092
2.18883
2.21676
2.24472
2.27271
2.30072
2.32877
2.35684
2.38494
2.41307
2.44123
2.46942
2.49763
2.52588
2.55415
2.58244
2.61077
2.63913
2.66751
2.69592
2.72436
2.75282
2.78131
2.80984
2.83838
2.86696
2.89556
2.9242
2.95286
2.98154
3.01026
3.039
3.06777
3.09656
3.12539
3.15424
3.18312
3.21203
3.24096
3.26993
3.29892
3.32794
3.35699
3.38607
3.41518
3.44431
3.47348
3.50267
3.5319
3.56115
3.59044
3.61975
3.6491
3.67848
3.70789
3.73733
3.7668
3.79631
3.82585
3.85543
3.88504
3.91468
3.94436
3.97408
4.00384
4.03363
4.06347
4.09334
4.12325
4.15321
4.1832
4.21324
4.24332
4.27344
4.30361
4.33382
4.36408
4.39439
4.42474
4.45514
4.48559
4.51608
4.54663
4.57722
4.60786
4.63855
4.66928
4.70005
4.73087
4.76172
4.79261
4.82352
4.85444
4.88531
4.91615
4.94695
4.97772
5.00841
0.379336
0.406678
0.434119
0.461662
0.489302
0.51703
0.544842
0.572731
0.60069
0.628711
0.656786
0.684916
0.713086
0.741302
0.769552
0.797837
0.826154
0.854499
0.882873
0.911274
0.9397
0.96815
0.996625
1.02512
1.05365
1.08219
1.11076
1.13936
1.16797
1.19661
1.22528
1.25397
1.28269
1.31143
1.3402
1.36899
1.39781
1.42666
1.45553
1.48443
1.51336
1.54232
1.57131
1.60032
1.62937
1.65844
1.68754
1.71667
1.74583
1.77502
1.80424
1.83349
1.86277
1.89208
1.92142
1.9508
1.9802
2.00963
2.0391
2.06859
2.09811
2.12767
2.15725
2.18687
2.21652
2.24619
2.2759
2.30564
2.3354
2.3652
2.39503
2.42489
2.45478
2.4847
2.51465
2.54463
2.57464
2.60468
2.63475
2.66485
2.69498
2.72514
2.75533
2.78555
2.8158
2.84608
2.87639
2.90673
2.9371
2.9675
2.99793
3.02839
3.05887
3.08939
3.11994
3.15052
3.18112
3.21176
3.24243
3.27313
3.30386
3.33462
3.36541
3.39623
3.42708
3.45797
3.48889
3.51984
3.55082
3.58183
3.61288
3.64396
3.67508
3.70623
3.73741
3.76863
3.79989
3.83118
3.86251
3.89387
3.92528
3.95672
3.98821
4.01973
4.0513
4.08291
4.11456
4.14625
4.17799
4.20978
4.24161
4.27348
4.30541
4.33738
4.3694
4.40147
4.43359
4.46576
4.49799
4.53026
4.56259
4.59497
4.6274
4.65988
4.69242
4.725
4.75763
4.7903
4.82301
4.85575
4.88852
4.9213
4.95405
4.98676
5.01943
5.05207
5.08464
5.11719
0.197267
0.226049
0.254941
0.283941
0.313043
0.342241
0.371528
0.400898
0.430342
0.459855
0.489425
0.519054
0.548727
0.578449
0.608208
0.638005
0.667837
0.6977
0.727594
0.757516
0.787466
0.817441
0.847444
0.877472
0.907527
0.937606
0.96771
0.997842
1.02799
1.05818
1.08838
1.11862
1.14888
1.17917
1.20948
1.23983
1.2702
1.3006
1.33103
1.36149
1.39198
1.4225
1.45305
1.48364
1.51425
1.54489
1.57556
1.60627
1.63701
1.66778
1.69858
1.72941
1.76028
1.79118
1.82211
1.85307
1.88407
1.9151
1.94616
1.97725
2.00838
2.03954
2.07073
2.10196
2.13321
2.16451
2.19583
2.22718
2.25857
2.28999
2.32145
2.35293
2.38445
2.416
2.44759
2.4792
2.51085
2.54253
2.57425
2.60599
2.63777
2.66958
2.70142
2.73329
2.76519
2.79713
2.8291
2.8611
2.89313
2.9252
2.9573
2.98942
3.02158
3.05378
3.086
3.11826
3.15054
3.18286
3.21522
3.2476
3.28002
3.31248
3.34496
3.37748
3.41003
3.44262
3.47524
3.5079
3.54059
3.57331
3.60607
3.63887
3.6717
3.70458
3.73748
3.77043
3.80341
3.83644
3.8695
3.9026
3.93575
3.96894
4.00217
4.03544
4.06876
4.10213
4.13554
4.16899
4.2025
4.23605
4.26966
4.30331
4.33701
4.37077
4.40458
4.43844
4.47236
4.50633
4.54036
4.57444
4.60858
4.64277
4.67702
4.71133
4.74568
4.78009
4.81455
4.84906
4.88361
4.91819
4.9528
4.98742
5.02201
5.05658
5.0911
5.1256
5.16002
5.19441
0.017345
0.0475515
0.0778765
0.108315
0.138863
0.169514
0.200259
0.231093
0.262005
0.292992
0.32404
0.355151
0.386309
0.417519
0.44877
0.480062
0.51139
0.542752
0.574148
0.605573
0.637029
0.668512
0.700023
0.731563
0.763131
0.794725
0.826345
0.857995
0.889667
0.921369
0.953102
0.984859
1.01665
1.04846
1.08031
1.11219
1.14409
1.17603
1.208
1.24
1.27203
1.3041
1.33619
1.36832
1.40048
1.43268
1.46491
1.49717
1.52946
1.56179
1.59416
1.62656
1.65899
1.69145
1.72396
1.75649
1.78906
1.82167
1.85431
1.88699
1.9197
1.95245
1.98523
2.01804
2.05089
2.08378
2.1167
2.14965
2.18264
2.21567
2.24873
2.28182
2.31495
2.34811
2.38131
2.41454
2.44781
2.48111
2.51445
2.54782
2.58122
2.61466
2.64813
2.68164
2.71518
2.74875
2.78236
2.816
2.84968
2.88339
2.91713
2.95091
2.98473
3.01857
3.05245
3.08637
3.12032
3.1543
3.18832
3.22237
3.25646
3.29059
3.32475
3.35894
3.39317
3.42744
3.46175
3.49609
3.53047
3.56488
3.59934
3.63383
3.66836
3.70293
3.73754
3.7722
3.80689
3.84162
3.8764
3.91122
3.94608
3.98099
4.01595
4.05095
4.086
4.1211
4.15625
4.19145
4.2267
4.262
4.29736
4.33277
4.36823
4.40375
4.43933
4.47496
4.51065
4.5464
4.58221
4.61808
4.65401
4.69
4.72604
4.76215
4.79831
4.83452
4.87079
4.90711
4.94347
4.97987
5.01629
5.05273
5.08915
5.12554
5.1619
5.19822
5.23449
5.2707
5.30685
-0.160278
-0.128666
-0.0969261
-0.065066
-0.0330904
-0.00100575
0.0311794
0.0634586
0.0958216
0.128263
0.16077
0.193344
0.225969
0.258648
0.291372
0.324139
0.356944
0.389787
0.422665
0.455573
0.488516
0.521487
0.554488
0.587519
0.620581
0.65367
0.686786
0.719935
0.753109
0.786311
0.819548
0.85281
0.886104
0.919432
0.952789
0.986177
1.0196
1.05305
1.08654
1.12006
1.15361
1.1872
1.22083
1.25448
1.28817
1.3219
1.35566
1.38946
1.42329
1.45716
1.49107
1.52501
1.55899
1.593
1.62706
1.66115
1.69527
1.72944
1.76364
1.79787
1.83215
1.86646
1.90081
1.93519
1.96962
2.00408
2.03857
2.07311
2.10768
2.14228
2.17693
2.21161
2.24633
2.28108
2.31587
2.3507
2.38556
2.42047
2.4554
2.49038
2.52539
2.56043
2.59552
2.63063
2.66579
2.70098
2.73621
2.77147
2.80677
2.84211
2.87748
2.91289
2.94833
2.98381
3.01933
3.05488
3.09047
3.12609
3.16176
3.19746
3.23319
3.26897
3.30478
3.34063
3.37652
3.41245
3.44841
3.48442
3.52046
3.55655
3.59267
3.62884
3.66505
3.7013
3.73759
3.77393
3.8103
3.84673
3.8832
3.91971
3.95627
3.99288
4.02954
4.06625
4.10301
4.13983
4.17669
4.21361
4.25058
4.28761
4.32469
4.36184
4.39904
4.4363
4.47362
4.511
4.54844
4.58595
4.62352
4.66115
4.69884
4.7366
4.77442
4.8123
4.85024
4.88824
4.92629
4.9644
5.00255
5.04074
5.07896
5.11719
5.15541
5.1936
5.23176
5.26989
5.30797
5.34598
5.38394
5.42182
-0.335451
-0.302451
-0.269317
-0.236054
-0.20267
-0.169171
-0.135565
-0.10186
-0.0680667
-0.0341896
-0.000243789
0.033773
0.0678443
0.101973
0.136148
0.170371
0.204633
0.238935
0.273275
0.307647
0.342055
0.376493
0.410964
0.445465
0.479999
0.514564
0.549155
0.583781
0.618435
0.653117
0.687836
0.722584
0.757364
0.792179
0.827026
0.861906
0.896821
0.931771
0.966755
1.00177
1.03683
1.07192
1.10705
1.14221
1.17741
1.21265
1.24792
1.28323
1.31858
1.35397
1.3894
1.42486
1.46037
1.49591
1.53149
1.56711
1.60277
1.63847
1.67421
1.70999
1.7458
1.78166
1.81755
1.85348
1.88946
1.92547
1.96152
1.99761
2.03374
2.06991
2.10611
2.14236
2.17864
2.21497
2.25133
2.28773
2.32417
2.36065
2.39717
2.43372
2.47032
2.50695
2.54362
2.58033
2.61708
2.65386
2.69069
2.72755
2.76445
2.80138
2.83836
2.87537
2.91243
2.94952
2.98665
3.02381
3.06102
3.09826
3.13555
3.17287
3.21024
3.24764
3.28508
3.32256
3.36009
3.39765
3.43525
3.4729
3.51059
3.54832
3.58609
3.62391
3.66177
3.69967
3.73762
3.77562
3.81366
3.85175
3.88989
3.92807
3.96631
4.0046
4.04294
4.08133
4.11977
4.15828
4.19683
4.23545
4.27412
4.31285
4.35164
4.39049
4.4294
4.46838
4.50742
4.54652
4.58569
4.62493
4.66423
4.7036
4.74304
4.78254
4.82211
4.86174
4.90144
4.94119
4.98101
5.02087
5.06079
5.10075
5.14073
5.18073
5.22072
5.2607
5.30064
5.34054
5.38041
5.4202
5.45994
5.4996
5.53919
-0.508021
-0.473653
-0.439145
-0.404501
-0.369729
-0.334836
-0.29983
-0.26472
-0.229517
-0.194226
-0.158862
-0.123424
-0.0879275
-0.0523713
-0.0167657
0.0188903
0.054588
0.0903267
0.126107
0.161921
0.197772
0.233655
0.269573
0.305524
0.341508
0.377525
0.413571
0.449651
0.485763
0.521904
0.558083
0.594293
0.630537
0.666817
0.703132
0.739481
0.775867
0.812289
0.848748
0.885243
0.921776
0.958347
0.994956
1.0316
1.06829
1.10501
1.14178
1.17858
1.21543
1.25231
1.28924
1.3262
1.36321
1.40025
1.43734
1.47447
1.51164
1.54885
1.5861
1.6234
1.66073
1.69811
1.73553
1.77298
1.81048
1.84802
1.88561
1.92323
1.96089
1.9986
2.03635
2.07413
2.11196
2.14983
2.18774
2.22569
2.26369
2.30172
2.33979
2.37791
2.41606
2.45425
2.49249
2.53076
2.56908
2.60743
2.64583
2.68427
2.72274
2.76126
2.79981
2.83841
2.87705
2.91573
2.95444
2.9932
3.032
3.07084
3.10972
3.14864
3.18761
3.22661
3.26566
3.30475
3.34388
3.38306
3.42228
3.46154
3.50084
3.5402
3.57959
3.61903
3.65852
3.69806
3.73764
3.77727
3.81695
3.85668
3.89646
3.9363
3.97618
4.01612
4.05611
4.09616
4.13627
4.17643
4.21666
4.25694
4.29728
4.33769
4.37816
4.4187
4.4593
4.49996
4.5407
4.5815
4.62237
4.66331
4.70432
4.7454
4.78655
4.82777
4.86907
4.91042
4.95185
4.99334
5.03488
5.07649
5.11814
5.15984
5.20156
5.2433
5.28504
5.32676
5.36846
5.41011
5.45173
5.49328
5.53478
5.57619
5.61753
-0.677836
-0.642122
-0.606262
-0.570259
-0.53412
-0.497854
-0.461471
-0.424978
-0.388387
-0.351704
-0.314944
-0.278108
-0.241209
-0.204248
-0.167235
-0.130169
-0.093058
-0.0559053
-0.0187084
0.0185238
0.0557954
0.0931007
0.130443
0.167819
0.205229
0.242676
0.280152
0.317663
0.355209
0.392786
0.430401
0.468051
0.505735
0.543457
0.581215
0.619011
0.656843
0.694714
0.732624
0.770572
0.808559
0.846587
0.884654
0.922761
0.96091
0.999099
1.03733
1.0756
1.11392
1.15227
1.19067
1.22911
1.26759
1.30612
1.34469
1.3833
1.42196
1.46066
1.4994
1.53819
1.57702
1.61589
1.6548
1.69376
1.73277
1.77181
1.8109
1.85003
1.88921
1.92842
1.96769
2.00699
2.04634
2.08573
2.12516
2.16464
2.20416
2.24372
2.28332
2.32297
2.36266
2.40239
2.44216
2.48198
2.52184
2.56174
2.60168
2.64167
2.68169
2.72176
2.76187
2.80203
2.84222
2.88246
2.92274
2.96306
3.00343
3.04384
3.08429
3.12479
3.16533
3.20591
3.24654
3.28721
3.32793
3.36869
3.40949
3.45035
3.49124
3.53219
3.57318
3.61423
3.65532
3.69646
3.73765
3.77889
3.82018
3.86152
3.90292
3.94437
3.98588
4.02744
4.06906
4.11074
4.15248
4.19429
4.23615
4.27807
4.32006
4.36212
4.40424
4.44644
4.48869
4.53102
4.57342
4.6159
4.65844
4.70106
4.74375
4.78652
4.82936
4.87227
4.91525
4.95831
5.00143
5.04462
5.08788
5.13119
5.17455
5.21796
5.26139
5.30485
5.3483
5.39175
5.43516
5.47854
5.52189
5.56516
5.60838
5.65152
5.69458
5.73754
-0.844743
-0.807707
-0.770516
-0.733177
-0.695695
-0.65808
-0.620342
-0.582489
-0.544534
-0.506483
-0.468351
-0.430139
-0.391863
-0.35352
-0.315123
-0.276672
-0.238173
-0.19963
-0.161041
-0.122415
-0.0837474
-0.0450445
-0.00630387
0.0324745
0.0712866
0.110137
0.149019
0.187937
0.226892
0.26588
0.304906
0.34397
0.38307
0.422208
0.461386
0.500602
0.539856
0.579151
0.618487
0.657863
0.697279
0.736738
0.776238
0.815781
0.855366
0.894994
0.934665
0.97438
1.01414
1.05394
1.09379
1.13368
1.17361
1.21359
1.25362
1.29369
1.33381
1.37397
1.41418
1.45443
1.49473
1.53507
1.57546
1.61589
1.65637
1.6969
1.73746
1.77808
1.81874
1.85944
1.90019
1.94099
1.98183
2.02271
2.06364
2.10462
2.14564
2.1867
2.22781
2.26896
2.31016
2.3514
2.39269
2.43402
2.4754
2.51682
2.55828
2.59979
2.64134
2.68293
2.72457
2.76626
2.80798
2.84976
2.89157
2.93343
2.97534
3.01729
3.05929
3.10133
3.14342
3.18555
3.22773
3.26996
3.31223
3.35455
3.39692
3.43933
3.48179
3.52431
3.56687
3.60949
3.65215
3.69487
3.73764
3.78046
3.82333
3.86626
3.90925
3.95229
3.99539
4.03855
4.08178
4.12506
4.1684
4.21181
4.25529
4.29883
4.34244
4.38611
4.42986
4.47368
4.51757
4.56153
4.60557
4.64969
4.69388
4.73814
4.78248
4.82691
4.8714
4.91598
4.96063
5.00535
5.05014
5.09501
5.13994
5.18492
5.22997
5.27505
5.32017
5.36531
5.41045
5.45559
5.50069
5.54577
5.5908
5.63578
5.68069
5.72553
5.77029
5.81493
5.8595
-1.00859
-0.970255
-0.931759
-0.893107
-0.854307
-0.815366
-0.776298
-0.737109
-0.697816
-0.658421
-0.618942
-0.57938
-0.53975
-0.500052
-0.460297
-0.420485
-0.380623
-0.340716
-0.300761
-0.260766
-0.220729
-0.180654
-0.140541
-0.100387
-0.0601982
-0.0199708
0.0202925
0.0605914
0.100928
0.141302
0.181713
0.222164
0.262654
0.303183
0.343753
0.384363
0.425014
0.465707
0.506442
0.547219
0.588038
0.628902
0.669809
0.71076
0.751755
0.792795
0.83388
0.875011
0.916188
0.95741
0.998678
1.03999
1.08135
1.12276
1.16422
1.20572
1.24727
1.28887
1.33051
1.37221
1.41395
1.45573
1.49756
1.53945
1.58137
1.62335
1.66537
1.70744
1.74956
1.79172
1.83393
1.87619
1.9185
1.96085
2.00325
2.04569
2.08819
2.13072
2.17331
2.21594
2.25862
2.30134
2.34412
2.38693
2.4298
2.47271
2.51566
2.55866
2.60171
2.6448
2.68794
2.73113
2.77436
2.81764
2.86096
2.90433
2.94775
2.99122
3.03473
3.07829
3.1219
3.16555
3.20925
3.25301
3.29681
3.34066
3.38456
3.4285
3.4725
3.51656
3.56066
3.60482
3.64903
3.69329
3.73761
3.78198
3.82641
3.8709
3.91545
3.96005
4.00472
4.04945
4.09424
4.13909
4.18401
4.229
4.27406
4.31918
4.36438
4.40965
4.45499
4.50041
4.5459
4.59146
4.63711
4.68283
4.72864
4.77452
4.82049
4.86653
4.91266
4.95886
5.00514
5.0515
5.09794
5.14444
5.19102
5.23765
5.28434
5.33108
5.37785
5.42464
5.47144
5.51822
5.56499
5.61173
5.65843
5.70507
5.75164
5.79815
5.84457
5.89088
5.9371
-1.16922
-1.12962
-1.08984
-1.0499
-1.00981
-0.969567
-0.929194
-0.888696
-0.848088
-0.807376
-0.766576
-0.72569
-0.684734
-0.643706
-0.602619
-0.561475
-0.520276
-0.479032
-0.437737
-0.396401
-0.355021
-0.313601
-0.272142
-0.230641
-0.189102
-0.147525
-0.105909
-0.0642558
-0.0225638
0.0191668
0.0609372
0.102748
0.1446
0.186492
0.228427
0.270404
0.312423
0.354486
0.396593
0.438743
0.480938
0.523178
0.565464
0.607796
0.650174
0.692598
0.735069
0.777588
0.820155
0.862769
0.90543
0.94814
0.9909
1.03371
1.07656
1.11947
1.16242
1.20543
1.24848
1.29159
1.33474
1.37794
1.42119
1.46449
1.50784
1.55124
1.59468
1.63818
1.68172
1.72532
1.76896
1.81266
1.8564
1.90019
1.94403
1.98791
2.03185
2.07584
2.11987
2.16395
2.20808
2.25226
2.29648
2.34076
2.38508
2.42945
2.47387
2.51834
2.56285
2.60741
2.65202
2.69668
2.74139
2.78614
2.83094
2.87579
2.92069
2.96564
3.01064
3.05569
3.10078
3.14593
3.19113
3.23637
3.28167
3.32702
3.37242
3.41788
3.46338
3.50894
3.55455
3.60022
3.64595
3.69173
3.73757
3.78346
3.82942
3.87543
3.9215
3.96764
4.01384
4.06011
4.10644
4.15283
4.1993
4.24583
4.29244
4.33912
4.38587
4.4327
4.4796
4.52659
4.57365
4.62078
4.66801
4.71531
4.7627
4.81017
4.85772
4.90535
4.95308
5.00088
5.04876
5.09673
5.14477
5.19288
5.24107
5.28931
5.33762
5.38597
5.43436
5.48277
5.53119
5.5796
5.628
5.67636
5.72469
5.77296
5.82117
5.86931
5.91736
5.9653
6.01315
6.06086
-1.32649
-1.28564
-1.24461
-1.20341
-1.16205
-1.12053
-1.07888
-1.0371
-0.995209
-0.953207
-0.911113
-0.868931
-0.826676
-0.784346
-0.741956
-0.699506
-0.657
-0.614446
-0.57184
-0.529191
-0.486496
-0.44376
-0.400984
-0.358163
-0.315303
-0.272404
-0.229464
-0.186485
-0.143467
-0.100408
-0.0573074
-0.0141652
0.0290193
0.0722467
0.115517
0.158832
0.202191
0.245594
0.289044
0.332539
0.37608
0.419669
0.463304
0.506987
0.550718
0.594498
0.638326
0.682203
0.726131
0.770107
0.814133
0.858209
0.902336
0.946513
0.990742
1.03502
1.07935
1.12373
1.16817
1.21265
1.25719
1.30177
1.34641
1.3911
1.43584
1.48063
1.52547
1.57036
1.61531
1.6603
1.70535
1.75044
1.79559
1.84079
1.88604
1.93134
1.97669
2.02209
2.06754
2.11304
2.15859
2.20419
2.24984
2.29554
2.34129
2.38709
2.43294
2.47884
2.52479
2.57079
2.61684
2.66294
2.70909
2.75529
2.80154
2.84784
2.89419
2.94059
2.98704
3.03355
3.0801
3.12671
3.17337
3.22008
3.26684
3.31366
3.36053
3.40745
3.45443
3.50147
3.54856
3.59571
3.64292
3.69018
3.73751
3.78489
3.83234
3.87985
3.92742
3.97505
4.02275
4.07052
4.11836
4.16627
4.21424
4.26229
4.31042
4.35862
4.40689
4.45525
4.50368
4.5522
4.60079
4.64947
4.69823
4.74708
4.79602
4.84504
4.89415
4.94334
4.99262
5.04199
5.09144
5.14098
5.19059
5.24028
5.29004
5.33987
5.38975
5.43969
5.48966
5.53965
5.58966
5.63966
5.68965
5.73961
5.78953
5.8394
5.8892
5.93894
5.98858
6.03813
6.08757
6.13688
6.18604
-1.48024
-1.43817
-1.39591
-1.35348
-1.31088
-1.26812
-1.22522
-1.18219
-1.13903
-1.09577
-1.05241
-1.00896
-0.965437
-0.921836
-0.87817
-0.834444
-0.790659
-0.746826
-0.702938
-0.659005
-0.615027
-0.571003
-0.526939
-0.482829
-0.438678
-0.394487
-0.350253
-0.305978
-0.261663
-0.217306
-0.172905
-0.128462
-0.0839746
-0.0394427
0.00513388
0.0497564
0.0944245
0.139139
0.183901
0.22871
0.273567
0.318473
0.363428
0.408432
0.453486
0.49859
0.543744
0.58895
0.634207
0.679515
0.724874
0.770286
0.81575
0.861266
0.906835
0.952458
0.998133
1.04386
1.08964
1.13548
1.18137
1.22731
1.2733
1.31934
1.36544
1.41159
1.4578
1.50406
1.55037
1.59673
1.64315
1.68962
1.73614
1.78271
1.82934
1.87602
1.92275
1.96953
2.01637
2.06326
2.1102
2.15719
2.20423
2.25133
2.29847
2.34567
2.39292
2.44022
2.48758
2.53498
2.58244
2.62995
2.67751
2.72512
2.77278
2.8205
2.86826
2.91609
2.96396
3.01189
3.05987
3.1079
3.15599
3.20413
3.25233
3.30058
3.34889
3.39725
3.44567
3.49415
3.54269
3.59128
3.63994
3.68866
3.73744
3.78628
3.83518
3.88415
3.93318
3.98228
4.03145
4.08069
4.13
4.17938
4.22883
4.27836
4.32797
4.37766
4.42742
4.47727
4.5272
4.57721
4.62731
4.67749
4.72776
4.77812
4.82857
4.87911
4.92973
4.98045
5.03126
5.08216
5.13314
5.18421
5.23536
5.28659
5.33789
5.38926
5.44069
5.49217
5.54369
5.59523
5.64679
5.69835
5.74989
5.80141
5.85288
5.90431
5.95568
6.00698
6.05818
6.10929
6.16028
6.21116
6.26188
6.31245
-1.63032
-1.58706
-1.5436
-1.49997
-1.45616
-1.41219
-1.36806
-1.3238
-1.27942
-1.23493
-1.19033
-1.14565
-1.10088
-1.05604
-1.01113
-0.966155
-0.921123
-0.87604
-0.830901
-0.785716
-0.740484
-0.695204
-0.649883
-0.604516
-0.559104
-0.513651
-0.468155
-0.422616
-0.377036
-0.331411
-0.285742
-0.240028
-0.19427
-0.148465
-0.102613
-0.0567148
-0.0107688
0.0352247
0.0812676
0.12736
0.173501
0.219692
0.265935
0.312228
0.358573
0.40497
0.451419
0.49792
0.544475
0.591083
0.637744
0.684458
0.731228
0.778051
0.824928
0.871861
0.918849
0.965892
1.01299
1.06014
1.10735
1.15461
1.20193
1.2493
1.29672
1.3442
1.39174
1.43933
1.48697
1.53467
1.58242
1.63023
1.67809
1.72601
1.77398
1.82201
1.87009
1.91822
1.96641
2.01465
2.06295
2.1113
2.1597
2.20815
2.25666
2.30523
2.35384
2.40251
2.45123
2.50001
2.54884
2.59772
2.64666
2.69565
2.74469
2.79379
2.84294
2.89215
2.94141
2.99073
3.0401
3.08953
3.13901
3.18855
3.23814
3.28779
3.3375
3.38727
3.4371
3.48699
3.53693
3.58694
3.63701
3.68715
3.73734
3.78761
3.83793
3.88832
3.93879
3.98932
4.03992
4.09059
4.14134
4.19216
4.24305
4.29403
4.34509
4.39622
4.44744
4.49874
4.55013
4.6016
4.65317
4.70482
4.75656
4.80839
4.86032
4.91234
4.96445
5.01665
5.06895
5.12134
5.17382
5.22638
5.27903
5.33176
5.38457
5.43744
5.49038
5.54337
5.5964
5.64946
5.70253
5.7556
5.80866
5.86169
5.91469
5.96764
6.02053
6.07335
6.12608
6.17871
6.23123
6.28363
6.33586
6.38796
-1.77657
-1.73215
-1.68753
-1.64272
-1.59773
-1.55257
-1.50726
-1.46181
-1.41623
-1.37053
-1.32473
-1.27884
-1.23287
-1.18681
-1.14069
-1.0945
-1.04826
-1.00196
-0.955599
-0.909193
-0.86274
-0.816236
-0.76969
-0.723098
-0.676458
-0.629776
-0.58305
-0.536279
-0.489466
-0.442607
-0.395702
-0.348751
-0.301753
-0.254708
-0.207615
-0.160473
-0.113282
-0.0660417
-0.0187509
0.0285908
0.0759832
0.123428
0.170925
0.218474
0.266077
0.313733
0.361443
0.409208
0.457027
0.504901
0.55283
0.600814
0.648855
0.696952
0.745104
0.793314
0.84158
0.889903
0.938283
0.986719
1.03521
1.08376
1.13236
1.18103
1.22974
1.27852
1.32735
1.37624
1.42518
1.47418
1.52324
1.57235
1.62152
1.67075
1.72003
1.76937
1.81876
1.86821
1.91772
1.96728
2.01689
2.06656
2.11629
2.16607
2.21591
2.2658
2.31575
2.36575
2.41581
2.46592
2.51609
2.56631
2.61659
2.66692
2.71731
2.76776
2.81826
2.86881
2.91943
2.9701
3.02082
3.0716
3.12245
3.17335
3.2243
3.27532
3.3264
3.37753
3.42873
3.47999
3.53131
3.5827
3.63414
3.68566
3.73724
3.78888
3.8406
3.89238
3.94423
3.99615
4.04815
4.10022
4.15236
4.20459
4.25689
4.30928
4.36174
4.41429
4.46692
4.51964
4.57245
4.62535
4.67834
4.73142
4.7846
4.83787
4.89123
4.94469
4.99825
5.0519
5.10565
5.15949
5.21343
5.26745
5.32156
5.37576
5.43003
5.48437
5.53877
5.59323
5.64773
5.70226
5.75681
5.81136
5.8659
5.92041
5.97489
6.02932
6.08369
6.13799
6.19221
6.24633
6.30033
6.35421
6.40793
6.4615
6.5149
-1.91884
-1.8733
-1.82754
-1.78159
-1.73545
-1.68914
-1.64267
-1.59605
-1.54931
-1.50244
-1.45547
-1.40841
-1.36126
-1.31403
-1.26672
-1.21936
-1.17193
-1.12444
-1.0769
-1.02931
-0.981666
-0.933973
-0.886235
-0.838451
-0.790617
-0.74274
-0.694818
-0.646849
-0.598835
-0.550776
-0.502669
-0.454514
-0.406312
-0.35806
-0.309759
-0.261408
-0.213006
-0.164554
-0.11605
-0.0674925
-0.0188831
0.02978
0.0784972
0.127268
0.176094
0.224976
0.273913
0.322905
0.371954
0.42106
0.470222
0.519442
0.568719
0.618054
0.667447
0.716898
0.766408
0.815976
0.865603
0.915287
0.96503
1.01483
1.06469
1.11461
1.16458
1.21462
1.26471
1.31486
1.36507
1.41533
1.46566
1.51604
1.56648
1.61698
1.66754
1.71815
1.76882
1.81955
1.87034
1.92118
1.97208
2.02304
2.07405
2.12513
2.17625
2.22744
2.27868
2.32998
2.38133
2.43275
2.48421
2.53574
2.58732
2.63896
2.69066
2.74241
2.79423
2.84609
2.89802
2.95001
3.00205
3.05416
3.10632
3.15854
3.21083
3.26317
3.31557
3.36804
3.42057
3.47317
3.52582
3.57855
3.63134
3.68419
3.73711
3.79011
3.84317
3.8963
3.9495
4.00278
4.05613
4.10956
4.16307
4.21666
4.27033
4.32408
4.37792
4.43184
4.48585
4.53996
4.59415
4.64843
4.70281
4.75728
4.81185
4.86651
4.92128
4.97614
5.0311
5.08616
5.14132
5.19658
5.25193
5.30737
5.36291
5.41852
5.47422
5.52999
5.58582
5.64171
5.69764
5.7536
5.80958
5.86556
5.92154
5.97749
6.03341
6.08929
6.1451
6.20084
6.2565
6.31206
6.36751
6.42283
6.478
6.53301
6.58783
6.64251
-2.05699
-2.01034
-1.96349
-1.91643
-1.86917
-1.82174
-1.77414
-1.7264
-1.67852
-1.63052
-1.58241
-1.5342
-1.48591
-1.43754
-1.38909
-1.34058
-1.292
-1.24337
-1.19467
-1.14593
-1.09713
-1.04829
-0.999392
-0.95045
-0.901458
-0.85242
-0.803337
-0.754205
-0.705027
-0.655802
-0.606528
-0.557205
-0.507833
-0.45841
-0.408937
-0.359412
-0.309835
-0.260206
-0.210523
-0.160786
-0.110995
-0.0611493
-0.0112476
0.0387095
0.0887228
0.138793
0.188921
0.239106
0.289349
0.339651
0.39001
0.440429
0.490906
0.541443
0.59204
0.642697
0.693414
0.744191
0.795028
0.845925
0.896882
0.947898
0.998974
1.05011
1.10131
1.15256
1.20388
1.25525
1.30669
1.35819
1.40974
1.46136
1.51303
1.56476
1.61656
1.66841
1.72032
1.77229
1.82432
1.87641
1.92856
1.98077
2.03303
2.08535
2.13774
2.19018
2.24268
2.29523
2.34785
2.40052
2.45325
2.50604
2.55889
2.6118
2.66477
2.71779
2.77088
2.82402
2.87723
2.93049
2.98381
3.0372
3.09065
3.14415
3.19772
3.25135
3.30505
3.35881
3.41263
3.46652
3.52048
3.5745
3.62859
3.68275
3.73698
3.79127
3.84564
3.90009
3.9546
4.0092
4.06387
4.11862
4.17345
4.22836
4.28336
4.33844
4.39361
4.44886
4.50421
4.55965
4.61519
4.67081
4.72654
4.78236
4.83828
4.8943
4.95043
5.00665
5.06298
5.1194
5.17593
5.23256
5.28929
5.34611
5.40302
5.46002
5.51709
5.57425
5.63147
5.68874
5.74606
5.80341
5.86079
5.91816
5.97554
6.03289
6.0902
6.14747
6.20469
6.26183
6.31889
6.37585
6.4327
6.48942
6.54599
6.6024
6.65862
6.71469
-2.19084
-2.14314
-2.09521
-2.04708
-1.99874
-1.95022
-1.90153
-1.85269
-1.80371
-1.75461
-1.7054
-1.65609
-1.6067
-1.55721
-1.50766
-1.45803
-1.40834
-1.3586
-1.30879
-1.25893
-1.20901
-1.15905
-1.10903
-1.05897
-1.00886
-0.958694
-0.908485
-0.858227
-0.807921
-0.757568
-0.707164
-0.656709
-0.606203
-0.555646
-0.505037
-0.454375
-0.403659
-0.35289
-0.302066
-0.251186
-0.200251
-0.149259
-0.0982096
-0.0471034
0.00406034
0.0552829
0.106564
0.157905
0.209304
0.260764
0.312283
0.363863
0.415504
0.467206
0.518969
0.570793
0.62268
0.674628
0.726638
0.778709
0.830842
0.883036
0.935291
0.987608
1.03999
1.09243
1.14493
1.19749
1.25012
1.3028
1.35555
1.40836
1.46123
1.51416
1.56715
1.62021
1.67332
1.72649
1.77973
1.83302
1.88638
1.93979
1.99327
2.04681
2.1004
2.15406
2.20778
2.26155
2.31539
2.36928
2.42324
2.47726
2.53133
2.58547
2.63966
2.69392
2.74824
2.80262
2.85706
2.91156
2.96613
3.02075
3.07544
3.13019
3.18501
3.23989
3.29483
3.34984
3.40492
3.46007
3.51528
3.57056
3.62591
3.68133
3.73682
3.79239
3.84802
3.90374
3.95953
4.01539
4.07134
4.12737
4.18348
4.23968
4.29596
4.35233
4.40879
4.46533
4.52198
4.57872
4.63555
4.69248
4.74951
4.80664
4.86387
4.9212
4.97864
5.03619
5.09383
5.15159
5.20944
5.2674
5.32546
5.38361
5.44186
5.50019
5.55861
5.6171
5.67567
5.73429
5.79295
5.85165
5.91037
5.9691
6.02782
6.08652
6.14519
6.20382
6.26239
6.32089
6.37931
6.43762
6.49583
6.5539
6.61183
6.66959
6.72717
6.78459
6.84179
-2.32026
-2.27153
-2.22257
-2.17339
-2.12401
-2.07444
-2.02469
-1.97479
-1.92475
-1.87459
-1.82431
-1.77393
-1.72347
-1.67291
-1.62229
-1.57159
-1.52082
-1.47
-1.41911
-1.36817
-1.31718
-1.26613
-1.21503
-1.16389
-1.11269
-1.06144
-1.01014
-0.958796
-0.9074
-0.855955
-0.804459
-0.75291
-0.701309
-0.649655
-0.597948
-0.546187
-0.494371
-0.442499
-0.390572
-0.338587
-0.286546
-0.234446
-0.182288
-0.130071
-0.0777955
-0.0254594
0.0269372
0.079394
0.131912
0.184491
0.237132
0.289834
0.342599
0.395426
0.448317
0.50127
0.554287
0.607368
0.660511
0.713717
0.766987
0.820319
0.873714
0.927172
0.980694
1.03428
1.08793
1.14164
1.19541
1.24925
1.30315
1.35711
1.41114
1.46522
1.51938
1.57359
1.62786
1.6822
1.7366
1.79106
1.84559
1.90017
1.95482
2.00953
2.0643
2.11913
2.17402
2.22898
2.28399
2.33907
2.39421
2.44941
2.50467
2.55999
2.61538
2.67083
2.72634
2.78191
2.83755
2.89325
2.94901
3.00484
3.06073
3.11668
3.1727
3.22879
3.28494
3.34116
3.39745
3.45381
3.51023
3.56673
3.6233
3.67994
3.73666
3.79344
3.85031
3.90725
3.96426
4.02136
4.07855
4.13581
4.19316
4.25059
4.30812
4.36573
4.42344
4.48124
4.53913
4.59712
4.65521
4.7134
4.77169
4.83008
4.88858
4.94719
5.0059
5.06472
5.12364
5.18267
5.24181
5.30105
5.36039
5.41984
5.47938
5.539
5.59872
5.65851
5.71837
5.77829
5.83825
5.89825
5.95828
6.01831
6.07834
6.13835
6.19833
6.25826
6.31815
6.37796
6.43768
6.49731
6.55683
6.61621
6.67545
6.73452
6.79342
6.85213
6.91065
6.96892
-2.44508
-2.39536
-2.3454
-2.29522
-2.24483
-2.19424
-2.14347
-2.09255
-2.04149
-1.9903
-1.93899
-1.88758
-1.83608
-1.7845
-1.73284
-1.6811
-1.6293
-1.57744
-1.52551
-1.47353
-1.4215
-1.36941
-1.31727
-1.26507
-1.21283
-1.16053
-1.10819
-1.05579
-1.00334
-0.950847
-0.898297
-0.845693
-0.793037
-0.740326
-0.68756
-0.634739
-0.581861
-0.528927
-0.475936
-0.422886
-0.369778
-0.31661
-0.263383
-0.210095
-0.156747
-0.103337
-0.0498651
0.00366838
0.0572641
0.110923
0.164645
0.21843
0.272279
0.326192
0.380169
0.434211
0.488318
0.54249
0.596727
0.651028
0.705393
0.759823
0.814317
0.868876
0.9235
0.978188
1.03294
1.08776
1.14264
1.19759
1.2526
1.30767
1.36281
1.41802
1.47329
1.52862
1.58401
1.63947
1.695
1.75058
1.80623
1.86194
1.91772
1.97356
2.02946
2.08543
2.14145
2.19754
2.2537
2.30991
2.36619
2.42254
2.47894
2.53541
2.59194
2.64854
2.7052
2.76193
2.81871
2.87557
2.93248
2.98947
3.04652
3.10363
3.16081
3.21806
3.27538
3.33277
3.39023
3.44775
3.50535
3.56302
3.62076
3.67858
3.73647
3.79444
3.85249
3.91061
3.96881
4.0271
4.08547
4.14393
4.20247
4.2611
4.31982
4.37864
4.43754
4.49655
4.55565
4.61485
4.67415
4.73355
4.79306
4.85267
4.91239
4.97222
5.03216
5.0922
5.15236
5.21263
5.273
5.33348
5.39406
5.45475
5.51553
5.57641
5.63737
5.69841
5.75952
5.82069
5.88191
5.94317
6.00445
6.06574
6.12703
6.1883
6.24954
6.31074
6.37188
6.43296
6.49395
6.55484
6.61562
6.67627
6.73677
6.79711
6.85727
6.91724
6.97702
7.03656
7.09588
-2.56515
-2.51448
-2.46356
-2.41241
-2.36105
-2.30948
-2.25773
-2.20583
-2.15378
-2.1016
-2.0493
-1.9969
-1.94441
-1.89183
-1.83917
-1.78644
-1.73365
-1.68078
-1.62786
-1.57488
-1.52184
-1.46875
-1.41561
-1.36241
-1.30916
-1.25585
-1.2025
-1.14909
-1.09564
-1.04213
-0.988563
-0.934945
-0.881272
-0.827544
-0.773761
-0.71992
-0.666022
-0.612066
-0.558052
-0.503977
-0.449843
-0.395649
-0.341393
-0.287075
-0.232695
-0.178253
-0.123747
-0.069178
-0.0145454
0.0401515
0.094913
0.149739
0.204631
0.259588
0.314611
0.3697
0.424855
0.480077
0.535365
0.590718
0.646138
0.701623
0.757175
0.812792
0.868476
0.924226
0.980042
1.03592
1.09187
1.14789
1.20397
1.26011
1.31632
1.3726
1.42894
1.48535
1.54182
1.59836
1.65496
1.71163
1.76836
1.82516
1.88202
1.93895
1.99594
2.053
2.11011
2.1673
2.22455
2.28186
2.33923
2.39668
2.45418
2.51175
2.56939
2.62709
2.68485
2.74269
2.80058
2.85854
2.91657
2.97467
3.03283
3.09106
3.14936
3.20773
3.26617
3.32468
3.38326
3.44191
3.50063
3.55943
3.61831
3.67726
3.73628
3.79538
3.85456
3.91383
3.97317
4.0326
4.09212
4.15172
4.21141
4.27119
4.33106
4.39103
4.45109
4.51125
4.57152
4.63188
4.69234
4.75292
4.81359
4.87438
4.93527
4.99627
5.05739
5.11862
5.17996
5.24141
5.30297
5.36464
5.42642
5.4883
5.55028
5.61236
5.67452
5.73676
5.79907
5.86145
5.92388
5.98634
6.04883
6.11133
6.17383
6.23631
6.29877
6.36118
6.42354
6.48583
6.54804
6.61014
6.67214
6.734
6.79572
6.85727
6.91865
6.97984
7.04083
7.10158
7.16211
-2.68032
-2.62873
-2.5769
-2.52482
-2.47252
-2.42001
-2.36732
-2.31447
-2.26147
-2.20834
-2.1551
-2.10175
-2.04831
-1.99477
-1.94116
-1.88748
-1.83372
-1.7799
-1.72602
-1.67208
-1.61808
-1.56403
-1.50992
-1.45576
-1.40154
-1.34727
-1.29295
-1.23858
-1.18415
-1.12967
-1.07514
-1.02055
-0.965902
-0.911199
-0.856439
-0.801621
-0.746744
-0.691809
-0.636813
-0.581756
-0.526639
-0.471459
-0.416217
-0.360911
-0.305543
-0.25011
-0.194613
-0.139051
-0.0834241
-0.0277316
0.0280269
0.0838515
0.139743
0.195701
0.251726
0.307819
0.36398
0.420208
0.476504
0.532867
0.589298
0.645796
0.70236
0.758993
0.815693
0.872461
0.929296
0.986199
1.04317
1.10021
1.15731
1.21448
1.27172
1.32903
1.3864
1.44384
1.50135
1.55892
1.61656
1.67426
1.73203
1.78987
1.84777
1.90574
1.96378
2.02188
2.08004
2.13827
2.19657
2.25493
2.31336
2.37186
2.43042
2.48905
2.54774
2.6065
2.66532
2.72422
2.78318
2.8422
2.9013
2.96046
3.01969
3.07899
3.13836
3.1978
3.25732
3.3169
3.37656
3.43629
3.49609
3.55597
3.61593
3.67596
3.73608
3.79627
3.85654
3.91689
3.97733
4.03785
4.09847
4.15917
4.21996
4.28084
4.34182
4.40289
4.46406
4.52534
4.58671
4.64819
4.70977
4.77146
4.83326
4.89517
4.95719
5.01932
5.08157
5.14393
5.20641
5.26899
5.3317
5.39451
5.45743
5.52046
5.58358
5.64681
5.71012
5.77351
5.83698
5.90051
5.9641
6.02772
6.09137
6.15503
6.21869
6.28234
6.34595
6.40953
6.47306
6.53651
6.59988
6.66315
6.72631
6.78934
6.85222
6.91494
6.97749
7.03984
7.10199
7.16391
7.2256
7.28703
-2.79043
-2.73797
-2.68525
-2.63228
-2.57908
-2.52568
-2.47209
-2.41833
-2.36443
-2.3104
-2.25624
-2.20198
-2.14763
-2.09319
-2.03866
-1.98406
-1.9294
-1.87466
-1.81986
-1.76501
-1.71009
-1.65512
-1.60009
-1.54501
-1.48987
-1.43468
-1.37943
-1.32413
-1.26878
-1.21337
-1.15791
-1.10239
-1.04681
-0.991177
-0.935484
-0.879732
-0.823919
-0.768047
-0.712114
-0.656118
-0.600061
-0.54394
-0.487755
-0.431505
-0.375191
-0.318812
-0.262367
-0.205856
-0.149279
-0.0926349
-0.0359235
0.0208553
0.077702
0.134617
0.191601
0.248653
0.305775
0.362965
0.420225
0.477553
0.53495
0.592415
0.649949
0.707551
0.765223
0.822964
0.880773
0.938651
0.996598
1.05461
1.1127
1.17085
1.22907
1.28736
1.34572
1.40415
1.46264
1.5212
1.57983
1.63853
1.69729
1.75612
1.81502
1.87398
1.93302
1.99212
2.05128
2.11051
2.16981
2.22918
2.28862
2.34812
2.40769
2.46732
2.52703
2.5868
2.64664
2.70654
2.76652
2.82656
2.88668
2.94686
3.00711
3.06744
3.12783
3.1883
3.24884
3.30945
3.37014
3.4309
3.49174
3.55265
3.61364
3.67471
3.73586
3.79709
3.85841
3.9198
3.98129
4.04286
4.10452
4.16627
4.22811
4.29005
4.35208
4.41421
4.47644
4.53878
4.60121
4.66376
4.72641
4.78917
4.85204
4.91502
4.97812
5.04133
5.10466
5.1681
5.23166
5.29534
5.35913
5.42303
5.48705
5.55117
5.61539
5.67971
5.74413
5.80862
5.87319
5.93783
6.00252
6.06724
6.132
6.19677
6.26154
6.3263
6.39103
6.45572
6.52036
6.58493
6.64941
6.7138
6.77807
6.84221
6.90621
6.97004
7.0337
7.09717
7.16043
7.22347
7.28626
7.3488
7.4111
-2.89533
-2.84203
-2.78847
-2.73465
-2.6806
-2.62634
-2.57189
-2.51727
-2.46251
-2.40761
-2.35259
-2.29746
-2.24224
-2.18693
-2.13154
-2.07607
-2.02053
-1.96493
-1.90926
-1.85353
-1.79773
-1.74189
-1.68598
-1.63002
-1.57401
-1.51793
-1.46181
-1.40563
-1.34939
-1.2931
-1.23676
-1.18035
-1.12389
-1.06736
-1.01078
-0.954141
-0.897438
-0.840674
-0.783848
-0.726958
-0.670005
-0.612987
-0.555905
-0.498756
-0.441542
-0.384262
-0.326914
-0.269499
-0.212017
-0.154467
-0.0968478
-0.0391601
0.0185966
0.0764228
0.134319
0.192285
0.250322
0.308429
0.366607
0.424854
0.48317
0.541557
0.600014
0.65854
0.717137
0.775805
0.834542
0.893349
0.952227
1.01117
1.07019
1.12928
1.18843
1.24766
1.30696
1.36632
1.42576
1.48526
1.54483
1.60447
1.66418
1.72396
1.7838
1.84372
1.9037
1.96375
2.02387
2.08406
2.14431
2.20464
2.26503
2.32549
2.38602
2.44662
2.50728
2.56802
2.62882
2.6897
2.75064
2.81165
2.87274
2.93389
2.99512
3.05641
3.11778
3.17923
3.24074
3.30233
3.364
3.42574
3.48756
3.54946
3.61144
3.6735
3.73564
3.79786
3.86017
3.92256
3.98504
4.0476
4.11026
4.17301
4.23586
4.2988
4.36184
4.42497
4.48821
4.55156
4.61501
4.67857
4.74223
4.80601
4.8699
4.93391
4.99803
5.06227
5.12663
5.1911
5.25569
5.32041
5.38523
5.45018
5.51523
5.5804
5.64567
5.71103
5.77649
5.84204
5.90766
5.97335
6.03909
6.10487
6.17068
6.23651
6.30234
6.36815
6.43394
6.49969
6.56539
6.63102
6.69656
6.76201
6.82734
6.89254
6.9576
7.02249
7.08721
7.15174
7.21606
7.28017
7.34402
7.40761
7.47097
-2.99485
-2.94076
-2.8864
-2.83178
-2.77692
-2.72185
-2.66658
-2.61114
-2.55556
-2.49983
-2.44399
-2.38805
-2.332
-2.27587
-2.21965
-2.16336
-2.10699
-2.05056
-1.99406
-1.93751
-1.88089
-1.82421
-1.76747
-1.71068
-1.65383
-1.59693
-1.53997
-1.48295
-1.42588
-1.36875
-1.31156
-1.25432
-1.19701
-1.13965
-1.08223
-1.02474
-0.967192
-0.909582
-0.851908
-0.794171
-0.736368
-0.6785
-0.620566
-0.562565
-0.504497
-0.446362
-0.388158
-0.329885
-0.271545
-0.213135
-0.154655
-0.0961053
-0.0374855
0.0212052
0.079967
0.1388
0.197705
0.256682
0.315729
0.374848
0.434038
0.493298
0.55263
0.612033
0.671508
0.731054
0.790671
0.85036
0.91012
0.969951
1.02985
1.08983
1.14987
1.20999
1.27017
1.33043
1.39075
1.45115
1.51162
1.57215
1.63276
1.69343
1.75418
1.81499
1.87588
1.93683
1.99785
2.05894
2.12011
2.18134
2.24264
2.30401
2.36545
2.42696
2.48854
2.55019
2.61191
2.6737
2.73556
2.79749
2.85949
2.92157
2.98372
3.04594
3.10823
3.1706
3.23305
3.29557
3.35816
3.42084
3.48359
3.54642
3.60934
3.67233
3.73541
3.79857
3.86182
3.92515
3.98857
4.05209
4.11569
4.17939
4.24318
4.30708
4.37107
4.43516
4.49936
4.56366
4.62807
4.69259
4.75723
4.82197
4.88683
4.9518
5.0169
5.08211
5.14744
5.2129
5.27847
5.34416
5.40997
5.4759
5.54195
5.6081
5.67436
5.74072
5.80717
5.87371
5.94033
6.00701
6.07375
6.14054
6.20735
6.27418
6.34101
6.40783
6.47462
6.54138
6.60808
6.67471
6.74126
6.80772
6.87406
6.94026
7.00633
7.07223
7.13795
7.20349
7.26881
7.33392
7.39878
7.46338
7.52773
7.59179
-3.08885
-3.03401
-2.9789
-2.92351
-2.86789
-2.81204
-2.756
-2.69979
-2.64343
-2.58693
-2.53032
-2.47359
-2.41677
-2.35986
-2.30287
-2.24579
-2.18865
-2.13144
-2.07416
-2.01682
-1.95941
-1.90195
-1.84443
-1.78685
-1.72922
-1.67153
-1.61378
-1.55597
-1.49811
-1.44019
-1.38221
-1.32418
-1.26608
-1.20792
-1.1497
-1.09142
-1.03307
-0.974661
-0.916188
-0.85765
-0.799045
-0.740374
-0.681636
-0.62283
-0.563956
-0.505013
-0.446001
-0.386919
-0.327768
-0.268546
-0.209254
-0.14989
-0.0904556
-0.0309488
0.0286303
0.088282
0.148007
0.207804
0.267673
0.327615
0.387629
0.447715
0.507873
0.568104
0.628407
0.688783
0.749232
0.809752
0.870346
0.931011
0.991749
1.05256
1.11344
1.17439
1.23542
1.29652
1.35769
1.41893
1.48024
1.54162
1.60307
1.66459
1.72619
1.78785
1.84959
1.91139
1.97327
2.03521
2.09723
2.15932
2.22148
2.28371
2.34601
2.40838
2.47082
2.53333
2.59592
2.65857
2.7213
2.7841
2.84697
2.90992
2.97294
3.03603
3.0992
3.16244
3.22576
3.28916
3.35263
3.41619
3.47982
3.54354
3.60733
3.67121
3.73518
3.79922
3.86336
3.92758
3.99189
4.0563
4.1208
4.18539
4.25009
4.31488
4.37977
4.44477
4.50987
4.57507
4.64039
4.70582
4.77136
4.83702
4.90279
4.96868
5.03469
5.10083
5.16708
5.23346
5.29996
5.36658
5.43332
5.50017
5.56715
5.63424
5.70143
5.76873
5.83612
5.9036
5.97116
6.03878
6.10647
6.17419
6.24195
6.30973
6.37751
6.44527
6.51301
6.58072
6.64837
6.71595
6.78345
6.85085
6.91814
6.9853
7.05231
7.11916
7.18584
7.25232
7.3186
7.38466
7.45047
7.51603
7.58131
7.64633
7.71103
-3.17717
-3.12163
-3.0658
-3.0097
-2.95335
-2.89678
-2.84001
-2.78307
-2.72598
-2.66876
-2.61141
-2.55396
-2.49641
-2.43877
-2.38104
-2.32324
-2.26536
-2.20741
-2.1494
-2.09132
-2.03319
-1.97499
-1.91673
-1.85842
-1.80004
-1.74161
-1.68312
-1.62458
-1.56597
-1.50731
-1.44859
-1.38981
-1.33096
-1.27206
-1.21309
-1.15406
-1.09496
-1.0358
-0.976581
-0.91729
-0.857932
-0.798507
-0.739014
-0.679452
-0.61982
-0.560119
-0.500348
-0.440506
-0.380593
-0.320609
-0.260554
-0.200426
-0.140225
-0.0799519
-0.0196051
0.0408154
0.10131
0.161878
0.222519
0.283234
0.344022
0.404883
0.465818
0.526826
0.587907
0.649063
0.710292
0.771594
0.83297
0.894419
0.955942
1.01754
1.07921
1.14095
1.20276
1.26465
1.32661
1.38864
1.45075
1.51292
1.57517
1.63749
1.69988
1.76234
1.82488
1.88748
1.95016
2.01291
2.07573
2.13862
2.20159
2.26462
2.32773
2.39091
2.45416
2.51748
2.58088
2.64435
2.70789
2.77151
2.83519
2.89896
2.9628
3.02671
3.0907
3.15476
3.2189
3.28312
3.34742
3.4118
3.47626
3.54081
3.60543
3.67014
3.73494
3.79982
3.86479
3.92985
3.995
4.06024
4.12558
4.19102
4.25655
4.32219
4.38792
4.45377
4.51972
4.58577
4.65194
4.71822
4.78462
4.85113
4.91777
4.98452
5.05139
5.11839
5.18551
5.25275
5.32012
5.38761
5.45522
5.52295
5.5908
5.65877
5.72684
5.79502
5.86329
5.93165
6.00009
6.0686
6.13717
6.20579
6.27443
6.3431
6.41176
6.48042
6.54905
6.61765
6.68619
6.75467
6.82306
6.89135
6.95953
7.02758
7.09549
7.16323
7.2308
7.29817
7.36534
7.43229
7.499
7.56545
7.63163
7.69754
7.76313
7.82843
-3.25965
-3.20344
-3.14695
-3.09018
-3.03316
-2.97591
-2.91846
-2.86084
-2.80307
-2.74516
-2.68714
-2.629
-2.57077
-2.51245
-2.45404
-2.39555
-2.33699
-2.27836
-2.21966
-2.1609
-2.10208
-2.04319
-1.98425
-1.92524
-1.86618
-1.80706
-1.74788
-1.68864
-1.62934
-1.56999
-1.51057
-1.45109
-1.39155
-1.33195
-1.27229
-1.21256
-1.15276
-1.0929
-1.03298
-0.972985
-0.912924
-0.852795
-0.792597
-0.732329
-0.671991
-0.611582
-0.551102
-0.49055
-0.429926
-0.369231
-0.308462
-0.247621
-0.186706
-0.125717
-0.0646533
-0.00351515
0.0576979
0.118986
0.180348
0.241784
0.303295
0.36488
0.426539
0.488273
0.550081
0.611964
0.673922
0.735954
0.798061
0.860242
0.922497
0.984826
1.04723
1.10971
1.17226
1.23488
1.29758
1.36035
1.4232
1.48611
1.5491
1.61217
1.6753
1.73851
1.80179
1.86515
1.92857
1.99207
2.05564
2.11928
2.183
2.24679
2.31065
2.37458
2.43859
2.50267
2.56683
2.63105
2.69536
2.75973
2.82418
2.88871
2.95331
3.01799
3.08274
3.14757
3.21248
3.27747
3.34254
3.40769
3.47293
3.53824
3.60364
3.66913
3.7347
3.80036
3.86611
3.93195
3.99788
4.0639
4.13003
4.19625
4.26257
4.32899
4.39552
4.46215
4.52889
4.59575
4.66271
4.72979
4.79698
4.8643
4.93173
4.99928
5.06696
5.13476
5.20269
5.27074
5.33892
5.40722
5.47565
5.5442
5.61286
5.68165
5.75054
5.81954
5.88864
5.95782
6.02709
6.09643
6.16582
6.23526
6.30474
6.37423
6.44373
6.51322
6.58268
6.65211
6.72148
6.79079
6.86001
6.92914
6.99816
7.06704
7.13577
7.20435
7.27275
7.34096
7.40896
7.47675
7.54428
7.61157
7.67858
7.74532
7.81175
7.87788
-3.33613
-3.27931
-3.2222
-3.16481
-3.10716
-3.04927
-2.9912
-2.93294
-2.87454
-2.81601
-2.75735
-2.69858
-2.63972
-2.58076
-2.52172
-2.4626
-2.40341
-2.34414
-2.28481
-2.22541
-2.16595
-2.10643
-2.04685
-1.9872
-1.9275
-1.86774
-1.80792
-1.74804
-1.6881
-1.6281
-1.56804
-1.50792
-1.44774
-1.38749
-1.32718
-1.2668
-1.20636
-1.14585
-1.08527
-1.02463
-0.963917
-0.903135
-0.842283
-0.781361
-0.720367
-0.659302
-0.598165
-0.536956
-0.475673
-0.414318
-0.352889
-0.291386
-0.229808
-0.168156
-0.106428
-0.0446246
0.0172547
0.0792097
0.14124
0.203345
0.265526
0.327781
0.390112
0.452519
0.515001
0.577558
0.640191
0.7029
0.765684
0.828543
0.891478
0.954487
1.01757
1.08073
1.14397
1.20728
1.27066
1.33412
1.39765
1.46125
1.52493
1.58868
1.65251
1.71641
1.78038
1.84442
1.90854
1.97274
2.037
2.10134
2.16576
2.23024
2.2948
2.35944
2.42414
2.48893
2.55378
2.61872
2.68372
2.7488
2.81396
2.87919
2.9445
3.00989
3.07535
3.14089
3.20652
3.27222
3.338
3.40387
3.46981
3.53585
3.60197
3.66817
3.73446
3.80084
3.86731
3.93387
4.00053
4.06728
4.13413
4.20108
4.26813
4.33528
4.40254
4.46991
4.53738
4.60497
4.67267
4.74049
4.80842
4.87648
4.94465
5.01295
5.08138
5.14992
5.2186
5.2874
5.35633
5.42539
5.49457
5.56387
5.6333
5.70284
5.77249
5.84225
5.91211
5.98206
6.05209
6.1222
6.19236
6.26257
6.33281
6.40307
6.47334
6.5436
6.61383
6.68403
6.75418
6.82426
6.89425
6.96415
7.03394
7.10359
7.1731
7.24245
7.31162
7.38061
7.44938
7.51793
7.58624
7.6543
7.72208
7.7896
7.8568
7.92369
7.99027
-3.40645
-3.34908
-3.29139
-3.23343
-3.1752
-3.11673
-3.05807
-2.99924
-2.94026
-2.88114
-2.8219
-2.76255
-2.70311
-2.64357
-2.58395
-2.52425
-2.46447
-2.40462
-2.3447
-2.28472
-2.22468
-2.16457
-2.1044
-2.04417
-1.98388
-1.92353
-1.86312
-1.80265
-1.74213
-1.68154
-1.62089
-1.56017
-1.49939
-1.43855
-1.37765
-1.31667
-1.25564
-1.19453
-1.13336
-1.07212
-1.0108
-0.949422
-0.88797
-0.826446
-0.76485
-0.703182
-0.641441
-0.579627
-0.517739
-0.455777
-0.393741
-0.33163
-0.269443
-0.207181
-0.144843
-0.0824275
-0.0199359
0.0426324
0.105277
0.167997
0.230793
0.293666
0.356614
0.419639
0.48274
0.545917
0.609171
0.672502
0.735909
0.799391
0.86295
0.926585
0.990295
1.05408
1.11794
1.18188
1.24589
1.30998
1.37414
1.43838
1.50269
1.56708
1.63154
1.69607
1.76068
1.82536
1.89012
1.95495
2.01985
2.08483
2.14989
2.21502
2.28022
2.3455
2.41085
2.47628
2.54178
2.60736
2.67301
2.73874
2.80455
2.87043
2.93639
3.00243
3.06854
3.13474
3.20102
3.26737
3.33381
3.40033
3.46694
3.53363
3.60041
3.66728
3.73423
3.80127
3.86841
3.93563
4.00295
4.07037
4.13789
4.20551
4.27323
4.34105
4.40898
4.47702
4.54517
4.61344
4.68182
4.75031
4.81893
4.88766
4.95652
5.0255
5.09461
5.16385
5.23321
5.3027
5.37232
5.44207
5.51195
5.58194
5.65206
5.7223
5.79265
5.86311
5.93367
6.00433
6.07506
6.14587
6.21674
6.28765
6.3586
6.42957
6.50054
6.57151
6.64245
6.71336
6.78422
6.85501
6.92571
6.99632
7.06682
7.13718
7.2074
7.27746
7.34734
7.41703
7.48652
7.55578
7.6248
7.69357
7.76206
7.83028
7.89821
7.9658
8.03309
8.10005
-3.47047
-3.41258
-3.35437
-3.29588
-3.23712
-3.17813
-3.11894
-3.05958
-3.00007
-2.94042
-2.88065
-2.82078
-2.7608
-2.70073
-2.64058
-2.58035
-2.52004
-2.45966
-2.39922
-2.3387
-2.27813
-2.21749
-2.15678
-2.09602
-2.0352
-1.97431
-1.91337
-1.85236
-1.7913
-1.73017
-1.66898
-1.60773
-1.54641
-1.48503
-1.42358
-1.36207
-1.30049
-1.23884
-1.17712
-1.11534
-1.05348
-0.991553
-0.929554
-0.867483
-0.805339
-0.743122
-0.680832
-0.618467
-0.556028
-0.493515
-0.430926
-0.368262
-0.305521
-0.242704
-0.17981
-0.116838
-0.0537896
0.00933665
0.0725397
0.13582
0.199176
0.26261
0.32612
0.389707
0.453371
0.517113
0.580932
0.644829
0.708802
0.772852
0.836979
0.901182
0.965462
1.02982
1.09425
1.15876
1.22335
1.28801
1.35274
1.41755
1.48244
1.5474
1.61244
1.67755
1.74274
1.808
1.87334
1.93875
2.00424
2.0698
2.13544
2.20115
2.26694
2.3328
2.39874
2.46475
2.53084
2.59701
2.66325
2.72957
2.79597
2.86244
2.929
2.99563
3.06234
3.12913
3.196
3.26295
3.32999
3.39711
3.46431
3.5316
3.59898
3.66645
3.734
3.80165
3.86939
3.93722
4.00515
4.07317
4.14129
4.20952
4.27785
4.34629
4.41483
4.48348
4.55225
4.62113
4.69012
4.75923
4.82847
4.89782
4.9673
5.03691
5.10664
5.1765
5.24649
5.31661
5.38686
5.45723
5.52774
5.59837
5.66912
5.74
5.81098
5.88208
5.95328
6.02457
6.09594
6.16739
6.2389
6.31046
6.38205
6.45366
6.52528
6.59689
6.66848
6.74003
6.81153
6.88297
6.95432
7.02558
7.09672
7.16773
7.23859
7.30929
7.37982
7.45016
7.52029
7.5902
7.65986
7.72928
7.79842
7.86729
7.93586
8.0041
8.07204
8.13964
8.20692
-3.52802
-3.46966
-3.41098
-3.35202
-3.29279
-3.23332
-3.17365
-3.11381
-3.05382
-2.9937
-2.93345
-2.8731
-2.81265
-2.75211
-2.69148
-2.63078
-2.56999
-2.50914
-2.44821
-2.38722
-2.32617
-2.26505
-2.20387
-2.14262
-2.08132
-2.01995
-1.95853
-1.89704
-1.83549
-1.77388
-1.71221
-1.65047
-1.58867
-1.52681
-1.46487
-1.40287
-1.3408
-1.27867
-1.21646
-1.15419
-1.09184
-1.02942
-0.966933
-0.904371
-0.841735
-0.779024
-0.71624
-0.653381
-0.590447
-0.527438
-0.464352
-0.401191
-0.337953
-0.274637
-0.211244
-0.147772
-0.0842226
-0.020595
0.0431102
0.106893
0.170753
0.23469
0.298705
0.362798
0.426969
0.491218
0.555544
0.619949
0.684432
0.748992
0.813629
0.878343
0.943135
1.008
1.07295
1.13798
1.20307
1.26825
1.3335
1.39883
1.46423
1.52971
1.59527
1.6609
1.72661
1.79239
1.85825
1.92418
1.99019
2.05628
2.12244
2.18868
2.25499
2.32138
2.38784
2.45439
2.521
2.5877
2.65447
2.72132
2.78825
2.85525
2.92234
2.9895
3.05675
3.12407
3.19148
3.25897
3.32654
3.39419
3.46194
3.52977
3.59768
3.66569
3.73379
3.80197
3.87025
3.93863
4.0071
4.07567
4.14434
4.21312
4.28199
4.35098
4.42007
4.48927
4.55859
4.62802
4.69757
4.76724
4.83703
4.90694
4.97697
5.04714
5.11743
5.18785
5.2584
5.32909
5.3999
5.47084
5.54192
5.61312
5.68444
5.75588
5.82744
5.89911
5.97088
6.04275
6.1147
6.18672
6.25881
6.33094
6.40311
6.4753
6.5475
6.61968
6.69185
6.76399
6.83607
6.90808
6.98002
7.05185
7.12357
7.19516
7.2666
7.33789
7.409
7.47991
7.55063
7.62111
7.69136
7.76136
7.83108
7.90053
7.96968
8.03851
8.10703
8.17521
8.24307
-3.57894
-3.52016
-3.46107
-3.40169
-3.34204
-3.28214
-3.22205
-3.16178
-3.10137
-3.04083
-2.98017
-2.91939
-2.85853
-2.79756
-2.73651
-2.67539
-2.61418
-2.5529
-2.49156
-2.43014
-2.36867
-2.30712
-2.24552
-2.18385
-2.12212
-2.06033
-1.99848
-1.93657
-1.87459
-1.81256
-1.75046
-1.68829
-1.62606
-1.56376
-1.5014
-1.43897
-1.37647
-1.3139
-1.25127
-1.18856
-1.12578
-1.06293
-1
-0.937008
-0.873936
-0.81079
-0.747568
-0.684272
-0.6209
-0.557452
-0.493928
-0.430327
-0.366648
-0.302892
-0.239057
-0.175143
-0.111151
-0.0470797
0.0170696
0.0812969
0.145602
0.209986
0.274447
0.338987
0.403605
0.468302
0.533078
0.597933
0.662865
0.727876
0.792965
0.858132
0.923376
0.988699
1.0541
1.11958
1.18513
1.25076
1.31647
1.38226
1.44812
1.51406
1.58007
1.64616
1.71233
1.77857
1.84489
1.91129
1.97776
2.04431
2.11093
2.17763
2.24441
2.31126
2.3782
2.4452
2.51229
2.57945
2.64669
2.71401
2.78141
2.84888
2.91644
2.98407
3.05179
3.11959
3.18746
3.25543
3.32347
3.39161
3.45982
3.52813
3.59652
3.66501
3.73358
3.80225
3.87101
3.93986
4.00882
4.07787
4.14702
4.21628
4.28564
4.35511
4.42469
4.49438
4.56419
4.63411
4.70414
4.7743
4.84458
4.91499
4.98552
5.05617
5.12696
5.19788
5.26893
5.34011
5.41142
5.48287
5.55444
5.62614
5.69797
5.76992
5.84198
5.91416
5.98643
6.05881
6.13126
6.2038
6.27639
6.34904
6.42172
6.49442
6.56713
6.63983
6.71251
6.78516
6.85775
6.93028
7.00273
7.07508
7.14731
7.21941
7.29137
7.36317
7.43479
7.50622
7.57744
7.64845
7.71921
7.78972
7.85996
7.92992
7.99958
8.06893
8.13796
8.20666
8.27502
8.34304
-3.62307
-3.56392
-3.50447
-3.44473
-3.38471
-3.32445
-3.26398
-3.20335
-3.14258
-3.08167
-3.02064
-2.95951
-2.89827
-2.83695
-2.77553
-2.71404
-2.65247
-2.59083
-2.52912
-2.46734
-2.40549
-2.34358
-2.28161
-2.21958
-2.15748
-2.09532
-2.0331
-1.97082
-1.90848
-1.84607
-1.7836
-1.72106
-1.65846
-1.59579
-1.53306
-1.47025
-1.40738
-1.34444
-1.28143
-1.21835
-1.15519
-1.09197
-1.02867
-0.965291
-0.901842
-0.838318
-0.774719
-0.711043
-0.647292
-0.583465
-0.51956
-0.455578
-0.391518
-0.327379
-0.263162
-0.198865
-0.134489
-0.0700338
-0.00549985
0.0591127
0.123804
0.188573
0.253422
0.318349
0.383355
0.448441
0.513606
0.578849
0.644172
0.709574
0.775053
0.840612
0.906249
0.971964
1.03776
1.10363
1.16958
1.2356
1.30171
1.36789
1.43415
1.50048
1.56689
1.63338
1.69995
1.76659
1.83331
1.9001
1.96698
2.03393
2.10095
2.16805
2.23523
2.30249
2.36983
2.43724
2.50473
2.5723
2.63994
2.70767
2.77547
2.84335
2.91132
2.97936
3.04748
3.11569
3.18398
3.25235
3.32081
3.38935
3.45798
3.5267
3.59551
3.66441
3.7334
3.80248
3.87165
3.94092
4.01029
4.07976
4.14933
4.21901
4.28879
4.35868
4.42868
4.49879
4.56902
4.63936
4.70983
4.78041
4.85112
4.92195
4.9929
5.06399
5.13521
5.20656
5.27804
5.34965
5.42139
5.49327
5.56528
5.63742
5.70968
5.78206
5.85456
5.92718
5.9999
6.07271
6.14561
6.21858
6.29162
6.36471
6.43783
6.51097
6.58413
6.65727
6.7304
6.80349
6.87652
6.9495
7.02239
7.09519
7.16786
7.24041
7.31281
7.38505
7.45712
7.52899
7.60067
7.67211
7.74332
7.81427
7.88496
7.95536
8.02548
8.09527
8.16474
8.23389
8.3027
8.37117
8.43932
-3.66026
-3.60079
-3.54103
-3.48099
-3.42066
-3.36008
-3.29931
-3.23837
-3.17729
-3.11607
-3.05474
-2.99329
-2.93175
-2.87012
-2.8084
-2.7466
-2.68472
-2.62277
-2.56075
-2.49867
-2.43651
-2.3743
-2.31202
-2.24967
-2.18727
-2.1248
-2.06227
-1.99967
-1.93702
-1.8743
-1.81152
-1.74867
-1.68575
-1.62277
-1.55972
-1.49661
-1.43342
-1.37017
-1.30684
-1.24344
-1.17997
-1.11643
-1.05281
-0.989118
-0.925351
-0.861509
-0.797591
-0.733597
-0.669527
-0.605379
-0.541154
-0.476851
-0.41247
-0.34801
-0.283471
-0.218851
-0.154152
-0.0893734
-0.0245155
0.0404214
0.105437
0.170532
0.235706
0.300959
0.366292
0.431705
0.497198
0.562769
0.628421
0.694151
0.75996
0.825848
0.891816
0.957862
1.02399
1.09019
1.15647
1.22283
1.28927
1.35578
1.42237
1.48904
1.55579
1.62261
1.68951
1.75649
1.82354
1.89068
1.95789
2.02517
2.09254
2.15998
2.2275
2.29509
2.36277
2.43052
2.49835
2.56626
2.63425
2.70232
2.77046
2.83869
2.90699
2.97538
3.04385
3.1124
3.18103
3.24975
3.31856
3.38744
3.45642
3.52549
3.59464
3.66389
3.73323
3.80266
3.87218
3.94181
4.01153
4.08135
4.15127
4.2213
4.29144
4.36168
4.43203
4.5025
4.57308
4.64378
4.7146
4.78554
4.85661
4.9278
4.99912
5.07056
5.14214
5.21385
5.28569
5.35767
5.42978
5.50202
5.57439
5.6469
5.71953
5.79228
5.86515
5.93813
6.01122
6.0844
6.15767
6.23102
6.30443
6.37789
6.45139
6.5249
6.59843
6.67195
6.74545
6.81891
6.89233
6.96567
7.03894
7.11211
7.18516
7.25808
7.33086
7.40348
7.47592
7.54817
7.62021
7.69203
7.76361
7.83494
7.90601
7.97678
8.04727
8.11744
8.18729
8.25682
8.32601
8.39485
8.46337
-3.69034
-3.63061
-3.5706
-3.51032
-3.44974
-3.3889
-3.32787
-3.26668
-3.20535
-3.14388
-3.0823
-3.02061
-2.95882
-2.89694
-2.83498
-2.77293
-2.7108
-2.6486
-2.58634
-2.524
-2.4616
-2.39913
-2.3366
-2.27401
-2.21135
-2.14863
-2.08585
-2.023
-1.9601
-1.89713
-1.83409
-1.77099
-1.70782
-1.64459
-1.58129
-1.51792
-1.45448
-1.39097
-1.32739
-1.26373
-1.20001
-1.13621
-1.07233
-1.00839
-0.944363
-0.880264
-0.816089
-0.751837
-0.687508
-0.623102
-0.558618
-0.494056
-0.429415
-0.364695
-0.299895
-0.235015
-0.170055
-0.105014
-0.0398946
0.0253045
0.0905829
0.155941
0.221378
0.286895
0.352492
0.418169
0.483926
0.549763
0.61568
0.681676
0.747752
0.813906
0.880141
0.946454
1.01285
1.07932
1.14587
1.21249
1.2792
1.34598
1.41285
1.47978
1.5468
1.6139
1.68107
1.74832
1.81564
1.88305
1.95053
2.01809
2.08573
2.15344
2.22123
2.28911
2.35706
2.42508
2.49319
2.56138
2.62964
2.69798
2.7664
2.83491
2.90349
2.97215
3.0409
3.10973
3.17864
3.24764
3.31672
3.38589
3.45515
3.5245
3.59394
3.66346
3.73308
3.8028
3.8726
3.94251
4.01251
4.08262
4.15283
4.22314
4.29356
4.36409
4.43473
4.50549
4.57636
4.64735
4.71846
4.78969
4.86104
4.93252
5.00413
5.07586
5.14773
5.21974
5.29187
5.36414
5.43655
5.50908
5.58175
5.65455
5.72748
5.80053
5.8737
5.94698
6.02037
6.09385
6.16742
6.24107
6.31478
6.38854
6.46233
6.53615
6.60998
6.68381
6.75761
6.83137
6.90509
6.97874
7.05231
7.12578
7.19914
7.27236
7.34544
7.41836
7.4911
7.56366
7.63601
7.70813
7.78001
7.85165
7.92301
7.99409
8.06488
8.13536
8.20552
8.27535
8.34484
8.41399
8.48282
8.55128
-3.71315
-3.65321
-3.59301
-3.53255
-3.47178
-3.41074
-3.34952
-3.28814
-3.22662
-3.16497
-3.1032
-3.04132
-2.97934
-2.91727
-2.85512
-2.79288
-2.73057
-2.66818
-2.60573
-2.5432
-2.48061
-2.41795
-2.35523
-2.29245
-2.2296
-2.16669
-2.10372
-2.04069
-1.97759
-1.91443
-1.8512
-1.78791
-1.72455
-1.66113
-1.59763
-1.53407
-1.47044
-1.40674
-1.34296
-1.27911
-1.2152
-1.1512
-1.08714
-1.02299
-0.958775
-0.894481
-0.830111
-0.765664
-0.701139
-0.636537
-0.571857
-0.507099
-0.442261
-0.377344
-0.312347
-0.247269
-0.182111
-0.116873
-0.0515545
0.0138432
0.0793206
0.144878
0.210514
0.276231
0.342028
0.407906
0.473863
0.539902
0.606019
0.672217
0.738494
0.804851
0.871287
0.937804
1.0044
1.07107
1.13783
1.20466
1.27157
1.33855
1.40562
1.47276
1.53999
1.60729
1.67466
1.74212
1.80965
1.87726
1.94495
2.01272
2.08056
2.14848
2.21648
2.28456
2.35272
2.42096
2.48927
2.55767
2.62614
2.69469
2.76332
2.83204
2.90083
2.9697
3.03866
3.1077
3.17683
3.24604
3.31533
3.38471
3.45418
3.52374
3.59339
3.66313
3.73297
3.80289
3.87292
3.94304
4.01326
4.08358
4.154
4.22453
4.29517
4.36592
4.43677
4.50774
4.57883
4.65004
4.72137
4.79282
4.86439
4.93609
5.00792
5.07988
5.15197
5.22419
5.29655
5.36904
5.44167
5.51443
5.58732
5.66034
5.7335
5.80677
5.88017
5.95367
6.02729
6.101
6.1748
6.24867
6.32261
6.3966
6.47062
6.54467
6.61873
6.69278
6.76681
6.84081
6.91476
6.98864
7.06244
7.13614
7.20972
7.28318
7.35648
7.42963
7.50261
7.57539
7.64797
7.72032
7.79244
7.8643
7.93589
8.00721
8.07823
8.14893
8.21932
8.28939
8.35911
8.4285
8.49755
8.56627
8.63462
-3.72852
-3.66844
-3.60811
-3.54753
-3.48663
-3.42546
-3.36411
-3.3026
-3.24095
-3.17917
-3.11727
-3.05527
-2.99317
-2.93097
-2.86869
-2.80632
-2.74388
-2.68137
-2.61879
-2.55614
-2.49342
-2.43063
-2.36779
-2.30488
-2.2419
-2.17886
-2.11576
-2.0526
-1.98938
-1.92609
-1.86273
-1.79931
-1.73582
-1.67227
-1.60865
-1.54495
-1.48119
-1.41736
-1.35345
-1.28948
-1.22543
-1.16131
-1.09711
-1.03283
-0.968486
-0.904061
-0.839559
-0.77498
-0.710324
-0.64559
-0.580778
-0.515887
-0.450917
-0.385867
-0.320737
-0.255526
-0.190235
-0.124863
-0.0594117
0.00611979
0.0717311
0.137422
0.203193
0.269045
0.334976
0.400989
0.467082
0.533255
0.599509
0.665842
0.732255
0.798748
0.86532
0.931973
0.998705
1.06552
1.13241
1.19937
1.26642
1.33355
1.40075
1.46803
1.53539
1.60283
1.67034
1.73794
1.80561
1.87336
1.94119
2.00909
2.07708
2.14514
2.21328
2.2815
2.3498
2.41817
2.48663
2.55516
2.62378
2.69247
2.76124
2.8301
2.89903
2.96805
3.03715
3.10633
3.1756
3.24495
3.31439
3.38391
3.45353
3.52323
3.59302
3.66291
3.73288
3.80295
3.87312
3.94339
4.01375
4.08422
4.15479
4.22546
4.29624
4.36714
4.43814
4.50926
4.58049
4.65185
4.72332
4.79492
4.86664
4.93849
5.01046
5.08257
5.15481
5.22718
5.29969
5.37233
5.44511
5.51802
5.59106
5.66424
5.73754
5.81097
5.88452
5.95818
6.03194
6.10581
6.17976
6.25378
6.32788
6.40202
6.4762
6.5504
6.62462
6.69882
6.77301
6.84716
6.92126
6.9953
7.06925
7.14311
7.21685
7.29046
7.36392
7.43722
7.51035
7.58329
7.65602
7.72853
7.8008
7.87282
7.94457
8.01604
8.08721
8.15807
8.22862
8.29884
8.36872
8.43827
8.50747
8.57636
8.64487
8.71303
-3.73771
-3.67752
-3.61713
-3.55648
-3.4955
-3.43424
-3.37281
-3.31123
-3.2495
-3.18765
-3.12567
-3.06359
-3.00141
-2.93914
-2.87678
-2.81435
-2.75183
-2.68924
-2.62658
-2.56385
-2.50106
-2.4382
-2.37528
-2.31229
-2.24924
-2.18613
-2.12295
-2.05971
-1.99641
-1.93304
-1.86961
-1.80611
-1.74255
-1.67892
-1.61522
-1.55145
-1.48761
-1.4237
-1.35972
-1.29566
-1.23154
-1.16733
-1.10306
-1.03871
-0.974281
-0.909778
-0.845198
-0.78054
-0.715806
-0.650993
-0.586102
-0.521132
-0.456083
-0.390954
-0.325745
-0.260455
-0.195084
-0.129633
-0.0641014
0.00150985
0.067201
0.132972
0.198823
0.264755
0.330767
0.39686
0.463034
0.529288
0.595622
0.662036
0.72853
0.795104
0.861758
0.928492
0.995305
1.0622
1.12917
1.19622
1.26335
1.33055
1.39784
1.46521
1.53265
1.60017
1.66777
1.73544
1.80319
1.87103
1.93894
2.00693
2.07499
2.14314
2.21136
2.27967
2.34805
2.41651
2.48505
2.55367
2.62236
2.69114
2.76
2.82894
2.89796
2.96706
3.03624
3.10551
3.17486
3.2443
3.31382
3.38343
3.45313
3.52292
3.5928
3.66277
3.73283
3.80299
3.87324
3.94359
4.01404
4.08459
4.15525
4.22601
4.29688
4.36786
4.43895
4.51016
4.58148
4.65292
4.72448
4.79617
4.86798
4.93991
5.01198
5.08417
5.1565
5.22896
5.30156
5.37429
5.44716
5.52016
5.59329
5.66656
5.73995
5.81347
5.88711
5.96086
6.03472
6.10867
6.18271
6.25683
6.33102
6.40525
6.47953
6.55382
6.62813
6.70243
6.77671
6.85095
6.92514
6.99927
7.07332
7.14727
7.2211
7.2948
7.36836
7.44175
7.51498
7.58801
7.66083
7.73343
7.80579
7.8779
7.94975
8.02131
8.09258
8.16353
8.23417
8.30449
8.37446
8.44411
8.51339
8.58239
8.65098
8.71923
)
;

boundaryField
{
    inlet
    {
        type            fixedValue;
        value           nonuniform List<scalar> 0();
    }
    outlet
    {
        type            fixedValue;
        value           nonuniform List<scalar> 0();
    }
    lowerWall
    {
        type            zeroGradient;
    }
    upperWall
    {
        type            zeroGradient;
    }
    frontAndBack
    {
        type            zeroGradient;
    }
    procBoundary4to1
    {
        type            processor;
        value           nonuniform List<scalar> 
150
(
3.06873
2.8803
2.8803
2.8879
2.89551
2.90314
2.91077
2.91839
2.92601
2.93363
2.94124
2.94884
2.95643
2.96402
2.9716
2.97917
2.98674
2.99431
3.00187
3.00942
3.01697
3.02452
3.03207
3.03962
3.04717
3.05471
3.06226
3.0698
3.07734
3.08489
3.09244
3.09998
3.10753
3.11508
3.12262
3.13017
3.13772
3.14528
3.15283
3.16038
3.16793
3.17549
3.18304
3.1906
3.19816
3.20572
3.21328
3.22084
3.2284
3.23596
3.24352
3.25108
3.25865
3.26621
3.27378
3.28134
3.28891
3.29647
3.30404
3.31161
3.31917
3.32674
3.33431
3.34188
3.34945
3.35702
3.36459
3.37216
3.37973
3.3873
3.39487
3.40244
3.41002
3.41759
3.42516
3.43274
3.44031
3.44788
3.45546
3.46303
3.47061
3.47818
3.48576
3.49334
3.50091
3.50849
3.51607
3.52365
3.53122
3.5388
3.54638
3.55396
3.56154
3.56912
3.5767
3.58428
3.59186
3.59944
3.60702
3.6146
3.62218
3.62976
3.63735
3.64493
3.65251
3.66009
3.66767
3.67525
3.68283
3.69041
3.69799
3.70556
3.71314
3.72072
3.72829
3.73587
3.74344
3.75102
3.75859
3.76616
3.77373
3.78129
3.78886
3.79642
3.80398
3.81154
3.81909
3.82664
3.83419
3.84174
3.84928
3.85682
3.86435
3.87189
3.87942
3.88694
3.89447
3.90199
3.90951
3.91702
3.92454
3.93205
3.93956
3.94708
3.95459
3.96209
3.9696
3.9771
3.98458
3.9921
)
;
    }
    procBoundary4to6
    {
        type            processor;
        value           uniform 2.86508;
    }
    procBoundary4to9
    {
        type            processor;
        value           nonuniform List<scalar> 
50
(
2.66738
2.46981
2.27258
2.07584
1.87973
1.68441
1.49003
1.29675
1.10471
0.914079
0.724999
0.537625
0.352108
0.168602
-0.0127405
-0.191766
-0.36832
-0.54225
-0.713402
-0.881623
-1.04676
-1.20866
-1.36717
-1.52213
-1.67338
-1.82079
-1.96418
-2.10341
-2.23832
-2.36875
-2.49455
-2.61557
-2.73164
-2.84262
-2.94833
-3.04864
-3.14338
-3.23239
-3.31552
-3.3926
-3.46349
-3.52801
-3.58602
-3.63735
-3.68183
-3.71932
-3.74965
-3.77265
-3.78816
-3.79744
)
;
    }
    procBoundary4to10
    {
        type            processor;
        value           nonuniform List<scalar> 
85
(
4.06695
4.06695
4.14574
4.21497
4.21497
4.2994
4.2994
4.38752
4.38752
4.47926
4.55335
4.55335
4.65014
4.65014
4.75027
4.82675
4.82675
4.93139
4.93139
5.03908
5.03908
5.14966
5.22873
5.22873
5.34293
5.34293
5.45963
5.45963
5.57869
5.65877
5.65877
5.7804
5.7804
5.90391
5.98317
5.98317
6.10842
6.10842
6.23506
6.23506
6.36287
6.43988
6.43988
6.56812
6.56812
6.69695
6.77052
6.77052
6.89875
6.89875
7.02699
7.02699
7.15497
7.22239
7.22239
7.34821
7.34821
7.4731
7.53401
7.53401
7.65554
7.65554
7.77545
7.77545
7.89342
7.94367
7.94367
8.05652
8.05652
8.16669
8.16669
8.27388
8.31058
8.31058
8.41074
8.41074
8.5071
8.53152
8.53152
8.61941
8.61941
8.70265
8.70265
8.78102
8.78728
)
;
    }
}


// ************************************************************************* //
