/*--------------------------------*- C++ -*----------------------------------*\
| =========                 |                                                 |
| \\      /  F ield         | OpenFOAM: The Open Source CFD Toolbox           |
|  \\    /   O peration     | Version:  2512                                  |
|   \\  /    A nd           | Website:  www.openfoam.com                      |
|    \\/     M anipulation  |                                                 |
\*---------------------------------------------------------------------------*/
FoamFile
{
    version     2.0;
    format      ascii;
    arch        "LSB;label=32;scalar=64";
    class       volScalarField;
    location    "0.1";
    object      Ux;
}
// * * * * * * * * * * * * * * * * * * * * * * * * * * * * * * * * * * * * * //

dimensions      [0 1 -1 0 0 0 0];

internalField   nonuniform List<scalar> 
8333
(
0.0643702
0.0643703
0.0643741
0.064378
0.0643827
0.0643875
0.0643917
0.0643958
0.0644
0.0644042
0.0644083
0.0644123
0.0644164
0.0644204
0.0644243
0.0644282
0.0644321
0.0644359
0.0644397
0.0644434
0.0644471
0.0644508
0.0644544
0.064458
0.0644616
0.0644651
0.0644686
0.064472
0.0644754
0.0644787
0.0644821
0.0644853
0.0644886
0.0644918
0.0644949
0.064498
0.0645011
0.0645041
0.0645071
0.06451
0.0645129
0.0645158
0.0645186
0.0645214
0.0645241
0.0645268
0.0645295
0.0645321
0.0645347
0.0645372
0.0645397
0.0645422
0.0645446
0.0645469
0.0645493
0.0645515
0.0645538
0.064556
0.0645581
0.0645602
0.0645623
0.0645643
0.0645663
0.0645683
0.0645702
0.064572
0.0645738
0.0645756
0.0645773
0.064579
0.0645807
0.0645823
0.0645838
0.0645853
0.0645868
0.0645882
0.0645896
0.0645909
0.0645922
0.0645935
0.0645947
0.0645959
0.064597
0.0645981
0.0645991
0.0646001
0.064601
0.0646019
0.0646028
0.0646036
0.0646044
0.0646051
0.0646058
0.0646064
0.064607
0.0646076
0.0646081
0.0646085
0.0646089
0.0646093
0.0646096
0.0646099
0.0646101
0.0646103
0.0646105
0.0646106
0.0646106
0.0646106
0.0646106
0.0646105
0.0646104
0.0646102
0.06461
0.0646098
0.0646094
0.0646091
0.0646087
0.0646083
0.0646078
0.0646072
0.0646067
0.064606
0.0646054
0.0646046
0.0646039
0.0646031
0.0646022
0.0646013
0.0646004
0.0645994
0.0645983
0.0645972
0.0645961
0.0645949
0.0645937
0.0645924
0.0645911
0.0645897
0.0645883
0.0645869
0.0645853
0.0645838
0.0645822
0.0645806
0.0645788
0.0645773
0.0645752
0.0645737
0.0645718
0.0645691
0.0643701
0.0643743
0.0643782
0.0643828
0.0643875
0.0643917
0.0643958
0.0644
0.0644042
0.0644083
0.0644123
0.0644164
0.0644203
0.0644243
0.0644282
0.0644321
0.0644359
0.0644397
0.0644434
0.0644471
0.0644508
0.0644544
0.064458
0.0644616
0.0644651
0.0644686
0.064472
0.0644754
0.0644787
0.064482
0.0644853
0.0644885
0.0644917
0.0644949
0.064498
0.0645011
0.0645041
0.0645071
0.06451
0.0645129
0.0645158
0.0645186
0.0645214
0.0645241
0.0645268
0.0645295
0.0645321
0.0645347
0.0645372
0.0645397
0.0645422
0.0645446
0.0645469
0.0645492
0.0645515
0.0645538
0.064556
0.0645581
0.0645602
0.0645623
0.0645643
0.0645663
0.0645683
0.0645702
0.064572
0.0645738
0.0645756
0.0645773
0.064579
0.0645807
0.0645822
0.0645838
0.0645853
0.0645868
0.0645882
0.0645896
0.0645909
0.0645922
0.0645935
0.0645947
0.0645959
0.064597
0.0645981
0.0645991
0.0646001
0.064601
0.0646019
0.0646028
0.0646036
0.0646044
0.0646051
0.0646058
0.0646064
0.064607
0.0646075
0.0646081
0.0646085
0.0646089
0.0646093
0.0646096
0.0646099
0.0646101
0.0646103
0.0646105
0.0646106
0.0646106
0.0646106
0.0646106
0.0646105
0.0646104
0.0646102
0.06461
0.0646097
0.0646094
0.0646091
0.0646087
0.0646082
0.0646078
0.0646072
0.0646066
0.064606
0.0646053
0.0646046
0.0646039
0.064603
0.0646022
0.0646013
0.0646003
0.0645993
0.0645983
0.0645972
0.0645961
0.0645949
0.0645937
0.0645924
0.0645911
0.0645897
0.0645883
0.0645869
0.0645853
0.0645838
0.0645822
0.0645806
0.0645788
0.0645773
0.0645752
0.0645736
0.0645718
0.0645689
0.0645685
0.0643703
0.0643742
0.0643781
0.0643827
0.0643874
0.0643917
0.0643958
0.0644
0.0644042
0.0644083
0.0644123
0.0644164
0.0644203
0.0644243
0.0644282
0.0644321
0.0644359
0.0644397
0.0644434
0.0644471
0.0644508
0.0644544
0.064458
0.0644616
0.0644651
0.0644686
0.064472
0.0644754
0.0644787
0.064482
0.0644853
0.0644885
0.0644917
0.0644949
0.064498
0.0645011
0.0645041
0.0645071
0.06451
0.0645129
0.0645158
0.0645186
0.0645214
0.0645241
0.0645268
0.0645295
0.0645321
0.0645347
0.0645372
0.0645397
0.0645421
0.0645446
0.0645469
0.0645492
0.0645515
0.0645538
0.064556
0.0645581
0.0645602
0.0645623
0.0645643
0.0645663
0.0645683
0.0645701
0.064572
0.0645738
0.0645756
0.0645773
0.064579
0.0645806
0.0645822
0.0645838
0.0645853
0.0645868
0.0645882
0.0645896
0.0645909
0.0645922
0.0645935
0.0645947
0.0645959
0.064597
0.0645981
0.0645991
0.0646001
0.064601
0.0646019
0.0646028
0.0646036
0.0646044
0.0646051
0.0646058
0.0646064
0.064607
0.0646075
0.064608
0.0646085
0.0646089
0.0646093
0.0646096
0.0646099
0.0646101
0.0646103
0.0646105
0.0646106
0.0646106
0.0646106
0.0646106
0.0646105
0.0646104
0.0646102
0.06461
0.0646097
0.0646094
0.0646091
0.0646087
0.0646082
0.0646077
0.0646072
0.0646066
0.064606
0.0646053
0.0646046
0.0646039
0.064603
0.0646022
0.0646013
0.0646003
0.0645993
0.0645983
0.0645972
0.0645961
0.0645949
0.0645937
0.0645924
0.0645911
0.0645897
0.0645883
0.0645868
0.0645853
0.0645838
0.0645822
0.0645806
0.0645788
0.0645772
0.0645753
0.0645735
0.064572
0.064569
0.0645682
0.0643702
0.0643742
0.0643781
0.0643828
0.0643874
0.0643917
0.0643958
0.0644
0.0644041
0.0644083
0.0644123
0.0644163
0.0644203
0.0644243
0.0644282
0.064432
0.0644359
0.0644397
0.0644434
0.0644471
0.0644508
0.0644544
0.064458
0.0644616
0.0644651
0.0644686
0.064472
0.0644754
0.0644787
0.064482
0.0644853
0.0644885
0.0644917
0.0644949
0.064498
0.0645011
0.0645041
0.0645071
0.06451
0.0645129
0.0645158
0.0645186
0.0645214
0.0645241
0.0645268
0.0645295
0.0645321
0.0645347
0.0645372
0.0645397
0.0645421
0.0645445
0.0645469
0.0645492
0.0645515
0.0645538
0.064556
0.0645581
0.0645602
0.0645623
0.0645643
0.0645663
0.0645682
0.0645701
0.064572
0.0645738
0.0645756
0.0645773
0.064579
0.0645806
0.0645822
0.0645838
0.0645853
0.0645868
0.0645882
0.0645896
0.0645909
0.0645922
0.0645935
0.0645947
0.0645958
0.064597
0.064598
0.0645991
0.0646001
0.064601
0.0646019
0.0646028
0.0646036
0.0646044
0.0646051
0.0646058
0.0646064
0.064607
0.0646075
0.064608
0.0646085
0.0646089
0.0646093
0.0646096
0.0646099
0.0646101
0.0646103
0.0646105
0.0646106
0.0646106
0.0646106
0.0646106
0.0646105
0.0646104
0.0646102
0.06461
0.0646097
0.0646094
0.0646091
0.0646087
0.0646082
0.0646077
0.0646072
0.0646066
0.064606
0.0646053
0.0646046
0.0646038
0.064603
0.0646022
0.0646013
0.0646003
0.0645993
0.0645983
0.0645972
0.0645961
0.0645949
0.0645937
0.0645924
0.0645911
0.0645897
0.0645883
0.0645868
0.0645853
0.0645838
0.0645821
0.0645806
0.0645788
0.0645772
0.0645753
0.0645734
0.0645719
0.0645692
0.0645679
0.0645667
0.0643703
0.0643742
0.0643781
0.0643828
0.0643874
0.0643917
0.0643958
0.0644
0.0644041
0.0644082
0.0644123
0.0644163
0.0644203
0.0644243
0.0644282
0.064432
0.0644359
0.0644397
0.0644434
0.0644471
0.0644508
0.0644544
0.064458
0.0644616
0.0644651
0.0644685
0.064472
0.0644754
0.0644787
0.064482
0.0644853
0.0644885
0.0644917
0.0644949
0.064498
0.064501
0.0645041
0.0645071
0.06451
0.0645129
0.0645158
0.0645186
0.0645214
0.0645241
0.0645268
0.0645295
0.0645321
0.0645347
0.0645372
0.0645397
0.0645421
0.0645445
0.0645469
0.0645492
0.0645515
0.0645537
0.0645559
0.0645581
0.0645602
0.0645623
0.0645643
0.0645663
0.0645682
0.0645701
0.064572
0.0645738
0.0645756
0.0645773
0.064579
0.0645806
0.0645822
0.0645838
0.0645853
0.0645868
0.0645882
0.0645896
0.0645909
0.0645922
0.0645935
0.0645947
0.0645958
0.064597
0.064598
0.0645991
0.0646001
0.064601
0.0646019
0.0646028
0.0646036
0.0646043
0.0646051
0.0646058
0.0646064
0.064607
0.0646075
0.064608
0.0646085
0.0646089
0.0646093
0.0646096
0.0646099
0.0646101
0.0646103
0.0646104
0.0646105
0.0646106
0.0646106
0.0646106
0.0646105
0.0646104
0.0646102
0.06461
0.0646097
0.0646094
0.0646091
0.0646087
0.0646082
0.0646077
0.0646072
0.0646066
0.064606
0.0646053
0.0646046
0.0646038
0.064603
0.0646022
0.0646013
0.0646003
0.0645993
0.0645983
0.0645972
0.0645961
0.0645949
0.0645937
0.0645924
0.0645911
0.0645897
0.0645883
0.0645868
0.0645853
0.0645838
0.0645821
0.0645806
0.0645788
0.0645772
0.0645753
0.0645734
0.0645718
0.0645693
0.0645678
0.0645665
0.0645638
0.0643703
0.0643742
0.064378
0.0643828
0.0643874
0.0643917
0.0643958
0.0644
0.0644041
0.0644082
0.0644123
0.0644163
0.0644203
0.0644243
0.0644282
0.064432
0.0644359
0.0644397
0.0644434
0.0644471
0.0644508
0.0644544
0.064458
0.0644616
0.0644651
0.0644685
0.064472
0.0644754
0.0644787
0.064482
0.0644853
0.0644885
0.0644917
0.0644949
0.064498
0.064501
0.0645041
0.0645071
0.06451
0.0645129
0.0645158
0.0645186
0.0645214
0.0645241
0.0645268
0.0645295
0.0645321
0.0645347
0.0645372
0.0645397
0.0645421
0.0645445
0.0645469
0.0645492
0.0645515
0.0645537
0.0645559
0.0645581
0.0645602
0.0645623
0.0645643
0.0645663
0.0645682
0.0645701
0.064572
0.0645738
0.0645756
0.0645773
0.064579
0.0645806
0.0645822
0.0645838
0.0645853
0.0645868
0.0645882
0.0645896
0.0645909
0.0645922
0.0645935
0.0645947
0.0645958
0.064597
0.064598
0.0645991
0.0646001
0.064601
0.0646019
0.0646028
0.0646036
0.0646043
0.0646051
0.0646057
0.0646064
0.064607
0.0646075
0.064608
0.0646085
0.0646089
0.0646093
0.0646096
0.0646099
0.0646101
0.0646103
0.0646104
0.0646105
0.0646106
0.0646106
0.0646106
0.0646105
0.0646104
0.0646102
0.06461
0.0646097
0.0646094
0.0646091
0.0646087
0.0646082
0.0646077
0.0646072
0.0646066
0.064606
0.0646053
0.0646046
0.0646038
0.064603
0.0646022
0.0646013
0.0646003
0.0645993
0.0645983
0.0645972
0.0645961
0.0645949
0.0645936
0.0645924
0.0645911
0.0645897
0.0645883
0.0645868
0.0645853
0.0645838
0.0645821
0.0645805
0.0645788
0.0645771
0.0645753
0.0645734
0.0645718
0.0645695
0.0645677
0.0645662
0.0645637
0.0645611
0.0643703
0.0643742
0.064378
0.0643828
0.0643874
0.0643916
0.0643958
0.0644
0.0644041
0.0644082
0.0644123
0.0644163
0.0644203
0.0644242
0.0644282
0.064432
0.0644359
0.0644396
0.0644434
0.0644471
0.0644508
0.0644544
0.064458
0.0644615
0.0644651
0.0644685
0.064472
0.0644754
0.0644787
0.064482
0.0644853
0.0644885
0.0644917
0.0644949
0.064498
0.064501
0.0645041
0.064507
0.06451
0.0645129
0.0645158
0.0645186
0.0645214
0.0645241
0.0645268
0.0645295
0.0645321
0.0645346
0.0645372
0.0645397
0.0645421
0.0645445
0.0645469
0.0645492
0.0645515
0.0645537
0.0645559
0.0645581
0.0645602
0.0645623
0.0645643
0.0645663
0.0645682
0.0645701
0.064572
0.0645738
0.0645756
0.0645773
0.064579
0.0645806
0.0645822
0.0645838
0.0645853
0.0645868
0.0645882
0.0645896
0.0645909
0.0645922
0.0645935
0.0645947
0.0645958
0.0645969
0.064598
0.0645991
0.0646
0.064601
0.0646019
0.0646028
0.0646036
0.0646043
0.0646051
0.0646057
0.0646064
0.064607
0.0646075
0.064608
0.0646085
0.0646089
0.0646093
0.0646096
0.0646099
0.0646101
0.0646103
0.0646104
0.0646105
0.0646106
0.0646106
0.0646106
0.0646105
0.0646104
0.0646102
0.06461
0.0646097
0.0646094
0.064609
0.0646087
0.0646082
0.0646077
0.0646072
0.0646066
0.064606
0.0646053
0.0646046
0.0646038
0.064603
0.0646022
0.0646013
0.0646003
0.0645993
0.0645983
0.0645972
0.064596
0.0645949
0.0645936
0.0645924
0.064591
0.0645897
0.0645883
0.0645868
0.0645853
0.0645838
0.0645821
0.0645805
0.0645788
0.0645771
0.0645753
0.0645734
0.0645717
0.0645696
0.0645676
0.0645662
0.0645637
0.0645611
0.0643703
0.0643742
0.064378
0.0643828
0.0643874
0.0643916
0.0643958
0.0643999
0.0644041
0.0644082
0.0644123
0.0644163
0.0644203
0.0644242
0.0644281
0.064432
0.0644358
0.0644396
0.0644434
0.0644471
0.0644508
0.0644544
0.064458
0.0644615
0.0644651
0.0644685
0.064472
0.0644753
0.0644787
0.064482
0.0644853
0.0644885
0.0644917
0.0644949
0.064498
0.064501
0.0645041
0.064507
0.06451
0.0645129
0.0645158
0.0645186
0.0645214
0.0645241
0.0645268
0.0645295
0.0645321
0.0645346
0.0645372
0.0645397
0.0645421
0.0645445
0.0645469
0.0645492
0.0645515
0.0645537
0.0645559
0.0645581
0.0645602
0.0645623
0.0645643
0.0645663
0.0645682
0.0645701
0.064572
0.0645738
0.0645756
0.0645773
0.064579
0.0645806
0.0645822
0.0645838
0.0645853
0.0645867
0.0645882
0.0645896
0.0645909
0.0645922
0.0645934
0.0645947
0.0645958
0.0645969
0.064598
0.0645991
0.0646
0.064601
0.0646019
0.0646027
0.0646036
0.0646043
0.0646051
0.0646057
0.0646064
0.064607
0.0646075
0.064608
0.0646085
0.0646089
0.0646093
0.0646096
0.0646099
0.0646101
0.0646103
0.0646104
0.0646105
0.0646106
0.0646106
0.0646106
0.0646105
0.0646104
0.0646102
0.06461
0.0646097
0.0646094
0.064609
0.0646086
0.0646082
0.0646077
0.0646072
0.0646066
0.064606
0.0646053
0.0646046
0.0646038
0.064603
0.0646021
0.0646012
0.0646003
0.0645993
0.0645983
0.0645972
0.064596
0.0645949
0.0645936
0.0645924
0.064591
0.0645897
0.0645883
0.0645868
0.0645853
0.0645837
0.0645821
0.0645805
0.0645788
0.0645771
0.0645753
0.0645734
0.0645716
0.0645696
0.0645676
0.0645661
0.0645638
0.0645611
0.0645592
0.0643703
0.0643742
0.064378
0.0643828
0.0643874
0.0643916
0.0643958
0.0643999
0.0644041
0.0644082
0.0644123
0.0644163
0.0644203
0.0644242
0.0644281
0.064432
0.0644358
0.0644396
0.0644434
0.0644471
0.0644508
0.0644544
0.064458
0.0644615
0.064465
0.0644685
0.0644719
0.0644753
0.0644787
0.064482
0.0644853
0.0644885
0.0644917
0.0644948
0.064498
0.064501
0.064504
0.064507
0.06451
0.0645129
0.0645157
0.0645186
0.0645214
0.0645241
0.0645268
0.0645294
0.0645321
0.0645346
0.0645372
0.0645397
0.0645421
0.0645445
0.0645469
0.0645492
0.0645515
0.0645537
0.0645559
0.0645581
0.0645602
0.0645623
0.0645643
0.0645663
0.0645682
0.0645701
0.064572
0.0645738
0.0645756
0.0645773
0.064579
0.0645806
0.0645822
0.0645838
0.0645853
0.0645867
0.0645882
0.0645896
0.0645909
0.0645922
0.0645934
0.0645946
0.0645958
0.0645969
0.064598
0.064599
0.0646
0.064601
0.0646019
0.0646027
0.0646036
0.0646043
0.064605
0.0646057
0.0646064
0.064607
0.0646075
0.064608
0.0646085
0.0646089
0.0646092
0.0646096
0.0646099
0.0646101
0.0646103
0.0646104
0.0646105
0.0646106
0.0646106
0.0646105
0.0646105
0.0646103
0.0646102
0.06461
0.0646097
0.0646094
0.064609
0.0646086
0.0646082
0.0646077
0.0646072
0.0646066
0.064606
0.0646053
0.0646046
0.0646038
0.064603
0.0646021
0.0646012
0.0646003
0.0645993
0.0645983
0.0645972
0.064596
0.0645949
0.0645936
0.0645924
0.064591
0.0645897
0.0645883
0.0645868
0.0645853
0.0645837
0.0645821
0.0645805
0.0645788
0.0645771
0.0645753
0.0645734
0.0645716
0.0645696
0.0645676
0.0645659
0.0645638
0.0645611
0.064559
0.0645569
0.0643703
0.0643742
0.064378
0.0643828
0.0643874
0.0643916
0.0643957
0.0643999
0.0644041
0.0644082
0.0644123
0.0644163
0.0644203
0.0644242
0.0644281
0.064432
0.0644358
0.0644396
0.0644434
0.0644471
0.0644508
0.0644544
0.064458
0.0644615
0.064465
0.0644685
0.0644719
0.0644753
0.0644787
0.064482
0.0644853
0.0644885
0.0644917
0.0644948
0.0644979
0.064501
0.064504
0.064507
0.06451
0.0645129
0.0645157
0.0645186
0.0645213
0.0645241
0.0645268
0.0645294
0.0645321
0.0645346
0.0645372
0.0645397
0.0645421
0.0645445
0.0645469
0.0645492
0.0645515
0.0645537
0.0645559
0.0645581
0.0645602
0.0645622
0.0645643
0.0645663
0.0645682
0.0645701
0.064572
0.0645738
0.0645755
0.0645773
0.064579
0.0645806
0.0645822
0.0645838
0.0645853
0.0645867
0.0645882
0.0645895
0.0645909
0.0645922
0.0645934
0.0645946
0.0645958
0.0645969
0.064598
0.064599
0.0646
0.064601
0.0646019
0.0646027
0.0646035
0.0646043
0.064605
0.0646057
0.0646064
0.0646069
0.0646075
0.064608
0.0646085
0.0646089
0.0646092
0.0646096
0.0646098
0.0646101
0.0646103
0.0646104
0.0646105
0.0646106
0.0646106
0.0646105
0.0646105
0.0646103
0.0646102
0.06461
0.0646097
0.0646094
0.064609
0.0646086
0.0646082
0.0646077
0.0646072
0.0646066
0.064606
0.0646053
0.0646046
0.0646038
0.064603
0.0646021
0.0646012
0.0646003
0.0645993
0.0645982
0.0645972
0.064596
0.0645948
0.0645936
0.0645923
0.064591
0.0645897
0.0645882
0.0645868
0.0645853
0.0645837
0.0645821
0.0645805
0.0645788
0.0645771
0.0645753
0.0645734
0.0645716
0.0645696
0.0645676
0.0645659
0.0645637
0.0645613
0.064559
0.0645569
0.0643703
0.0643742
0.0643779
0.0643828
0.0643874
0.0643916
0.0643957
0.0643999
0.0644041
0.0644082
0.0644123
0.0644163
0.0644203
0.0644242
0.0644281
0.064432
0.0644358
0.0644396
0.0644434
0.0644471
0.0644507
0.0644544
0.064458
0.0644615
0.064465
0.0644685
0.0644719
0.0644753
0.0644787
0.064482
0.0644853
0.0644885
0.0644917
0.0644948
0.0644979
0.064501
0.064504
0.064507
0.06451
0.0645129
0.0645157
0.0645186
0.0645213
0.0645241
0.0645268
0.0645294
0.0645321
0.0645346
0.0645372
0.0645396
0.0645421
0.0645445
0.0645469
0.0645492
0.0645515
0.0645537
0.0645559
0.0645581
0.0645602
0.0645622
0.0645643
0.0645663
0.0645682
0.0645701
0.064572
0.0645738
0.0645755
0.0645773
0.064579
0.0645806
0.0645822
0.0645837
0.0645853
0.0645867
0.0645882
0.0645895
0.0645909
0.0645922
0.0645934
0.0645946
0.0645958
0.0645969
0.064598
0.064599
0.0646
0.064601
0.0646019
0.0646027
0.0646035
0.0646043
0.064605
0.0646057
0.0646063
0.0646069
0.0646075
0.064608
0.0646085
0.0646089
0.0646092
0.0646096
0.0646098
0.0646101
0.0646103
0.0646104
0.0646105
0.0646106
0.0646106
0.0646105
0.0646105
0.0646103
0.0646102
0.0646099
0.0646097
0.0646094
0.064609
0.0646086
0.0646082
0.0646077
0.0646072
0.0646066
0.064606
0.0646053
0.0646046
0.0646038
0.064603
0.0646021
0.0646012
0.0646003
0.0645993
0.0645982
0.0645972
0.064596
0.0645948
0.0645936
0.0645923
0.064591
0.0645897
0.0645882
0.0645868
0.0645853
0.0645837
0.0645821
0.0645805
0.0645788
0.064577
0.0645753
0.0645734
0.0645715
0.0645696
0.0645676
0.0645658
0.0645636
0.0645613
0.0645591
0.0645568
0.0645546
0.0643703
0.0643742
0.0643779
0.0643828
0.0643874
0.0643916
0.0643957
0.0643999
0.0644041
0.0644082
0.0644122
0.0644163
0.0644203
0.0644242
0.0644281
0.064432
0.0644358
0.0644396
0.0644434
0.0644471
0.0644507
0.0644544
0.064458
0.0644615
0.064465
0.0644685
0.0644719
0.0644753
0.0644787
0.064482
0.0644853
0.0644885
0.0644917
0.0644948
0.0644979
0.064501
0.064504
0.064507
0.06451
0.0645129
0.0645157
0.0645186
0.0645213
0.0645241
0.0645268
0.0645294
0.064532
0.0645346
0.0645372
0.0645396
0.0645421
0.0645445
0.0645469
0.0645492
0.0645515
0.0645537
0.0645559
0.0645581
0.0645602
0.0645622
0.0645643
0.0645662
0.0645682
0.0645701
0.0645719
0.0645738
0.0645755
0.0645773
0.0645789
0.0645806
0.0645822
0.0645837
0.0645853
0.0645867
0.0645881
0.0645895
0.0645909
0.0645922
0.0645934
0.0645946
0.0645958
0.0645969
0.064598
0.064599
0.0646
0.064601
0.0646019
0.0646027
0.0646035
0.0646043
0.064605
0.0646057
0.0646063
0.0646069
0.0646075
0.064608
0.0646084
0.0646089
0.0646092
0.0646096
0.0646098
0.0646101
0.0646103
0.0646104
0.0646105
0.0646106
0.0646106
0.0646105
0.0646105
0.0646103
0.0646102
0.0646099
0.0646097
0.0646094
0.064609
0.0646086
0.0646082
0.0646077
0.0646072
0.0646066
0.0646059
0.0646053
0.0646046
0.0646038
0.064603
0.0646021
0.0646012
0.0646003
0.0645993
0.0645982
0.0645972
0.064596
0.0645948
0.0645936
0.0645923
0.064591
0.0645896
0.0645882
0.0645868
0.0645853
0.0645837
0.0645821
0.0645805
0.0645788
0.064577
0.0645752
0.0645734
0.0645715
0.0645696
0.0645676
0.0645657
0.0645636
0.0645613
0.0645591
0.0645568
0.0645546
0.0645521
0.0643703
0.0643742
0.0643779
0.0643828
0.0643874
0.0643916
0.0643957
0.0643999
0.0644041
0.0644082
0.0644122
0.0644163
0.0644203
0.0644242
0.0644281
0.064432
0.0644358
0.0644396
0.0644433
0.0644471
0.0644507
0.0644544
0.064458
0.0644615
0.064465
0.0644685
0.0644719
0.0644753
0.0644787
0.064482
0.0644852
0.0644885
0.0644917
0.0644948
0.0644979
0.064501
0.064504
0.064507
0.06451
0.0645129
0.0645157
0.0645185
0.0645213
0.0645241
0.0645268
0.0645294
0.064532
0.0645346
0.0645371
0.0645396
0.0645421
0.0645445
0.0645469
0.0645492
0.0645515
0.0645537
0.0645559
0.064558
0.0645602
0.0645622
0.0645643
0.0645662
0.0645682
0.0645701
0.0645719
0.0645738
0.0645755
0.0645773
0.0645789
0.0645806
0.0645822
0.0645837
0.0645852
0.0645867
0.0645881
0.0645895
0.0645909
0.0645922
0.0645934
0.0645946
0.0645958
0.0645969
0.064598
0.064599
0.0646
0.064601
0.0646019
0.0646027
0.0646035
0.0646043
0.064605
0.0646057
0.0646063
0.0646069
0.0646075
0.064608
0.0646084
0.0646089
0.0646092
0.0646095
0.0646098
0.0646101
0.0646102
0.0646104
0.0646105
0.0646105
0.0646106
0.0646105
0.0646104
0.0646103
0.0646101
0.0646099
0.0646097
0.0646094
0.064609
0.0646086
0.0646082
0.0646077
0.0646071
0.0646066
0.0646059
0.0646053
0.0646045
0.0646038
0.064603
0.0646021
0.0646012
0.0646003
0.0645993
0.0645982
0.0645971
0.064596
0.0645948
0.0645936
0.0645923
0.064591
0.0645896
0.0645882
0.0645868
0.0645853
0.0645837
0.0645821
0.0645805
0.0645788
0.064577
0.0645752
0.0645734
0.0645715
0.0645696
0.0645676
0.0645657
0.0645636
0.0645613
0.0645591
0.0645568
0.0645545
0.064552
0.0645495
0.0643703
0.0643742
0.0643779
0.0643827
0.0643874
0.0643916
0.0643957
0.0643999
0.0644041
0.0644082
0.0644122
0.0644163
0.0644202
0.0644242
0.0644281
0.064432
0.0644358
0.0644396
0.0644433
0.0644471
0.0644507
0.0644544
0.0644579
0.0644615
0.064465
0.0644685
0.0644719
0.0644753
0.0644787
0.064482
0.0644852
0.0644885
0.0644917
0.0644948
0.0644979
0.064501
0.064504
0.064507
0.0645099
0.0645129
0.0645157
0.0645185
0.0645213
0.0645241
0.0645268
0.0645294
0.064532
0.0645346
0.0645371
0.0645396
0.0645421
0.0645445
0.0645468
0.0645492
0.0645515
0.0645537
0.0645559
0.064558
0.0645602
0.0645622
0.0645643
0.0645662
0.0645682
0.0645701
0.0645719
0.0645737
0.0645755
0.0645772
0.0645789
0.0645806
0.0645822
0.0645837
0.0645852
0.0645867
0.0645881
0.0645895
0.0645909
0.0645922
0.0645934
0.0645946
0.0645958
0.0645969
0.064598
0.064599
0.0646
0.0646009
0.0646018
0.0646027
0.0646035
0.0646043
0.064605
0.0646057
0.0646063
0.0646069
0.0646075
0.064608
0.0646084
0.0646088
0.0646092
0.0646095
0.0646098
0.0646101
0.0646102
0.0646104
0.0646105
0.0646105
0.0646106
0.0646105
0.0646104
0.0646103
0.0646101
0.0646099
0.0646097
0.0646094
0.064609
0.0646086
0.0646082
0.0646077
0.0646071
0.0646066
0.0646059
0.0646053
0.0646045
0.0646038
0.064603
0.0646021
0.0646012
0.0646003
0.0645993
0.0645982
0.0645971
0.064596
0.0645948
0.0645936
0.0645923
0.064591
0.0645896
0.0645882
0.0645868
0.0645853
0.0645837
0.0645821
0.0645805
0.0645788
0.064577
0.0645752
0.0645734
0.0645715
0.0645696
0.0645676
0.0645656
0.0645636
0.0645613
0.0645591
0.0645567
0.0645546
0.064552
0.0645495
0.0643703
0.0643742
0.0643779
0.0643827
0.0643874
0.0643916
0.0643957
0.0643999
0.0644041
0.0644082
0.0644122
0.0644162
0.0644202
0.0644242
0.0644281
0.064432
0.0644358
0.0644396
0.0644433
0.064447
0.0644507
0.0644543
0.0644579
0.0644615
0.064465
0.0644685
0.0644719
0.0644753
0.0644787
0.064482
0.0644852
0.0644885
0.0644917
0.0644948
0.0644979
0.064501
0.064504
0.064507
0.0645099
0.0645128
0.0645157
0.0645185
0.0645213
0.0645241
0.0645268
0.0645294
0.064532
0.0645346
0.0645371
0.0645396
0.0645421
0.0645445
0.0645468
0.0645492
0.0645514
0.0645537
0.0645559
0.064558
0.0645601
0.0645622
0.0645642
0.0645662
0.0645682
0.0645701
0.0645719
0.0645737
0.0645755
0.0645772
0.0645789
0.0645806
0.0645822
0.0645837
0.0645852
0.0645867
0.0645881
0.0645895
0.0645909
0.0645921
0.0645934
0.0645946
0.0645958
0.0645969
0.064598
0.064599
0.0646
0.0646009
0.0646018
0.0646027
0.0646035
0.0646043
0.064605
0.0646057
0.0646063
0.0646069
0.0646075
0.064608
0.0646084
0.0646088
0.0646092
0.0646095
0.0646098
0.06461
0.0646102
0.0646104
0.0646105
0.0646105
0.0646105
0.0646105
0.0646104
0.0646103
0.0646101
0.0646099
0.0646097
0.0646094
0.064609
0.0646086
0.0646082
0.0646077
0.0646071
0.0646066
0.0646059
0.0646053
0.0646045
0.0646038
0.064603
0.0646021
0.0646012
0.0646003
0.0645993
0.0645982
0.0645971
0.064596
0.0645948
0.0645936
0.0645923
0.064591
0.0645896
0.0645882
0.0645868
0.0645853
0.0645837
0.0645821
0.0645804
0.0645788
0.064577
0.0645752
0.0645734
0.0645715
0.0645696
0.0645676
0.0645656
0.0645635
0.0645613
0.0645591
0.0645567
0.0645546
0.0645521
0.0645495
0.0645472
0.0643703
0.0643742
0.0643779
0.0643827
0.0643874
0.0643916
0.0643957
0.0643999
0.064404
0.0644081
0.0644122
0.0644162
0.0644202
0.0644242
0.0644281
0.064432
0.0644358
0.0644396
0.0644433
0.064447
0.0644507
0.0644543
0.0644579
0.0644615
0.064465
0.0644685
0.0644719
0.0644753
0.0644786
0.064482
0.0644852
0.0644885
0.0644916
0.0644948
0.0644979
0.064501
0.064504
0.064507
0.0645099
0.0645128
0.0645157
0.0645185
0.0645213
0.064524
0.0645267
0.0645294
0.064532
0.0645346
0.0645371
0.0645396
0.0645421
0.0645445
0.0645468
0.0645492
0.0645514
0.0645537
0.0645559
0.064558
0.0645601
0.0645622
0.0645642
0.0645662
0.0645682
0.0645701
0.0645719
0.0645737
0.0645755
0.0645772
0.0645789
0.0645806
0.0645822
0.0645837
0.0645852
0.0645867
0.0645881
0.0645895
0.0645908
0.0645921
0.0645934
0.0645946
0.0645958
0.0645969
0.064598
0.064599
0.0646
0.0646009
0.0646018
0.0646027
0.0646035
0.0646043
0.064605
0.0646057
0.0646063
0.0646069
0.0646075
0.064608
0.0646084
0.0646088
0.0646092
0.0646095
0.0646098
0.06461
0.0646102
0.0646104
0.0646105
0.0646105
0.0646105
0.0646105
0.0646104
0.0646103
0.0646101
0.0646099
0.0646097
0.0646093
0.064609
0.0646086
0.0646082
0.0646077
0.0646071
0.0646065
0.0646059
0.0646052
0.0646045
0.0646038
0.064603
0.0646021
0.0646012
0.0646003
0.0645993
0.0645982
0.0645971
0.064596
0.0645948
0.0645936
0.0645923
0.064591
0.0645896
0.0645882
0.0645868
0.0645852
0.0645837
0.0645821
0.0645804
0.0645787
0.064577
0.0645752
0.0645734
0.0645715
0.0645696
0.0645676
0.0645656
0.0645635
0.0645613
0.0645591
0.0645567
0.0645546
0.0645521
0.0645495
0.0645472
0.0645447
0.0643703
0.0643742
0.0643779
0.0643827
0.0643874
0.0643916
0.0643957
0.0643999
0.064404
0.0644081
0.0644122
0.0644162
0.0644202
0.0644242
0.0644281
0.0644319
0.0644358
0.0644396
0.0644433
0.064447
0.0644507
0.0644543
0.0644579
0.0644615
0.064465
0.0644685
0.0644719
0.0644753
0.0644786
0.064482
0.0644852
0.0644885
0.0644916
0.0644948
0.0644979
0.064501
0.064504
0.064507
0.0645099
0.0645128
0.0645157
0.0645185
0.0645213
0.064524
0.0645267
0.0645294
0.064532
0.0645346
0.0645371
0.0645396
0.0645421
0.0645445
0.0645468
0.0645492
0.0645514
0.0645537
0.0645559
0.064558
0.0645601
0.0645622
0.0645642
0.0645662
0.0645682
0.0645701
0.0645719
0.0645737
0.0645755
0.0645772
0.0645789
0.0645806
0.0645822
0.0645837
0.0645852
0.0645867
0.0645881
0.0645895
0.0645908
0.0645921
0.0645934
0.0645946
0.0645958
0.0645969
0.064598
0.064599
0.0646
0.0646009
0.0646018
0.0646027
0.0646035
0.0646043
0.064605
0.0646057
0.0646063
0.0646069
0.0646075
0.064608
0.0646084
0.0646088
0.0646092
0.0646095
0.0646098
0.06461
0.0646102
0.0646104
0.0646105
0.0646105
0.0646105
0.0646105
0.0646104
0.0646103
0.0646101
0.0646099
0.0646096
0.0646093
0.064609
0.0646086
0.0646081
0.0646077
0.0646071
0.0646065
0.0646059
0.0646052
0.0646045
0.0646038
0.064603
0.0646021
0.0646012
0.0646002
0.0645993
0.0645982
0.0645971
0.064596
0.0645948
0.0645936
0.0645923
0.064591
0.0645896
0.0645882
0.0645867
0.0645852
0.0645837
0.0645821
0.0645804
0.0645787
0.064577
0.0645752
0.0645734
0.0645715
0.0645696
0.0645676
0.0645656
0.0645635
0.0645613
0.0645591
0.0645567
0.0645545
0.0645521
0.0645495
0.0645471
0.0645446
0.0645419
0.0643703
0.0643742
0.0643779
0.0643827
0.0643874
0.0643916
0.0643957
0.0643999
0.064404
0.0644081
0.0644122
0.0644162
0.0644202
0.0644242
0.0644281
0.0644319
0.0644358
0.0644396
0.0644433
0.064447
0.0644507
0.0644543
0.0644579
0.0644615
0.064465
0.0644685
0.0644719
0.0644753
0.0644786
0.0644819
0.0644852
0.0644884
0.0644916
0.0644948
0.0644979
0.064501
0.064504
0.064507
0.0645099
0.0645128
0.0645157
0.0645185
0.0645213
0.064524
0.0645267
0.0645294
0.064532
0.0645346
0.0645371
0.0645396
0.0645421
0.0645445
0.0645468
0.0645491
0.0645514
0.0645537
0.0645559
0.064558
0.0645601
0.0645622
0.0645642
0.0645662
0.0645682
0.0645701
0.0645719
0.0645737
0.0645755
0.0645772
0.0645789
0.0645805
0.0645821
0.0645837
0.0645852
0.0645867
0.0645881
0.0645895
0.0645908
0.0645921
0.0645934
0.0645946
0.0645958
0.0645969
0.064598
0.064599
0.0646
0.0646009
0.0646018
0.0646027
0.0646035
0.0646043
0.064605
0.0646057
0.0646063
0.0646069
0.0646074
0.0646079
0.0646084
0.0646088
0.0646092
0.0646095
0.0646098
0.06461
0.0646102
0.0646104
0.0646105
0.0646105
0.0646105
0.0646105
0.0646104
0.0646103
0.0646101
0.0646099
0.0646096
0.0646093
0.064609
0.0646086
0.0646081
0.0646077
0.0646071
0.0646065
0.0646059
0.0646052
0.0646045
0.0646038
0.0646029
0.0646021
0.0646012
0.0646002
0.0645992
0.0645982
0.0645971
0.064596
0.0645948
0.0645936
0.0645923
0.064591
0.0645896
0.0645882
0.0645867
0.0645852
0.0645837
0.0645821
0.0645804
0.0645787
0.064577
0.0645752
0.0645734
0.0645715
0.0645696
0.0645676
0.0645655
0.0645635
0.0645613
0.0645591
0.0645567
0.0645545
0.0645521
0.0645495
0.0645473
0.0645446
0.0645419
0.0643703
0.0643742
0.0643779
0.0643827
0.0643874
0.0643916
0.0643957
0.0643999
0.064404
0.0644081
0.0644122
0.0644162
0.0644202
0.0644242
0.0644281
0.0644319
0.0644358
0.0644396
0.0644433
0.064447
0.0644507
0.0644543
0.0644579
0.0644615
0.064465
0.0644684
0.0644719
0.0644753
0.0644786
0.0644819
0.0644852
0.0644884
0.0644916
0.0644948
0.0644979
0.064501
0.064504
0.064507
0.0645099
0.0645128
0.0645157
0.0645185
0.0645213
0.064524
0.0645267
0.0645294
0.064532
0.0645346
0.0645371
0.0645396
0.064542
0.0645445
0.0645468
0.0645491
0.0645514
0.0645537
0.0645559
0.064558
0.0645601
0.0645622
0.0645642
0.0645662
0.0645681
0.06457
0.0645719
0.0645737
0.0645755
0.0645772
0.0645789
0.0645805
0.0645821
0.0645837
0.0645852
0.0645867
0.0645881
0.0645895
0.0645908
0.0645921
0.0645934
0.0645946
0.0645957
0.0645969
0.0645979
0.064599
0.0646
0.0646009
0.0646018
0.0646027
0.0646035
0.0646043
0.064605
0.0646057
0.0646063
0.0646069
0.0646074
0.0646079
0.0646084
0.0646088
0.0646092
0.0646095
0.0646098
0.06461
0.0646102
0.0646104
0.0646105
0.0646105
0.0646105
0.0646105
0.0646104
0.0646103
0.0646101
0.0646099
0.0646096
0.0646093
0.064609
0.0646086
0.0646081
0.0646076
0.0646071
0.0646065
0.0646059
0.0646052
0.0646045
0.0646038
0.0646029
0.0646021
0.0646012
0.0646002
0.0645992
0.0645982
0.0645971
0.064596
0.0645948
0.0645936
0.0645923
0.064591
0.0645896
0.0645882
0.0645867
0.0645852
0.0645837
0.0645821
0.0645804
0.0645787
0.064577
0.0645752
0.0645734
0.0645715
0.0645696
0.0645676
0.0645655
0.0645635
0.0645613
0.0645591
0.0645568
0.0645545
0.0645521
0.0645495
0.0645472
0.0645447
0.0645419
0.0645395
0.0643703
0.0643742
0.0643779
0.0643827
0.0643874
0.0643915
0.0643957
0.0643998
0.064404
0.0644081
0.0644122
0.0644162
0.0644202
0.0644241
0.0644281
0.0644319
0.0644358
0.0644395
0.0644433
0.064447
0.0644507
0.0644543
0.0644579
0.0644615
0.064465
0.0644684
0.0644719
0.0644753
0.0644786
0.0644819
0.0644852
0.0644884
0.0644916
0.0644948
0.0644979
0.064501
0.064504
0.064507
0.0645099
0.0645128
0.0645157
0.0645185
0.0645213
0.064524
0.0645267
0.0645294
0.064532
0.0645346
0.0645371
0.0645396
0.064542
0.0645444
0.0645468
0.0645491
0.0645514
0.0645537
0.0645559
0.064558
0.0645601
0.0645622
0.0645642
0.0645662
0.0645681
0.06457
0.0645719
0.0645737
0.0645755
0.0645772
0.0645789
0.0645805
0.0645821
0.0645837
0.0645852
0.0645867
0.0645881
0.0645895
0.0645908
0.0645921
0.0645934
0.0645946
0.0645957
0.0645969
0.0645979
0.064599
0.0646
0.0646009
0.0646018
0.0646027
0.0646035
0.0646043
0.064605
0.0646057
0.0646063
0.0646069
0.0646074
0.0646079
0.0646084
0.0646088
0.0646092
0.0646095
0.0646098
0.06461
0.0646102
0.0646104
0.0646105
0.0646105
0.0646105
0.0646105
0.0646104
0.0646103
0.0646101
0.0646099
0.0646096
0.0646093
0.064609
0.0646086
0.0646081
0.0646076
0.0646071
0.0646065
0.0646059
0.0646052
0.0646045
0.0646037
0.0646029
0.0646021
0.0646012
0.0646002
0.0645992
0.0645982
0.0645971
0.064596
0.0645948
0.0645936
0.0645923
0.064591
0.0645896
0.0645882
0.0645867
0.0645852
0.0645837
0.0645821
0.0645804
0.0645787
0.064577
0.0645752
0.0645734
0.0645715
0.0645695
0.0645676
0.0645655
0.0645634
0.0645613
0.0645591
0.0645568
0.0645544
0.0645521
0.0645496
0.0645472
0.0645447
0.0645418
0.0645394
0.0645369
0.0643703
0.0643742
0.0643779
0.0643827
0.0643874
0.0643915
0.0643957
0.0643998
0.064404
0.0644081
0.0644122
0.0644162
0.0644202
0.0644241
0.064428
0.0644319
0.0644357
0.0644395
0.0644433
0.064447
0.0644507
0.0644543
0.0644579
0.0644614
0.064465
0.0644684
0.0644719
0.0644753
0.0644786
0.0644819
0.0644852
0.0644884
0.0644916
0.0644948
0.0644979
0.0645009
0.064504
0.064507
0.0645099
0.0645128
0.0645157
0.0645185
0.0645213
0.064524
0.0645267
0.0645294
0.064532
0.0645346
0.0645371
0.0645396
0.064542
0.0645444
0.0645468
0.0645491
0.0645514
0.0645536
0.0645558
0.064558
0.0645601
0.0645622
0.0645642
0.0645662
0.0645681
0.06457
0.0645719
0.0645737
0.0645755
0.0645772
0.0645789
0.0645805
0.0645821
0.0645837
0.0645852
0.0645867
0.0645881
0.0645895
0.0645908
0.0645921
0.0645934
0.0645946
0.0645957
0.0645969
0.0645979
0.064599
0.0646
0.0646009
0.0646018
0.0646027
0.0646035
0.0646042
0.064605
0.0646057
0.0646063
0.0646069
0.0646074
0.0646079
0.0646084
0.0646088
0.0646092
0.0646095
0.0646098
0.06461
0.0646102
0.0646103
0.0646104
0.0646105
0.0646105
0.0646105
0.0646104
0.0646103
0.0646101
0.0646099
0.0646096
0.0646093
0.064609
0.0646086
0.0646081
0.0646076
0.0646071
0.0646065
0.0646059
0.0646052
0.0646045
0.0646037
0.0646029
0.0646021
0.0646012
0.0646002
0.0645992
0.0645982
0.0645971
0.064596
0.0645948
0.0645936
0.0645923
0.064591
0.0645896
0.0645882
0.0645867
0.0645852
0.0645837
0.0645821
0.0645804
0.0645787
0.064577
0.0645752
0.0645734
0.0645715
0.0645695
0.0645676
0.0645655
0.0645634
0.0645612
0.064559
0.0645568
0.0645544
0.0645521
0.0645496
0.0645472
0.0645447
0.0645421
0.0645394
0.0645368
0.0643703
0.0643742
0.0643779
0.0643827
0.0643874
0.0643915
0.0643956
0.0643998
0.064404
0.0644081
0.0644122
0.0644162
0.0644202
0.0644241
0.064428
0.0644319
0.0644357
0.0644395
0.0644433
0.064447
0.0644507
0.0644543
0.0644579
0.0644614
0.064465
0.0644684
0.0644719
0.0644753
0.0644786
0.0644819
0.0644852
0.0644884
0.0644916
0.0644948
0.0644979
0.0645009
0.064504
0.064507
0.0645099
0.0645128
0.0645157
0.0645185
0.0645213
0.064524
0.0645267
0.0645294
0.064532
0.0645346
0.0645371
0.0645396
0.064542
0.0645444
0.0645468
0.0645491
0.0645514
0.0645536
0.0645558
0.064558
0.0645601
0.0645622
0.0645642
0.0645662
0.0645681
0.06457
0.0645719
0.0645737
0.0645755
0.0645772
0.0645789
0.0645805
0.0645821
0.0645837
0.0645852
0.0645867
0.0645881
0.0645895
0.0645908
0.0645921
0.0645934
0.0645946
0.0645957
0.0645969
0.0645979
0.064599
0.0646
0.0646009
0.0646018
0.0646027
0.0646035
0.0646042
0.064605
0.0646056
0.0646063
0.0646069
0.0646074
0.0646079
0.0646084
0.0646088
0.0646092
0.0646095
0.0646098
0.06461
0.0646102
0.0646103
0.0646104
0.0646105
0.0646105
0.0646105
0.0646104
0.0646103
0.0646101
0.0646099
0.0646096
0.0646093
0.064609
0.0646086
0.0646081
0.0646076
0.0646071
0.0646065
0.0646059
0.0646052
0.0646045
0.0646037
0.0646029
0.0646021
0.0646012
0.0646002
0.0645992
0.0645982
0.0645971
0.064596
0.0645948
0.0645936
0.0645923
0.064591
0.0645896
0.0645882
0.0645867
0.0645852
0.0645837
0.0645821
0.0645804
0.0645787
0.064577
0.0645752
0.0645734
0.0645715
0.0645695
0.0645675
0.0645655
0.0645634
0.0645612
0.064559
0.0645568
0.0645544
0.0645521
0.0645496
0.0645472
0.0645447
0.064542
0.0645394
0.0645368
0.0645341
0.0643703
0.0643742
0.0643779
0.0643827
0.0643873
0.0643915
0.0643956
0.0643998
0.064404
0.0644081
0.0644122
0.0644162
0.0644202
0.0644241
0.064428
0.0644319
0.0644357
0.0644395
0.0644433
0.064447
0.0644507
0.0644543
0.0644579
0.0644614
0.0644649
0.0644684
0.0644719
0.0644752
0.0644786
0.0644819
0.0644852
0.0644884
0.0644916
0.0644948
0.0644979
0.0645009
0.064504
0.0645069
0.0645099
0.0645128
0.0645157
0.0645185
0.0645213
0.064524
0.0645267
0.0645294
0.064532
0.0645346
0.0645371
0.0645396
0.064542
0.0645444
0.0645468
0.0645491
0.0645514
0.0645536
0.0645558
0.064558
0.0645601
0.0645622
0.0645642
0.0645662
0.0645681
0.06457
0.0645719
0.0645737
0.0645755
0.0645772
0.0645789
0.0645805
0.0645821
0.0645837
0.0645852
0.0645867
0.0645881
0.0645895
0.0645908
0.0645921
0.0645934
0.0645946
0.0645957
0.0645968
0.0645979
0.064599
0.0645999
0.0646009
0.0646018
0.0646027
0.0646035
0.0646042
0.064605
0.0646056
0.0646063
0.0646069
0.0646074
0.0646079
0.0646084
0.0646088
0.0646092
0.0646095
0.0646098
0.06461
0.0646102
0.0646103
0.0646104
0.0646105
0.0646105
0.0646105
0.0646104
0.0646103
0.0646101
0.0646099
0.0646096
0.0646093
0.064609
0.0646086
0.0646081
0.0646076
0.0646071
0.0646065
0.0646059
0.0646052
0.0646045
0.0646037
0.0646029
0.0646021
0.0646012
0.0646002
0.0645992
0.0645982
0.0645971
0.064596
0.0645948
0.0645936
0.0645923
0.064591
0.0645896
0.0645882
0.0645867
0.0645852
0.0645837
0.0645821
0.0645804
0.0645787
0.064577
0.0645752
0.0645734
0.0645715
0.0645695
0.0645675
0.0645655
0.0645634
0.0645612
0.064559
0.0645568
0.0645544
0.0645521
0.0645496
0.0645472
0.0645446
0.0645421
0.0645394
0.0645368
0.0645342
0.0645313
0.0643703
0.0643742
0.0643779
0.0643827
0.0643873
0.0643915
0.0643956
0.0643998
0.064404
0.0644081
0.0644121
0.0644162
0.0644202
0.0644241
0.064428
0.0644319
0.0644357
0.0644395
0.0644433
0.064447
0.0644507
0.0644543
0.0644579
0.0644614
0.0644649
0.0644684
0.0644718
0.0644752
0.0644786
0.0644819
0.0644852
0.0644884
0.0644916
0.0644947
0.0644979
0.0645009
0.064504
0.0645069
0.0645099
0.0645128
0.0645157
0.0645185
0.0645213
0.064524
0.0645267
0.0645294
0.064532
0.0645345
0.0645371
0.0645396
0.064542
0.0645444
0.0645468
0.0645491
0.0645514
0.0645536
0.0645558
0.064558
0.0645601
0.0645622
0.0645642
0.0645662
0.0645681
0.06457
0.0645719
0.0645737
0.0645755
0.0645772
0.0645789
0.0645805
0.0645821
0.0645837
0.0645852
0.0645867
0.0645881
0.0645895
0.0645908
0.0645921
0.0645933
0.0645946
0.0645957
0.0645968
0.0645979
0.064599
0.0645999
0.0646009
0.0646018
0.0646026
0.0646035
0.0646042
0.064605
0.0646056
0.0646063
0.0646069
0.0646074
0.0646079
0.0646084
0.0646088
0.0646092
0.0646095
0.0646098
0.06461
0.0646102
0.0646103
0.0646104
0.0646105
0.0646105
0.0646105
0.0646104
0.0646103
0.0646101
0.0646099
0.0646096
0.0646093
0.064609
0.0646086
0.0646081
0.0646076
0.0646071
0.0646065
0.0646059
0.0646052
0.0646045
0.0646037
0.0646029
0.0646021
0.0646012
0.0646002
0.0645992
0.0645982
0.0645971
0.064596
0.0645948
0.0645936
0.0645923
0.064591
0.0645896
0.0645882
0.0645867
0.0645852
0.0645837
0.0645821
0.0645804
0.0645787
0.064577
0.0645752
0.0645733
0.0645715
0.0645695
0.0645675
0.0645655
0.0645634
0.0645612
0.064559
0.0645568
0.0645544
0.0645521
0.0645496
0.0645472
0.0645446
0.0645421
0.0645394
0.0645368
0.064534
0.0645312
0.0645282
0.0643703
0.0643741
0.0643779
0.0643827
0.0643873
0.0643915
0.0643956
0.0643998
0.064404
0.0644081
0.0644121
0.0644162
0.0644202
0.0644241
0.064428
0.0644319
0.0644357
0.0644395
0.0644433
0.064447
0.0644506
0.0644543
0.0644579
0.0644614
0.0644649
0.0644684
0.0644718
0.0644752
0.0644786
0.0644819
0.0644852
0.0644884
0.0644916
0.0644947
0.0644979
0.0645009
0.0645039
0.0645069
0.0645099
0.0645128
0.0645157
0.0645185
0.0645213
0.064524
0.0645267
0.0645294
0.064532
0.0645345
0.0645371
0.0645396
0.064542
0.0645444
0.0645468
0.0645491
0.0645514
0.0645536
0.0645558
0.064558
0.0645601
0.0645622
0.0645642
0.0645662
0.0645681
0.06457
0.0645719
0.0645737
0.0645755
0.0645772
0.0645789
0.0645805
0.0645821
0.0645837
0.0645852
0.0645866
0.0645881
0.0645895
0.0645908
0.0645921
0.0645933
0.0645946
0.0645957
0.0645968
0.0645979
0.0645989
0.0645999
0.0646009
0.0646018
0.0646026
0.0646035
0.0646042
0.0646049
0.0646056
0.0646063
0.0646069
0.0646074
0.0646079
0.0646084
0.0646088
0.0646092
0.0646095
0.0646098
0.06461
0.0646102
0.0646103
0.0646104
0.0646105
0.0646105
0.0646105
0.0646104
0.0646103
0.0646101
0.0646099
0.0646096
0.0646093
0.0646089
0.0646085
0.0646081
0.0646076
0.0646071
0.0646065
0.0646059
0.0646052
0.0646045
0.0646037
0.0646029
0.0646021
0.0646012
0.0646002
0.0645992
0.0645982
0.0645971
0.064596
0.0645948
0.0645936
0.0645923
0.064591
0.0645896
0.0645882
0.0645867
0.0645852
0.0645837
0.0645821
0.0645804
0.0645787
0.064577
0.0645752
0.0645733
0.0645715
0.0645695
0.0645675
0.0645655
0.0645634
0.0645612
0.064559
0.0645568
0.0645544
0.0645521
0.0645496
0.0645472
0.0645447
0.0645421
0.0645395
0.0645367
0.0645342
0.0645313
0.0645283
0.0643703
0.0643741
0.0643779
0.0643827
0.0643873
0.0643915
0.0643956
0.0643998
0.064404
0.0644081
0.0644121
0.0644162
0.0644201
0.0644241
0.064428
0.0644319
0.0644357
0.0644395
0.0644433
0.064447
0.0644506
0.0644543
0.0644579
0.0644614
0.0644649
0.0644684
0.0644718
0.0644752
0.0644786
0.0644819
0.0644852
0.0644884
0.0644916
0.0644947
0.0644978
0.0645009
0.0645039
0.0645069
0.0645099
0.0645128
0.0645156
0.0645185
0.0645212
0.064524
0.0645267
0.0645293
0.064532
0.0645345
0.0645371
0.0645396
0.064542
0.0645444
0.0645468
0.0645491
0.0645514
0.0645536
0.0645558
0.064558
0.0645601
0.0645622
0.0645642
0.0645662
0.0645681
0.06457
0.0645719
0.0645737
0.0645754
0.0645772
0.0645789
0.0645805
0.0645821
0.0645837
0.0645852
0.0645866
0.0645881
0.0645894
0.0645908
0.0645921
0.0645933
0.0645945
0.0645957
0.0645968
0.0645979
0.0645989
0.0645999
0.0646009
0.0646018
0.0646026
0.0646034
0.0646042
0.0646049
0.0646056
0.0646063
0.0646069
0.0646074
0.0646079
0.0646084
0.0646088
0.0646091
0.0646095
0.0646098
0.06461
0.0646102
0.0646103
0.0646104
0.0646105
0.0646105
0.0646105
0.0646104
0.0646102
0.0646101
0.0646099
0.0646096
0.0646093
0.0646089
0.0646085
0.0646081
0.0646076
0.0646071
0.0646065
0.0646059
0.0646052
0.0646045
0.0646037
0.0646029
0.0646021
0.0646012
0.0646002
0.0645992
0.0645982
0.0645971
0.064596
0.0645948
0.0645936
0.0645923
0.064591
0.0645896
0.0645882
0.0645867
0.0645852
0.0645837
0.0645821
0.0645804
0.0645787
0.064577
0.0645752
0.0645733
0.0645715
0.0645695
0.0645675
0.0645655
0.0645634
0.0645612
0.064559
0.0645568
0.0645544
0.0645521
0.0645496
0.0645472
0.0645447
0.0645421
0.0645395
0.0645367
0.0645341
0.0645313
0.0645283
0.0645257
0.0643703
0.0643741
0.0643778
0.0643827
0.0643873
0.0643915
0.0643956
0.0643998
0.064404
0.0644081
0.0644121
0.0644162
0.0644201
0.0644241
0.064428
0.0644319
0.0644357
0.0644395
0.0644432
0.064447
0.0644506
0.0644543
0.0644579
0.0644614
0.0644649
0.0644684
0.0644718
0.0644752
0.0644786
0.0644819
0.0644852
0.0644884
0.0644916
0.0644947
0.0644978
0.0645009
0.0645039
0.0645069
0.0645099
0.0645128
0.0645156
0.0645185
0.0645212
0.064524
0.0645267
0.0645293
0.064532
0.0645345
0.0645371
0.0645396
0.064542
0.0645444
0.0645468
0.0645491
0.0645514
0.0645536
0.0645558
0.064558
0.0645601
0.0645621
0.0645642
0.0645662
0.0645681
0.06457
0.0645719
0.0645737
0.0645754
0.0645772
0.0645789
0.0645805
0.0645821
0.0645837
0.0645852
0.0645866
0.0645881
0.0645894
0.0645908
0.0645921
0.0645933
0.0645945
0.0645957
0.0645968
0.0645979
0.0645989
0.0645999
0.0646009
0.0646018
0.0646026
0.0646034
0.0646042
0.0646049
0.0646056
0.0646063
0.0646068
0.0646074
0.0646079
0.0646084
0.0646088
0.0646091
0.0646095
0.0646097
0.06461
0.0646102
0.0646103
0.0646104
0.0646105
0.0646105
0.0646104
0.0646104
0.0646102
0.0646101
0.0646099
0.0646096
0.0646093
0.0646089
0.0646085
0.0646081
0.0646076
0.0646071
0.0646065
0.0646059
0.0646052
0.0646045
0.0646037
0.0646029
0.0646021
0.0646012
0.0646002
0.0645992
0.0645982
0.0645971
0.064596
0.0645948
0.0645936
0.0645923
0.064591
0.0645896
0.0645882
0.0645867
0.0645852
0.0645837
0.0645821
0.0645804
0.0645787
0.064577
0.0645752
0.0645733
0.0645715
0.0645695
0.0645675
0.0645655
0.0645634
0.0645612
0.064559
0.0645568
0.0645544
0.0645521
0.0645496
0.0645472
0.0645447
0.064542
0.0645395
0.0645367
0.0645341
0.0645313
0.0645282
0.0645255
0.0645227
0.0643703
0.0643741
0.0643778
0.0643826
0.0643873
0.0643915
0.0643956
0.0643998
0.0644039
0.0644081
0.0644121
0.0644161
0.0644201
0.0644241
0.064428
0.0644319
0.0644357
0.0644395
0.0644432
0.0644469
0.0644506
0.0644543
0.0644578
0.0644614
0.0644649
0.0644684
0.0644718
0.0644752
0.0644786
0.0644819
0.0644852
0.0644884
0.0644916
0.0644947
0.0644978
0.0645009
0.0645039
0.0645069
0.0645099
0.0645128
0.0645156
0.0645185
0.0645212
0.064524
0.0645267
0.0645293
0.0645319
0.0645345
0.0645371
0.0645395
0.064542
0.0645444
0.0645468
0.0645491
0.0645514
0.0645536
0.0645558
0.064558
0.0645601
0.0645621
0.0645642
0.0645662
0.0645681
0.06457
0.0645719
0.0645737
0.0645754
0.0645772
0.0645789
0.0645805
0.0645821
0.0645836
0.0645852
0.0645866
0.0645881
0.0645894
0.0645908
0.0645921
0.0645933
0.0645945
0.0645957
0.0645968
0.0645979
0.0645989
0.0645999
0.0646009
0.0646018
0.0646026
0.0646034
0.0646042
0.0646049
0.0646056
0.0646063
0.0646068
0.0646074
0.0646079
0.0646084
0.0646088
0.0646091
0.0646095
0.0646097
0.06461
0.0646102
0.0646103
0.0646104
0.0646105
0.0646105
0.0646104
0.0646104
0.0646102
0.0646101
0.0646099
0.0646096
0.0646093
0.0646089
0.0646085
0.0646081
0.0646076
0.0646071
0.0646065
0.0646059
0.0646052
0.0646045
0.0646037
0.0646029
0.0646021
0.0646011
0.0646002
0.0645992
0.0645982
0.0645971
0.064596
0.0645948
0.0645935
0.0645923
0.064591
0.0645896
0.0645882
0.0645867
0.0645852
0.0645837
0.0645821
0.0645804
0.0645787
0.064577
0.0645752
0.0645733
0.0645715
0.0645695
0.0645675
0.0645655
0.0645634
0.0645612
0.064559
0.0645568
0.0645544
0.0645521
0.0645496
0.0645472
0.0645447
0.0645421
0.0645395
0.0645367
0.0645341
0.0645313
0.0645284
0.0645255
0.0645228
0.0643703
0.0643741
0.0643778
0.0643826
0.0643873
0.0643915
0.0643956
0.0643998
0.0644039
0.064408
0.0644121
0.0644161
0.0644201
0.0644241
0.064428
0.0644319
0.0644357
0.0644395
0.0644432
0.0644469
0.0644506
0.0644542
0.0644578
0.0644614
0.0644649
0.0644684
0.0644718
0.0644752
0.0644786
0.0644819
0.0644851
0.0644884
0.0644916
0.0644947
0.0644978
0.0645009
0.0645039
0.0645069
0.0645099
0.0645128
0.0645156
0.0645185
0.0645212
0.064524
0.0645267
0.0645293
0.0645319
0.0645345
0.0645371
0.0645395
0.064542
0.0645444
0.0645468
0.0645491
0.0645514
0.0645536
0.0645558
0.064558
0.0645601
0.0645621
0.0645642
0.0645661
0.0645681
0.06457
0.0645718
0.0645737
0.0645754
0.0645772
0.0645788
0.0645805
0.0645821
0.0645836
0.0645852
0.0645866
0.0645881
0.0645894
0.0645908
0.0645921
0.0645933
0.0645945
0.0645957
0.0645968
0.0645979
0.0645989
0.0645999
0.0646009
0.0646018
0.0646026
0.0646034
0.0646042
0.0646049
0.0646056
0.0646062
0.0646068
0.0646074
0.0646079
0.0646083
0.0646088
0.0646091
0.0646095
0.0646097
0.06461
0.0646102
0.0646103
0.0646104
0.0646105
0.0646105
0.0646104
0.0646104
0.0646102
0.0646101
0.0646098
0.0646096
0.0646093
0.0646089
0.0646085
0.0646081
0.0646076
0.0646071
0.0646065
0.0646059
0.0646052
0.0646045
0.0646037
0.0646029
0.064602
0.0646011
0.0646002
0.0645992
0.0645982
0.0645971
0.0645959
0.0645948
0.0645935
0.0645923
0.064591
0.0645896
0.0645882
0.0645867
0.0645852
0.0645837
0.0645821
0.0645804
0.0645787
0.064577
0.0645752
0.0645733
0.0645715
0.0645695
0.0645675
0.0645655
0.0645634
0.0645612
0.064559
0.0645568
0.0645544
0.0645521
0.0645496
0.0645472
0.0645447
0.0645421
0.0645395
0.0645367
0.0645341
0.0645313
0.0645284
0.0645255
0.0645227
0.0645198
0.0643703
0.0643741
0.0643778
0.0643826
0.0643873
0.0643915
0.0643956
0.0643998
0.0644039
0.064408
0.0644121
0.0644161
0.0644201
0.0644241
0.064428
0.0644318
0.0644357
0.0644395
0.0644432
0.0644469
0.0644506
0.0644542
0.0644578
0.0644614
0.0644649
0.0644684
0.0644718
0.0644752
0.0644786
0.0644819
0.0644851
0.0644884
0.0644916
0.0644947
0.0644978
0.0645009
0.0645039
0.0645069
0.0645099
0.0645128
0.0645156
0.0645184
0.0645212
0.064524
0.0645267
0.0645293
0.0645319
0.0645345
0.064537
0.0645395
0.064542
0.0645444
0.0645468
0.0645491
0.0645514
0.0645536
0.0645558
0.064558
0.0645601
0.0645621
0.0645642
0.0645661
0.0645681
0.06457
0.0645718
0.0645737
0.0645754
0.0645772
0.0645788
0.0645805
0.0645821
0.0645836
0.0645852
0.0645866
0.064588
0.0645894
0.0645908
0.0645921
0.0645933
0.0645945
0.0645957
0.0645968
0.0645979
0.0645989
0.0645999
0.0646009
0.0646018
0.0646026
0.0646034
0.0646042
0.0646049
0.0646056
0.0646062
0.0646068
0.0646074
0.0646079
0.0646083
0.0646088
0.0646091
0.0646094
0.0646097
0.06461
0.0646102
0.0646103
0.0646104
0.0646105
0.0646105
0.0646104
0.0646104
0.0646102
0.0646101
0.0646098
0.0646096
0.0646093
0.0646089
0.0646085
0.0646081
0.0646076
0.0646071
0.0646065
0.0646059
0.0646052
0.0646045
0.0646037
0.0646029
0.064602
0.0646011
0.0646002
0.0645992
0.0645982
0.0645971
0.0645959
0.0645948
0.0645935
0.0645923
0.064591
0.0645896
0.0645882
0.0645867
0.0645852
0.0645837
0.0645821
0.0645804
0.0645787
0.064577
0.0645752
0.0645733
0.0645715
0.0645695
0.0645675
0.0645655
0.0645634
0.0645612
0.064559
0.0645568
0.0645544
0.0645521
0.0645496
0.0645472
0.0645447
0.0645421
0.0645395
0.0645367
0.0645341
0.0645313
0.0645284
0.0645256
0.0645226
0.0645198
0.0645166
0.0643703
0.0643741
0.0643778
0.0643826
0.0643873
0.0643915
0.0643956
0.0643998
0.0644039
0.064408
0.0644121
0.0644161
0.0644201
0.0644241
0.064428
0.0644318
0.0644357
0.0644395
0.0644432
0.0644469
0.0644506
0.0644542
0.0644578
0.0644614
0.0644649
0.0644684
0.0644718
0.0644752
0.0644785
0.0644819
0.0644851
0.0644884
0.0644916
0.0644947
0.0644978
0.0645009
0.0645039
0.0645069
0.0645098
0.0645128
0.0645156
0.0645184
0.0645212
0.064524
0.0645267
0.0645293
0.0645319
0.0645345
0.064537
0.0645395
0.064542
0.0645444
0.0645468
0.0645491
0.0645514
0.0645536
0.0645558
0.0645579
0.0645601
0.0645621
0.0645642
0.0645661
0.0645681
0.06457
0.0645718
0.0645737
0.0645754
0.0645772
0.0645788
0.0645805
0.0645821
0.0645836
0.0645851
0.0645866
0.064588
0.0645894
0.0645908
0.0645921
0.0645933
0.0645945
0.0645957
0.0645968
0.0645979
0.0645989
0.0645999
0.0646009
0.0646018
0.0646026
0.0646034
0.0646042
0.0646049
0.0646056
0.0646062
0.0646068
0.0646074
0.0646079
0.0646083
0.0646088
0.0646091
0.0646094
0.0646097
0.06461
0.0646102
0.0646103
0.0646104
0.0646105
0.0646105
0.0646104
0.0646103
0.0646102
0.0646101
0.0646098
0.0646096
0.0646093
0.0646089
0.0646085
0.0646081
0.0646076
0.0646071
0.0646065
0.0646059
0.0646052
0.0646045
0.0646037
0.0646029
0.064602
0.0646011
0.0646002
0.0645992
0.0645982
0.0645971
0.0645959
0.0645948
0.0645935
0.0645923
0.064591
0.0645896
0.0645882
0.0645867
0.0645852
0.0645837
0.0645821
0.0645804
0.0645787
0.064577
0.0645752
0.0645733
0.0645715
0.0645695
0.0645675
0.0645655
0.0645634
0.0645612
0.064559
0.0645568
0.0645544
0.0645521
0.0645497
0.0645472
0.0645447
0.0645421
0.0645395
0.0645368
0.0645341
0.0645313
0.0645284
0.0645256
0.0645226
0.0645197
0.0645165
0.0645132
0.0643703
0.0643741
0.0643778
0.0643826
0.0643873
0.0643914
0.0643956
0.0643997
0.0644039
0.064408
0.0644121
0.0644161
0.0644201
0.064424
0.064428
0.0644318
0.0644357
0.0644395
0.0644432
0.0644469
0.0644506
0.0644542
0.0644578
0.0644614
0.0644649
0.0644684
0.0644718
0.0644752
0.0644785
0.0644819
0.0644851
0.0644884
0.0644915
0.0644947
0.0644978
0.0645009
0.0645039
0.0645069
0.0645098
0.0645127
0.0645156
0.0645184
0.0645212
0.064524
0.0645267
0.0645293
0.0645319
0.0645345
0.064537
0.0645395
0.064542
0.0645444
0.0645467
0.0645491
0.0645514
0.0645536
0.0645558
0.0645579
0.0645601
0.0645621
0.0645641
0.0645661
0.0645681
0.06457
0.0645718
0.0645736
0.0645754
0.0645771
0.0645788
0.0645805
0.0645821
0.0645836
0.0645851
0.0645866
0.064588
0.0645894
0.0645908
0.0645921
0.0645933
0.0645945
0.0645957
0.0645968
0.0645979
0.0645989
0.0645999
0.0646008
0.0646017
0.0646026
0.0646034
0.0646042
0.0646049
0.0646056
0.0646062
0.0646068
0.0646074
0.0646079
0.0646083
0.0646087
0.0646091
0.0646094
0.0646097
0.06461
0.0646101
0.0646103
0.0646104
0.0646104
0.0646105
0.0646104
0.0646103
0.0646102
0.06461
0.0646098
0.0646096
0.0646093
0.0646089
0.0646085
0.0646081
0.0646076
0.0646071
0.0646065
0.0646058
0.0646052
0.0646045
0.0646037
0.0646029
0.064602
0.0646011
0.0646002
0.0645992
0.0645982
0.0645971
0.0645959
0.0645948
0.0645935
0.0645923
0.064591
0.0645896
0.0645882
0.0645867
0.0645852
0.0645837
0.0645821
0.0645804
0.0645787
0.064577
0.0645752
0.0645733
0.0645715
0.0645695
0.0645675
0.0645655
0.0645634
0.0645612
0.064559
0.0645568
0.0645544
0.0645521
0.0645497
0.0645472
0.0645447
0.0645421
0.0645395
0.0645368
0.0645341
0.0645313
0.0645284
0.0645256
0.0645226
0.0645198
0.0645166
0.0645134
0.0643703
0.0643741
0.0643778
0.0643826
0.0643873
0.0643914
0.0643956
0.0643997
0.0644039
0.064408
0.0644121
0.0644161
0.0644201
0.064424
0.0644279
0.0644318
0.0644357
0.0644394
0.0644432
0.0644469
0.0644506
0.0644542
0.0644578
0.0644614
0.0644649
0.0644684
0.0644718
0.0644752
0.0644785
0.0644818
0.0644851
0.0644884
0.0644915
0.0644947
0.0644978
0.0645009
0.0645039
0.0645069
0.0645098
0.0645127
0.0645156
0.0645184
0.0645212
0.064524
0.0645266
0.0645293
0.0645319
0.0645345
0.064537
0.0645395
0.064542
0.0645444
0.0645467
0.0645491
0.0645513
0.0645536
0.0645558
0.0645579
0.06456
0.0645621
0.0645641
0.0645661
0.0645681
0.06457
0.0645718
0.0645736
0.0645754
0.0645771
0.0645788
0.0645805
0.0645821
0.0645836
0.0645851
0.0645866
0.064588
0.0645894
0.0645908
0.064592
0.0645933
0.0645945
0.0645957
0.0645968
0.0645979
0.0645989
0.0645999
0.0646008
0.0646017
0.0646026
0.0646034
0.0646042
0.0646049
0.0646056
0.0646062
0.0646068
0.0646074
0.0646079
0.0646083
0.0646087
0.0646091
0.0646094
0.0646097
0.06461
0.0646101
0.0646103
0.0646104
0.0646104
0.0646105
0.0646104
0.0646103
0.0646102
0.06461
0.0646098
0.0646096
0.0646093
0.0646089
0.0646085
0.0646081
0.0646076
0.064607
0.0646065
0.0646058
0.0646052
0.0646045
0.0646037
0.0646029
0.064602
0.0646011
0.0646002
0.0645992
0.0645982
0.0645971
0.0645959
0.0645948
0.0645935
0.0645923
0.064591
0.0645896
0.0645882
0.0645867
0.0645852
0.0645837
0.0645821
0.0645804
0.0645787
0.064577
0.0645752
0.0645733
0.0645715
0.0645695
0.0645675
0.0645655
0.0645634
0.0645612
0.064559
0.0645568
0.0645544
0.0645521
0.0645497
0.0645472
0.0645447
0.0645421
0.0645395
0.0645368
0.0645341
0.0645313
0.0645284
0.0645256
0.0645226
0.0645198
0.0645166
0.0645133
0.0645105
0.0643703
0.0643741
0.0643778
0.0643826
0.0643873
0.0643914
0.0643955
0.0643997
0.0644039
0.064408
0.0644121
0.0644161
0.0644201
0.064424
0.0644279
0.0644318
0.0644356
0.0644394
0.0644432
0.0644469
0.0644506
0.0644542
0.0644578
0.0644614
0.0644649
0.0644683
0.0644718
0.0644752
0.0644785
0.0644818
0.0644851
0.0644883
0.0644915
0.0644947
0.0644978
0.0645009
0.0645039
0.0645069
0.0645098
0.0645127
0.0645156
0.0645184
0.0645212
0.0645239
0.0645266
0.0645293
0.0645319
0.0645345
0.064537
0.0645395
0.064542
0.0645444
0.0645467
0.0645491
0.0645513
0.0645536
0.0645558
0.0645579
0.06456
0.0645621
0.0645641
0.0645661
0.0645681
0.06457
0.0645718
0.0645736
0.0645754
0.0645771
0.0645788
0.0645805
0.0645821
0.0645836
0.0645851
0.0645866
0.064588
0.0645894
0.0645907
0.064592
0.0645933
0.0645945
0.0645957
0.0645968
0.0645979
0.0645989
0.0645999
0.0646008
0.0646017
0.0646026
0.0646034
0.0646042
0.0646049
0.0646056
0.0646062
0.0646068
0.0646074
0.0646079
0.0646083
0.0646087
0.0646091
0.0646094
0.0646097
0.0646099
0.0646101
0.0646103
0.0646104
0.0646104
0.0646104
0.0646104
0.0646103
0.0646102
0.06461
0.0646098
0.0646096
0.0646093
0.0646089
0.0646085
0.0646081
0.0646076
0.064607
0.0646065
0.0646058
0.0646052
0.0646045
0.0646037
0.0646029
0.064602
0.0646011
0.0646002
0.0645992
0.0645982
0.0645971
0.0645959
0.0645948
0.0645935
0.0645923
0.064591
0.0645896
0.0645882
0.0645867
0.0645852
0.0645837
0.0645821
0.0645804
0.0645787
0.064577
0.0645752
0.0645733
0.0645715
0.0645695
0.0645675
0.0645655
0.0645634
0.0645612
0.064559
0.0645568
0.0645545
0.0645521
0.0645497
0.0645472
0.0645447
0.0645421
0.0645395
0.0645368
0.0645341
0.0645313
0.0645284
0.0645256
0.0645226
0.0645197
0.0645167
0.0645133
0.0645104
0.0645072
0.0643703
0.0643741
0.0643778
0.0643826
0.0643872
0.0643914
0.0643955
0.0643997
0.0644039
0.064408
0.0644121
0.0644161
0.0644201
0.064424
0.0644279
0.0644318
0.0644356
0.0644394
0.0644432
0.0644469
0.0644506
0.0644542
0.0644578
0.0644614
0.0644649
0.0644683
0.0644718
0.0644752
0.0644785
0.0644818
0.0644851
0.0644883
0.0644915
0.0644947
0.0644978
0.0645009
0.0645039
0.0645069
0.0645098
0.0645127
0.0645156
0.0645184
0.0645212
0.0645239
0.0645266
0.0645293
0.0645319
0.0645345
0.064537
0.0645395
0.064542
0.0645444
0.0645467
0.0645491
0.0645513
0.0645536
0.0645558
0.0645579
0.06456
0.0645621
0.0645641
0.0645661
0.0645681
0.06457
0.0645718
0.0645736
0.0645754
0.0645771
0.0645788
0.0645805
0.0645821
0.0645836
0.0645851
0.0645866
0.064588
0.0645894
0.0645907
0.064592
0.0645933
0.0645945
0.0645957
0.0645968
0.0645979
0.0645989
0.0645999
0.0646008
0.0646017
0.0646026
0.0646034
0.0646042
0.0646049
0.0646056
0.0646062
0.0646068
0.0646074
0.0646079
0.0646083
0.0646087
0.0646091
0.0646094
0.0646097
0.0646099
0.0646101
0.0646103
0.0646104
0.0646104
0.0646104
0.0646104
0.0646103
0.0646102
0.06461
0.0646098
0.0646096
0.0646093
0.0646089
0.0646085
0.0646081
0.0646076
0.064607
0.0646065
0.0646058
0.0646052
0.0646045
0.0646037
0.0646029
0.064602
0.0646011
0.0646002
0.0645992
0.0645982
0.0645971
0.0645959
0.0645948
0.0645935
0.0645923
0.064591
0.0645896
0.0645882
0.0645867
0.0645852
0.0645837
0.0645821
0.0645804
0.0645787
0.064577
0.0645752
0.0645734
0.0645715
0.0645695
0.0645675
0.0645655
0.0645634
0.0645612
0.064559
0.0645568
0.0645545
0.0645521
0.0645497
0.0645472
0.0645447
0.0645421
0.0645395
0.0645368
0.0645341
0.0645313
0.0645284
0.0645256
0.0645226
0.0645197
0.0645166
0.0645135
0.0645104
0.0645073
0.0643703
0.0643741
0.0643778
0.0643826
0.0643872
0.0643914
0.0643955
0.0643997
0.0644039
0.064408
0.064412
0.0644161
0.0644201
0.064424
0.0644279
0.0644318
0.0644356
0.0644394
0.0644432
0.0644469
0.0644506
0.0644542
0.0644578
0.0644613
0.0644649
0.0644683
0.0644718
0.0644752
0.0644785
0.0644818
0.0644851
0.0644883
0.0644915
0.0644947
0.0644978
0.0645009
0.0645039
0.0645069
0.0645098
0.0645127
0.0645156
0.0645184
0.0645212
0.0645239
0.0645266
0.0645293
0.0645319
0.0645345
0.064537
0.0645395
0.064542
0.0645444
0.0645467
0.064549
0.0645513
0.0645536
0.0645558
0.0645579
0.06456
0.0645621
0.0645641
0.0645661
0.0645681
0.06457
0.0645718
0.0645736
0.0645754
0.0645771
0.0645788
0.0645805
0.0645821
0.0645836
0.0645851
0.0645866
0.064588
0.0645894
0.0645907
0.064592
0.0645933
0.0645945
0.0645957
0.0645968
0.0645979
0.0645989
0.0645999
0.0646008
0.0646017
0.0646026
0.0646034
0.0646042
0.0646049
0.0646056
0.0646062
0.0646068
0.0646074
0.0646079
0.0646083
0.0646087
0.0646091
0.0646094
0.0646097
0.0646099
0.0646101
0.0646103
0.0646104
0.0646104
0.0646104
0.0646104
0.0646103
0.0646102
0.06461
0.0646098
0.0646096
0.0646092
0.0646089
0.0646085
0.0646081
0.0646076
0.064607
0.0646065
0.0646058
0.0646052
0.0646044
0.0646037
0.0646029
0.064602
0.0646011
0.0646002
0.0645992
0.0645982
0.0645971
0.0645959
0.0645948
0.0645935
0.0645923
0.064591
0.0645896
0.0645882
0.0645867
0.0645852
0.0645837
0.0645821
0.0645804
0.0645787
0.064577
0.0645752
0.0645734
0.0645715
0.0645695
0.0645675
0.0645655
0.0645634
0.0645612
0.064559
0.0645568
0.0645545
0.0645521
0.0645497
0.0645472
0.0645447
0.0645421
0.0645395
0.0645368
0.0645341
0.0645313
0.0645284
0.0645256
0.0645226
0.0645197
0.0645166
0.0645135
0.0645104
0.0645072
0.0645041
0.0643703
0.0643741
0.0643778
0.0643826
0.0643872
0.0643914
0.0643955
0.0643997
0.0644039
0.064408
0.064412
0.0644161
0.0644201
0.064424
0.0644279
0.0644318
0.0644356
0.0644394
0.0644432
0.0644469
0.0644506
0.0644542
0.0644578
0.0644613
0.0644649
0.0644683
0.0644718
0.0644752
0.0644785
0.0644818
0.0644851
0.0644883
0.0644915
0.0644947
0.0644978
0.0645009
0.0645039
0.0645069
0.0645098
0.0645127
0.0645156
0.0645184
0.0645212
0.0645239
0.0645266
0.0645293
0.0645319
0.0645345
0.064537
0.0645395
0.0645419
0.0645444
0.0645467
0.064549
0.0645513
0.0645536
0.0645558
0.0645579
0.06456
0.0645621
0.0645641
0.0645661
0.0645681
0.06457
0.0645718
0.0645736
0.0645754
0.0645771
0.0645788
0.0645804
0.064582
0.0645836
0.0645851
0.0645866
0.064588
0.0645894
0.0645907
0.064592
0.0645933
0.0645945
0.0645957
0.0645968
0.0645979
0.0645989
0.0645999
0.0646008
0.0646017
0.0646026
0.0646034
0.0646042
0.0646049
0.0646056
0.0646062
0.0646068
0.0646073
0.0646078
0.0646083
0.0646087
0.0646091
0.0646094
0.0646097
0.0646099
0.0646101
0.0646103
0.0646104
0.0646104
0.0646104
0.0646104
0.0646103
0.0646102
0.06461
0.0646098
0.0646096
0.0646092
0.0646089
0.0646085
0.0646081
0.0646076
0.064607
0.0646065
0.0646058
0.0646052
0.0646044
0.0646037
0.0646029
0.064602
0.0646011
0.0646002
0.0645992
0.0645982
0.0645971
0.0645959
0.0645948
0.0645935
0.0645923
0.064591
0.0645896
0.0645882
0.0645867
0.0645852
0.0645837
0.0645821
0.0645804
0.0645787
0.064577
0.0645752
0.0645734
0.0645715
0.0645695
0.0645675
0.0645655
0.0645634
0.0645612
0.064559
0.0645568
0.0645545
0.0645521
0.0645497
0.0645472
0.0645447
0.0645421
0.0645395
0.0645368
0.0645341
0.0645313
0.0645285
0.0645256
0.0645226
0.0645197
0.0645166
0.0645135
0.0645104
0.0645072
0.0645041
0.0645006
0.0643703
0.0643741
0.0643778
0.0643825
0.0643872
0.0643914
0.0643955
0.0643997
0.0644039
0.064408
0.064412
0.0644161
0.06442
0.064424
0.0644279
0.0644318
0.0644356
0.0644394
0.0644432
0.0644469
0.0644505
0.0644542
0.0644578
0.0644613
0.0644648
0.0644683
0.0644718
0.0644752
0.0644785
0.0644818
0.0644851
0.0644883
0.0644915
0.0644947
0.0644978
0.0645008
0.0645039
0.0645069
0.0645098
0.0645127
0.0645156
0.0645184
0.0645212
0.0645239
0.0645266
0.0645293
0.0645319
0.0645345
0.064537
0.0645395
0.0645419
0.0645444
0.0645467
0.064549
0.0645513
0.0645536
0.0645558
0.0645579
0.06456
0.0645621
0.0645641
0.0645661
0.064568
0.0645699
0.0645718
0.0645736
0.0645754
0.0645771
0.0645788
0.0645804
0.064582
0.0645836
0.0645851
0.0645866
0.064588
0.0645894
0.0645907
0.064592
0.0645933
0.0645945
0.0645957
0.0645968
0.0645978
0.0645989
0.0645999
0.0646008
0.0646017
0.0646026
0.0646034
0.0646042
0.0646049
0.0646056
0.0646062
0.0646068
0.0646073
0.0646078
0.0646083
0.0646087
0.0646091
0.0646094
0.0646097
0.0646099
0.0646101
0.0646103
0.0646104
0.0646104
0.0646104
0.0646104
0.0646103
0.0646102
0.06461
0.0646098
0.0646095
0.0646092
0.0646089
0.0646085
0.0646081
0.0646076
0.064607
0.0646065
0.0646058
0.0646052
0.0646044
0.0646037
0.0646029
0.064602
0.0646011
0.0646002
0.0645992
0.0645982
0.0645971
0.0645959
0.0645948
0.0645935
0.0645923
0.064591
0.0645896
0.0645882
0.0645867
0.0645852
0.0645837
0.0645821
0.0645804
0.0645787
0.064577
0.0645752
0.0645734
0.0645715
0.0645695
0.0645675
0.0645655
0.0645634
0.0645612
0.064559
0.0645568
0.0645545
0.0645521
0.0645497
0.0645472
0.0645447
0.0645421
0.0645395
0.0645368
0.0645341
0.0645313
0.0645285
0.0645256
0.0645226
0.0645197
0.0645166
0.0645135
0.0645104
0.0645072
0.064504
0.0645005
0.064497
0.0643703
0.0643741
0.0643778
0.0643825
0.0643872
0.0643914
0.0643955
0.0643997
0.0644038
0.0644079
0.064412
0.064416
0.06442
0.064424
0.0644279
0.0644318
0.0644356
0.0644394
0.0644432
0.0644469
0.0644505
0.0644542
0.0644578
0.0644613
0.0644648
0.0644683
0.0644718
0.0644751
0.0644785
0.0644818
0.0644851
0.0644883
0.0644915
0.0644947
0.0644978
0.0645008
0.0645039
0.0645069
0.0645098
0.0645127
0.0645156
0.0645184
0.0645212
0.0645239
0.0645266
0.0645293
0.0645319
0.0645345
0.064537
0.0645395
0.0645419
0.0645443
0.0645467
0.064549
0.0645513
0.0645536
0.0645558
0.0645579
0.06456
0.0645621
0.0645641
0.0645661
0.064568
0.0645699
0.0645718
0.0645736
0.0645754
0.0645771
0.0645788
0.0645804
0.064582
0.0645836
0.0645851
0.0645866
0.064588
0.0645894
0.0645907
0.064592
0.0645933
0.0645945
0.0645956
0.0645968
0.0645978
0.0645989
0.0645999
0.0646008
0.0646017
0.0646026
0.0646034
0.0646042
0.0646049
0.0646056
0.0646062
0.0646068
0.0646073
0.0646078
0.0646083
0.0646087
0.0646091
0.0646094
0.0646097
0.0646099
0.0646101
0.0646103
0.0646104
0.0646104
0.0646104
0.0646104
0.0646103
0.0646102
0.06461
0.0646098
0.0646095
0.0646092
0.0646089
0.0646085
0.064608
0.0646076
0.064607
0.0646065
0.0646058
0.0646052
0.0646044
0.0646037
0.0646029
0.064602
0.0646011
0.0646002
0.0645992
0.0645981
0.0645971
0.0645959
0.0645948
0.0645935
0.0645923
0.064591
0.0645896
0.0645882
0.0645867
0.0645852
0.0645837
0.0645821
0.0645804
0.0645787
0.064577
0.0645752
0.0645734
0.0645715
0.0645695
0.0645675
0.0645655
0.0645634
0.0645613
0.064559
0.0645568
0.0645545
0.0645521
0.0645497
0.0645472
0.0645447
0.0645421
0.0645395
0.0645368
0.0645341
0.0645313
0.0645285
0.0645256
0.0645227
0.0645197
0.0645167
0.0645135
0.0645105
0.0645071
0.0645041
0.0645006
0.0644972
0.0643703
0.0643742
0.0643778
0.0643825
0.0643871
0.0643913
0.0643955
0.0643997
0.0644038
0.0644079
0.064412
0.064416
0.06442
0.064424
0.0644279
0.0644318
0.0644356
0.0644394
0.0644431
0.0644469
0.0644505
0.0644542
0.0644578
0.0644613
0.0644648
0.0644683
0.0644717
0.0644751
0.0644785
0.0644818
0.0644851
0.0644883
0.0644915
0.0644947
0.0644978
0.0645008
0.0645039
0.0645069
0.0645098
0.0645127
0.0645156
0.0645184
0.0645212
0.0645239
0.0645266
0.0645293
0.0645319
0.0645345
0.064537
0.0645395
0.0645419
0.0645443
0.0645467
0.064549
0.0645513
0.0645535
0.0645557
0.0645579
0.06456
0.0645621
0.0645641
0.0645661
0.064568
0.0645699
0.0645718
0.0645736
0.0645754
0.0645771
0.0645788
0.0645804
0.064582
0.0645836
0.0645851
0.0645866
0.064588
0.0645894
0.0645907
0.064592
0.0645933
0.0645945
0.0645956
0.0645968
0.0645978
0.0645989
0.0645999
0.0646008
0.0646017
0.0646026
0.0646034
0.0646041
0.0646049
0.0646056
0.0646062
0.0646068
0.0646073
0.0646078
0.0646083
0.0646087
0.0646091
0.0646094
0.0646097
0.0646099
0.0646101
0.0646103
0.0646104
0.0646104
0.0646104
0.0646104
0.0646103
0.0646102
0.06461
0.0646098
0.0646095
0.0646092
0.0646089
0.0646085
0.064608
0.0646076
0.064607
0.0646064
0.0646058
0.0646052
0.0646044
0.0646037
0.0646029
0.064602
0.0646011
0.0646002
0.0645992
0.0645981
0.0645971
0.0645959
0.0645948
0.0645935
0.0645923
0.064591
0.0645896
0.0645882
0.0645867
0.0645852
0.0645837
0.0645821
0.0645804
0.0645787
0.064577
0.0645752
0.0645734
0.0645715
0.0645695
0.0645676
0.0645655
0.0645634
0.0645613
0.0645591
0.0645568
0.0645545
0.0645521
0.0645497
0.0645472
0.0645447
0.0645421
0.0645395
0.0645368
0.0645341
0.0645313
0.0645285
0.0645256
0.0645227
0.0645197
0.0645167
0.0645135
0.0645105
0.0645071
0.0645041
0.0645006
0.0644971
0.064494
0.0643703
0.0643742
0.0643778
0.0643825
0.0643871
0.0643913
0.0643954
0.0643996
0.0644038
0.0644079
0.064412
0.064416
0.06442
0.064424
0.0644279
0.0644317
0.0644356
0.0644394
0.0644431
0.0644468
0.0644505
0.0644541
0.0644577
0.0644613
0.0644648
0.0644683
0.0644717
0.0644751
0.0644785
0.0644818
0.0644851
0.0644883
0.0644915
0.0644946
0.0644977
0.0645008
0.0645038
0.0645068
0.0645098
0.0645127
0.0645156
0.0645184
0.0645212
0.0645239
0.0645266
0.0645293
0.0645319
0.0645344
0.064537
0.0645395
0.0645419
0.0645443
0.0645467
0.064549
0.0645513
0.0645535
0.0645557
0.0645579
0.06456
0.0645621
0.0645641
0.0645661
0.064568
0.0645699
0.0645718
0.0645736
0.0645754
0.0645771
0.0645788
0.0645804
0.064582
0.0645836
0.0645851
0.0645866
0.064588
0.0645894
0.0645907
0.064592
0.0645933
0.0645945
0.0645956
0.0645967
0.0645978
0.0645989
0.0645998
0.0646008
0.0646017
0.0646026
0.0646034
0.0646041
0.0646049
0.0646055
0.0646062
0.0646068
0.0646073
0.0646078
0.0646083
0.0646087
0.0646091
0.0646094
0.0646097
0.0646099
0.0646101
0.0646102
0.0646103
0.0646104
0.0646104
0.0646104
0.0646103
0.0646102
0.06461
0.0646098
0.0646095
0.0646092
0.0646089
0.0646085
0.064608
0.0646075
0.064607
0.0646064
0.0646058
0.0646051
0.0646044
0.0646037
0.0646029
0.064602
0.0646011
0.0646002
0.0645992
0.0645981
0.0645971
0.0645959
0.0645947
0.0645935
0.0645923
0.0645909
0.0645896
0.0645882
0.0645867
0.0645852
0.0645837
0.0645821
0.0645804
0.0645787
0.064577
0.0645752
0.0645734
0.0645715
0.0645695
0.0645675
0.0645655
0.0645634
0.0645613
0.0645591
0.0645568
0.0645545
0.0645521
0.0645497
0.0645472
0.0645447
0.0645421
0.0645395
0.0645368
0.0645341
0.0645313
0.0645285
0.0645256
0.0645227
0.0645197
0.0645167
0.0645135
0.0645105
0.0645071
0.064504
0.0645007
0.0644971
0.0644939
0.0644904
0.0643702
0.0643741
0.0643776
0.0643823
0.064387
0.0643912
0.0643953
0.0643995
0.0644037
0.0644078
0.0644119
0.0644159
0.0644199
0.0644238
0.0644278
0.0644316
0.0644355
0.0644393
0.064443
0.0644467
0.0644504
0.064454
0.0644576
0.0644612
0.0644647
0.0644682
0.0644716
0.064475
0.0644784
0.0644817
0.0644849
0.0644882
0.0644914
0.0644945
0.0644976
0.0645007
0.0645037
0.0645067
0.0645097
0.0645126
0.0645154
0.0645183
0.064521
0.0645238
0.0645265
0.0645291
0.0645318
0.0645343
0.0645369
0.0645394
0.0645418
0.0645442
0.0645466
0.0645489
0.0645512
0.0645534
0.0645556
0.0645578
0.0645599
0.064562
0.064564
0.064566
0.0645679
0.0645698
0.0645717
0.0645735
0.0645753
0.064577
0.0645787
0.0645803
0.0645819
0.0645835
0.064585
0.0645864
0.0645879
0.0645893
0.0645906
0.0645919
0.0645931
0.0645944
0.0645955
0.0645966
0.0645977
0.0645988
0.0645997
0.0646007
0.0646016
0.0646024
0.0646033
0.064604
0.0646048
0.0646054
0.0646061
0.0646067
0.0646072
0.0646077
0.0646082
0.0646086
0.064609
0.0646093
0.0646096
0.0646098
0.06461
0.0646101
0.0646102
0.0646103
0.0646103
0.0646103
0.0646102
0.0646101
0.0646099
0.0646097
0.0646094
0.0646091
0.0646088
0.0646084
0.0646079
0.0646074
0.0646069
0.0646063
0.0646057
0.064605
0.0646043
0.0646036
0.0646028
0.0646019
0.064601
0.0646001
0.0645991
0.064598
0.064597
0.0645958
0.0645947
0.0645934
0.0645922
0.0645909
0.0645895
0.0645881
0.0645866
0.0645851
0.0645836
0.064582
0.0645803
0.0645787
0.0645769
0.0645751
0.0645733
0.0645714
0.0645695
0.0645675
0.0645654
0.0645633
0.0645612
0.064559
0.0645567
0.0645544
0.064552
0.0645496
0.0645472
0.0645446
0.0645421
0.0645394
0.0645368
0.064534
0.0645313
0.0645284
0.0645255
0.0645226
0.0645196
0.0645166
0.0645134
0.0645104
0.0645071
0.0645039
0.0645006
0.0644971
0.0644938
0.0644902
0.0644865
0.0643694
0.0643732
0.0643768
0.0643814
0.0643861
0.0643903
0.0643944
0.0643986
0.0644028
0.0644069
0.064411
0.064415
0.064419
0.064423
0.0644269
0.0644308
0.0644346
0.0644384
0.0644421
0.0644459
0.0644495
0.0644532
0.0644568
0.0644603
0.0644638
0.0644673
0.0644708
0.0644742
0.0644775
0.0644808
0.0644841
0.0644873
0.0644905
0.0644937
0.0644968
0.0644999
0.0645029
0.0645059
0.0645088
0.0645117
0.0645146
0.0645174
0.0645202
0.064523
0.0645257
0.0645283
0.0645309
0.0645335
0.064536
0.0645385
0.064541
0.0645434
0.0645458
0.0645481
0.0645504
0.0645526
0.0645548
0.064557
0.0645591
0.0645611
0.0645632
0.0645652
0.0645671
0.064569
0.0645709
0.0645727
0.0645744
0.0645762
0.0645779
0.0645795
0.0645811
0.0645827
0.0645842
0.0645856
0.0645871
0.0645885
0.0645898
0.0645911
0.0645924
0.0645936
0.0645947
0.0645958
0.0645969
0.064598
0.064599
0.0645999
0.0646008
0.0646017
0.0646025
0.0646032
0.064604
0.0646047
0.0646053
0.0646059
0.0646064
0.0646069
0.0646074
0.0646078
0.0646082
0.0646085
0.0646088
0.064609
0.0646092
0.0646094
0.0646095
0.0646095
0.0646095
0.0646095
0.0646094
0.0646093
0.0646091
0.0646089
0.0646087
0.0646084
0.064608
0.0646076
0.0646072
0.0646067
0.0646062
0.0646056
0.064605
0.0646043
0.0646036
0.0646028
0.064602
0.0646012
0.0646003
0.0645993
0.0645983
0.0645973
0.0645962
0.0645951
0.0645939
0.0645927
0.0645914
0.0645901
0.0645888
0.0645874
0.0645859
0.0645844
0.0645829
0.0645813
0.0645796
0.0645779
0.0645762
0.0645744
0.0645726
0.0645707
0.0645687
0.0645668
0.0645647
0.0645626
0.0645605
0.0645583
0.064556
0.0645537
0.0645513
0.0645489
0.0645465
0.0645439
0.0645414
0.0645387
0.0645361
0.0645333
0.0645306
0.0645277
0.0645248
0.0645219
0.0645189
0.0645159
0.0645128
0.0645097
0.0645064
0.0645032
0.0644999
0.0644963
0.0644932
0.0644896
0.064486
0.0643633
0.0643672
0.0643707
0.0643753
0.06438
0.0643842
0.0643884
0.0643926
0.0643968
0.0644009
0.064405
0.064409
0.064413
0.064417
0.0644209
0.0644248
0.0644286
0.0644324
0.0644362
0.0644399
0.0644436
0.0644472
0.0644508
0.0644544
0.0644579
0.0644614
0.0644648
0.0644682
0.0644716
0.0644749
0.0644782
0.0644815
0.0644847
0.0644878
0.0644909
0.064494
0.064497
0.0645
0.064503
0.0645059
0.0645088
0.0645116
0.0645144
0.0645172
0.0645199
0.0645225
0.0645252
0.0645277
0.0645303
0.0645328
0.0645352
0.0645376
0.06454
0.0645424
0.0645446
0.0645469
0.0645491
0.0645513
0.0645534
0.0645555
0.0645575
0.0645595
0.0645614
0.0645633
0.0645652
0.064567
0.0645688
0.0645705
0.0645722
0.0645739
0.0645755
0.0645771
0.0645786
0.0645801
0.0645815
0.0645829
0.0645842
0.0645855
0.0645868
0.064588
0.0645892
0.0645903
0.0645914
0.0645924
0.0645934
0.0645944
0.0645953
0.0645962
0.064597
0.0645978
0.0645985
0.0645992
0.0645998
0.0646004
0.064601
0.0646015
0.064602
0.0646024
0.0646028
0.0646031
0.0646034
0.0646036
0.0646038
0.064604
0.0646041
0.0646042
0.0646042
0.0646042
0.0646041
0.064604
0.0646038
0.0646036
0.0646033
0.064603
0.0646027
0.0646023
0.0646019
0.0646014
0.0646009
0.0646003
0.0645997
0.064599
0.0645983
0.0645976
0.0645968
0.0645959
0.064595
0.0645941
0.0645931
0.0645921
0.064591
0.0645899
0.0645887
0.0645875
0.0645863
0.064585
0.0645836
0.0645822
0.0645808
0.0645793
0.0645777
0.0645762
0.0645745
0.0645728
0.0645711
0.0645693
0.0645675
0.0645656
0.0645637
0.0645617
0.0645597
0.0645576
0.0645554
0.0645532
0.064551
0.0645487
0.0645463
0.0645439
0.0645415
0.064539
0.0645364
0.0645338
0.0645311
0.0645284
0.0645256
0.0645228
0.0645199
0.064517
0.064514
0.064511
0.0645078
0.0645048
0.0645015
0.0644983
0.0644951
0.0644915
0.0644883
0.0644847
0.0644811
0.0644776
0.0643258
0.0643297
0.0643331
0.0643377
0.0643425
0.0643468
0.064351
0.0643552
0.0643595
0.0643636
0.0643677
0.0643718
0.0643759
0.0643799
0.0643838
0.0643877
0.0643916
0.0643955
0.0643993
0.064403
0.0644068
0.0644104
0.0644141
0.0644177
0.0644213
0.0644248
0.0644283
0.0644317
0.0644351
0.0644385
0.0644418
0.0644451
0.0644483
0.0644515
0.0644547
0.0644578
0.0644609
0.0644639
0.0644669
0.0644699
0.0644728
0.0644756
0.0644785
0.0644813
0.064484
0.0644867
0.0644894
0.064492
0.0644946
0.0644971
0.0644996
0.0645021
0.0645045
0.0645069
0.0645092
0.0645115
0.0645137
0.0645159
0.0645181
0.0645202
0.0645223
0.0645243
0.0645263
0.0645283
0.0645302
0.064532
0.0645338
0.0645356
0.0645374
0.064539
0.0645407
0.0645423
0.0645439
0.0645454
0.0645468
0.0645483
0.0645497
0.064551
0.0645523
0.0645536
0.0645548
0.0645559
0.0645571
0.0645582
0.0645592
0.0645602
0.0645611
0.064562
0.0645629
0.0645637
0.0645645
0.0645652
0.0645659
0.0645665
0.0645671
0.0645677
0.0645682
0.0645687
0.0645691
0.0645695
0.0645698
0.0645701
0.0645703
0.0645705
0.0645706
0.0645708
0.0645708
0.0645708
0.0645708
0.0645707
0.0645706
0.0645704
0.0645702
0.06457
0.0645697
0.0645693
0.0645689
0.0645685
0.064568
0.0645675
0.0645669
0.0645663
0.0645656
0.0645649
0.0645641
0.0645633
0.0645625
0.0645616
0.0645606
0.0645597
0.0645586
0.0645575
0.0645564
0.0645552
0.064554
0.0645528
0.0645515
0.0645501
0.0645487
0.0645472
0.0645457
0.0645442
0.0645426
0.064541
0.0645393
0.0645375
0.0645357
0.0645339
0.064532
0.0645301
0.0645281
0.064526
0.0645239
0.0645218
0.0645196
0.0645173
0.064515
0.0645126
0.0645102
0.0645077
0.0645052
0.0645026
0.0645
0.0644973
0.0644946
0.0644918
0.064489
0.0644861
0.0644831
0.0644801
0.0644771
0.064474
0.0644708
0.0644676
0.0644644
0.0644609
0.0644577
0.0644543
0.0644506
0.0644471
0.0644436
0.064124
0.0641282
0.0641318
0.0641365
0.0641415
0.064146
0.0641504
0.0641549
0.0641593
0.0641637
0.064168
0.0641723
0.0641765
0.0641807
0.0641849
0.064189
0.0641931
0.0641971
0.0642011
0.0642051
0.064209
0.0642129
0.0642167
0.0642205
0.0642243
0.064228
0.0642317
0.0642353
0.0642389
0.0642425
0.064246
0.0642495
0.0642529
0.0642563
0.0642597
0.064263
0.0642663
0.0642695
0.0642727
0.0642759
0.064279
0.064282
0.0642851
0.064288
0.064291
0.0642939
0.0642968
0.0642996
0.0643024
0.0643051
0.0643078
0.0643104
0.0643131
0.0643156
0.0643182
0.0643206
0.0643231
0.0643255
0.0643278
0.0643302
0.0643324
0.0643347
0.0643368
0.064339
0.0643411
0.0643432
0.0643452
0.0643471
0.0643491
0.064351
0.0643528
0.0643546
0.0643564
0.0643581
0.0643598
0.0643614
0.064363
0.0643645
0.064366
0.0643675
0.0643689
0.0643702
0.0643716
0.0643729
0.0643741
0.0643753
0.0643764
0.0643775
0.0643786
0.0643796
0.0643806
0.0643815
0.0643824
0.0643832
0.064384
0.0643848
0.0643855
0.0643861
0.0643867
0.0643873
0.0643878
0.0643883
0.0643888
0.0643892
0.0643895
0.0643898
0.0643901
0.0643903
0.0643904
0.0643906
0.0643906
0.0643907
0.0643907
0.0643906
0.0643905
0.0643903
0.0643901
0.0643899
0.0643896
0.0643893
0.0643889
0.0643885
0.064388
0.0643875
0.0643869
0.0643863
0.0643857
0.064385
0.0643842
0.0643835
0.0643826
0.0643817
0.0643808
0.0643798
0.0643788
0.0643778
0.0643766
0.0643755
0.0643743
0.064373
0.0643717
0.0643704
0.064369
0.0643675
0.064366
0.0643645
0.0643629
0.0643613
0.0643596
0.0643578
0.064356
0.0643542
0.0643523
0.0643503
0.0643483
0.0643463
0.0643442
0.064342
0.0643398
0.0643375
0.0643352
0.0643328
0.0643304
0.0643279
0.0643254
0.0643228
0.0643202
0.0643175
0.0643147
0.0643119
0.0643091
0.0643062
0.0643033
0.0643002
0.0642973
0.064294
0.064291
0.0642876
0.0642844
0.0642809
0.0642778
0.063203
0.063208
0.0632124
0.063218
0.0632238
0.0632291
0.0632343
0.0632396
0.0632448
0.06325
0.0632551
0.0632602
0.0632652
0.0632702
0.0632752
0.0632801
0.063285
0.0632898
0.0632946
0.0632994
0.0633041
0.0633088
0.0633134
0.063318
0.0633226
0.0633271
0.0633316
0.063336
0.0633405
0.0633448
0.0633491
0.0633534
0.0633577
0.0633619
0.063366
0.0633701
0.0633742
0.0633782
0.0633822
0.0633862
0.0633901
0.063394
0.0633978
0.0634016
0.0634053
0.063409
0.0634127
0.0634163
0.0634199
0.0634234
0.0634269
0.0634304
0.0634338
0.0634372
0.0634405
0.0634438
0.063447
0.0634502
0.0634534
0.0634565
0.0634596
0.0634626
0.0634656
0.0634685
0.0634714
0.0634743
0.0634771
0.0634799
0.0634826
0.0634853
0.063488
0.0634906
0.0634931
0.0634956
0.0634981
0.0635005
0.0635029
0.0635053
0.0635076
0.0635098
0.063512
0.0635142
0.0635163
0.0635184
0.0635204
0.0635224
0.0635244
0.0635263
0.0635281
0.06353
0.0635317
0.0635335
0.0635351
0.0635368
0.0635384
0.0635399
0.0635414
0.0635429
0.0635443
0.0635457
0.063547
0.0635483
0.0635495
0.0635507
0.0635518
0.0635529
0.063554
0.063555
0.063556
0.0635569
0.0635578
0.0635586
0.0635594
0.0635601
0.0635608
0.0635615
0.0635621
0.0635627
0.0635632
0.0635636
0.0635641
0.0635644
0.0635648
0.0635651
0.0635653
0.0635655
0.0635656
0.0635657
0.0635658
0.0635658
0.0635658
0.0635657
0.0635656
0.0635654
0.0635652
0.0635649
0.0635646
0.0635642
0.0635638
0.0635634
0.0635629
0.0635623
0.0635618
0.0635611
0.0635604
0.0635597
0.0635589
0.0635581
0.0635572
0.0635562
0.0635553
0.0635542
0.0635531
0.063552
0.0635508
0.0635495
0.0635482
0.0635469
0.0635455
0.063544
0.0635425
0.063541
0.0635394
0.0635377
0.063536
0.0635343
0.0635325
0.0635306
0.0635287
0.0635267
0.0635247
0.0635227
0.0635206
0.0635184
0.0635162
0.0635138
0.0635116
0.0635091
0.0635068
0.0635041
0.0635017
0.0634994
0.0597189
0.0597265
0.0597337
0.059742
0.0597503
0.0597581
0.0597658
0.0597735
0.0597812
0.0597889
0.0597965
0.059804
0.0598116
0.0598191
0.0598265
0.0598339
0.0598413
0.0598486
0.0598559
0.0598632
0.0598704
0.0598775
0.0598847
0.0598918
0.0598988
0.0599058
0.0599128
0.0599197
0.0599266
0.0599334
0.0599402
0.059947
0.0599537
0.0599604
0.0599671
0.0599737
0.0599802
0.0599868
0.0599932
0.0599997
0.0600061
0.0600124
0.0600187
0.060025
0.0600312
0.0600374
0.0600436
0.0600497
0.0600557
0.0600618
0.0600678
0.0600737
0.0600796
0.0600854
0.0600913
0.060097
0.0601028
0.0601084
0.0601141
0.0601197
0.0601252
0.0601308
0.0601362
0.0601417
0.0601471
0.0601524
0.0601577
0.060163
0.0601682
0.0601734
0.0601785
0.0601836
0.0601886
0.0601936
0.0601986
0.0602035
0.0602084
0.0602132
0.060218
0.0602227
0.0602274
0.0602321
0.0602367
0.0602412
0.0602457
0.0602502
0.0602547
0.060259
0.0602634
0.0602677
0.0602719
0.0602762
0.0602803
0.0602845
0.0602885
0.0602926
0.0602966
0.0603005
0.0603044
0.0603083
0.0603121
0.0603158
0.0603196
0.0603232
0.0603269
0.0603305
0.060334
0.0603375
0.0603409
0.0603444
0.0603477
0.060351
0.0603543
0.0603575
0.0603607
0.0603638
0.0603669
0.06037
0.060373
0.0603759
0.0603788
0.0603817
0.0603845
0.0603873
0.06039
0.0603927
0.0603954
0.0603979
0.0604005
0.060403
0.0604054
0.0604079
0.0604102
0.0604125
0.0604148
0.060417
0.0604192
0.0604213
0.0604234
0.0604255
0.0604275
0.0604294
0.0604313
0.0604332
0.060435
0.0604368
0.0604385
0.0604402
0.0604418
0.0604434
0.0604449
0.0604464
0.0604478
0.0604492
0.0604505
0.0604518
0.060453
0.0604542
0.0604554
0.0604565
0.0604575
0.0604585
0.0604595
0.0604604
0.0604613
0.0604621
0.0604629
0.0604636
0.0604643
0.0604649
0.0604655
0.060466
0.0604665
0.0604669
0.0604674
0.0604676
0.060468
0.0604681
0.0604684
0.0604684
0.0604684
0.060469
0.0604676
0.0491772
0.0491901
0.0492033
0.0492173
0.0492307
0.0492436
0.0492564
0.0492692
0.049282
0.0492948
0.0493075
0.0493202
0.0493329
0.0493455
0.0493581
0.0493706
0.0493831
0.0493956
0.049408
0.0494204
0.0494327
0.049445
0.0494573
0.0494695
0.0494817
0.0494938
0.0495059
0.0495179
0.04953
0.0495419
0.0495539
0.0495658
0.0495776
0.0495894
0.0496012
0.0496129
0.0496246
0.0496363
0.0496479
0.0496594
0.049671
0.0496824
0.0496939
0.0497053
0.0497166
0.049728
0.0497392
0.0497505
0.0497617
0.0497728
0.0497839
0.049795
0.049806
0.049817
0.0498279
0.0498388
0.0498497
0.0498605
0.0498713
0.049882
0.0498927
0.0499033
0.0499139
0.0499245
0.049935
0.0499455
0.0499559
0.0499663
0.0499766
0.0499869
0.0499972
0.0500074
0.0500176
0.0500277
0.0500378
0.0500478
0.0500578
0.0500678
0.0500777
0.0500875
0.0500974
0.0501071
0.0501169
0.0501266
0.0501362
0.0501458
0.0501554
0.0501649
0.0501744
0.0501838
0.0501932
0.0502025
0.0502118
0.050221
0.0502303
0.0502394
0.0502485
0.0502576
0.0502666
0.0502756
0.0502845
0.0502934
0.0503023
0.0503111
0.0503198
0.0503286
0.0503372
0.0503459
0.0503544
0.050363
0.0503715
0.0503799
0.0503883
0.0503967
0.050405
0.0504132
0.0504214
0.0504296
0.0504377
0.0504458
0.0504539
0.0504619
0.0504698
0.0504777
0.0504856
0.0504934
0.0505011
0.0505089
0.0505165
0.0505242
0.0505318
0.0505393
0.0505468
0.0505542
0.0505617
0.050569
0.0505763
0.0505836
0.0505908
0.050598
0.0506052
0.0506123
0.0506193
0.0506264
0.0506333
0.0506403
0.0506471
0.050654
0.0506608
0.0506676
0.0506743
0.050681
0.0506876
0.0506942
0.0507008
0.0507073
0.0507138
0.0507203
0.0507267
0.0507331
0.0507394
0.0507457
0.050752
0.0507582
0.0507644
0.0507705
0.0507767
0.0507827
0.0507887
0.0507947
0.0508007
0.0508066
0.0508124
0.0508182
0.0508241
0.0508297
0.0508355
0.050841
0.0508467
0.0508523
0.0508575
0.0508636
0.050868
0.0508724
0.0247535
0.0247704
0.0247878
0.0248052
0.0248218
0.0248378
0.0248539
0.0248701
0.0248862
0.0249023
0.0249183
0.0249343
0.0249503
0.0249662
0.0249821
0.024998
0.0250138
0.0250296
0.0250453
0.025061
0.0250767
0.0250923
0.0251079
0.0251234
0.0251389
0.0251543
0.0251698
0.0251851
0.0252005
0.0252157
0.025231
0.0252462
0.0252614
0.0252765
0.0252916
0.0253066
0.0253216
0.0253366
0.0253515
0.0253664
0.0253812
0.025396
0.0254108
0.0254255
0.0254402
0.0254548
0.0254694
0.025484
0.0254985
0.0255129
0.0255274
0.0255417
0.0255561
0.0255704
0.0255846
0.0255988
0.025613
0.0256271
0.0256412
0.0256553
0.0256693
0.0256832
0.0256971
0.025711
0.0257248
0.0257386
0.0257524
0.0257661
0.0257797
0.0257933
0.0258069
0.0258204
0.0258339
0.0258474
0.0258608
0.0258741
0.0258874
0.0259007
0.0259139
0.0259271
0.0259402
0.0259533
0.0259664
0.0259794
0.0259923
0.0260053
0.0260181
0.026031
0.0260437
0.0260565
0.0260692
0.0260818
0.0260944
0.026107
0.0261195
0.026132
0.0261444
0.0261568
0.0261691
0.0261814
0.0261937
0.0262059
0.0262181
0.0262302
0.0262422
0.0262543
0.0262662
0.0262782
0.0262901
0.0263019
0.0263137
0.0263255
0.0263372
0.0263489
0.0263605
0.026372
0.0263836
0.0263951
0.0264065
0.0264179
0.0264292
0.0264406
0.0264518
0.026463
0.0264742
0.0264853
0.0264964
0.0265074
0.0265184
0.0265294
0.0265403
0.0265511
0.0265619
0.0265727
0.0265834
0.0265941
0.0266048
0.0266154
0.0266259
0.0266364
0.0266469
0.0266573
0.0266677
0.0266781
0.0266884
0.0266987
0.0267089
0.0267191
0.0267293
0.0267394
0.0267495
0.0267596
0.0267696
0.0267796
0.0267896
0.0267995
0.0268095
0.0268193
0.0268292
0.026839
0.0268488
0.0268585
0.0268682
0.0268779
0.0268876
0.0268972
0.0269067
0.0269163
0.0269258
0.0269352
0.0269447
0.0269541
0.0269634
0.0269727
0.026982
0.0269912
0.0270005
0.0270097
0.0270188
0.027028
0.0270369
0.0270463
0.027055
0.0270628
)
;

boundaryField
{
    inlet
    {
        type            calculated;
        value           nonuniform List<scalar> 0();
    }
    outlet
    {
        type            calculated;
        value           nonuniform List<scalar> 0();
    }
    lowerWall
    {
        type            calculated;
        value           nonuniform List<scalar> 0();
    }
    upperWall
    {
        type            calculated;
        value           uniform 0;
    }
    frontAndBack
    {
        type            calculated;
        value           uniform 0;
    }
    procBoundary4to1
    {
        type            processor;
        value           nonuniform List<scalar> 
150
(
0.0643709
0.0643744
0.0643744
0.0643783
0.0643829
0.0643876
0.0643918
0.0643959
0.0644
0.0644042
0.0644083
0.0644124
0.0644164
0.0644204
0.0644243
0.0644282
0.0644321
0.0644359
0.0644397
0.0644434
0.0644472
0.0644508
0.0644545
0.064458
0.0644616
0.0644651
0.0644686
0.064472
0.0644754
0.0644787
0.0644821
0.0644853
0.0644886
0.0644918
0.0644949
0.064498
0.0645011
0.0645041
0.0645071
0.06451
0.0645129
0.0645158
0.0645186
0.0645214
0.0645241
0.0645268
0.0645295
0.0645321
0.0645347
0.0645372
0.0645397
0.0645422
0.0645446
0.0645469
0.0645493
0.0645515
0.0645538
0.064556
0.0645581
0.0645602
0.0645623
0.0645643
0.0645663
0.0645683
0.0645702
0.064572
0.0645738
0.0645756
0.0645773
0.064579
0.0645807
0.0645823
0.0645838
0.0645853
0.0645868
0.0645882
0.0645896
0.0645909
0.0645922
0.0645935
0.0645947
0.0645959
0.064597
0.0645981
0.0645991
0.0646001
0.064601
0.0646019
0.0646028
0.0646036
0.0646044
0.0646051
0.0646058
0.0646064
0.064607
0.0646076
0.0646081
0.0646085
0.0646089
0.0646093
0.0646096
0.0646099
0.0646101
0.0646103
0.0646105
0.0646106
0.0646106
0.0646106
0.0646106
0.0646105
0.0646104
0.0646102
0.06461
0.0646098
0.0646094
0.0646091
0.0646087
0.0646083
0.0646078
0.0646072
0.0646066
0.064606
0.0646054
0.0646046
0.0646039
0.0646031
0.0646022
0.0646013
0.0646004
0.0645994
0.0645983
0.0645972
0.0645961
0.0645949
0.0645937
0.0645924
0.0645911
0.0645897
0.0645883
0.0645869
0.0645854
0.0645838
0.0645822
0.0645806
0.0645788
0.0645773
0.0645752
0.0645736
0.0645717
0.064569
)
;
    }
    procBoundary4to6
    {
        type            processor;
        value           uniform 0.0643645;
    }
    procBoundary4to9
    {
        type            processor;
        value           nonuniform List<scalar> 
50
(
0.0643651
0.0643647
0.0643649
0.0643648
0.0643647
0.0643647
0.0643647
0.0643646
0.0643646
0.0643646
0.0643646
0.0643646
0.0643646
0.0643646
0.0643646
0.0643646
0.0643646
0.0643646
0.0643645
0.0643645
0.0643645
0.0643645
0.0643645
0.0643645
0.0643645
0.0643645
0.0643645
0.0643645
0.0643645
0.0643645
0.0643645
0.0643645
0.0643645
0.0643645
0.0643645
0.0643645
0.0643645
0.0643645
0.0643645
0.0643645
0.0643645
0.0643644
0.0643636
0.0643575
0.0643198
0.0641178
0.0631959
0.0597094
0.0491627
0.024736
)
;
    }
    procBoundary4to10
    {
        type            processor;
        value           nonuniform List<scalar> 
85
(
0.0645688
0.0645688
0.0645664
0.0645669
0.0645669
0.0645636
0.0645636
0.0645609
0.0645609
0.0645584
0.0645591
0.0645591
0.0645568
0.0645568
0.0645538
0.0645547
0.0645547
0.0645518
0.0645518
0.0645494
0.0645494
0.0645465
0.0645473
0.0645473
0.0645444
0.0645444
0.0645418
0.0645418
0.0645387
0.0645395
0.0645395
0.0645367
0.0645367
0.0645332
0.0645341
0.0645341
0.0645309
0.0645309
0.0645281
0.0645281
0.0645248
0.0645255
0.0645255
0.0645225
0.0645225
0.0645188
0.0645196
0.0645196
0.0645162
0.0645162
0.0645131
0.0645131
0.0645095
0.0645103
0.0645103
0.064507
0.064507
0.064503
0.0645039
0.0645039
0.0645002
0.0645002
0.0644968
0.0644968
0.0644929
0.0644938
0.0644938
0.06449
0.06449
0.0644863
0.0644863
0.0644821
0.0644823
0.0644823
0.0644737
0.0644737
0.064439
0.0642742
0.0642742
0.0634953
0.0634953
0.0604681
0.0604681
0.0508789
0.027074
)
;
    }
}


// ************************************************************************* //
