/*--------------------------------*- C++ -*----------------------------------*\
| =========                 |                                                 |
| \\      /  F ield         | OpenFOAM: The Open Source CFD Toolbox           |
|  \\    /   O peration     | Version:  2512                                  |
|   \\  /    A nd           | Website:  www.openfoam.com                      |
|    \\/     M anipulation  |                                                 |
\*---------------------------------------------------------------------------*/
FoamFile
{
    version     2.0;
    format      ascii;
    arch        "LSB;label=32;scalar=64";
    class       volScalarField;
    location    "0.1";
    object      p;
}
// * * * * * * * * * * * * * * * * * * * * * * * * * * * * * * * * * * * * * //

dimensions      [1 -1 -2 0 0 0 0];

internalField   nonuniform List<scalar> 
8333
(
-86.3279
-86.822
-87.3174
-87.8142
-88.3124
-88.8118
-89.3126
-89.8147
-90.3182
-90.8229
-91.329
-91.8364
-92.3451
-92.8551
-93.3665
-93.8791
-94.3931
-94.9084
-95.4249
-95.9428
-96.462
-96.9825
-97.5043
-98.0274
-98.5518
-99.0775
-99.6045
-100.133
-100.662
-101.193
-101.725
-102.259
-102.794
-103.33
-103.867
-104.406
-104.945
-105.487
-106.029
-106.573
-107.118
-107.664
-108.211
-108.76
-109.31
-109.861
-110.414
-110.968
-111.523
-112.079
-112.637
-113.196
-113.756
-114.317
-114.88
-115.444
-116.009
-116.575
-117.142
-117.711
-118.281
-118.853
-119.425
-119.999
-120.574
-121.15
-121.727
-122.306
-122.886
-123.467
-124.049
-124.632
-125.217
-125.803
-126.39
-126.978
-127.568
-128.158
-128.75
-129.343
-129.938
-130.533
-131.13
-131.728
-132.327
-132.927
-133.528
-134.131
-134.735
-135.339
-135.946
-136.553
-137.161
-137.771
-138.381
-138.993
-139.606
-140.221
-140.836
-141.452
-142.07
-142.689
-143.309
-143.93
-144.552
-145.175
-145.8
-146.425
-147.052
-147.68
-148.309
-148.939
-149.57
-150.202
-150.836
-151.47
-152.106
-152.742
-153.38
-154.019
-154.659
-155.3
-155.942
-156.586
-157.23
-157.875
-158.522
-159.169
-159.818
-160.468
-161.119
-161.77
-162.423
-163.077
-163.732
-164.388
-165.045
-165.703
-166.362
-167.023
-167.684
-168.346
-169.009
-169.674
-170.339
-171.005
-171.672
-172.34
-173.009
-90.5687
-91.0628
-91.5583
-92.0551
-92.5532
-93.0527
-93.5534
-94.0555
-94.559
-95.0637
-95.5698
-96.0772
-96.5859
-97.096
-97.6073
-98.12
-98.6339
-99.1492
-99.6658
-100.184
-100.703
-101.223
-101.745
-102.268
-102.793
-103.318
-103.845
-104.374
-104.903
-105.434
-105.966
-106.5
-107.035
-107.571
-108.108
-108.646
-109.186
-109.727
-110.27
-110.814
-111.359
-111.905
-112.452
-113.001
-113.551
-114.102
-114.655
-115.209
-115.764
-116.32
-116.878
-117.437
-117.997
-118.558
-119.121
-119.684
-120.249
-120.816
-121.383
-121.952
-122.522
-123.093
-123.666
-124.24
-124.815
-125.391
-125.968
-126.547
-127.127
-127.708
-128.29
-128.873
-129.458
-130.044
-130.631
-131.219
-131.809
-132.399
-132.991
-133.584
-134.179
-134.774
-135.371
-135.969
-136.568
-137.168
-137.769
-138.372
-138.976
-139.58
-140.187
-140.794
-141.402
-142.012
-142.622
-143.234
-143.847
-144.462
-145.077
-145.693
-146.311
-146.93
-147.55
-148.171
-148.793
-149.416
-150.041
-150.666
-151.293
-151.921
-152.55
-153.18
-153.811
-154.443
-155.077
-155.711
-156.347
-156.984
-157.621
-158.26
-158.9
-159.541
-160.183
-160.827
-161.471
-162.116
-162.763
-163.41
-164.059
-164.709
-165.36
-166.011
-166.664
-167.318
-167.973
-168.629
-169.286
-169.944
-170.603
-171.264
-171.925
-172.587
-173.25
-173.915
-174.58
-175.246
-175.913
-176.581
-177.251
-94.8071
-95.3012
-95.7966
-96.2934
-96.7915
-97.291
-97.7918
-98.2939
-98.7973
-99.3021
-99.8082
-100.316
-100.824
-101.334
-101.846
-102.358
-102.872
-103.388
-103.904
-104.422
-104.941
-105.462
-105.984
-106.507
-107.031
-107.557
-108.084
-108.612
-109.142
-109.672
-110.205
-110.738
-111.273
-111.809
-112.346
-112.885
-113.425
-113.966
-114.508
-115.052
-115.597
-116.143
-116.691
-117.239
-117.789
-118.341
-118.893
-119.447
-120.002
-120.558
-121.116
-121.675
-122.235
-122.796
-123.359
-123.923
-124.488
-125.054
-125.622
-126.19
-126.76
-127.332
-127.904
-128.478
-129.053
-129.629
-130.206
-130.785
-131.365
-131.946
-132.528
-133.112
-133.696
-134.282
-134.869
-135.458
-136.047
-136.638
-137.23
-137.823
-138.417
-139.012
-139.609
-140.207
-140.806
-141.406
-142.007
-142.61
-143.214
-143.819
-144.425
-145.032
-145.64
-146.25
-146.861
-147.473
-148.086
-148.7
-149.315
-149.932
-150.549
-151.168
-151.788
-152.409
-153.031
-153.654
-154.279
-154.905
-155.531
-156.159
-156.788
-157.418
-158.049
-158.682
-159.315
-159.949
-160.585
-161.222
-161.86
-162.498
-163.138
-163.779
-164.422
-165.065
-165.709
-166.355
-167.001
-167.649
-168.297
-168.947
-169.598
-170.25
-170.902
-171.556
-172.211
-172.867
-173.524
-174.183
-174.842
-175.502
-176.163
-176.825
-177.489
-178.153
-178.818
-179.484
-180.151
-180.82
-181.489
-182.159
-99.045
-99.5391
-100.035
-100.531
-101.03
-101.529
-102.03
-102.532
-103.035
-103.54
-104.046
-104.554
-105.062
-105.572
-106.084
-106.596
-107.11
-107.625
-108.142
-108.66
-109.179
-109.7
-110.221
-110.745
-111.269
-111.795
-112.322
-112.85
-113.38
-113.91
-114.443
-114.976
-115.511
-116.047
-116.584
-117.123
-117.663
-118.204
-118.746
-119.29
-119.835
-120.381
-120.928
-121.477
-122.027
-122.579
-123.131
-123.685
-124.24
-124.796
-125.354
-125.913
-126.473
-127.034
-127.597
-128.161
-128.726
-129.292
-129.86
-130.428
-130.998
-131.57
-132.142
-132.716
-133.291
-133.867
-134.444
-135.023
-135.603
-136.184
-136.766
-137.35
-137.934
-138.52
-139.107
-139.695
-140.285
-140.876
-141.468
-142.061
-142.655
-143.25
-143.847
-144.445
-145.044
-145.644
-146.245
-146.848
-147.452
-148.057
-148.663
-149.27
-149.878
-150.488
-151.099
-151.711
-152.324
-152.938
-153.553
-154.17
-154.787
-155.406
-156.026
-156.647
-157.269
-157.892
-158.517
-159.142
-159.769
-160.397
-161.026
-161.656
-162.287
-162.919
-163.553
-164.187
-164.823
-165.46
-166.097
-166.736
-167.376
-168.017
-168.66
-169.303
-169.947
-170.593
-171.239
-171.887
-172.535
-173.185
-173.836
-174.487
-175.14
-175.794
-176.449
-177.105
-177.762
-178.42
-179.08
-179.74
-180.401
-181.063
-181.726
-182.391
-183.056
-183.722
-184.389
-185.058
-185.727
-186.397
-187.068
-103.283
-103.777
-104.273
-104.769
-105.267
-105.767
-106.268
-106.77
-107.273
-107.778
-108.284
-108.791
-109.3
-109.81
-110.322
-110.834
-111.348
-111.863
-112.38
-112.898
-113.417
-113.938
-114.459
-114.983
-115.507
-116.033
-116.56
-117.088
-117.617
-118.148
-118.681
-119.214
-119.749
-120.285
-120.822
-121.361
-121.9
-122.442
-122.984
-123.528
-124.073
-124.619
-125.166
-125.715
-126.265
-126.817
-127.369
-127.923
-128.478
-129.034
-129.592
-130.151
-130.711
-131.272
-131.835
-132.399
-132.964
-133.53
-134.098
-134.666
-135.236
-135.808
-136.38
-136.954
-137.529
-138.105
-138.682
-139.261
-139.841
-140.422
-141.004
-141.587
-142.172
-142.758
-143.345
-143.933
-144.523
-145.114
-145.705
-146.299
-146.893
-147.488
-148.085
-148.683
-149.282
-149.882
-150.483
-151.086
-151.69
-152.295
-152.901
-153.508
-154.116
-154.726
-155.337
-155.948
-156.561
-157.176
-157.791
-158.408
-159.025
-159.644
-160.264
-160.885
-161.507
-162.13
-162.755
-163.38
-164.007
-164.635
-165.264
-165.894
-166.525
-167.157
-167.791
-168.425
-169.061
-169.698
-170.335
-170.974
-171.614
-172.255
-172.898
-173.541
-174.185
-174.831
-175.477
-176.125
-176.773
-177.423
-178.074
-178.725
-179.378
-180.032
-180.687
-181.343
-182
-182.658
-183.318
-183.978
-184.639
-185.301
-185.964
-186.629
-187.294
-187.96
-188.627
-189.296
-189.965
-190.635
-191.306
-191.979
-107.521
-108.015
-108.51
-109.007
-109.505
-110.005
-110.506
-111.008
-111.511
-112.016
-112.522
-113.029
-113.538
-114.048
-114.559
-115.072
-115.586
-116.101
-116.618
-117.136
-117.655
-118.176
-118.697
-119.22
-119.745
-120.271
-120.798
-121.326
-121.855
-122.386
-122.918
-123.452
-123.987
-124.523
-125.06
-125.599
-126.138
-126.68
-127.222
-127.766
-128.311
-128.857
-129.404
-129.953
-130.503
-131.054
-131.607
-132.161
-132.716
-133.272
-133.83
-134.389
-134.949
-135.51
-136.073
-136.637
-137.202
-137.768
-138.335
-138.904
-139.474
-140.046
-140.618
-141.192
-141.767
-142.343
-142.92
-143.499
-144.079
-144.66
-145.242
-145.825
-146.41
-146.996
-147.583
-148.171
-148.761
-149.352
-149.943
-150.536
-151.131
-151.726
-152.323
-152.921
-153.52
-154.12
-154.721
-155.324
-155.928
-156.533
-157.139
-157.746
-158.354
-158.964
-159.575
-160.186
-160.799
-161.414
-162.029
-162.645
-163.263
-163.882
-164.502
-165.123
-165.745
-166.368
-166.993
-167.618
-168.245
-168.873
-169.502
-170.132
-170.763
-171.395
-172.029
-172.663
-173.299
-173.936
-174.573
-175.212
-175.852
-176.493
-177.135
-177.779
-178.423
-179.068
-179.715
-180.362
-181.011
-181.661
-182.312
-182.963
-183.616
-184.27
-184.925
-185.581
-186.238
-186.896
-187.555
-188.216
-188.877
-189.539
-190.202
-190.867
-191.532
-192.198
-192.865
-193.534
-194.203
-194.873
-195.544
-196.217
-111.759
-112.253
-112.748
-113.245
-113.743
-114.243
-114.744
-115.246
-115.749
-116.254
-116.76
-117.267
-117.776
-118.286
-118.797
-119.31
-119.824
-120.339
-120.856
-121.374
-121.893
-122.413
-122.935
-123.458
-123.983
-124.508
-125.035
-125.564
-126.093
-126.624
-127.156
-127.69
-128.225
-128.761
-129.298
-129.836
-130.376
-130.917
-131.46
-132.004
-132.549
-133.095
-133.642
-134.191
-134.741
-135.292
-135.845
-136.399
-136.954
-137.51
-138.068
-138.627
-139.187
-139.748
-140.311
-140.874
-141.44
-142.006
-142.573
-143.142
-143.712
-144.283
-144.856
-145.43
-146.005
-146.581
-147.158
-147.737
-148.317
-148.898
-149.48
-150.063
-150.648
-151.234
-151.821
-152.409
-152.999
-153.589
-154.181
-154.774
-155.369
-155.964
-156.561
-157.159
-157.758
-158.358
-158.959
-159.562
-160.166
-160.77
-161.377
-161.984
-162.592
-163.202
-163.812
-164.424
-165.037
-165.652
-166.267
-166.883
-167.501
-168.12
-168.74
-169.361
-169.983
-170.606
-171.231
-171.856
-172.483
-173.111
-173.74
-174.37
-175.001
-175.633
-176.267
-176.901
-177.537
-178.173
-178.811
-179.45
-180.09
-180.731
-181.373
-182.017
-182.661
-183.306
-183.953
-184.6
-185.249
-185.899
-186.549
-187.201
-187.854
-188.508
-189.163
-189.819
-190.476
-191.134
-191.793
-192.454
-193.115
-193.777
-194.44
-195.105
-195.77
-196.436
-197.103
-197.772
-198.441
-199.111
-199.782
-200.455
-201.128
-115.997
-116.491
-116.986
-117.483
-117.981
-118.481
-118.981
-119.484
-119.987
-120.492
-120.998
-121.505
-122.014
-122.524
-123.035
-123.548
-124.062
-124.577
-125.094
-125.612
-126.131
-126.651
-127.173
-127.696
-128.221
-128.746
-129.273
-129.802
-130.331
-130.862
-131.394
-131.928
-132.463
-132.999
-133.536
-134.074
-134.614
-135.155
-135.698
-136.242
-136.786
-137.333
-137.88
-138.429
-138.979
-139.53
-140.083
-140.637
-141.192
-141.748
-142.306
-142.865
-143.425
-143.986
-144.549
-145.112
-145.677
-146.244
-146.811
-147.38
-147.95
-148.521
-149.094
-149.668
-150.243
-150.819
-151.396
-151.975
-152.554
-153.136
-153.718
-154.301
-154.886
-155.472
-156.059
-156.647
-157.237
-157.827
-158.419
-159.012
-159.607
-160.202
-160.799
-161.397
-161.996
-162.596
-163.197
-163.8
-164.403
-165.008
-165.614
-166.222
-166.83
-167.44
-168.05
-168.662
-169.275
-169.889
-170.505
-171.121
-171.739
-172.358
-172.978
-173.599
-174.221
-174.844
-175.469
-176.094
-176.721
-177.349
-177.978
-178.608
-179.239
-179.871
-180.505
-181.139
-181.775
-182.411
-183.049
-183.688
-184.328
-184.969
-185.611
-186.255
-186.899
-187.544
-188.191
-188.838
-189.487
-190.137
-190.787
-191.439
-192.092
-192.746
-193.401
-194.057
-194.714
-195.372
-196.031
-196.692
-197.353
-198.015
-198.678
-199.342
-200.008
-200.674
-201.341
-202.01
-202.679
-203.349
-204.02
-204.693
-205.366
-206.041
-120.235
-120.729
-121.224
-121.721
-122.219
-122.719
-123.219
-123.722
-124.225
-124.73
-125.236
-125.743
-126.252
-126.762
-127.273
-127.786
-128.3
-128.815
-129.332
-129.85
-130.369
-130.889
-131.411
-131.934
-132.459
-132.984
-133.511
-134.04
-134.569
-135.1
-135.632
-136.166
-136.7
-137.236
-137.774
-138.312
-138.852
-139.393
-139.936
-140.479
-141.024
-141.571
-142.118
-142.667
-143.217
-143.768
-144.321
-144.875
-145.43
-145.986
-146.544
-147.102
-147.663
-148.224
-148.786
-149.35
-149.915
-150.482
-151.049
-151.618
-152.188
-152.759
-153.332
-153.905
-154.48
-155.057
-155.634
-156.213
-156.792
-157.373
-157.956
-158.539
-159.124
-159.71
-160.297
-160.885
-161.475
-162.065
-162.657
-163.25
-163.845
-164.44
-165.037
-165.634
-166.234
-166.834
-167.435
-168.038
-168.641
-169.246
-169.852
-170.46
-171.068
-171.678
-172.288
-172.9
-173.513
-174.127
-174.743
-175.359
-175.977
-176.596
-177.216
-177.837
-178.459
-179.082
-179.707
-180.332
-180.959
-181.587
-182.216
-182.846
-183.477
-184.109
-184.742
-185.377
-186.013
-186.649
-187.287
-187.926
-188.566
-189.207
-189.849
-190.492
-191.137
-191.782
-192.429
-193.076
-193.725
-194.375
-195.025
-195.677
-196.33
-196.984
-197.639
-198.295
-198.952
-199.61
-200.269
-200.929
-201.591
-202.253
-202.916
-203.58
-204.246
-204.912
-205.579
-206.248
-206.917
-207.587
-208.259
-208.931
-209.604
-210.279
-124.473
-124.967
-125.462
-125.959
-126.457
-126.957
-127.457
-127.959
-128.463
-128.968
-129.474
-129.981
-130.49
-131
-131.511
-132.024
-132.538
-133.053
-133.57
-134.088
-134.607
-135.127
-135.649
-136.172
-136.697
-137.222
-137.749
-138.278
-138.807
-139.338
-139.87
-140.404
-140.938
-141.474
-142.012
-142.55
-143.09
-143.631
-144.174
-144.717
-145.262
-145.809
-146.356
-146.905
-147.455
-148.006
-148.559
-149.113
-149.668
-150.224
-150.782
-151.34
-151.9
-152.462
-153.024
-153.588
-154.153
-154.72
-155.287
-155.856
-156.426
-156.997
-157.57
-158.143
-158.718
-159.295
-159.872
-160.45
-161.03
-161.611
-162.194
-162.777
-163.362
-163.948
-164.535
-165.123
-165.713
-166.303
-166.895
-167.488
-168.082
-168.678
-169.275
-169.872
-170.471
-171.072
-171.673
-172.276
-172.879
-173.484
-174.09
-174.698
-175.306
-175.915
-176.526
-177.138
-177.751
-178.365
-178.981
-179.597
-180.215
-180.834
-181.453
-182.074
-182.697
-183.32
-183.944
-184.57
-185.197
-185.825
-186.453
-187.084
-187.715
-188.347
-188.98
-189.615
-190.25
-190.887
-191.525
-192.164
-192.804
-193.445
-194.087
-194.73
-195.375
-196.02
-196.667
-197.314
-197.963
-198.612
-199.263
-199.915
-200.568
-201.222
-201.877
-202.533
-203.19
-203.848
-204.507
-205.167
-205.829
-206.491
-207.154
-207.818
-208.484
-209.15
-209.817
-210.486
-211.155
-211.825
-212.497
-213.169
-213.843
-214.517
-215.193
-128.711
-129.205
-129.7
-130.197
-130.695
-131.194
-131.695
-132.197
-132.701
-133.206
-133.712
-134.219
-134.728
-135.238
-135.749
-136.262
-136.776
-137.291
-137.808
-138.325
-138.845
-139.365
-139.887
-140.41
-140.934
-141.46
-141.987
-142.515
-143.045
-143.576
-144.108
-144.642
-145.176
-145.712
-146.25
-146.788
-147.328
-147.869
-148.412
-148.955
-149.5
-150.046
-150.594
-151.143
-151.693
-152.244
-152.797
-153.35
-153.906
-154.462
-155.019
-155.578
-156.138
-156.7
-157.262
-157.826
-158.391
-158.958
-159.525
-160.094
-160.664
-161.235
-161.808
-162.381
-162.956
-163.532
-164.11
-164.688
-165.268
-165.849
-166.432
-167.015
-167.6
-168.186
-168.773
-169.361
-169.95
-170.541
-171.133
-171.726
-172.32
-172.916
-173.512
-174.11
-174.709
-175.31
-175.911
-176.513
-177.117
-177.722
-178.328
-178.935
-179.544
-180.153
-180.764
-181.376
-181.989
-182.603
-183.219
-183.835
-184.453
-185.071
-185.691
-186.312
-186.935
-187.558
-188.182
-188.808
-189.435
-190.062
-190.691
-191.321
-191.953
-192.585
-193.218
-193.853
-194.488
-195.125
-195.763
-196.402
-197.042
-197.683
-198.325
-198.968
-199.613
-200.258
-200.905
-201.552
-202.201
-202.85
-203.501
-204.153
-204.806
-205.46
-206.115
-206.771
-207.428
-208.086
-208.745
-209.405
-210.067
-210.729
-211.392
-212.056
-212.722
-213.388
-214.055
-214.724
-215.393
-216.063
-216.735
-217.407
-218.081
-218.755
-219.431
-220.107
-132.948
-133.443
-133.938
-134.435
-134.933
-135.432
-135.933
-136.435
-136.939
-137.443
-137.95
-138.457
-138.966
-139.476
-139.987
-140.5
-141.014
-141.529
-142.045
-142.563
-143.083
-143.603
-144.125
-144.648
-145.172
-145.698
-146.225
-146.753
-147.283
-147.814
-148.346
-148.879
-149.414
-149.95
-150.487
-151.026
-151.566
-152.107
-152.65
-153.193
-153.738
-154.284
-154.832
-155.381
-155.931
-156.482
-157.035
-157.588
-158.143
-158.7
-159.257
-159.816
-160.376
-160.938
-161.5
-162.064
-162.629
-163.195
-163.763
-164.332
-164.902
-165.473
-166.046
-166.619
-167.194
-167.77
-168.348
-168.926
-169.506
-170.087
-170.669
-171.253
-171.838
-172.423
-173.011
-173.599
-174.188
-174.779
-175.371
-175.964
-176.558
-177.154
-177.75
-178.348
-178.947
-179.547
-180.149
-180.751
-181.355
-181.96
-182.566
-183.173
-183.782
-184.391
-185.002
-185.614
-186.227
-186.841
-187.456
-188.073
-188.691
-189.309
-189.929
-190.55
-191.172
-191.796
-192.42
-193.046
-193.673
-194.3
-194.929
-195.559
-196.191
-196.823
-197.456
-198.091
-198.726
-199.363
-200.001
-200.64
-201.28
-201.921
-202.563
-203.206
-203.851
-204.496
-205.142
-205.79
-206.439
-207.088
-207.739
-208.391
-209.044
-209.698
-210.353
-211.009
-211.666
-212.324
-212.983
-213.643
-214.304
-214.967
-215.63
-216.294
-216.96
-217.626
-218.293
-218.962
-219.631
-220.301
-220.973
-221.645
-222.319
-222.993
-223.669
-224.346
-225.023
-137.186
-137.68
-138.176
-138.673
-139.171
-139.67
-140.171
-140.673
-141.177
-141.681
-142.187
-142.695
-143.204
-143.714
-144.225
-144.738
-145.252
-145.767
-146.283
-146.801
-147.32
-147.841
-148.363
-148.886
-149.41
-149.936
-150.463
-150.991
-151.521
-152.052
-152.584
-153.117
-153.652
-154.188
-154.725
-155.264
-155.804
-156.345
-156.887
-157.431
-157.976
-158.522
-159.07
-159.619
-160.169
-160.72
-161.272
-161.826
-162.381
-162.938
-163.495
-164.054
-164.614
-165.176
-165.738
-166.302
-166.867
-167.433
-168.001
-168.57
-169.14
-169.711
-170.283
-170.857
-171.432
-172.008
-172.586
-173.164
-173.744
-174.325
-174.907
-175.491
-176.075
-176.661
-177.248
-177.837
-178.426
-179.017
-179.609
-180.202
-180.796
-181.392
-181.988
-182.586
-183.185
-183.785
-184.387
-184.989
-185.593
-186.198
-186.804
-187.411
-188.02
-188.629
-189.24
-189.852
-190.465
-191.079
-191.694
-192.311
-192.928
-193.547
-194.167
-194.788
-195.41
-196.034
-196.658
-197.284
-197.91
-198.538
-199.167
-199.797
-200.428
-201.061
-201.694
-202.329
-202.964
-203.601
-204.239
-204.878
-205.518
-206.159
-206.801
-207.444
-208.088
-208.734
-209.38
-210.028
-210.677
-211.326
-211.977
-212.629
-213.282
-213.936
-214.591
-215.247
-215.904
-216.562
-217.221
-217.881
-218.542
-219.205
-219.868
-220.532
-221.197
-221.864
-222.531
-223.199
-223.869
-224.539
-225.211
-225.883
-226.557
-227.231
-227.907
-228.584
-229.261
-141.424
-141.918
-142.414
-142.911
-143.409
-143.908
-144.409
-144.911
-145.415
-145.919
-146.425
-146.933
-147.441
-147.951
-148.463
-148.975
-149.489
-150.005
-150.521
-151.039
-151.558
-152.079
-152.601
-153.124
-153.648
-154.174
-154.701
-155.229
-155.759
-156.29
-156.822
-157.355
-157.89
-158.426
-158.963
-159.502
-160.042
-160.583
-161.125
-161.669
-162.214
-162.76
-163.308
-163.856
-164.406
-164.958
-165.51
-166.064
-166.619
-167.176
-167.733
-168.292
-168.852
-169.413
-169.976
-170.54
-171.105
-171.671
-172.239
-172.808
-173.378
-173.949
-174.521
-175.095
-175.67
-176.246
-176.824
-177.402
-177.982
-178.563
-179.145
-179.729
-180.313
-180.899
-181.486
-182.075
-182.664
-183.255
-183.847
-184.44
-185.034
-185.63
-186.226
-186.824
-187.423
-188.023
-188.625
-189.227
-189.831
-190.436
-191.042
-191.649
-192.258
-192.867
-193.478
-194.09
-194.703
-195.317
-195.932
-196.549
-197.166
-197.785
-198.405
-199.026
-199.648
-200.272
-200.896
-201.522
-202.148
-202.776
-203.405
-204.035
-204.666
-205.299
-205.932
-206.567
-207.202
-207.839
-208.477
-209.116
-209.756
-210.397
-211.039
-211.682
-212.326
-212.972
-213.618
-214.266
-214.914
-215.564
-216.215
-216.867
-217.52
-218.173
-218.828
-219.484
-220.142
-220.8
-221.459
-222.119
-222.78
-223.443
-224.106
-224.77
-225.435
-226.102
-226.769
-227.437
-228.107
-228.777
-229.449
-230.121
-230.795
-231.469
-232.145
-232.822
-233.5
-234.178
-145.662
-146.156
-146.652
-147.148
-147.647
-148.146
-148.647
-149.149
-149.652
-150.157
-150.663
-151.171
-151.679
-152.189
-152.701
-153.213
-153.727
-154.243
-154.759
-155.277
-155.796
-156.317
-156.839
-157.362
-157.886
-158.412
-158.939
-159.467
-159.997
-160.528
-161.06
-161.593
-162.128
-162.664
-163.201
-163.74
-164.28
-164.821
-165.363
-165.907
-166.452
-166.998
-167.546
-168.094
-168.644
-169.196
-169.748
-170.302
-170.857
-171.413
-171.971
-172.53
-173.09
-173.651
-174.214
-174.778
-175.343
-175.909
-176.477
-177.045
-177.615
-178.187
-178.759
-179.333
-179.908
-180.484
-181.061
-181.64
-182.22
-182.801
-183.383
-183.967
-184.551
-185.137
-185.724
-186.313
-186.902
-187.493
-188.085
-188.678
-189.272
-189.867
-190.464
-191.062
-191.661
-192.261
-192.863
-193.465
-194.069
-194.674
-195.28
-195.887
-196.495
-197.105
-197.716
-198.328
-198.941
-199.555
-200.17
-200.787
-201.404
-202.023
-202.643
-203.264
-203.886
-204.51
-205.134
-205.76
-206.386
-207.014
-207.643
-208.273
-208.904
-209.537
-210.17
-210.804
-211.44
-212.077
-212.715
-213.353
-213.993
-214.634
-215.277
-215.92
-216.564
-217.21
-217.856
-218.504
-219.152
-219.802
-220.453
-221.105
-221.757
-222.411
-223.066
-223.722
-224.379
-225.038
-225.697
-226.357
-227.018
-227.68
-228.344
-229.008
-229.673
-230.34
-231.007
-231.675
-232.345
-233.015
-233.687
-234.359
-235.033
-235.707
-236.383
-237.06
-237.738
-238.416
-239.096
-149.9
-150.394
-150.89
-151.386
-151.885
-152.384
-152.885
-153.387
-153.89
-154.395
-154.901
-155.409
-155.917
-156.427
-156.939
-157.451
-157.965
-158.48
-158.997
-159.515
-160.034
-160.555
-161.076
-161.6
-162.124
-162.65
-163.177
-163.705
-164.235
-164.765
-165.298
-165.831
-166.366
-166.902
-167.439
-167.978
-168.518
-169.059
-169.601
-170.145
-170.69
-171.236
-171.783
-172.332
-172.882
-173.434
-173.986
-174.54
-175.095
-175.651
-176.209
-176.768
-177.328
-177.889
-178.452
-179.016
-179.581
-180.147
-180.715
-181.283
-181.853
-182.425
-182.997
-183.571
-184.146
-184.722
-185.299
-185.878
-186.458
-187.039
-187.621
-188.204
-188.789
-189.375
-189.962
-190.55
-191.14
-191.731
-192.322
-192.916
-193.51
-194.105
-194.702
-195.3
-195.899
-196.499
-197.1
-197.703
-198.307
-198.912
-199.518
-200.125
-200.733
-201.343
-201.954
-202.565
-203.179
-203.793
-204.408
-205.025
-205.642
-206.261
-206.881
-207.502
-208.124
-208.747
-209.372
-209.997
-210.624
-211.252
-211.881
-212.511
-213.142
-213.774
-214.408
-215.042
-215.678
-216.315
-216.952
-217.591
-218.231
-218.872
-219.515
-220.158
-220.802
-221.448
-222.094
-222.742
-223.39
-224.04
-224.691
-225.342
-225.995
-226.649
-227.304
-227.96
-228.617
-229.275
-229.935
-230.595
-231.256
-231.918
-232.582
-233.246
-233.911
-234.578
-235.245
-235.913
-236.583
-237.253
-237.925
-238.597
-239.271
-239.945
-240.621
-241.298
-241.976
-242.654
-243.334
-244.015
-154.138
-154.632
-155.127
-155.624
-156.122
-156.622
-157.123
-157.625
-158.128
-158.633
-159.139
-159.646
-160.155
-160.665
-161.176
-161.689
-162.203
-162.718
-163.235
-163.753
-164.272
-164.793
-165.314
-165.837
-166.362
-166.888
-167.415
-167.943
-168.472
-169.003
-169.535
-170.069
-170.604
-171.14
-171.677
-172.216
-172.755
-173.297
-173.839
-174.383
-174.928
-175.474
-176.021
-176.57
-177.12
-177.671
-178.224
-178.778
-179.333
-179.889
-180.447
-181.006
-181.566
-182.127
-182.69
-183.254
-183.819
-184.385
-184.952
-185.521
-186.091
-186.662
-187.235
-187.809
-188.384
-188.96
-189.537
-190.116
-190.696
-191.277
-191.859
-192.442
-193.027
-193.613
-194.2
-194.788
-195.378
-195.968
-196.56
-197.153
-197.748
-198.343
-198.94
-199.538
-200.137
-200.737
-201.338
-201.941
-202.545
-203.149
-203.756
-204.363
-204.971
-205.581
-206.191
-206.803
-207.416
-208.031
-208.646
-209.262
-209.88
-210.499
-211.119
-211.74
-212.362
-212.985
-213.61
-214.235
-214.862
-215.49
-216.119
-216.749
-217.38
-218.012
-218.646
-219.28
-219.916
-220.552
-221.19
-221.829
-222.469
-223.11
-223.752
-224.396
-225.04
-225.685
-226.332
-226.979
-227.628
-228.278
-228.929
-229.58
-230.233
-230.887
-231.542
-232.198
-232.855
-233.513
-234.173
-234.833
-235.494
-236.156
-236.82
-237.484
-238.149
-238.816
-239.483
-240.151
-240.821
-241.491
-242.163
-242.835
-243.509
-244.184
-244.859
-245.536
-246.214
-246.893
-247.572
-248.253
-158.376
-158.87
-159.365
-159.862
-160.36
-160.86
-161.361
-161.863
-162.366
-162.871
-163.377
-163.884
-164.393
-164.903
-165.414
-165.927
-166.441
-166.956
-167.473
-167.991
-168.51
-169.03
-169.552
-170.075
-170.6
-171.125
-171.652
-172.181
-172.71
-173.241
-173.773
-174.307
-174.842
-175.378
-175.915
-176.453
-176.993
-177.534
-178.077
-178.621
-179.165
-179.712
-180.259
-180.808
-181.358
-181.909
-182.462
-183.016
-183.571
-184.127
-184.685
-185.244
-185.804
-186.365
-186.928
-187.491
-188.056
-188.623
-189.19
-189.759
-190.329
-190.9
-191.473
-192.047
-192.622
-193.198
-193.775
-194.354
-194.933
-195.515
-196.097
-196.68
-197.265
-197.851
-198.438
-199.026
-199.616
-200.206
-200.798
-201.391
-201.986
-202.581
-203.178
-203.776
-204.375
-204.975
-205.576
-206.179
-206.782
-207.387
-207.993
-208.601
-209.209
-209.819
-210.429
-211.041
-211.654
-212.268
-212.884
-213.5
-214.118
-214.737
-215.357
-215.978
-216.6
-217.223
-217.848
-218.473
-219.1
-219.728
-220.357
-220.987
-221.618
-222.25
-222.884
-223.518
-224.154
-224.79
-225.428
-226.067
-226.707
-227.348
-227.99
-228.634
-229.278
-229.923
-230.57
-231.217
-231.866
-232.516
-233.166
-233.818
-234.471
-235.125
-235.78
-236.436
-237.093
-237.751
-238.41
-239.071
-239.732
-240.394
-241.057
-241.722
-242.387
-243.053
-243.721
-244.389
-245.059
-245.729
-246.401
-247.073
-247.747
-248.422
-249.097
-249.774
-250.452
-251.131
-251.81
-252.491
-253.173
-162.614
-163.108
-163.603
-164.1
-164.598
-165.098
-165.598
-166.1
-166.604
-167.109
-167.615
-168.122
-168.631
-169.141
-169.652
-170.165
-170.679
-171.194
-171.711
-172.229
-172.748
-173.268
-173.79
-174.313
-174.838
-175.363
-175.89
-176.419
-176.948
-177.479
-178.011
-178.545
-179.079
-179.615
-180.153
-180.691
-181.231
-181.772
-182.315
-182.858
-183.403
-183.95
-184.497
-185.046
-185.596
-186.147
-186.7
-187.254
-187.809
-188.365
-188.923
-189.481
-190.042
-190.603
-191.165
-191.729
-192.294
-192.861
-193.428
-193.997
-194.567
-195.138
-195.711
-196.284
-196.859
-197.436
-198.013
-198.592
-199.171
-199.752
-200.335
-200.918
-201.503
-202.089
-202.676
-203.264
-203.854
-204.444
-205.036
-205.629
-206.223
-206.819
-207.416
-208.013
-208.612
-209.213
-209.814
-210.417
-211.02
-211.625
-212.231
-212.839
-213.447
-214.057
-214.667
-215.279
-215.892
-216.506
-217.122
-217.738
-218.356
-218.975
-219.594
-220.216
-220.838
-221.461
-222.085
-222.711
-223.338
-223.966
-224.595
-225.225
-225.856
-226.488
-227.121
-227.756
-228.392
-229.028
-229.666
-230.305
-230.945
-231.586
-232.228
-232.871
-233.516
-234.161
-234.808
-235.455
-236.104
-236.754
-237.404
-238.056
-238.709
-239.363
-240.018
-240.674
-241.331
-241.989
-242.648
-243.309
-243.97
-244.632
-245.295
-245.96
-246.625
-247.291
-247.959
-248.627
-249.297
-249.967
-250.639
-251.311
-251.985
-252.66
-253.335
-254.012
-254.69
-255.369
-256.048
-256.729
-257.411
-258.094
-166.851
-167.346
-167.841
-168.338
-168.836
-169.335
-169.836
-170.338
-170.842
-171.347
-171.853
-172.36
-172.869
-173.379
-173.89
-174.403
-174.917
-175.432
-175.949
-176.466
-176.986
-177.506
-178.028
-178.551
-179.075
-179.601
-180.128
-180.656
-181.186
-181.717
-182.249
-182.783
-183.317
-183.853
-184.391
-184.929
-185.469
-186.01
-186.553
-187.096
-187.641
-188.187
-188.735
-189.284
-189.834
-190.385
-190.938
-191.491
-192.047
-192.603
-193.16
-193.719
-194.279
-194.841
-195.403
-195.967
-196.532
-197.099
-197.666
-198.235
-198.805
-199.376
-199.949
-200.522
-201.097
-201.673
-202.251
-202.829
-203.409
-203.99
-204.573
-205.156
-205.741
-206.327
-206.914
-207.502
-208.091
-208.682
-209.274
-209.867
-210.461
-211.057
-211.653
-212.251
-212.85
-213.451
-214.052
-214.654
-215.258
-215.863
-216.469
-217.076
-217.685
-218.294
-218.905
-219.517
-220.13
-220.744
-221.36
-221.976
-222.594
-223.212
-223.832
-224.453
-225.076
-225.699
-226.323
-226.949
-227.576
-228.203
-228.832
-229.462
-230.094
-230.726
-231.359
-231.994
-232.629
-233.266
-233.904
-234.543
-235.183
-235.824
-236.466
-237.109
-237.754
-238.399
-239.046
-239.693
-240.342
-240.991
-241.642
-242.294
-242.947
-243.601
-244.256
-244.912
-245.569
-246.227
-246.886
-247.546
-248.208
-248.87
-249.533
-250.198
-250.863
-251.529
-252.197
-252.865
-253.535
-254.205
-254.877
-255.549
-256.223
-256.898
-257.573
-258.25
-258.928
-259.607
-260.287
-260.967
-261.649
-262.332
-171.089
-171.583
-172.079
-172.576
-173.074
-173.573
-174.074
-174.576
-175.08
-175.584
-176.09
-176.598
-177.107
-177.617
-178.128
-178.641
-179.155
-179.67
-180.186
-180.704
-181.224
-181.744
-182.266
-182.789
-183.313
-183.839
-184.366
-184.894
-185.424
-185.955
-186.487
-187.02
-187.555
-188.091
-188.628
-189.167
-189.707
-190.248
-190.79
-191.334
-191.879
-192.425
-192.973
-193.522
-194.072
-194.623
-195.176
-195.729
-196.284
-196.841
-197.398
-197.957
-198.517
-199.079
-199.641
-200.205
-200.77
-201.336
-201.904
-202.473
-203.043
-203.614
-204.186
-204.76
-205.335
-205.911
-206.489
-207.067
-207.647
-208.228
-208.81
-209.394
-209.979
-210.564
-211.151
-211.74
-212.329
-212.92
-213.512
-214.105
-214.699
-215.295
-215.891
-216.489
-217.088
-217.688
-218.29
-218.892
-219.496
-220.101
-220.707
-221.314
-221.923
-222.532
-223.143
-223.755
-224.368
-224.982
-225.597
-226.214
-226.832
-227.45
-228.07
-228.691
-229.313
-229.937
-230.561
-231.187
-231.814
-232.441
-233.07
-233.7
-234.332
-234.964
-235.597
-236.232
-236.867
-237.504
-238.142
-238.781
-239.421
-240.062
-240.704
-241.347
-241.992
-242.637
-243.283
-243.931
-244.58
-245.229
-245.88
-246.532
-247.185
-247.839
-248.494
-249.15
-249.807
-250.465
-251.124
-251.784
-252.446
-253.108
-253.771
-254.435
-255.101
-255.767
-256.435
-257.103
-257.773
-258.443
-259.115
-259.787
-260.461
-261.136
-261.811
-262.488
-263.166
-263.845
-264.525
-265.205
-265.887
-266.57
-267.254
-175.327
-175.821
-176.317
-176.814
-177.312
-177.811
-178.312
-178.814
-179.318
-179.822
-180.328
-180.836
-181.344
-181.854
-182.366
-182.878
-183.392
-183.908
-184.424
-184.942
-185.461
-185.982
-186.504
-187.027
-187.551
-188.077
-188.604
-189.132
-189.662
-190.193
-190.725
-191.258
-191.793
-192.329
-192.866
-193.405
-193.945
-194.486
-195.028
-195.572
-196.117
-196.663
-197.211
-197.759
-198.31
-198.861
-199.413
-199.967
-200.522
-201.079
-201.636
-202.195
-202.755
-203.316
-203.879
-204.443
-205.008
-205.574
-206.142
-206.711
-207.281
-207.852
-208.424
-208.998
-209.573
-210.149
-210.727
-211.305
-211.885
-212.466
-213.048
-213.632
-214.216
-214.802
-215.389
-215.978
-216.567
-217.158
-217.75
-218.343
-218.937
-219.533
-220.129
-220.727
-221.326
-221.926
-222.528
-223.13
-223.734
-224.339
-224.945
-225.552
-226.161
-226.77
-227.381
-227.993
-228.606
-229.22
-229.835
-230.452
-231.069
-231.688
-232.308
-232.929
-233.551
-234.175
-234.799
-235.425
-236.051
-236.679
-237.308
-237.938
-238.569
-239.202
-239.835
-240.47
-241.105
-241.742
-242.38
-243.019
-243.659
-244.3
-244.942
-245.585
-246.229
-246.875
-247.521
-248.169
-248.817
-249.467
-250.118
-250.77
-251.423
-252.077
-252.732
-253.388
-254.045
-254.703
-255.362
-256.022
-256.683
-257.346
-258.009
-258.673
-259.339
-260.005
-260.673
-261.341
-262.01
-262.681
-263.353
-264.025
-264.699
-265.374
-266.049
-266.726
-267.404
-268.083
-268.763
-269.443
-270.125
-270.808
-271.492
-272.177
-179.565
-180.059
-180.555
-181.051
-181.55
-182.049
-182.55
-183.052
-183.555
-184.06
-184.566
-185.074
-185.582
-186.092
-186.604
-187.116
-187.63
-188.146
-188.662
-189.18
-189.699
-190.22
-190.742
-191.265
-191.789
-192.315
-192.842
-193.37
-193.9
-194.43
-194.963
-195.496
-196.031
-196.567
-197.104
-197.643
-198.183
-198.724
-199.266
-199.81
-200.355
-200.901
-201.449
-201.997
-202.547
-203.099
-203.651
-204.205
-204.76
-205.316
-205.874
-206.433
-206.993
-207.554
-208.117
-208.681
-209.246
-209.812
-210.38
-210.948
-211.518
-212.09
-212.662
-213.236
-213.811
-214.387
-214.964
-215.543
-216.123
-216.704
-217.286
-217.87
-218.454
-219.04
-219.627
-220.216
-220.805
-221.396
-221.988
-222.581
-223.175
-223.77
-224.367
-224.965
-225.564
-226.164
-226.765
-227.368
-227.972
-228.577
-229.183
-229.79
-230.398
-231.008
-231.619
-232.231
-232.844
-233.458
-234.073
-234.69
-235.307
-235.926
-236.546
-237.167
-237.789
-238.413
-239.037
-239.663
-240.289
-240.917
-241.546
-242.176
-242.807
-243.44
-244.073
-244.707
-245.343
-245.98
-246.618
-247.256
-247.896
-248.537
-249.18
-249.823
-250.467
-251.113
-251.759
-252.407
-253.055
-253.705
-254.356
-255.008
-255.661
-256.314
-256.969
-257.625
-258.283
-258.941
-259.6
-260.26
-260.921
-261.584
-262.247
-262.911
-263.577
-264.243
-264.91
-265.579
-266.248
-266.919
-267.591
-268.263
-268.937
-269.611
-270.287
-270.964
-271.642
-272.321
-273.001
-273.681
-274.363
-275.046
-275.73
-276.415
-277.101
-183.803
-184.297
-184.792
-185.289
-185.787
-186.287
-186.788
-187.29
-187.793
-188.298
-188.804
-189.311
-189.82
-190.33
-190.842
-191.354
-191.868
-192.383
-192.9
-193.418
-193.937
-194.458
-194.979
-195.502
-196.027
-196.553
-197.08
-197.608
-198.137
-198.668
-199.2
-199.734
-200.269
-200.805
-201.342
-201.881
-202.42
-202.962
-203.504
-204.048
-204.593
-205.139
-205.686
-206.235
-206.785
-207.337
-207.889
-208.443
-208.998
-209.554
-210.112
-210.671
-211.231
-211.792
-212.355
-212.919
-213.484
-214.05
-214.617
-215.186
-215.756
-216.328
-216.9
-217.474
-218.049
-218.625
-219.202
-219.781
-220.361
-220.942
-221.524
-222.107
-222.692
-223.278
-223.865
-224.453
-225.043
-225.634
-226.225
-226.819
-227.413
-228.008
-228.605
-229.203
-229.802
-230.402
-231.003
-231.606
-232.21
-232.815
-233.421
-234.028
-234.636
-235.246
-235.857
-236.468
-237.081
-237.696
-238.311
-238.927
-239.545
-240.164
-240.784
-241.405
-242.027
-242.65
-243.275
-243.9
-244.527
-245.155
-245.784
-246.414
-247.045
-247.677
-248.311
-248.945
-249.581
-250.218
-250.855
-251.494
-252.134
-252.775
-253.418
-254.061
-254.705
-255.351
-255.997
-256.645
-257.293
-257.943
-258.594
-259.245
-259.898
-260.552
-261.207
-261.863
-262.52
-263.179
-263.838
-264.498
-265.159
-265.821
-266.485
-267.149
-267.815
-268.481
-269.148
-269.817
-270.486
-271.157
-271.828
-272.501
-273.175
-273.849
-274.525
-275.202
-275.88
-276.559
-277.239
-277.919
-278.601
-279.284
-279.968
-280.653
-281.339
-188.041
-188.535
-189.03
-189.527
-190.025
-190.525
-191.026
-191.528
-192.031
-192.536
-193.042
-193.549
-194.058
-194.568
-195.079
-195.592
-196.106
-196.621
-197.138
-197.656
-198.175
-198.695
-199.217
-199.74
-200.265
-200.79
-201.317
-201.846
-202.375
-202.906
-203.438
-203.972
-204.507
-205.043
-205.58
-206.118
-206.658
-207.199
-207.742
-208.286
-208.831
-209.377
-209.924
-210.473
-211.023
-211.574
-212.127
-212.681
-213.236
-213.792
-214.35
-214.909
-215.469
-216.03
-216.593
-217.156
-217.721
-218.288
-218.855
-219.424
-219.994
-220.565
-221.138
-221.712
-222.287
-222.863
-223.44
-224.019
-224.599
-225.18
-225.762
-226.345
-226.93
-227.516
-228.103
-228.691
-229.281
-229.871
-230.463
-231.056
-231.651
-232.246
-232.843
-233.441
-234.04
-234.64
-235.241
-235.844
-236.447
-237.052
-237.658
-238.266
-238.874
-239.484
-240.094
-240.706
-241.319
-241.933
-242.549
-243.165
-243.783
-244.402
-245.022
-245.643
-246.265
-246.888
-247.513
-248.138
-248.765
-249.393
-250.022
-250.652
-251.283
-251.915
-252.549
-253.183
-253.819
-254.455
-255.093
-255.732
-256.372
-257.013
-257.655
-258.299
-258.943
-259.588
-260.235
-260.882
-261.531
-262.181
-262.832
-263.483
-264.136
-264.79
-265.445
-266.101
-266.758
-267.416
-268.076
-268.736
-269.397
-270.059
-270.723
-271.387
-272.052
-272.719
-273.386
-274.055
-274.724
-275.395
-276.066
-276.739
-277.413
-278.087
-278.763
-279.44
-280.118
-280.797
-281.477
-282.157
-282.839
-283.522
-284.206
-284.891
-285.577
-286.264
-192.278
-192.773
-193.268
-193.765
-194.263
-194.763
-195.263
-195.765
-196.269
-196.774
-197.28
-197.787
-198.296
-198.806
-199.317
-199.83
-200.344
-200.859
-201.376
-201.894
-202.413
-202.933
-203.455
-203.978
-204.503
-205.028
-205.555
-206.084
-206.613
-207.144
-207.676
-208.21
-208.744
-209.28
-209.818
-210.356
-210.896
-211.437
-211.98
-212.523
-213.068
-213.615
-214.162
-214.711
-215.261
-215.812
-216.365
-216.919
-217.474
-218.03
-218.588
-219.146
-219.706
-220.268
-220.83
-221.394
-221.959
-222.526
-223.093
-223.662
-224.232
-224.803
-225.376
-225.949
-226.524
-227.101
-227.678
-228.257
-228.836
-229.417
-230
-230.583
-231.168
-231.754
-232.341
-232.929
-233.519
-234.109
-234.701
-235.294
-235.888
-236.484
-237.081
-237.678
-238.277
-238.878
-239.479
-240.082
-240.685
-241.29
-241.896
-242.504
-243.112
-243.722
-244.332
-244.944
-245.557
-246.171
-246.787
-247.403
-248.021
-248.64
-249.259
-249.881
-250.503
-251.126
-251.751
-252.376
-253.003
-253.631
-254.26
-254.89
-255.521
-256.153
-256.786
-257.421
-258.057
-258.693
-259.331
-259.97
-260.61
-261.251
-261.893
-262.536
-263.181
-263.826
-264.473
-265.12
-265.769
-266.419
-267.069
-267.721
-268.374
-269.028
-269.683
-270.339
-270.996
-271.654
-272.313
-272.974
-273.635
-274.297
-274.961
-275.625
-276.29
-276.957
-277.624
-278.293
-278.962
-279.633
-280.304
-280.977
-281.651
-282.325
-283.001
-283.678
-284.356
-285.035
-285.714
-286.395
-287.077
-287.76
-288.444
-289.129
-289.815
-290.502
-291.19
-196.516
-197.01
-197.506
-198.003
-198.501
-199
-199.501
-200.003
-200.507
-201.011
-201.518
-202.025
-202.534
-203.044
-203.555
-204.068
-204.582
-205.097
-205.614
-206.131
-206.651
-207.171
-207.693
-208.216
-208.74
-209.266
-209.793
-210.321
-210.851
-211.382
-211.914
-212.447
-212.982
-213.518
-214.056
-214.594
-215.134
-215.675
-216.218
-216.761
-217.306
-217.852
-218.4
-218.949
-219.499
-220.05
-220.603
-221.156
-221.711
-222.268
-222.825
-223.384
-223.944
-224.506
-225.068
-225.632
-226.197
-226.763
-227.331
-227.9
-228.47
-229.041
-229.614
-230.187
-230.762
-231.338
-231.916
-232.494
-233.074
-233.655
-234.237
-234.821
-235.406
-235.991
-236.579
-237.167
-237.756
-238.347
-238.939
-239.532
-240.126
-240.722
-241.318
-241.916
-242.515
-243.115
-243.717
-244.319
-244.923
-245.528
-246.134
-246.741
-247.35
-247.959
-248.57
-249.182
-249.795
-250.409
-251.025
-251.641
-252.259
-252.877
-253.497
-254.118
-254.741
-255.364
-255.988
-256.614
-257.241
-257.868
-258.497
-259.127
-259.759
-260.391
-261.024
-261.659
-262.294
-262.931
-263.569
-264.208
-264.848
-265.489
-266.131
-266.774
-267.419
-268.064
-268.711
-269.358
-270.007
-270.656
-271.307
-271.959
-272.612
-273.266
-273.921
-274.577
-275.234
-275.892
-276.551
-277.212
-277.873
-278.535
-279.198
-279.863
-280.528
-281.195
-281.862
-282.531
-283.2
-283.871
-284.542
-285.215
-285.889
-286.563
-287.239
-287.916
-288.594
-289.273
-289.952
-290.633
-291.315
-291.998
-292.682
-293.367
-294.053
-294.74
-295.428
-200.754
-201.248
-201.744
-202.241
-202.739
-203.238
-203.739
-204.241
-204.745
-205.249
-205.755
-206.263
-206.771
-207.282
-207.793
-208.306
-208.819
-209.335
-209.851
-210.369
-210.888
-211.409
-211.931
-212.454
-212.978
-213.504
-214.031
-214.559
-215.089
-215.62
-216.152
-216.685
-217.22
-217.756
-218.293
-218.832
-219.372
-219.913
-220.455
-220.999
-221.544
-222.09
-222.638
-223.187
-223.737
-224.288
-224.84
-225.394
-225.949
-226.506
-227.063
-227.622
-228.182
-228.743
-229.306
-229.87
-230.435
-231.001
-231.569
-232.138
-232.708
-233.279
-233.851
-234.425
-235
-235.576
-236.154
-236.732
-237.312
-237.893
-238.475
-239.059
-239.643
-240.229
-240.816
-241.405
-241.994
-242.585
-243.177
-243.77
-244.364
-244.96
-245.556
-246.154
-246.753
-247.353
-247.955
-248.557
-249.161
-249.766
-250.372
-250.979
-251.588
-252.197
-252.808
-253.42
-254.033
-254.647
-255.262
-255.879
-256.496
-257.115
-257.735
-258.356
-258.978
-259.602
-260.226
-260.852
-261.478
-262.106
-262.735
-263.365
-263.996
-264.629
-265.262
-265.897
-266.532
-267.169
-267.807
-268.446
-269.086
-269.727
-270.369
-271.012
-271.657
-272.302
-272.948
-273.596
-274.245
-274.894
-275.545
-276.197
-276.85
-277.504
-278.159
-278.815
-279.472
-280.13
-280.789
-281.449
-282.111
-282.773
-283.436
-284.101
-284.766
-285.432
-286.1
-286.768
-287.438
-288.108
-288.78
-289.453
-290.126
-290.801
-291.477
-292.154
-292.832
-293.51
-294.19
-294.871
-295.553
-296.236
-296.92
-297.605
-298.291
-298.978
-299.666
-300.355
-204.992
-205.486
-205.982
-206.478
-206.977
-207.476
-207.977
-208.479
-208.982
-209.487
-209.993
-210.501
-211.009
-211.519
-212.031
-212.543
-213.057
-213.573
-214.089
-214.607
-215.126
-215.647
-216.169
-216.692
-217.216
-217.742
-218.269
-218.797
-219.327
-219.857
-220.39
-220.923
-221.458
-221.994
-222.531
-223.07
-223.61
-224.151
-224.693
-225.237
-225.782
-226.328
-226.876
-227.424
-227.974
-228.526
-229.078
-229.632
-230.187
-230.743
-231.301
-231.86
-232.42
-232.981
-233.544
-234.108
-234.673
-235.239
-235.807
-236.375
-236.945
-237.517
-238.089
-238.663
-239.238
-239.814
-240.391
-240.97
-241.55
-242.131
-242.713
-243.297
-243.881
-244.467
-245.054
-245.643
-246.232
-246.823
-247.415
-248.008
-248.602
-249.197
-249.794
-250.392
-250.991
-251.591
-252.193
-252.795
-253.399
-254.004
-254.61
-255.217
-255.825
-256.435
-257.046
-257.658
-258.271
-258.885
-259.5
-260.117
-260.734
-261.353
-261.973
-262.594
-263.216
-263.84
-264.464
-265.09
-265.716
-266.344
-266.973
-267.603
-268.234
-268.867
-269.5
-270.134
-270.77
-271.407
-272.045
-272.684
-273.324
-273.965
-274.607
-275.25
-275.894
-276.54
-277.186
-277.834
-278.482
-279.132
-279.783
-280.435
-281.088
-281.742
-282.397
-283.053
-283.71
-284.368
-285.027
-285.687
-286.349
-287.011
-287.674
-288.338
-289.004
-289.67
-290.338
-291.006
-291.676
-292.346
-293.018
-293.691
-294.364
-295.039
-295.715
-296.392
-297.07
-297.748
-298.428
-299.109
-299.791
-300.474
-301.158
-301.843
-302.529
-303.216
-303.904
-304.593
-305.283
-209.23
-209.724
-210.219
-210.716
-211.214
-211.714
-212.215
-212.717
-213.22
-213.725
-214.231
-214.738
-215.247
-215.757
-216.269
-216.781
-217.295
-217.81
-218.327
-218.845
-219.364
-219.885
-220.406
-220.929
-221.454
-221.98
-222.507
-223.035
-223.564
-224.095
-224.627
-225.161
-225.696
-226.232
-226.769
-227.308
-227.847
-228.389
-228.931
-229.475
-230.02
-230.566
-231.113
-231.662
-232.212
-232.763
-233.316
-233.87
-234.425
-234.981
-235.539
-236.098
-236.658
-237.219
-237.782
-238.346
-238.911
-239.477
-240.044
-240.613
-241.183
-241.755
-242.327
-242.901
-243.476
-244.052
-244.629
-245.208
-245.788
-246.369
-246.951
-247.534
-248.119
-248.705
-249.292
-249.88
-250.47
-251.061
-251.652
-252.246
-252.84
-253.435
-254.032
-254.63
-255.229
-255.829
-256.43
-257.033
-257.637
-258.242
-258.848
-259.455
-260.063
-260.673
-261.284
-261.895
-262.508
-263.123
-263.738
-264.355
-264.972
-265.591
-266.211
-266.832
-267.454
-268.077
-268.702
-269.327
-269.954
-270.582
-271.211
-271.841
-272.472
-273.104
-273.738
-274.372
-275.008
-275.645
-276.282
-276.921
-277.561
-278.202
-278.845
-279.488
-280.132
-280.778
-281.424
-282.072
-282.72
-283.37
-284.021
-284.673
-285.325
-285.979
-286.634
-287.29
-287.948
-288.606
-289.265
-289.925
-290.586
-291.249
-291.912
-292.576
-293.242
-293.908
-294.576
-295.244
-295.914
-296.584
-297.256
-297.929
-298.602
-299.277
-299.953
-300.63
-301.307
-301.986
-302.666
-303.347
-304.029
-304.712
-305.396
-306.081
-306.767
-307.454
-308.142
-308.831
-309.521
-310.212
-213.467
-213.962
-214.457
-214.954
-215.452
-215.952
-216.452
-216.955
-217.458
-217.963
-218.469
-218.976
-219.485
-219.995
-220.506
-221.019
-221.533
-222.048
-222.565
-223.083
-223.602
-224.122
-224.644
-225.167
-225.692
-226.217
-226.744
-227.273
-227.802
-228.333
-228.865
-229.399
-229.933
-230.47
-231.007
-231.545
-232.085
-232.626
-233.169
-233.713
-234.257
-234.804
-235.351
-235.9
-236.45
-237.001
-237.554
-238.108
-238.663
-239.219
-239.777
-240.336
-240.896
-241.457
-242.02
-242.583
-243.148
-243.715
-244.282
-244.851
-245.421
-245.992
-246.565
-247.139
-247.713
-248.29
-248.867
-249.446
-250.025
-250.607
-251.189
-251.772
-252.357
-252.943
-253.53
-254.118
-254.708
-255.298
-255.89
-256.483
-257.078
-257.673
-258.27
-258.868
-259.467
-260.067
-260.668
-261.271
-261.874
-262.479
-263.085
-263.693
-264.301
-264.911
-265.521
-266.133
-266.746
-267.361
-267.976
-268.592
-269.21
-269.829
-270.449
-271.07
-271.692
-272.315
-272.94
-273.565
-274.192
-274.82
-275.449
-276.079
-276.71
-277.342
-277.976
-278.61
-279.246
-279.882
-280.52
-281.159
-281.799
-282.44
-283.082
-283.726
-284.37
-285.015
-285.662
-286.31
-286.958
-287.608
-288.259
-288.91
-289.563
-290.217
-290.872
-291.528
-292.185
-292.844
-293.503
-294.163
-294.824
-295.487
-296.15
-296.814
-297.48
-298.146
-298.813
-299.482
-300.152
-300.822
-301.494
-302.166
-302.84
-303.515
-304.191
-304.867
-305.545
-306.224
-306.904
-307.585
-308.267
-308.95
-309.634
-310.319
-311.005
-311.692
-312.38
-313.069
-313.759
-314.45
-217.705
-218.199
-218.695
-219.192
-219.69
-220.189
-220.69
-221.192
-221.696
-222.201
-222.707
-223.214
-223.723
-224.233
-224.744
-225.257
-225.771
-226.286
-226.803
-227.321
-227.84
-228.36
-228.882
-229.405
-229.93
-230.455
-230.982
-231.51
-232.04
-232.571
-233.103
-233.637
-234.171
-234.707
-235.245
-235.783
-236.323
-236.864
-237.407
-237.95
-238.495
-239.042
-239.589
-240.138
-240.688
-241.239
-241.792
-242.346
-242.901
-243.457
-244.014
-244.573
-245.133
-245.695
-246.257
-246.821
-247.386
-247.953
-248.52
-249.089
-249.659
-250.23
-250.803
-251.376
-251.951
-252.527
-253.105
-253.683
-254.263
-254.844
-255.427
-256.01
-256.595
-257.181
-257.768
-258.356
-258.945
-259.536
-260.128
-260.721
-261.315
-261.911
-262.508
-263.105
-263.704
-264.305
-264.906
-265.509
-266.112
-266.717
-267.323
-267.931
-268.539
-269.148
-269.759
-270.371
-270.984
-271.598
-272.214
-272.83
-273.448
-274.067
-274.686
-275.308
-275.93
-276.553
-277.177
-277.803
-278.43
-279.058
-279.687
-280.317
-280.948
-281.58
-282.213
-282.848
-283.484
-284.12
-284.758
-285.397
-286.037
-286.678
-287.32
-287.964
-288.608
-289.253
-289.9
-290.547
-291.196
-291.846
-292.496
-293.148
-293.801
-294.455
-295.11
-295.766
-296.423
-297.081
-297.741
-298.401
-299.062
-299.724
-300.388
-301.052
-301.717
-302.384
-303.051
-303.72
-304.389
-305.06
-305.732
-306.404
-307.078
-307.753
-308.429
-309.105
-309.783
-310.462
-311.142
-311.823
-312.505
-313.188
-313.872
-314.557
-315.243
-315.93
-316.618
-317.307
-317.997
-318.688
-319.38
-221.943
-222.437
-222.933
-223.43
-223.928
-224.427
-224.928
-225.43
-225.934
-226.438
-226.944
-227.452
-227.961
-228.471
-228.982
-229.495
-230.009
-230.524
-231.04
-231.558
-232.078
-232.598
-233.12
-233.643
-234.167
-234.693
-235.22
-235.748
-236.278
-236.809
-237.341
-237.874
-238.409
-238.945
-239.482
-240.021
-240.561
-241.102
-241.644
-242.188
-242.733
-243.279
-243.827
-244.376
-244.926
-245.477
-246.029
-246.583
-247.138
-247.695
-248.252
-248.811
-249.371
-249.933
-250.495
-251.059
-251.624
-252.19
-252.758
-253.327
-253.897
-254.468
-255.04
-255.614
-256.189
-256.765
-257.343
-257.921
-258.501
-259.082
-259.664
-260.248
-260.833
-261.418
-262.006
-262.594
-263.183
-263.774
-264.366
-264.959
-265.553
-266.149
-266.745
-267.343
-267.942
-268.542
-269.144
-269.746
-270.35
-270.955
-271.561
-272.168
-272.777
-273.386
-273.997
-274.609
-275.222
-275.836
-276.451
-277.068
-277.686
-278.304
-278.924
-279.545
-280.168
-280.791
-281.415
-282.041
-282.668
-283.295
-283.924
-284.554
-285.186
-285.818
-286.451
-287.086
-287.721
-288.358
-288.996
-289.635
-290.275
-290.916
-291.558
-292.201
-292.846
-293.491
-294.138
-294.785
-295.434
-296.084
-296.734
-297.386
-298.039
-298.693
-299.348
-300.004
-300.661
-301.319
-301.978
-302.639
-303.3
-303.962
-304.626
-305.29
-305.955
-306.622
-307.289
-307.958
-308.627
-309.298
-309.969
-310.642
-311.316
-311.991
-312.666
-313.343
-314.021
-314.7
-315.38
-316.061
-316.743
-317.426
-318.11
-318.795
-319.481
-320.168
-320.856
-321.545
-322.235
-322.926
-323.618
-324.311
-225.688
-226.181
-226.675
-227.171
-227.667
-228.166
-228.665
-229.166
-229.668
-230.171
-230.676
-231.182
-231.69
-232.198
-232.708
-233.22
-233.732
-234.246
-234.762
-235.278
-235.796
-236.315
-236.836
-237.358
-237.881
-238.405
-238.931
-239.458
-239.986
-240.516
-241.047
-241.579
-242.112
-242.647
-243.183
-243.72
-244.259
-244.799
-245.34
-245.882
-246.426
-246.971
-247.517
-248.065
-248.613
-249.163
-249.715
-250.267
-250.821
-251.376
-251.933
-252.49
-253.049
-253.609
-254.17
-254.733
-255.297
-255.862
-256.428
-256.996
-257.565
-258.135
-258.706
-259.278
-259.852
-260.427
-261.003
-261.58
-262.159
-262.739
-263.32
-263.902
-264.486
-265.07
-265.656
-266.243
-266.832
-267.421
-268.012
-268.604
-269.197
-269.791
-270.387
-270.983
-271.581
-272.18
-272.78
-273.382
-273.984
-274.588
-275.193
-275.799
-276.406
-277.015
-277.624
-278.235
-278.847
-279.46
-280.074
-280.689
-281.306
-281.923
-282.542
-283.162
-283.783
-284.405
-285.029
-285.653
-286.279
-286.905
-287.533
-288.162
-288.792
-289.423
-290.056
-290.689
-291.324
-291.959
-292.596
-293.234
-293.873
-294.513
-295.154
-295.796
-296.439
-297.083
-297.729
-298.375
-299.023
-299.672
-300.321
-300.972
-301.624
-302.277
-302.931
-303.586
-304.242
-304.899
-305.557
-306.216
-306.876
-307.538
-308.2
-308.863
-309.528
-310.193
-310.86
-311.527
-312.196
-312.865
-313.536
-314.207
-314.88
-315.554
-316.228
-316.904
-317.581
-318.259
-318.938
-319.618
-320.299
-320.981
-321.664
-322.348
-323.033
-323.719
-324.406
-325.094
-325.783
-326.473
-327.164
-327.856
-328.549
-229.926
-230.419
-230.913
-231.408
-231.905
-232.403
-232.903
-233.404
-233.906
-234.409
-234.914
-235.42
-235.927
-236.436
-236.946
-237.458
-237.97
-238.484
-238.999
-239.516
-240.034
-240.553
-241.074
-241.595
-242.118
-242.643
-243.169
-243.696
-244.224
-244.753
-245.284
-245.816
-246.35
-246.885
-247.421
-247.958
-248.497
-249.036
-249.578
-250.12
-250.664
-251.209
-251.755
-252.302
-252.851
-253.401
-253.953
-254.505
-255.059
-255.614
-256.17
-256.728
-257.287
-257.847
-258.408
-258.971
-259.535
-260.1
-260.666
-261.234
-261.802
-262.372
-262.944
-263.516
-264.09
-264.665
-265.241
-265.818
-266.397
-266.977
-267.558
-268.14
-268.723
-269.308
-269.894
-270.481
-271.069
-271.659
-272.25
-272.841
-273.435
-274.029
-274.624
-275.221
-275.819
-276.418
-277.018
-277.619
-278.222
-278.826
-279.431
-280.037
-280.644
-281.252
-281.862
-282.473
-283.085
-283.698
-284.312
-284.927
-285.544
-286.161
-286.78
-287.4
-288.021
-288.643
-289.266
-289.891
-290.517
-291.143
-291.771
-292.4
-293.03
-293.661
-294.294
-294.927
-295.561
-296.197
-296.834
-297.472
-298.11
-298.75
-299.392
-300.034
-300.677
-301.321
-301.967
-302.613
-303.261
-303.909
-304.559
-305.21
-305.862
-306.515
-307.169
-307.824
-308.48
-309.137
-309.795
-310.454
-311.114
-311.776
-312.438
-313.101
-313.766
-314.431
-315.097
-315.765
-316.433
-317.103
-317.773
-318.445
-319.118
-319.792
-320.466
-321.142
-321.819
-322.497
-323.176
-323.856
-324.537
-325.219
-325.902
-326.586
-327.271
-327.957
-328.644
-329.332
-330.021
-330.711
-331.402
-332.094
-332.787
-333.481
-234.164
-234.656
-235.151
-235.646
-236.143
-236.641
-237.141
-237.641
-238.144
-238.647
-239.152
-239.658
-240.165
-240.674
-241.184
-241.695
-242.208
-242.722
-243.237
-243.754
-244.272
-244.791
-245.311
-245.833
-246.356
-246.881
-247.406
-247.933
-248.462
-248.991
-249.522
-250.054
-250.588
-251.122
-251.658
-252.196
-252.734
-253.274
-253.815
-254.358
-254.902
-255.446
-255.993
-256.54
-257.089
-257.639
-258.19
-258.743
-259.297
-259.852
-260.408
-260.966
-261.525
-262.085
-262.646
-263.209
-263.772
-264.337
-264.904
-265.471
-266.04
-266.61
-267.181
-267.754
-268.328
-268.903
-269.479
-270.056
-270.635
-271.215
-271.796
-272.378
-272.961
-273.546
-274.132
-274.719
-275.307
-275.897
-276.487
-277.079
-277.672
-278.267
-278.862
-279.459
-280.057
-280.656
-281.256
-281.857
-282.46
-283.064
-283.668
-284.274
-284.882
-285.49
-286.1
-286.71
-287.322
-287.935
-288.55
-289.165
-289.781
-290.399
-291.018
-291.638
-292.259
-292.881
-293.504
-294.129
-294.754
-295.381
-296.009
-296.638
-297.268
-297.899
-298.531
-299.165
-299.799
-300.435
-301.072
-301.709
-302.348
-302.988
-303.629
-304.272
-304.915
-305.559
-306.205
-306.851
-307.499
-308.147
-308.797
-309.448
-310.1
-310.752
-311.406
-312.061
-312.717
-313.375
-314.033
-314.692
-315.352
-316.013
-316.676
-317.339
-318.003
-318.669
-319.335
-320.003
-320.671
-321.341
-322.011
-322.683
-323.356
-324.029
-324.704
-325.38
-326.057
-326.735
-327.414
-328.094
-328.775
-329.457
-330.14
-330.824
-331.509
-332.195
-332.882
-333.57
-334.259
-334.949
-335.64
-336.332
-337.025
-337.719
-338.414
-238.401
-238.894
-239.388
-239.884
-240.381
-240.879
-241.378
-241.879
-242.381
-242.885
-243.39
-243.896
-244.403
-244.912
-245.422
-245.933
-246.446
-246.96
-247.475
-247.992
-248.509
-249.029
-249.549
-250.071
-250.594
-251.118
-251.644
-252.171
-252.699
-253.229
-253.76
-254.292
-254.826
-255.36
-255.896
-256.434
-256.972
-257.512
-258.053
-258.596
-259.139
-259.684
-260.23
-260.778
-261.327
-261.877
-262.428
-262.981
-263.534
-264.09
-264.646
-265.203
-265.762
-266.322
-266.884
-267.446
-268.01
-268.575
-269.142
-269.709
-270.278
-270.848
-271.419
-271.992
-272.565
-273.14
-273.716
-274.294
-274.872
-275.452
-276.033
-276.616
-277.199
-277.784
-278.37
-278.957
-279.545
-280.134
-280.725
-281.317
-281.91
-282.504
-283.1
-283.697
-284.294
-284.893
-285.494
-286.095
-286.698
-287.301
-287.906
-288.512
-289.12
-289.728
-290.338
-290.948
-291.56
-292.173
-292.787
-293.403
-294.019
-294.637
-295.256
-295.876
-296.497
-297.119
-297.742
-298.367
-298.992
-299.619
-300.247
-300.876
-301.506
-302.137
-302.769
-303.403
-304.037
-304.673
-305.309
-305.947
-306.586
-307.226
-307.867
-308.509
-309.153
-309.797
-310.442
-311.089
-311.736
-312.385
-313.035
-313.686
-314.337
-314.99
-315.644
-316.299
-316.955
-317.612
-318.271
-318.93
-319.59
-320.251
-320.914
-321.577
-322.241
-322.907
-323.573
-324.241
-324.909
-325.579
-326.249
-326.921
-327.593
-328.267
-328.942
-329.618
-330.295
-330.973
-331.651
-332.331
-333.012
-333.694
-334.377
-335.061
-335.747
-336.433
-337.12
-337.808
-338.497
-339.187
-339.878
-340.57
-341.263
-341.957
-342.652
-343.348
-242.639
-243.132
-243.626
-244.122
-244.619
-245.117
-245.616
-246.117
-246.619
-247.123
-247.627
-248.133
-248.641
-249.15
-249.66
-250.171
-250.684
-251.197
-251.713
-252.229
-252.747
-253.266
-253.787
-254.309
-254.832
-255.356
-255.882
-256.409
-256.937
-257.467
-257.998
-258.53
-259.063
-259.598
-260.134
-260.671
-261.21
-261.75
-262.291
-262.833
-263.377
-263.922
-264.468
-265.016
-265.565
-266.115
-266.666
-267.218
-267.772
-268.327
-268.884
-269.441
-270
-270.56
-271.122
-271.684
-272.248
-272.813
-273.379
-273.947
-274.516
-275.086
-275.657
-276.229
-276.803
-277.378
-277.954
-278.532
-279.11
-279.69
-280.271
-280.853
-281.437
-282.022
-282.607
-283.194
-283.783
-284.372
-284.963
-285.555
-286.148
-286.742
-287.338
-287.934
-288.532
-289.131
-289.731
-290.333
-290.935
-291.539
-292.144
-292.75
-293.357
-293.966
-294.575
-295.186
-295.798
-296.411
-297.025
-297.64
-298.257
-298.875
-299.493
-300.113
-300.734
-301.357
-301.98
-302.604
-303.23
-303.857
-304.484
-305.113
-305.743
-306.375
-307.007
-307.64
-308.275
-308.91
-309.547
-310.185
-310.824
-311.464
-312.105
-312.747
-313.39
-314.035
-314.68
-315.327
-315.974
-316.623
-317.273
-317.923
-318.575
-319.228
-319.882
-320.537
-321.193
-321.85
-322.508
-323.168
-323.828
-324.489
-325.151
-325.815
-326.479
-327.144
-327.811
-328.478
-329.147
-329.816
-330.487
-331.159
-331.831
-332.505
-333.18
-333.856
-334.532
-335.21
-335.889
-336.569
-337.25
-337.932
-338.615
-339.299
-339.984
-340.67
-341.358
-342.046
-342.735
-343.425
-344.116
-344.808
-345.501
-346.195
-346.89
-347.586
-246.877
-247.37
-247.864
-248.36
-248.856
-249.355
-249.854
-250.355
-250.857
-251.36
-251.865
-252.371
-252.879
-253.387
-253.897
-254.409
-254.921
-255.435
-255.951
-256.467
-256.985
-257.504
-258.025
-258.547
-259.07
-259.594
-260.12
-260.647
-261.175
-261.705
-262.235
-262.768
-263.301
-263.836
-264.372
-264.909
-265.448
-265.988
-266.529
-267.071
-267.615
-268.16
-268.706
-269.254
-269.802
-270.352
-270.904
-271.456
-272.01
-272.565
-273.121
-273.679
-274.238
-274.798
-275.359
-275.922
-276.486
-277.051
-277.617
-278.185
-278.753
-279.323
-279.895
-280.467
-281.041
-281.616
-282.192
-282.769
-283.348
-283.928
-284.509
-285.091
-285.675
-286.259
-286.845
-287.432
-288.021
-288.61
-289.201
-289.793
-290.386
-290.98
-291.575
-292.172
-292.77
-293.369
-293.969
-294.571
-295.173
-295.777
-296.382
-296.988
-297.595
-298.204
-298.813
-299.424
-300.036
-300.649
-301.263
-301.878
-302.495
-303.112
-303.731
-304.351
-304.972
-305.594
-306.218
-306.842
-307.468
-308.094
-308.722
-309.351
-309.981
-310.612
-311.245
-311.878
-312.513
-313.148
-313.785
-314.423
-315.062
-315.702
-316.343
-316.985
-317.628
-318.273
-318.918
-319.564
-320.212
-320.861
-321.51
-322.161
-322.813
-323.466
-324.12
-324.775
-325.431
-326.088
-326.746
-327.405
-328.066
-328.727
-329.389
-330.052
-330.717
-331.382
-332.049
-332.716
-333.385
-334.054
-334.725
-335.396
-336.069
-336.743
-337.418
-338.093
-338.77
-339.448
-340.127
-340.807
-341.488
-342.17
-342.853
-343.537
-344.222
-344.908
-345.595
-346.283
-346.973
-347.663
-348.354
-349.046
-349.739
-350.433
-351.128
-351.824
-352.52
-251.115
-251.608
-252.102
-252.597
-253.094
-253.592
-254.092
-254.593
-255.095
-255.598
-256.103
-256.609
-257.116
-257.625
-258.135
-258.646
-259.159
-259.673
-260.188
-260.705
-261.223
-261.742
-262.262
-262.784
-263.307
-263.832
-264.357
-264.884
-265.413
-265.942
-266.473
-267.005
-267.539
-268.074
-268.61
-269.147
-269.685
-270.225
-270.767
-271.309
-271.853
-272.398
-272.944
-273.491
-274.04
-274.59
-275.141
-275.694
-276.248
-276.803
-277.359
-277.917
-278.476
-279.036
-279.597
-280.16
-280.723
-281.289
-281.855
-282.422
-282.991
-283.561
-284.133
-284.705
-285.279
-285.854
-286.43
-287.007
-287.586
-288.166
-288.747
-289.329
-289.912
-290.497
-291.083
-291.67
-292.258
-292.848
-293.439
-294.03
-294.624
-295.218
-295.813
-296.41
-297.008
-297.607
-298.207
-298.808
-299.411
-300.015
-300.62
-301.226
-301.833
-302.441
-303.051
-303.662
-304.273
-304.887
-305.501
-306.116
-306.733
-307.35
-307.969
-308.589
-309.21
-309.832
-310.455
-311.08
-311.705
-312.332
-312.96
-313.589
-314.219
-314.85
-315.483
-316.116
-316.75
-317.386
-318.023
-318.661
-319.299
-319.939
-320.581
-321.223
-321.866
-322.51
-323.156
-323.802
-324.45
-325.098
-325.748
-326.399
-327.051
-327.704
-328.358
-329.013
-329.669
-330.326
-330.984
-331.643
-332.303
-332.965
-333.627
-334.29
-334.955
-335.62
-336.286
-336.954
-337.622
-338.292
-338.963
-339.634
-340.307
-340.981
-341.655
-342.331
-343.008
-343.686
-344.365
-345.045
-345.726
-346.408
-347.091
-347.775
-348.46
-349.146
-349.833
-350.521
-351.21
-351.9
-352.592
-353.284
-353.977
-354.671
-355.366
-356.061
-356.758
-357.456
-255.353
-255.845
-256.34
-256.835
-257.332
-257.83
-258.33
-258.83
-259.332
-259.836
-260.341
-260.847
-261.354
-261.863
-262.373
-262.884
-263.397
-263.911
-264.426
-264.943
-265.461
-265.98
-266.5
-267.022
-267.545
-268.07
-268.595
-269.122
-269.651
-270.18
-270.711
-271.243
-271.777
-272.311
-272.847
-273.385
-273.923
-274.463
-275.004
-275.547
-276.09
-276.635
-277.182
-277.729
-278.278
-278.828
-279.379
-279.932
-280.486
-281.041
-281.597
-282.155
-282.713
-283.274
-283.835
-284.397
-284.961
-285.526
-286.093
-286.66
-287.229
-287.799
-288.37
-288.943
-289.516
-290.091
-290.668
-291.245
-291.824
-292.403
-292.984
-293.567
-294.15
-294.735
-295.321
-295.908
-296.496
-297.086
-297.676
-298.268
-298.861
-299.456
-300.051
-300.648
-301.246
-301.845
-302.445
-303.046
-303.649
-304.252
-304.857
-305.463
-306.071
-306.679
-307.289
-307.899
-308.511
-309.124
-309.738
-310.354
-310.97
-311.588
-312.207
-312.827
-313.448
-314.07
-314.693
-315.318
-315.943
-316.57
-317.198
-317.827
-318.457
-319.088
-319.72
-320.354
-320.988
-321.624
-322.261
-322.898
-323.537
-324.177
-324.818
-325.461
-326.104
-326.748
-327.394
-328.04
-328.688
-329.336
-329.986
-330.637
-331.289
-331.941
-332.595
-333.25
-333.907
-334.564
-335.222
-335.881
-336.541
-337.202
-337.865
-338.528
-339.192
-339.858
-340.524
-341.192
-341.86
-342.53
-343.2
-343.872
-344.545
-345.218
-345.893
-346.569
-347.246
-347.924
-348.603
-349.283
-349.964
-350.646
-351.329
-352.013
-352.698
-353.384
-354.071
-354.759
-355.448
-356.138
-356.829
-357.521
-358.214
-358.908
-359.603
-360.299
-360.996
-361.694
-259.59
-260.083
-260.577
-261.073
-261.57
-262.068
-262.567
-263.068
-263.57
-264.074
-264.578
-265.084
-265.592
-266.101
-266.611
-267.122
-267.635
-268.149
-268.664
-269.18
-269.698
-270.218
-270.738
-271.26
-271.783
-272.307
-272.833
-273.36
-273.888
-274.418
-274.949
-275.481
-276.014
-276.549
-277.085
-277.622
-278.161
-278.701
-279.242
-279.784
-280.328
-280.873
-281.419
-281.967
-282.516
-283.066
-283.617
-284.17
-284.723
-285.278
-285.835
-286.392
-286.951
-287.511
-288.073
-288.635
-289.199
-289.764
-290.33
-290.898
-291.467
-292.037
-292.608
-293.181
-293.754
-294.329
-294.905
-295.483
-296.061
-296.641
-297.222
-297.804
-298.388
-298.973
-299.559
-300.146
-300.734
-301.323
-301.914
-302.506
-303.099
-303.693
-304.289
-304.885
-305.483
-306.082
-306.683
-307.284
-307.886
-308.49
-309.095
-309.701
-310.308
-310.917
-311.526
-312.137
-312.749
-313.362
-313.976
-314.592
-315.208
-315.826
-316.445
-317.064
-317.686
-318.308
-318.931
-319.555
-320.181
-320.808
-321.436
-322.065
-322.695
-323.326
-323.958
-324.591
-325.226
-325.862
-326.498
-327.136
-327.775
-328.415
-329.056
-329.698
-330.342
-330.986
-331.631
-332.278
-332.925
-333.574
-334.224
-334.875
-335.526
-336.179
-336.833
-337.488
-338.144
-338.801
-339.46
-340.119
-340.779
-341.44
-342.103
-342.766
-343.43
-344.096
-344.762
-345.429
-346.098
-346.767
-347.438
-348.11
-348.782
-349.456
-350.131
-350.807
-351.484
-352.162
-352.841
-353.521
-354.202
-354.884
-355.567
-356.251
-356.936
-357.622
-358.309
-358.997
-359.686
-360.376
-361.067
-361.759
-362.452
-363.146
-363.841
-364.537
-365.234
-365.932
-366.631
-263.828
-264.321
-264.815
-265.311
-265.807
-266.306
-266.805
-267.306
-267.808
-268.311
-268.816
-269.322
-269.83
-270.338
-270.848
-271.36
-271.872
-272.386
-272.902
-273.418
-273.936
-274.455
-274.976
-275.498
-276.021
-276.545
-277.071
-277.598
-278.126
-278.656
-279.186
-279.719
-280.252
-280.787
-281.323
-281.86
-282.399
-282.939
-283.48
-284.022
-284.566
-285.111
-285.657
-286.205
-286.753
-287.303
-287.855
-288.407
-288.961
-289.516
-290.073
-290.63
-291.189
-291.749
-292.31
-292.873
-293.437
-294.002
-294.568
-295.136
-295.705
-296.275
-296.846
-297.418
-297.992
-298.567
-299.143
-299.72
-300.299
-300.879
-301.46
-302.042
-302.626
-303.21
-303.796
-304.383
-304.972
-305.561
-306.152
-306.744
-307.337
-307.931
-308.527
-309.123
-309.721
-310.32
-310.92
-311.522
-312.124
-312.728
-313.333
-313.939
-314.546
-315.155
-315.764
-316.375
-316.987
-317.6
-318.214
-318.829
-319.446
-320.064
-320.682
-321.302
-321.923
-322.545
-323.169
-323.793
-324.419
-325.046
-325.673
-326.302
-326.932
-327.564
-328.196
-328.829
-329.464
-330.099
-330.736
-331.374
-332.013
-332.653
-333.294
-333.936
-334.579
-335.224
-335.869
-336.516
-337.163
-337.812
-338.462
-339.112
-339.764
-340.417
-341.071
-341.726
-342.382
-343.039
-343.697
-344.357
-345.017
-345.678
-346.34
-347.004
-347.668
-348.333
-349
-349.667
-350.336
-351.005
-351.676
-352.347
-353.02
-353.694
-354.369
-355.045
-355.721
-356.399
-357.078
-357.758
-358.439
-359.121
-359.805
-360.489
-361.174
-361.86
-362.547
-363.235
-363.924
-364.614
-365.305
-365.997
-366.69
-367.384
-368.079
-368.775
-369.472
-370.17
-370.869
-371.569
-268.066
-268.559
-269.053
-269.548
-270.045
-270.543
-271.043
-271.544
-272.046
-272.549
-273.054
-273.56
-274.067
-274.576
-275.086
-275.597
-276.11
-276.624
-277.139
-277.656
-278.174
-278.693
-279.214
-279.735
-280.258
-280.783
-281.309
-281.835
-282.364
-282.893
-283.424
-283.956
-284.49
-285.025
-285.561
-286.098
-286.637
-287.176
-287.718
-288.26
-288.804
-289.349
-289.895
-290.442
-290.991
-291.541
-292.092
-292.645
-293.199
-293.754
-294.31
-294.868
-295.427
-295.987
-296.548
-297.111
-297.675
-298.24
-298.806
-299.373
-299.942
-300.512
-301.084
-301.656
-302.23
-302.805
-303.381
-303.958
-304.537
-305.117
-305.698
-306.28
-306.863
-307.448
-308.034
-308.621
-309.209
-309.799
-310.39
-310.982
-311.575
-312.169
-312.764
-313.361
-313.959
-314.558
-315.158
-315.759
-316.362
-316.966
-317.571
-318.177
-318.784
-319.392
-320.002
-320.613
-321.225
-321.838
-322.452
-323.067
-323.684
-324.301
-324.92
-325.54
-326.161
-326.783
-327.407
-328.031
-328.657
-329.283
-329.911
-330.54
-331.17
-331.801
-332.434
-333.067
-333.702
-334.337
-334.974
-335.612
-336.251
-336.891
-337.532
-338.174
-338.817
-339.461
-340.107
-340.753
-341.401
-342.05
-342.699
-343.35
-344.002
-344.655
-345.309
-345.964
-346.62
-347.277
-347.935
-348.594
-349.255
-349.916
-350.578
-351.241
-351.906
-352.571
-353.238
-353.905
-354.574
-355.243
-355.914
-356.585
-357.258
-357.932
-358.606
-359.282
-359.959
-360.637
-361.316
-361.996
-362.677
-363.359
-364.042
-364.726
-365.411
-366.098
-366.785
-367.473
-368.162
-368.852
-369.543
-370.235
-370.928
-371.622
-372.317
-373.013
-373.71
-374.408
-375.107
-375.806
-376.507
-272.304
-272.797
-273.291
-273.786
-274.283
-274.781
-275.281
-275.781
-276.283
-276.787
-277.292
-277.798
-278.305
-278.814
-279.324
-279.835
-280.348
-280.862
-281.377
-281.894
-282.412
-282.931
-283.451
-283.973
-284.496
-285.021
-285.546
-286.073
-286.602
-287.131
-287.662
-288.194
-288.728
-289.262
-289.798
-290.336
-290.874
-291.414
-291.955
-292.498
-293.041
-293.586
-294.133
-294.68
-295.229
-295.779
-296.33
-296.883
-297.437
-297.992
-298.548
-299.106
-299.664
-300.225
-300.786
-301.348
-301.912
-302.477
-303.044
-303.611
-304.18
-304.75
-305.321
-305.894
-306.468
-307.042
-307.619
-308.196
-308.775
-309.354
-309.935
-310.518
-311.101
-311.686
-312.272
-312.859
-313.447
-314.037
-314.627
-315.219
-315.812
-316.407
-317.002
-317.599
-318.197
-318.796
-319.396
-319.997
-320.6
-321.204
-321.808
-322.414
-323.022
-323.63
-324.24
-324.85
-325.462
-326.075
-326.69
-327.305
-327.921
-328.539
-329.158
-329.778
-330.399
-331.021
-331.644
-332.269
-332.894
-333.521
-334.149
-334.778
-335.408
-336.039
-336.671
-337.305
-337.939
-338.575
-339.212
-339.849
-340.488
-341.128
-341.769
-342.412
-343.055
-343.699
-344.345
-344.991
-345.639
-346.287
-346.937
-347.588
-348.24
-348.893
-349.547
-350.202
-350.858
-351.515
-352.173
-352.832
-353.492
-354.154
-354.816
-355.479
-356.144
-356.809
-357.475
-358.143
-358.811
-359.481
-360.151
-360.823
-361.496
-362.169
-362.844
-363.52
-364.197
-364.875
-365.554
-366.234
-366.915
-367.597
-368.28
-368.964
-369.649
-370.335
-371.022
-371.711
-372.4
-373.09
-373.781
-374.473
-375.166
-375.86
-376.555
-377.251
-377.948
-378.646
-379.345
-380.044
-380.745
-276.541
-277.034
-277.528
-278.024
-278.521
-279.019
-279.518
-280.019
-280.521
-281.025
-281.529
-282.035
-282.543
-283.052
-283.562
-284.073
-284.586
-285.1
-285.615
-286.131
-286.649
-287.168
-287.689
-288.211
-288.734
-289.258
-289.784
-290.311
-290.839
-291.369
-291.9
-292.432
-292.965
-293.5
-294.036
-294.573
-295.112
-295.652
-296.193
-296.735
-297.279
-297.824
-298.37
-298.918
-299.467
-300.017
-300.568
-301.121
-301.674
-302.229
-302.786
-303.343
-303.902
-304.462
-305.024
-305.586
-306.15
-306.715
-307.281
-307.849
-308.418
-308.988
-309.559
-310.132
-310.705
-311.28
-311.856
-312.434
-313.012
-313.592
-314.173
-314.755
-315.339
-315.924
-316.51
-317.097
-317.685
-318.274
-318.865
-319.457
-320.05
-320.644
-321.24
-321.837
-322.434
-323.033
-323.634
-324.235
-324.838
-325.441
-326.046
-326.652
-327.259
-327.868
-328.477
-329.088
-329.7
-330.313
-330.927
-331.543
-332.159
-332.777
-333.396
-334.016
-334.637
-335.259
-335.882
-336.507
-337.132
-337.759
-338.387
-339.016
-339.646
-340.277
-340.909
-341.543
-342.177
-342.813
-343.449
-344.087
-344.726
-345.366
-346.007
-346.649
-347.293
-347.937
-348.582
-349.229
-349.877
-350.525
-351.175
-351.826
-352.478
-353.13
-353.784
-354.439
-355.095
-355.753
-356.411
-357.07
-357.73
-358.391
-359.054
-359.717
-360.381
-361.047
-361.713
-362.381
-363.049
-363.718
-364.389
-365.061
-365.733
-366.407
-367.082
-367.758
-368.435
-369.113
-369.792
-370.472
-371.153
-371.835
-372.518
-373.202
-373.887
-374.573
-375.26
-375.948
-376.637
-377.328
-378.019
-378.711
-379.404
-380.098
-380.793
-381.489
-382.186
-382.884
-383.582
-384.282
-384.983
-385.685
-280.779
-281.272
-281.766
-282.262
-282.758
-283.257
-283.756
-284.257
-284.759
-285.262
-285.767
-286.273
-286.781
-287.289
-287.799
-288.311
-288.823
-289.337
-289.853
-290.369
-290.887
-291.406
-291.927
-292.449
-292.972
-293.496
-294.022
-294.549
-295.077
-295.607
-296.137
-296.67
-297.203
-297.738
-298.274
-298.811
-299.35
-299.89
-300.431
-300.973
-301.517
-302.062
-302.608
-303.156
-303.704
-304.254
-304.806
-305.358
-305.912
-306.467
-307.023
-307.581
-308.14
-308.7
-309.261
-309.824
-310.388
-310.953
-311.519
-312.087
-312.656
-313.226
-313.797
-314.369
-314.943
-315.518
-316.094
-316.671
-317.25
-317.83
-318.411
-318.993
-319.577
-320.161
-320.747
-321.334
-321.923
-322.512
-323.103
-323.695
-324.288
-324.882
-325.478
-326.074
-326.672
-327.271
-327.871
-328.473
-329.075
-329.679
-330.284
-330.89
-331.497
-332.106
-332.715
-333.326
-333.938
-334.551
-335.165
-335.78
-336.397
-337.015
-337.633
-338.253
-338.874
-339.497
-340.12
-340.744
-341.37
-341.997
-342.624
-343.253
-343.883
-344.515
-345.147
-345.78
-346.415
-347.05
-347.687
-348.325
-348.964
-349.604
-350.245
-350.887
-351.53
-352.175
-352.82
-353.467
-354.114
-354.763
-355.413
-356.063
-356.715
-357.368
-358.022
-358.677
-359.333
-359.99
-360.649
-361.308
-361.968
-362.629
-363.292
-363.955
-364.619
-365.285
-365.951
-366.618
-367.287
-367.956
-368.627
-369.298
-369.971
-370.645
-371.32
-371.996
-372.673
-373.35
-374.029
-374.709
-375.391
-376.073
-376.756
-377.44
-378.125
-378.811
-379.498
-380.186
-380.875
-381.565
-382.256
-382.949
-383.642
-384.336
-385.031
-385.727
-386.424
-387.121
-387.82
-388.52
-389.221
-389.923
-390.625
-285.017
-285.51
-286.004
-286.499
-286.996
-287.494
-287.994
-288.495
-288.997
-289.5
-290.005
-290.511
-291.018
-291.527
-292.037
-292.548
-293.061
-293.575
-294.09
-294.607
-295.125
-295.644
-296.164
-296.686
-297.209
-297.734
-298.259
-298.786
-299.315
-299.844
-300.375
-300.907
-301.441
-301.976
-302.512
-303.049
-303.587
-304.127
-304.668
-305.211
-305.755
-306.3
-306.846
-307.393
-307.942
-308.492
-309.043
-309.596
-310.15
-310.705
-311.261
-311.819
-312.378
-312.938
-313.499
-314.062
-314.626
-315.191
-315.757
-316.324
-316.893
-317.463
-318.035
-318.607
-319.181
-319.756
-320.332
-320.909
-321.488
-322.068
-322.649
-323.231
-323.814
-324.399
-324.985
-325.572
-326.16
-326.75
-327.341
-327.932
-328.526
-329.12
-329.715
-330.312
-330.91
-331.509
-332.109
-332.71
-333.313
-333.917
-334.522
-335.128
-335.735
-336.343
-336.953
-337.564
-338.176
-338.789
-339.403
-340.018
-340.635
-341.252
-341.871
-342.491
-343.112
-343.734
-344.358
-344.982
-345.608
-346.234
-346.862
-347.491
-348.121
-348.752
-349.385
-350.018
-350.653
-351.288
-351.925
-352.563
-353.202
-353.842
-354.483
-355.125
-355.768
-356.413
-357.058
-357.705
-358.352
-359.001
-359.65
-360.301
-360.953
-361.606
-362.26
-362.915
-363.571
-364.228
-364.886
-365.546
-366.206
-366.867
-367.529
-368.193
-368.857
-369.522
-370.189
-370.856
-371.524
-372.194
-372.864
-373.536
-374.209
-374.883
-375.557
-376.233
-376.91
-377.588
-378.267
-378.947
-379.628
-380.31
-380.993
-381.678
-382.363
-383.049
-383.736
-384.424
-385.113
-385.803
-386.494
-387.186
-387.879
-388.573
-389.268
-389.964
-390.661
-391.359
-392.058
-392.758
-393.459
-394.161
-394.863
-395.567
-289.254
-289.748
-290.242
-290.737
-291.234
-291.732
-292.232
-292.732
-293.234
-293.738
-294.243
-294.749
-295.256
-295.765
-296.275
-296.786
-297.299
-297.813
-298.328
-298.845
-299.363
-299.882
-300.402
-300.924
-301.447
-301.972
-302.497
-303.024
-303.553
-304.082
-304.613
-305.145
-305.679
-306.213
-306.749
-307.287
-307.825
-308.365
-308.906
-309.449
-309.992
-310.537
-311.084
-311.631
-312.18
-312.73
-313.281
-313.834
-314.388
-314.943
-315.499
-316.057
-316.615
-317.176
-317.737
-318.3
-318.863
-319.428
-319.995
-320.562
-321.131
-321.701
-322.272
-322.845
-323.419
-323.993
-324.57
-325.147
-325.726
-326.305
-326.887
-327.469
-328.052
-328.637
-329.223
-329.81
-330.398
-330.988
-331.578
-332.17
-332.763
-333.358
-333.953
-334.55
-335.148
-335.747
-336.347
-336.948
-337.551
-338.155
-338.759
-339.366
-339.973
-340.581
-341.191
-341.802
-342.413
-343.026
-343.641
-344.256
-344.872
-345.49
-346.109
-346.729
-347.35
-347.972
-348.595
-349.22
-349.845
-350.472
-351.1
-351.729
-352.359
-352.99
-353.622
-354.256
-354.89
-355.526
-356.163
-356.801
-357.439
-358.079
-358.721
-359.363
-360.006
-360.65
-361.296
-361.942
-362.59
-363.239
-363.888
-364.539
-365.191
-365.844
-366.498
-367.153
-367.809
-368.466
-369.124
-369.783
-370.444
-371.105
-371.767
-372.43
-373.095
-373.76
-374.426
-375.094
-375.762
-376.432
-377.102
-377.774
-378.446
-379.12
-379.795
-380.471
-381.148
-381.826
-382.505
-383.185
-383.866
-384.548
-385.231
-385.915
-386.6
-387.287
-387.974
-388.662
-389.351
-390.041
-390.732
-391.424
-392.117
-392.811
-393.506
-394.202
-394.899
-395.597
-396.296
-396.996
-397.697
-398.398
-399.101
-399.805
-293.985
-294.479
-294.975
-295.471
-295.969
-296.469
-296.97
-297.472
-297.975
-298.48
-298.986
-299.493
-300.002
-300.512
-301.024
-301.536
-302.05
-302.565
-303.082
-303.6
-304.119
-304.64
-305.161
-305.685
-306.209
-306.735
-307.262
-307.79
-308.32
-308.85
-309.383
-309.916
-310.451
-310.987
-311.524
-312.063
-312.603
-313.144
-313.686
-314.23
-314.775
-315.321
-315.869
-316.417
-316.967
-317.519
-318.071
-318.625
-319.18
-319.736
-320.294
-320.853
-321.413
-321.974
-322.537
-323.101
-323.666
-324.232
-324.8
-325.368
-325.939
-326.51
-327.082
-327.656
-328.231
-328.807
-329.384
-329.963
-330.543
-331.124
-331.706
-332.29
-332.874
-333.46
-334.047
-334.636
-335.225
-335.816
-336.408
-337.001
-337.595
-338.191
-338.787
-339.385
-339.984
-340.584
-341.186
-341.788
-342.392
-342.997
-343.603
-344.21
-344.819
-345.428
-346.039
-346.651
-347.264
-347.878
-348.493
-349.11
-349.728
-350.346
-350.966
-351.587
-352.21
-352.833
-353.457
-354.083
-354.71
-355.338
-355.966
-356.597
-357.228
-357.86
-358.493
-359.128
-359.764
-360.4
-361.038
-361.677
-362.317
-362.958
-363.6
-364.244
-364.888
-365.533
-366.18
-366.827
-367.476
-368.126
-368.777
-369.428
-370.081
-370.735
-371.39
-372.046
-372.704
-373.362
-374.021
-374.681
-375.342
-376.005
-376.668
-377.332
-377.998
-378.664
-379.331
-380
-380.669
-381.34
-382.011
-382.684
-383.358
-384.033
-384.709
-385.386
-386.064
-386.743
-387.423
-388.104
-388.786
-389.469
-390.153
-390.838
-391.524
-392.211
-392.899
-393.589
-394.279
-394.97
-395.662
-396.355
-397.049
-397.744
-398.44
-399.137
-399.835
-400.534
-401.234
-401.935
-402.636
-403.339
-404.043
-404.747
)
;

boundaryField
{
    inlet
    {
        type            zeroGradient;
    }
    outlet
    {
        type            fixedValue;
        value           nonuniform List<scalar> 0();
    }
    lowerWall
    {
        type            zeroGradient;
    }
    upperWall
    {
        type            zeroGradient;
    }
    frontAndBack
    {
        type            zeroGradient;
    }
    procBoundary1to4
    {
        type            processor;
        value           nonuniform List<scalar> 
150
(
-293.492
-293.492
-298.223
-298.717
-299.213
-299.71
-300.208
-300.707
-301.208
-301.71
-302.213
-302.718
-303.224
-303.732
-304.24
-304.75
-305.262
-305.774
-306.288
-306.804
-307.32
-307.838
-308.357
-308.878
-309.4
-309.923
-310.447
-310.973
-311.5
-312.028
-312.558
-313.089
-313.621
-314.154
-314.689
-315.225
-315.762
-316.301
-316.841
-317.382
-317.924
-318.468
-319.013
-319.559
-320.107
-320.655
-321.206
-321.757
-322.309
-322.863
-323.418
-323.975
-324.532
-325.091
-325.651
-326.213
-326.775
-327.339
-327.904
-328.47
-329.038
-329.607
-330.177
-330.748
-331.32
-331.894
-332.469
-333.045
-333.623
-334.201
-334.781
-335.362
-335.944
-336.528
-337.113
-337.698
-338.286
-338.874
-339.463
-340.054
-340.646
-341.239
-341.833
-342.429
-343.025
-343.623
-344.222
-344.822
-345.424
-346.026
-346.63
-347.235
-347.841
-348.448
-349.057
-349.666
-350.277
-350.889
-351.502
-352.116
-352.732
-353.348
-353.966
-354.585
-355.204
-355.825
-356.448
-357.071
-357.695
-358.321
-358.948
-359.576
-360.205
-360.835
-361.466
-362.098
-362.732
-363.366
-364.002
-364.638
-365.276
-365.915
-366.555
-367.196
-367.838
-368.482
-369.126
-369.771
-370.418
-371.066
-371.714
-372.364
-373.015
-373.667
-374.319
-374.973
-375.628
-376.284
-376.942
-377.6
-378.259
-378.919
-379.58
-380.243
-380.906
-381.57
-382.236
-382.902
-383.57
-384.238
)
;
    }
    procBoundary1to6
    {
        type            processor;
        value           nonuniform List<scalar> 
50
(
-85.8352
-90.0761
-94.3144
-98.5524
-102.79
-107.028
-111.266
-115.504
-119.742
-123.98
-128.218
-132.456
-136.694
-140.932
-145.169
-149.407
-153.645
-157.883
-162.121
-166.359
-170.597
-174.834
-179.072
-183.31
-187.548
-191.786
-196.024
-200.261
-204.499
-208.737
-212.975
-217.212
-221.45
-221.45
-225.197
-229.435
-233.672
-237.91
-242.148
-246.386
-250.624
-254.861
-259.099
-263.337
-267.575
-271.812
-276.05
-280.288
-284.526
-288.763
)
;
    }
    procBoundary1to7
    {
        type            processor;
        value           nonuniform List<scalar> 
85
(
-173.68
-177.92
-177.92
-182.83
-182.83
-187.74
-187.74
-192.652
-196.89
-196.89
-201.803
-201.803
-206.717
-210.955
-210.955
-215.869
-215.869
-220.785
-220.785
-225.702
-229.94
-229.94
-234.858
-234.858
-239.777
-239.777
-244.697
-248.935
-248.935
-253.856
-253.856
-258.778
-263.016
-263.016
-267.939
-267.939
-272.863
-272.863
-277.789
-282.026
-282.026
-286.952
-286.952
-291.88
-296.117
-296.117
-301.045
-301.045
-305.974
-305.974
-310.905
-315.142
-315.142
-320.073
-320.073
-325.005
-329.243
-329.243
-334.176
-334.176
-339.11
-339.11
-344.045
-348.283
-348.283
-353.218
-353.218
-358.155
-362.393
-362.393
-367.331
-367.331
-372.269
-372.269
-377.209
-381.447
-381.447
-386.387
-386.387
-391.329
-391.329
-396.272
-400.51
-400.51
-405.453
)
;
    }
    procBoundary1to10
    {
        type            processor;
        value           nonuniform List<scalar> 
36
(
-384.907
-385.578
-386.249
-386.922
-387.596
-388.271
-388.947
-389.624
-390.302
-390.981
-391.661
-392.342
-393.024
-393.707
-394.391
-395.076
-395.762
-396.449
-397.137
-397.827
-398.517
-399.208
-399.9
-400.593
-401.287
-401.982
-402.678
-403.375
-404.073
-404.772
-405.472
-406.173
-406.874
-407.577
-408.281
-408.985
)
;
    }
}


// ************************************************************************* //
