/*--------------------------------*- C++ -*----------------------------------*\
| =========                 |                                                 |
| \\      /  F ield         | OpenFOAM: The Open Source CFD Toolbox           |
|  \\    /   O peration     | Version:  2512                                  |
|   \\  /    A nd           | Website:  www.openfoam.com                      |
|    \\/     M anipulation  |                                                 |
\*---------------------------------------------------------------------------*/
FoamFile
{
    version     2.0;
    format      ascii;
    arch        "LSB;label=32;scalar=64";
    class       volScalarField;
    location    "0.1";
    object      pB;
}
// * * * * * * * * * * * * * * * * * * * * * * * * * * * * * * * * * * * * * //

dimensions      [1 1 -3 0 0 -1 0];

internalField   nonuniform List<scalar> 
8333
(
9.24473
9.20104
9.15711
9.1129
9.06835
9.02354
8.97854
8.93339
8.88811
8.8427
8.79719
8.75158
8.70589
8.66011
8.61427
8.56835
8.52238
8.47634
8.43024
8.38409
8.33787
8.29161
8.24529
8.19892
8.15249
8.106
8.05946
8.01287
7.96621
7.9195
7.87273
7.82589
7.779
7.73204
7.68502
7.63793
7.59078
7.54356
7.49627
7.44892
7.40149
7.35399
7.30643
7.25879
7.21108
7.1633
7.11544
7.06751
7.0195
6.97142
6.92326
6.87503
6.82672
6.77834
6.72988
6.68134
6.63273
6.58404
6.53527
6.48642
6.4375
6.3885
6.33942
6.29027
6.24104
6.19173
6.14234
6.09288
6.04334
5.99372
5.94402
5.89425
5.8444
5.79448
5.74448
5.6944
5.64425
5.59402
5.54371
5.49333
5.44288
5.39235
5.34174
5.29106
5.24031
5.18948
5.13857
5.08759
5.03653
4.9854
4.9342
4.88292
4.83156
4.78013
4.72862
4.67703
4.62537
4.57363
4.52182
4.46992
4.41795
4.3659
4.31377
4.26156
4.20927
4.1569
4.10444
4.0519
3.99928
3.94657
3.89378
3.8409
3.78792
3.73486
3.6817
3.62845
3.5751
3.52165
3.4681
3.41445
3.3607
3.30683
3.25286
3.19878
3.14458
3.09027
3.03584
2.98129
2.92661
2.87181
2.81689
2.76183
2.70664
2.65132
2.59587
2.54027
2.48454
2.42866
2.37265
2.3165
2.26021
2.20378
2.14721
2.09051
2.03367
1.97669
1.9196
1.86234
1.80504
9.23578
9.19217
9.14832
9.10418
9.05971
9.01498
8.97007
8.92499
8.87979
8.83445
8.78902
8.74349
8.69787
8.65217
8.6064
8.56057
8.51466
8.4687
8.42268
8.3766
8.33047
8.28428
8.23804
8.19174
8.14539
8.09898
8.05251
8.006
7.95942
7.91278
7.86609
7.81933
7.77251
7.72563
7.67869
7.63168
7.5846
7.53746
7.49025
7.44297
7.39563
7.34821
7.30072
7.25316
7.20553
7.15782
7.11004
7.06219
7.01426
6.96626
6.91818
6.87003
6.8218
6.7735
6.72512
6.67666
6.62813
6.57951
6.53083
6.48206
6.43322
6.3843
6.3353
6.28623
6.23708
6.18785
6.13854
6.08916
6.0397
5.99016
5.94055
5.89086
5.84109
5.79125
5.74133
5.69133
5.64126
5.59112
5.5409
5.4906
5.44023
5.38978
5.33925
5.28866
5.23798
5.18724
5.13641
5.08552
5.03454
4.9835
4.93237
4.88118
4.8299
4.77855
4.72713
4.67563
4.62405
4.5724
4.52066
4.46886
4.41697
4.365
4.31296
4.26083
4.20863
4.15634
4.10397
4.05152
3.99898
3.94636
3.89365
3.84085
3.78796
3.73498
3.68191
3.62875
3.57548
3.52212
3.46866
3.4151
3.36143
3.30765
3.25377
3.19977
3.14566
3.09144
3.03709
2.98263
2.92804
2.87333
2.8185
2.76353
2.70843
2.6532
2.59783
2.54232
2.48668
2.43089
2.37497
2.31891
2.26271
2.20637
2.1499
2.09328
2.03654
1.97965
1.92266
1.86551
1.80829
9.22064
9.17718
9.13345
9.08943
9.0451
9.0005
8.95572
8.91078
8.8657
8.82049
8.77519
8.72978
8.68429
8.63872
8.59308
8.54737
8.5016
8.45576
8.40987
8.36392
8.31791
8.27185
8.22574
8.17957
8.13334
8.08706
8.04073
7.99434
7.94789
7.90138
7.85482
7.80819
7.7615
7.71475
7.66794
7.62106
7.57411
7.5271
7.48002
7.43287
7.38566
7.33837
7.29101
7.24358
7.19608
7.14851
7.10086
7.05314
7.00535
6.95748
6.90953
6.86151
6.81342
6.76525
6.717
6.66868
6.62028
6.5718
6.52325
6.47462
6.42591
6.37712
6.32826
6.27932
6.2303
6.18121
6.13204
6.0828
6.03347
5.98407
5.93459
5.88504
5.83541
5.7857
5.73592
5.68606
5.63613
5.58612
5.53604
5.48588
5.43564
5.38534
5.33495
5.28449
5.23396
5.18335
5.13267
5.08191
5.03108
4.98017
4.92919
4.87813
4.82699
4.77579
4.7245
4.67314
4.62171
4.57019
4.5186
4.46694
4.41519
4.36337
4.31146
4.25948
4.20742
4.15527
4.10305
4.05074
3.99834
3.94586
3.8933
3.84064
3.7879
3.73507
3.68214
3.62912
3.576
3.52278
3.46947
3.41605
3.36253
3.3089
3.25516
3.20131
3.14735
3.09327
3.03907
2.98476
2.93032
2.87576
2.82107
2.76625
2.7113
2.65621
2.60099
2.54564
2.49014
2.43451
2.37874
2.32283
2.26678
2.2106
2.15427
2.09782
2.04122
1.9845
1.92766
1.87069
1.81361
1.75644
9.19811
9.15486
9.11131
9.06748
9.02334
8.97894
8.93435
8.8896
8.84471
8.79969
8.75458
8.70936
8.66406
8.61868
8.57323
8.52771
8.48213
8.43648
8.39078
8.34502
8.2992
8.25333
8.2074
8.16142
8.11539
8.0693
8.02316
7.97696
7.9307
7.88439
7.83801
7.79158
7.74508
7.69852
7.6519
7.60521
7.55846
7.51164
7.46476
7.4178
7.37078
7.32369
7.27653
7.22929
7.18199
7.13461
7.08716
7.03963
6.99204
6.94436
6.89661
6.84879
6.80089
6.75292
6.70487
6.65675
6.60855
6.56027
6.51191
6.46348
6.41497
6.36639
6.31773
6.26899
6.22017
6.17128
6.12231
6.07327
6.02415
5.97495
5.92567
5.87632
5.82689
5.77739
5.72781
5.67816
5.62843
5.57863
5.52875
5.47879
5.42876
5.37866
5.32848
5.27823
5.2279
5.1775
5.12702
5.07647
5.02584
4.97514
4.92437
4.87352
4.8226
4.7716
4.72052
4.66937
4.61814
4.56684
4.51546
4.464
4.41247
4.36085
4.30916
4.25739
4.20554
4.15361
4.10159
4.04949
3.99731
3.94505
3.89269
3.84025
3.78773
3.7351
3.68239
3.62959
3.57668
3.52368
3.47058
3.41738
3.36407
3.31066
3.25714
3.20351
3.14976
3.0959
3.04192
2.98783
2.93361
2.87926
2.82479
2.7702
2.71547
2.6606
2.60561
2.55047
2.4952
2.43979
2.38425
2.32856
2.27274
2.21678
2.16069
2.10446
2.0481
1.99161
1.935
1.87829
1.82144
1.76453
1.70757
9.16837
9.12537
9.08207
9.03848
8.99459
8.95045
8.90612
8.86162
8.81698
8.77222
8.72735
8.68239
8.63734
8.59221
8.547
8.50173
8.4564
8.411
8.36555
8.32004
8.27447
8.22885
8.18318
8.13745
8.09167
8.04583
7.99994
7.95399
7.90799
7.86192
7.8158
7.76962
7.72338
7.67707
7.63071
7.58427
7.53778
7.49121
7.44458
7.39789
7.35112
7.30428
7.25738
7.2104
7.16335
7.11623
7.06904
7.02178
6.97444
6.92702
6.87953
6.83197
6.78433
6.73662
6.68883
6.64097
6.59303
6.54501
6.49692
6.44875
6.40051
6.35219
6.30379
6.25532
6.20677
6.15814
6.10944
6.06066
6.0118
5.96287
5.91386
5.86478
5.81562
5.76638
5.71707
5.66769
5.61823
5.56869
5.51909
5.4694
5.41964
5.36981
5.3199
5.26992
5.21987
5.16974
5.11953
5.06925
5.0189
4.96848
4.91797
4.8674
4.81675
4.76603
4.71523
4.66435
4.6134
4.56237
4.51127
4.46009
4.40883
4.3575
4.30608
4.25459
4.20302
4.15137
4.09963
4.04781
3.99591
3.94393
3.89186
3.8397
3.78745
3.73511
3.68268
3.63016
3.57754
3.52482
3.47201
3.41909
3.36607
3.31294
3.25971
3.20636
3.1529
3.09933
3.04564
2.99183
2.9379
2.88385
2.82967
2.77536
2.72092
2.66635
2.61165
2.55681
2.50183
2.44672
2.39147
2.33608
2.28056
2.2249
2.1691
2.11318
2.05712
2.00095
1.94464
1.88825
1.83173
1.77515
1.71855
1.662
9.13156
9.08888
9.04589
9.0026
8.95903
8.9152
8.87118
8.82699
8.78266
8.73821
8.69365
8.649
8.60425
8.55943
8.51454
8.46958
8.42455
8.37947
8.33432
8.28912
8.24387
8.19856
8.15319
8.10777
8.0623
8.01678
7.97119
7.92556
7.87987
7.83412
7.78831
7.74244
7.69651
7.65052
7.60447
7.55835
7.51217
7.46592
7.41961
7.37322
7.32677
7.28026
7.23367
7.18701
7.14028
7.09348
7.04661
6.99966
6.95264
6.90555
6.85838
6.81114
6.76382
6.71643
6.66897
6.62143
6.57381
6.52612
6.47836
6.43051
6.38259
6.3346
6.28653
6.23838
6.19016
6.14186
6.09348
6.04503
5.99651
5.94791
5.89923
5.85048
5.80165
5.75274
5.70377
5.65471
5.60559
5.55639
5.50711
5.45776
5.40834
5.35884
5.30927
5.25962
5.2099
5.16011
5.11024
5.0603
5.01029
4.9602
4.91004
4.8598
4.80949
4.75911
4.70865
4.65812
4.60751
4.55682
4.50606
4.45522
4.40431
4.35332
4.30225
4.2511
4.19987
4.14857
4.09718
4.04571
3.99415
3.94251
3.89079
3.83898
3.78708
3.73509
3.68301
3.63084
3.57857
3.52621
3.47374
3.42118
3.36851
3.31573
3.26285
3.20986
3.15676
3.10354
3.05021
2.99676
2.94319
2.88949
2.83567
2.78173
2.72765
2.67344
2.6191
2.56462
2.51001
2.45526
2.40037
2.34535
2.2902
2.23491
2.17948
2.12393
2.06825
2.01246
1.95654
1.90053
1.84442
1.78824
1.73207
1.67595
9.08786
9.04554
9.00291
8.95999
8.91678
8.87333
8.82968
8.78586
8.7419
8.69781
8.65362
8.60933
8.56496
8.5205
8.47597
8.43138
8.38672
8.342
8.29723
8.25239
8.20751
8.16256
8.11757
8.07252
8.02742
7.98226
7.93705
7.89178
7.84646
7.80108
7.75565
7.71015
7.66459
7.61897
7.57329
7.52755
7.48174
7.43587
7.38993
7.34392
7.29785
7.25171
7.2055
7.15922
7.11287
7.06644
7.01995
6.97338
6.92674
6.88003
6.83325
6.78639
6.73945
6.69245
6.64537
6.59821
6.55098
6.50367
6.45629
6.40884
6.3613
6.3137
6.26601
6.21825
6.17042
6.12251
6.07452
6.02647
5.97833
5.93012
5.88183
5.83347
5.78504
5.73653
5.68795
5.63929
5.59056
5.54175
5.49287
5.44392
5.39489
5.34579
5.29662
5.24737
5.19805
5.14866
5.09919
5.04965
5.00004
4.95035
4.90059
4.85076
4.80086
4.75088
4.70082
4.65069
4.60049
4.55021
4.49986
4.44943
4.39892
4.34834
4.29767
4.24694
4.19612
4.14522
4.09424
4.04318
3.99204
3.94082
3.88951
3.83811
3.78662
3.73505
3.68339
3.63163
3.57978
3.52783
3.47578
3.42363
3.37139
3.31903
3.26657
3.214
3.16132
3.10853
3.05562
3.00259
2.94944
2.89617
2.84278
2.78926
2.73561
2.68183
2.62792
2.57387
2.51969
2.46538
2.41093
2.35634
2.30162
2.24677
2.19179
2.13668
2.08145
2.02611
1.97064
1.9151
1.85945
1.80376
1.74808
1.69244
1.63684
9.03742
8.99552
8.95331
8.9108
8.86802
8.82499
8.78176
8.73837
8.69484
8.65117
8.60741
8.56354
8.51959
8.47556
8.43145
8.38728
8.34305
8.29875
8.2544
8.20999
8.16553
8.12101
8.07644
8.03182
7.98714
7.94241
7.89762
7.85279
7.80789
7.76294
7.71793
7.67287
7.62774
7.58255
7.5373
7.49199
7.44661
7.40117
7.35567
7.31009
7.26445
7.21875
7.17297
7.12713
7.08121
7.03523
6.98917
6.94304
6.89684
6.85057
6.80423
6.75781
6.71132
6.66475
6.61811
6.5714
6.52461
6.47775
6.43081
6.3838
6.33672
6.28956
6.24232
6.19501
6.14762
6.10016
6.05263
6.00502
5.95734
5.90958
5.86175
5.81384
5.76586
5.7178
5.66967
5.62147
5.5732
5.52485
5.47642
5.42793
5.37936
5.33072
5.28201
5.23322
5.18436
5.13543
5.08643
5.03735
4.9882
4.93898
4.88968
4.84032
4.79087
4.74136
4.69177
4.64211
4.59238
4.54257
4.49268
4.44272
4.39268
4.34257
4.29238
4.24212
4.19177
4.14135
4.09084
4.04026
3.98959
3.93884
3.88801
3.83709
3.78608
3.73499
3.6838
3.63253
3.58116
3.52969
3.47812
3.42646
3.37469
3.32283
3.27085
3.21877
3.16657
3.11427
3.06185
3.00931
2.95665
2.90387
2.85097
2.79795
2.74479
2.69151
2.63809
2.58454
2.53086
2.47705
2.4231
2.36902
2.3148
2.26046
2.20598
2.15139
2.09667
2.04185
1.98691
1.93189
1.87679
1.82164
1.76652
1.71144
1.65637
1.60136
8.9804
8.93897
8.89722
8.85519
8.81288
8.77033
8.72759
8.68467
8.64162
8.59844
8.55515
8.51176
8.46829
8.42474
8.38111
8.33742
8.29366
8.24985
8.20597
8.16204
8.11806
8.07402
8.02993
7.98579
7.9416
7.89735
7.85305
7.80869
7.76428
7.71981
7.67529
7.63071
7.58607
7.54137
7.4966
7.45178
7.40689
7.36194
7.31692
7.27184
7.22669
7.18148
7.13619
7.09084
7.04542
6.99993
6.95437
6.90874
6.86303
6.81726
6.77141
6.72549
6.67949
6.63343
6.58729
6.54108
6.49479
6.44843
6.402
6.35549
6.30891
6.26226
6.21553
6.16872
6.12185
6.07489
6.02787
5.98077
5.9336
5.88635
5.83903
5.79163
5.74416
5.69662
5.64901
5.60132
5.55356
5.50573
5.45782
5.40985
5.3618
5.31367
5.26548
5.21722
5.16888
5.12047
5.07199
5.02343
4.97481
4.92611
4.87734
4.8285
4.77958
4.7306
4.68154
4.6324
4.5832
4.53392
4.48456
4.43513
4.38563
4.33605
4.28639
4.23666
4.18685
4.13696
4.08699
4.03695
3.98682
3.93661
3.88631
3.83593
3.78547
3.73491
3.68427
3.63353
3.58271
3.53178
3.48076
3.42965
3.37843
3.32711
3.27568
3.22415
3.1725
3.12075
3.06888
3.0169
2.9648
2.91257
2.86023
2.80776
2.75516
2.70244
2.64958
2.5966
2.54348
2.49023
2.43685
2.38334
2.32969
2.27592
2.22203
2.16801
2.11388
2.05963
2.00529
1.95087
1.89637
1.84184
1.78734
1.73287
1.67841
1.62402
8.91695
8.87604
8.83482
8.79331
8.75153
8.70951
8.6673
8.62492
8.5824
8.53975
8.49699
8.45414
8.41119
8.36818
8.32508
8.28192
8.2387
8.19542
8.15208
8.10868
8.06523
8.02173
7.97818
7.93457
7.89091
7.8472
7.80343
7.75962
7.71575
7.67182
7.62783
7.58379
7.53969
7.49553
7.45131
7.40703
7.36268
7.31828
7.2738
7.22927
7.18467
7.14
7.09526
7.05046
7.00559
6.96064
6.91563
6.87055
6.8254
6.78018
6.73488
6.68952
6.64408
6.59857
6.55299
6.50734
6.46161
6.41581
6.36994
6.32399
6.27797
6.23188
6.18571
6.13947
6.09316
6.04677
6.00031
5.95378
5.90717
5.86049
5.81374
5.76692
5.72002
5.67305
5.62601
5.57889
5.53171
5.48445
5.43712
5.38972
5.34225
5.2947
5.24709
5.1994
5.15164
5.10381
5.05591
5.00794
4.9599
4.91178
4.8636
4.81534
4.76701
4.71861
4.67014
4.62159
4.57298
4.52429
4.47552
4.42669
4.37777
4.32879
4.27972
4.23058
4.18137
4.13208
4.08271
4.03326
3.98372
3.93411
3.88442
3.83464
3.78477
3.73482
3.68478
3.63465
3.58443
3.53411
3.4837
3.43319
3.38258
3.33187
3.28105
3.23013
3.1791
3.12796
3.07671
3.02534
2.97386
2.92225
2.87052
2.81868
2.7667
2.7146
2.66237
2.61001
2.55752
2.5049
2.45215
2.39927
2.34626
2.29313
2.23987
2.1865
2.13301
2.07942
2.02574
1.97197
1.91816
1.8643
1.81048
1.75668
1.70291
1.64918
1.59548
8.84723
8.80689
8.76624
8.7253
8.68411
8.64268
8.60105
8.55925
8.51732
8.47525
8.43308
8.39081
8.34845
8.30602
8.26351
8.22093
8.1783
8.1356
8.09285
8.05004
8.00718
7.96426
7.9213
7.87828
7.83521
7.79209
7.74891
7.70569
7.66241
7.61907
7.57568
7.53223
7.48872
7.44516
7.40153
7.35785
7.3141
7.27029
7.22642
7.18248
7.13848
7.09441
7.05028
7.00608
6.96181
6.91747
6.87307
6.82859
6.78405
6.73943
6.69475
6.64999
6.60516
6.56026
6.5153
6.47025
6.42514
6.37995
6.3347
6.28937
6.24396
6.19849
6.15294
6.10732
6.06163
6.01586
5.97003
5.92412
5.87813
5.83208
5.78595
5.73975
5.69348
5.64714
5.60073
5.55425
5.50769
5.46106
5.41437
5.3676
5.32076
5.27385
5.22687
5.17982
5.1327
5.08551
5.03825
4.99092
4.94351
4.89604
4.8485
4.80088
4.7532
4.70544
4.65762
4.60972
4.56175
4.5137
4.46559
4.4174
4.36914
4.3208
4.27239
4.22391
4.17534
4.12671
4.07799
4.0292
3.98032
3.93137
3.88233
3.83322
3.78401
3.73472
3.68535
3.63588
3.58632
3.53667
3.48692
3.43708
3.38714
3.3371
3.28696
3.23671
3.18635
3.13588
3.08531
3.03462
2.98381
2.93288
2.88184
2.83067
2.77938
2.72797
2.67642
2.62475
2.57295
2.52102
2.46897
2.41678
2.36447
2.31204
2.25949
2.20682
2.15404
2.10117
2.0482
1.99517
1.94208
1.88897
1.83588
1.78283
1.7298
1.6768
1.62384
1.57091
8.77141
8.73168
8.69165
8.65134
8.61077
8.56997
8.52898
8.48782
8.44652
8.40509
8.36355
8.32192
8.2802
8.2384
8.19653
8.15459
8.11259
8.07053
8.02842
7.98625
7.94403
7.90175
7.85942
7.81704
7.77461
7.73214
7.6896
7.64702
7.60438
7.56169
7.51895
7.47614
7.43328
7.39036
7.34739
7.30435
7.26125
7.21809
7.17487
7.13159
7.08824
7.04482
7.00135
6.9578
6.91419
6.87051
6.82676
6.78295
6.73906
6.69511
6.65108
6.60699
6.56283
6.51859
6.47429
6.42992
6.38547
6.34095
6.29636
6.2517
6.20697
6.16217
6.11729
6.07235
6.02733
5.98224
5.93708
5.89185
5.84655
5.80117
5.75573
5.71021
5.66462
5.61896
5.57323
5.52743
5.48156
5.43563
5.38962
5.34354
5.29739
5.25117
5.20488
5.15852
5.1121
5.0656
5.01903
4.9724
4.92569
4.87891
4.83207
4.78516
4.73817
4.69112
4.64399
4.5968
4.54953
4.50219
4.45478
4.4073
4.35975
4.31212
4.26442
4.21664
4.16879
4.12087
4.07286
4.02479
3.97663
3.92839
3.88007
3.83167
3.78318
3.73462
3.68596
3.63721
3.58838
3.53945
3.49043
3.44132
3.39211
3.34279
3.29338
3.24386
3.19424
3.1445
3.09466
3.04471
2.99464
2.94445
2.89415
2.84373
2.79318
2.74251
2.69171
2.64079
2.58974
2.53857
2.48726
2.43584
2.38429
2.33262
2.28083
2.22893
2.17692
2.12483
2.07264
2.02039
1.9681
1.91579
1.8635
1.81124
1.75902
1.70682
1.65466
1.60253
1.55046
8.68963
8.65056
8.6112
8.57156
8.53167
8.49155
8.45124
8.41077
8.37015
8.32941
8.28856
8.24761
8.20657
8.16546
8.12428
8.08303
8.04172
8.00035
7.95892
7.91744
7.8759
7.83432
7.79268
7.75099
7.70925
7.66747
7.62563
7.58374
7.5418
7.4998
7.45775
7.41564
7.37348
7.33126
7.28898
7.24664
7.20425
7.16179
7.11927
7.07669
7.03405
6.99134
6.94856
6.90573
6.86282
6.81985
6.77682
6.73371
6.69054
6.6473
6.60399
6.56061
6.51716
6.47365
6.43006
6.38641
6.34268
6.29888
6.25502
6.21108
6.16707
6.123
6.07885
6.03463
5.99034
5.94598
5.90155
5.85705
5.81248
5.76783
5.72312
5.67834
5.63349
5.58857
5.54358
5.49852
5.45339
5.40819
5.36292
5.31759
5.27218
5.22671
5.18116
5.13555
5.08987
5.04413
4.99831
4.95242
4.90647
4.86044
4.81435
4.76819
4.72196
4.67567
4.6293
4.58286
4.53635
4.48978
4.44313
4.39641
4.34962
4.30276
4.25582
4.20881
4.16173
4.11457
4.06734
4.02003
3.97264
3.92518
3.87763
3.83
3.7823
3.7345
3.68663
3.63866
3.5906
3.54246
3.49422
3.44589
3.39746
3.34894
3.30031
3.25158
3.20275
3.15381
3.10476
3.0556
3.00633
2.95694
2.90744
2.85781
2.80807
2.7582
2.70821
2.6581
2.60786
2.5575
2.50701
2.4564
2.40566
2.35482
2.30385
2.25278
2.20161
2.15035
2.09901
2.0476
1.99617
1.94471
1.89328
1.84188
1.79051
1.73917
1.68787
1.6366
1.58539
8.60205
8.56369
8.52504
8.48612
8.44695
8.40757
8.36799
8.32824
8.28836
8.24835
8.20823
8.16802
8.12772
8.08734
8.0469
8.00638
7.9658
7.92517
7.88448
7.84374
7.80294
7.7621
7.7212
7.68025
7.63925
7.59821
7.55711
7.51596
7.47476
7.43351
7.39221
7.35085
7.30943
7.26796
7.22643
7.18484
7.1432
7.10149
7.05972
7.0179
6.97601
6.93405
6.89204
6.84996
6.80781
6.7656
6.72333
6.68098
6.63857
6.5961
6.55355
6.51094
6.46826
6.42551
6.38269
6.33981
6.29685
6.25383
6.21074
6.16757
6.12434
6.08104
6.03767
5.99423
5.95072
5.90714
5.86349
5.81978
5.77599
5.73213
5.68821
5.64421
5.60015
5.55602
5.51182
5.46755
5.42321
5.37881
5.33433
5.28979
5.24519
5.20051
5.15577
5.11096
5.06608
5.02113
4.97612
4.93103
4.88588
4.84067
4.79538
4.75003
4.70461
4.65912
4.61357
4.56794
4.52225
4.47648
4.43065
4.38475
4.33878
4.29273
4.24662
4.20043
4.15417
4.10783
4.06142
4.01494
3.96838
3.92174
3.87502
3.82823
3.78135
3.73439
3.68734
3.64021
3.59299
3.54569
3.49829
3.4508
3.40321
3.35553
3.30774
3.25986
3.21187
3.16378
3.11558
3.06727
3.01885
2.97032
2.92167
2.87291
2.82402
2.77502
2.72589
2.67664
2.62727
2.57778
2.52816
2.47843
2.42857
2.3786
2.32852
2.27834
2.22806
2.17769
2.12725
2.07675
2.02622
1.97568
1.92516
1.87467
1.82422
1.7738
1.72341
1.67307
1.62277
1.57252
8.50883
8.47122
8.43333
8.39517
8.35678
8.31816
8.27936
8.24039
8.20129
8.16206
8.12273
8.0833
8.04378
8.00418
7.96452
7.92479
7.88499
7.84514
7.80524
7.76528
7.72527
7.68521
7.6451
7.60494
7.56473
7.52447
7.48417
7.44381
7.4034
7.36295
7.32243
7.28187
7.24125
7.20057
7.15984
7.11905
7.0782
7.0373
6.99633
6.95531
6.91422
6.87307
6.83186
6.79059
6.74925
6.70785
6.66638
6.62485
6.58325
6.54159
6.49986
6.45806
6.4162
6.37427
6.33227
6.29021
6.24807
6.20587
6.1636
6.12126
6.07886
6.03638
5.99384
5.95123
5.90855
5.8658
5.82299
5.7801
5.73715
5.69413
5.65104
5.60788
5.56466
5.52137
5.47801
5.43458
5.39109
5.34753
5.30391
5.26021
5.21645
5.17263
5.12873
5.08477
5.04075
4.99665
4.9525
4.90827
4.86398
4.81962
4.77519
4.7307
4.68614
4.64152
4.59683
4.55207
4.50724
4.46234
4.41738
4.37234
4.32724
4.28207
4.23682
4.19151
4.14612
4.10067
4.05513
4.00953
3.96385
3.91809
3.87226
3.82634
3.78035
3.73427
3.68812
3.64187
3.59555
3.54913
3.50262
3.45603
3.40934
3.36255
3.31566
3.26868
3.22159
3.17441
3.12711
3.07971
3.0322
2.98458
2.93684
2.88899
2.84102
2.79293
2.74472
2.6964
2.64795
2.59938
2.55069
2.50189
2.45297
2.40393
2.35479
2.30555
2.25622
2.2068
2.15732
2.10778
2.05822
2.00865
1.9591
1.90958
1.86009
1.81064
1.76123
1.71187
1.66253
1.61327
1.56405
8.41012
8.37331
8.33621
8.29887
8.26128
8.22349
8.18551
8.14736
8.10909
8.07069
8.03218
7.99357
7.95488
7.91612
7.87728
7.83838
7.79941
7.7604
7.72132
7.6822
7.64302
7.60379
7.56452
7.52519
7.48582
7.4464
7.40693
7.36741
7.32784
7.28822
7.24855
7.20882
7.16905
7.12921
7.08932
7.04938
7.00938
6.96932
6.92921
6.88903
6.8488
6.8085
6.76814
6.72772
6.68724
6.6467
6.60609
6.56541
6.52468
6.48387
6.44301
6.40207
6.36107
6.32001
6.27888
6.23768
6.19642
6.15509
6.11369
6.07223
6.03069
5.98909
5.94743
5.90569
5.86389
5.82203
5.78009
5.73809
5.69603
5.65389
5.61169
5.56942
5.52708
5.48468
5.44222
5.39968
5.35708
5.31442
5.27169
5.22889
5.18603
5.1431
5.10011
5.05705
5.01393
4.97074
4.92749
4.88417
4.84078
4.79733
4.75382
4.71024
4.66659
4.62288
4.5791
4.53526
4.49135
4.44737
4.40332
4.35921
4.31503
4.27078
4.22646
4.18207
4.13762
4.09308
4.04848
4.00381
3.95906
3.91423
3.86933
3.82436
3.7793
3.73416
3.68894
3.64364
3.59826
3.55278
3.50722
3.46157
3.41583
3.36999
3.32406
3.27803
3.2319
3.18567
3.13933
3.09289
3.04634
2.99968
2.95291
2.90603
2.85903
2.81191
2.76468
2.71733
2.66986
2.62227
2.57456
2.52675
2.47881
2.43077
2.38263
2.33439
2.28606
2.23765
2.18917
2.14065
2.09211
2.04356
1.99503
1.94653
1.89807
1.84964
1.80126
1.75293
1.70462
1.65639
1.6082
1.56009
8.30608
8.2701
8.23385
8.19736
8.16063
8.12369
8.08658
8.0493
8.01189
7.97436
7.93672
7.89899
7.86118
7.82328
7.78532
7.74729
7.70921
7.67106
7.63287
7.59462
7.55632
7.51797
7.47957
7.44113
7.40263
7.36409
7.3255
7.28687
7.24818
7.20945
7.17066
7.13183
7.09294
7.05399
7.015
6.97594
6.93684
6.89767
6.85845
6.81917
6.77983
6.74043
6.70098
6.66146
6.62188
6.58223
6.54253
6.50276
6.46293
6.42304
6.38308
6.34306
6.30297
6.26282
6.2226
6.18232
6.14197
6.10156
6.06108
6.02054
5.97993
5.93925
5.89851
5.8577
5.81683
5.77589
5.73489
5.69382
5.65268
5.61148
5.57021
5.52888
5.48748
5.44602
5.40449
5.3629
5.32124
5.27952
5.23773
5.19588
5.15397
5.11199
5.06995
5.02784
4.98567
4.94344
4.90114
4.85877
4.81634
4.77385
4.7313
4.68868
4.64599
4.60324
4.56043
4.51755
4.47461
4.4316
4.38852
4.34538
4.30217
4.25889
4.21555
4.17214
4.12865
4.0851
4.04148
3.99778
3.95402
3.91018
3.86626
3.82227
3.7782
3.73405
3.68983
3.64552
3.60112
3.55665
3.51208
3.46743
3.42269
3.37785
3.33292
3.2879
3.24277
3.19755
3.15222
3.1068
3.06126
3.01562
2.96987
2.924
2.87803
2.83193
2.78573
2.7394
2.69297
2.64641
2.59974
2.55296
2.50607
2.45908
2.41198
2.36479
2.31752
2.27017
2.22276
2.17531
2.12783
2.08036
2.03291
1.98548
1.9381
1.89075
1.84344
1.79619
1.74897
1.70182
1.65471
1.60768
8.19686
8.16176
8.12639
8.09079
8.05496
8.01892
7.98271
7.94635
7.90985
7.87324
7.83651
7.7997
7.7628
7.72582
7.68878
7.65167
7.6145
7.57727
7.54
7.50267
7.46529
7.42787
7.39039
7.35287
7.3153
7.27769
7.24002
7.20232
7.16456
7.12676
7.0889
7.05099
7.01304
6.97503
6.93696
6.89885
6.86068
6.82245
6.78417
6.74583
6.70743
6.66898
6.63046
6.59189
6.55326
6.51456
6.47581
6.43699
6.39811
6.35917
6.32017
6.2811
6.24197
6.20278
6.16352
6.1242
6.08482
6.04537
6.00586
5.96628
5.92664
5.88693
5.84716
5.80732
5.76742
5.72746
5.68743
5.64734
5.60718
5.56696
5.52667
5.48632
5.44591
5.40543
5.36489
5.32429
5.28362
5.24289
5.20209
5.16124
5.12032
5.07933
5.03829
4.99718
4.95601
4.91477
4.87348
4.83212
4.79069
4.74921
4.70766
4.66605
4.62437
4.58264
4.54083
4.49897
4.45704
4.41505
4.37299
4.33086
4.28868
4.24642
4.2041
4.16171
4.11926
4.07673
4.03413
3.99147
3.94873
3.90593
3.86305
3.82009
3.77706
3.73395
3.69076
3.6475
3.60415
3.56071
3.5172
3.47359
3.4299
3.38612
3.34224
3.29827
3.2542
3.21004
3.16577
3.12141
3.07694
3.03236
2.98768
2.94289
2.89798
2.85297
2.80784
2.7626
2.71724
2.67177
2.62619
2.58051
2.53471
2.48881
2.44281
2.39673
2.35056
2.30433
2.25803
2.2117
2.16535
2.119
2.07267
2.02637
1.98011
1.93389
1.88771
1.84159
1.79551
1.74949
1.70352
1.65762
1.61178
8.08261
8.04843
8.01399
7.97931
7.94442
7.90933
7.87407
7.83866
7.80311
7.76745
7.73168
7.69583
7.65989
7.62387
7.58778
7.55164
7.51543
7.47916
7.44285
7.40649
7.37007
7.33361
7.2971
7.26055
7.22394
7.1873
7.15061
7.11387
7.07708
7.04025
7.00337
6.96644
6.92946
6.89242
6.85534
6.8182
6.78101
6.74377
6.70647
6.66911
6.6317
6.59423
6.55671
6.51912
6.48148
6.44378
6.40602
6.36819
6.33031
6.29237
6.25436
6.2163
6.17817
6.13998
6.10172
6.06341
6.02503
5.98659
5.94809
5.90952
5.8709
5.8322
5.79345
5.75463
5.71575
5.6768
5.63779
5.59872
5.55959
5.52039
5.48114
5.44181
5.40243
5.36298
5.32347
5.2839
5.24427
5.20458
5.16482
5.125
5.08512
5.04518
5.00518
4.96511
4.92499
4.8848
4.84455
4.80424
4.76387
4.72343
4.68294
4.64238
4.60177
4.56109
4.52034
4.47954
4.43867
4.39774
4.35675
4.31569
4.27457
4.23338
4.19213
4.15082
4.10943
4.06798
4.02646
3.98488
3.94322
3.90149
3.85969
3.81782
3.77587
3.73385
3.69175
3.64958
3.60732
3.56498
3.52256
3.48005
3.43746
3.39477
3.352
3.30913
3.26617
3.22312
3.17996
3.13671
3.09335
3.04989
3.00633
2.96266
2.91888
2.87499
2.83099
2.78688
2.74265
2.69832
2.65388
2.60933
2.56468
2.51993
2.47508
2.43015
2.38514
2.34007
2.29494
2.24978
2.2046
2.15942
2.11427
2.06915
2.02406
1.97902
1.93402
1.88908
1.84418
1.79933
1.75456
1.70984
1.66517
1.6206
7.96349
7.93026
7.89679
7.86308
7.82917
7.79506
7.76079
7.72636
7.69181
7.65715
7.62238
7.58752
7.55258
7.51756
7.48247
7.44733
7.41213
7.37687
7.34155
7.30619
7.27079
7.23533
7.19983
7.16428
7.12869
7.09305
7.05737
7.02165
6.98587
6.95006
6.91419
6.87827
6.84231
6.80629
6.77023
6.73411
6.69795
6.66172
6.62545
6.58912
6.55274
6.5163
6.4798
6.44325
6.40664
6.36997
6.33325
6.29646
6.25962
6.22271
6.18575
6.14873
6.11164
6.0745
6.03729
6.00003
5.9627
5.92531
5.88786
5.85035
5.81278
5.77514
5.73745
5.69969
5.66187
5.62399
5.58604
5.54804
5.50998
5.47185
5.43366
5.39541
5.3571
5.31873
5.28029
5.2418
5.20325
5.16463
5.12596
5.08722
5.04843
5.00958
4.97066
4.93168
4.89265
4.85355
4.8144
4.77518
4.73591
4.69657
4.65717
4.61772
4.5782
4.53863
4.49899
4.45929
4.41953
4.37971
4.33983
4.29988
4.25987
4.2198
4.17967
4.13947
4.0992
4.05887
4.01848
3.97801
3.93748
3.89688
3.85621
3.81547
3.77465
3.73376
3.6928
3.65176
3.61064
3.56944
3.52816
3.4868
3.44535
3.40382
3.36219
3.32048
3.27867
3.23677
3.19477
3.15268
3.11048
3.06819
3.02579
2.98329
2.94068
2.89796
2.85514
2.81221
2.76917
2.72602
2.68276
2.63941
2.59595
2.55239
2.50875
2.46502
2.42122
2.37735
2.33344
2.2895
2.24554
2.20158
2.15765
2.11375
2.06989
2.02607
1.9823
1.93858
1.89491
1.8513
1.80775
1.76426
1.72082
1.67748
7.83966
7.80741
7.77494
7.74225
7.70935
7.67626
7.64301
7.60962
7.5761
7.54247
7.50874
7.47492
7.44101
7.40704
7.37299
7.33889
7.30473
7.27051
7.23624
7.20193
7.16756
7.13315
7.0987
7.0642
7.02966
6.99507
6.96044
6.92577
6.89105
6.85628
6.82147
6.78661
6.75171
6.71675
6.68175
6.64669
6.61159
6.57643
6.54122
6.50596
6.47065
6.43528
6.39985
6.36437
6.32884
6.29325
6.2576
6.22189
6.18613
6.1503
6.11442
6.07848
6.04249
6.00643
5.97031
5.93414
5.8979
5.86161
5.82525
5.78884
5.75236
5.71583
5.67923
5.64258
5.60586
5.56908
5.53225
5.49535
5.4584
5.42138
5.38431
5.34717
5.30998
5.27272
5.23541
5.19804
5.16061
5.12312
5.08557
5.04796
5.01029
4.97257
4.93478
4.89694
4.85904
4.82108
4.78306
4.74498
4.70684
4.66865
4.6304
4.59209
4.55371
4.51528
4.4768
4.43825
4.39964
4.36097
4.32224
4.28345
4.2446
4.20569
4.16672
4.12768
4.08858
4.04941
4.01018
3.97089
3.93153
3.8921
3.8526
3.81303
3.77339
3.73368
3.6939
3.65404
3.61411
3.57409
3.534
3.49383
3.45357
3.41323
3.3728
3.33228
3.29167
3.25098
3.21018
3.16929
3.12831
3.08723
3.04604
3.00475
2.96336
2.92187
2.88027
2.83856
2.79675
2.75483
2.71281
2.67069
2.62848
2.58617
2.54377
2.50129
2.45874
2.41613
2.37348
2.3308
2.28811
2.24542
2.20275
2.16012
2.11753
2.07498
2.03249
1.99004
1.94765
1.90531
1.86304
1.82083
1.77867
1.73659
1.69457
7.71126
7.68004
7.64861
7.61696
7.58511
7.55307
7.52089
7.48857
7.45612
7.42356
7.39091
7.35816
7.32533
7.29243
7.25947
7.22644
7.19336
7.16023
7.12704
7.09381
7.06053
7.02721
6.99384
6.96042
6.92697
6.89347
6.85993
6.82635
6.79272
6.75905
6.72533
6.69157
6.65776
6.62391
6.59
6.55605
6.52205
6.48799
6.45389
6.41973
6.38553
6.35127
6.31695
6.28259
6.24817
6.21369
6.17916
6.14457
6.10993
6.07523
6.04047
6.00565
5.97078
5.93585
5.90087
5.86582
5.83072
5.79556
5.76034
5.72506
5.68972
5.65433
5.61887
5.58336
5.54779
5.51216
5.47647
5.44073
5.40492
5.36906
5.33314
5.29716
5.26112
5.22503
5.18888
5.15267
5.1164
5.08007
5.04369
5.00725
4.97075
4.9342
4.89759
4.86092
4.82419
4.78741
4.75057
4.71367
4.67672
4.63971
4.60264
4.56552
4.52833
4.49109
4.45379
4.41644
4.37902
4.34155
4.30402
4.26643
4.22878
4.19107
4.1533
4.11547
4.07757
4.03962
4.0016
3.96351
3.92536
3.88715
3.84887
3.81052
3.7721
3.73361
3.69505
3.65642
3.61771
3.57893
3.54007
3.50113
3.46211
3.423
3.38382
3.34454
3.30518
3.26572
3.22618
3.18654
3.14681
3.10698
3.06705
3.02703
2.9869
2.94667
2.90634
2.8659
2.82537
2.78473
2.74399
2.70315
2.66222
2.6212
2.5801
2.53891
2.49766
2.45636
2.41501
2.37364
2.33226
2.29088
2.24953
2.20821
2.16693
2.1257
2.08452
2.0434
2.00233
1.96131
1.92036
1.87947
1.83864
1.79787
1.75718
1.71653
7.57844
7.54829
7.51793
7.48736
7.4566
7.42566
7.39457
7.36336
7.33202
7.30057
7.26902
7.23738
7.20567
7.17389
7.14204
7.11013
7.07816
7.04615
7.01408
6.98197
6.94981
6.91761
6.88537
6.85308
6.82075
6.78838
6.75596
6.72351
6.69102
6.65848
6.62589
6.59326
6.56059
6.52787
6.4951
6.46229
6.42943
6.39652
6.36356
6.33055
6.29748
6.26437
6.23121
6.19799
6.16472
6.1314
6.09802
6.06459
6.03111
5.99757
5.96397
5.93032
5.89661
5.86285
5.82903
5.79516
5.76123
5.72724
5.6932
5.65909
5.62494
5.59072
5.55645
5.52212
5.48773
5.45329
5.41879
5.38423
5.34962
5.31495
5.28022
5.24544
5.2106
5.1757
5.14075
5.10574
5.07068
5.03556
5.00038
4.96515
4.92986
4.89452
4.85912
4.82367
4.78816
4.75259
4.71697
4.6813
4.64557
4.60978
4.57394
4.53804
4.50209
4.46608
4.43001
4.39389
4.35771
4.32147
4.28518
4.24883
4.21242
4.17596
4.13943
4.10284
4.0662
4.02949
3.99273
3.9559
3.919
3.88205
3.84502
3.80793
3.77078
3.73356
3.69626
3.6589
3.62146
3.58395
3.54636
3.5087
3.47095
3.43313
3.39522
3.35723
3.31916
3.28099
3.24274
3.2044
3.16596
3.12743
3.08881
3.05009
3.01127
2.97235
2.93333
2.89421
2.85499
2.81567
2.77626
2.73675
2.69715
2.65746
2.61769
2.57785
2.53794
2.49798
2.45799
2.41796
2.37794
2.33792
2.29792
2.25796
2.21804
2.17817
2.13835
2.09859
2.05888
2.01923
1.97964
1.94011
1.90065
1.86124
1.82191
1.78262
1.74342
7.44137
7.41231
7.38306
7.35361
7.32396
7.29415
7.2642
7.23412
7.20393
7.17362
7.14322
7.11273
7.08217
7.05154
7.02084
6.99008
6.95927
6.92841
6.8975
6.86654
6.83554
6.8045
6.77342
6.74229
6.71112
6.67991
6.64866
6.61738
6.58605
6.55467
6.52326
6.4918
6.4603
6.42875
6.39716
6.36552
6.33384
6.3021
6.27032
6.2385
6.20662
6.17469
6.14271
6.11069
6.07861
6.04647
6.01429
5.98206
5.94977
5.91742
5.88503
5.85258
5.82007
5.78751
5.7549
5.72223
5.68951
5.65674
5.6239
5.59102
5.55807
5.52508
5.49202
5.45891
5.42575
5.39253
5.35926
5.32593
5.29254
5.25911
5.22561
5.19206
5.15846
5.1248
5.09109
5.05732
5.0235
4.98962
4.95569
4.92171
4.88767
4.85358
4.81943
4.78523
4.75098
4.71667
4.68231
4.64789
4.61343
4.5789
4.54433
4.5097
4.47501
4.44027
4.40548
4.37063
4.33572
4.30076
4.26575
4.23068
4.19555
4.16037
4.12513
4.08983
4.05447
4.01906
3.98358
3.94805
3.91245
3.87679
3.84107
3.80528
3.76943
3.73351
3.69752
3.66147
3.62534
3.58914
3.55287
3.51652
3.4801
3.4436
3.40701
3.37035
3.3336
3.29677
3.25985
3.22284
3.18575
3.14856
3.11128
3.0739
3.03643
2.99886
2.9612
2.92344
2.88558
2.84763
2.80958
2.77144
2.73321
2.6949
2.65651
2.61805
2.57953
2.54096
2.50236
2.46373
2.42509
2.38647
2.34787
2.30931
2.27079
2.23232
2.19391
2.15554
2.11724
2.07899
2.04081
2.00269
1.96463
1.92663
1.88871
1.85082
1.81301
7.30018
7.27225
7.24415
7.21584
7.18735
7.1587
7.12992
7.10102
7.072
7.04287
7.01365
6.98434
6.95496
6.92551
6.896
6.86643
6.83681
6.80714
6.77742
6.74766
6.71785
6.688
6.65811
6.62817
6.5982
6.56819
6.53815
6.50806
6.47793
6.44776
6.41755
6.3873
6.357
6.32666
6.29628
6.26585
6.23538
6.20486
6.1743
6.14369
6.11303
6.08233
6.05157
6.02077
5.98991
5.95901
5.92805
5.89705
5.86599
5.83488
5.80372
5.77251
5.74124
5.70992
5.67855
5.64713
5.61565
5.58412
5.55254
5.5209
5.48921
5.45747
5.42567
5.39382
5.36192
5.32996
5.29795
5.26588
5.23377
5.2016
5.16937
5.13709
5.10476
5.07238
5.03994
5.00745
4.97491
4.94232
4.90967
4.87697
4.84422
4.81142
4.77856
4.74565
4.71269
4.67968
4.64662
4.6135
4.58033
4.54711
4.51384
4.48051
4.44713
4.4137
4.38022
4.34668
4.31309
4.27944
4.24575
4.212
4.17819
4.14433
4.11041
4.07644
4.04241
4.00832
3.97418
3.93997
3.90571
3.87139
3.837
3.80256
3.76805
3.73347
3.69883
3.66412
3.62935
3.5945
3.55959
3.5246
3.48953
3.45439
3.41918
3.38388
3.3485
3.31304
3.27749
3.24186
3.20614
3.17034
3.13444
3.09845
3.06237
3.0262
2.98993
2.95357
2.91711
2.88056
2.84392
2.80719
2.77038
2.73349
2.69652
2.65948
2.62239
2.58525
2.54807
2.51088
2.47368
2.43649
2.39933
2.36221
2.32513
2.2881
2.25113
2.21421
2.17735
2.14055
2.10381
2.06714
2.03053
1.99397
1.95749
1.92105
1.88467
1.84836
7.15504
7.12827
7.10135
7.07422
7.04691
7.01946
6.99188
6.96418
6.93637
6.90845
6.88044
6.85236
6.82419
6.79596
6.76767
6.73932
6.71092
6.68247
6.65397
6.62543
6.59685
6.56823
6.53957
6.51086
6.48212
6.45335
6.42453
6.39568
6.36678
6.33785
6.30888
6.27987
6.25081
6.22172
6.19258
6.1634
6.13417
6.1049
6.07559
6.04623
6.01682
5.98737
5.95787
5.92833
5.89873
5.86909
5.8394
5.80966
5.77987
5.75003
5.72014
5.6902
5.6602
5.63016
5.60007
5.56992
5.53973
5.50948
5.47918
5.44883
5.41843
5.38797
5.35747
5.32691
5.2963
5.26564
5.23493
5.20416
5.17335
5.14248
5.11156
5.08059
5.04957
5.0185
4.98737
4.9562
4.92497
4.8937
4.86237
4.83099
4.79956
4.76808
4.73656
4.70497
4.67334
4.64166
4.60993
4.57815
4.54632
4.51443
4.4825
4.45052
4.41848
4.3864
4.35426
4.32207
4.28983
4.25754
4.2252
4.1928
4.16035
4.12785
4.09529
4.06268
4.03002
3.9973
3.96452
3.93169
3.8988
3.86585
3.83284
3.79977
3.76664
3.73345
3.70019
3.66687
3.63349
3.60003
3.56651
3.53291
3.49925
3.46551
3.43169
3.3978
3.36383
3.32978
3.29564
3.26143
3.22713
3.19274
3.15827
3.12371
3.08906
3.05431
3.01948
2.98456
2.94954
2.91444
2.87925
2.84397
2.80861
2.77317
2.73766
2.70209
2.66646
2.63079
2.59509
2.55936
2.52364
2.48793
2.45225
2.4166
2.381
2.34545
2.30996
2.27452
2.23915
2.20383
2.16858
2.13338
2.09825
2.06318
2.02818
1.99323
1.95833
1.92349
1.88872
7.0061
6.98052
6.95481
6.92889
6.90279
6.87657
6.85023
6.82376
6.79719
6.77051
6.74375
6.71691
6.68999
6.66301
6.63597
6.60887
6.58173
6.55453
6.52729
6.50001
6.47268
6.44532
6.41792
6.39048
6.363
6.33549
6.30794
6.28035
6.25273
6.22506
6.19736
6.16962
6.14184
6.11402
6.08616
6.05826
6.03031
6.00232
5.97429
5.94622
5.9181
5.88994
5.86173
5.83347
5.80517
5.77682
5.74843
5.71998
5.69149
5.66296
5.63437
5.60573
5.57705
5.54831
5.51953
5.4907
5.46182
5.43289
5.40391
5.37488
5.34579
5.31666
5.28748
5.25825
5.22897
5.19964
5.17026
5.14083
5.11135
5.08182
5.05224
5.02261
4.99294
4.96321
4.93343
4.90361
4.87373
4.84381
4.81384
4.78381
4.75374
4.72362
4.69346
4.66324
4.63297
4.60266
4.57229
4.54188
4.51142
4.48091
4.45035
4.41975
4.38909
4.35839
4.32763
4.29683
4.26597
4.23507
4.20412
4.17311
4.14206
4.11095
4.07979
4.04858
4.01731
3.986
3.95463
3.9232
3.89172
3.86018
3.82858
3.79693
3.76522
3.73344
3.70161
3.66971
3.63775
3.60572
3.57362
3.54146
3.50923
3.47693
3.44455
3.4121
3.37957
3.34697
3.31429
3.28152
3.24868
3.21575
3.18274
3.14964
3.11646
3.08318
3.04983
3.01638
2.98284
2.94922
2.91552
2.88173
2.84786
2.81392
2.77991
2.74584
2.71171
2.67754
2.64335
2.60914
2.57492
2.54073
2.50656
2.47242
2.43834
2.40431
2.37034
2.33642
2.30256
2.26876
2.23503
2.20136
2.16775
2.1342
2.10071
2.06728
2.0339
2.00056
1.96731
6.85349
6.82915
6.80467
6.77999
6.75515
6.73018
6.7051
6.6799
6.65459
6.62919
6.60371
6.57814
6.5525
6.5268
6.50104
6.47523
6.44937
6.42345
6.3975
6.37151
6.34547
6.3194
6.29329
6.26714
6.24096
6.21474
6.18849
6.1622
6.13587
6.10951
6.08311
6.05668
6.0302
6.00369
5.97713
5.95054
5.92391
5.89723
5.87051
5.84376
5.81696
5.79011
5.76322
5.73629
5.70932
5.68229
5.65523
5.62812
5.60096
5.57375
5.5465
5.5192
5.49186
5.46446
5.43703
5.40954
5.382
5.35442
5.32679
5.29911
5.27139
5.24361
5.21579
5.18792
5.16
5.13203
5.10402
5.07596
5.04784
5.01969
4.99148
4.96322
4.93492
4.90657
4.87818
4.84973
4.82124
4.7927
4.76412
4.73549
4.70681
4.67808
4.64931
4.62049
4.59162
4.5627
4.53374
4.50473
4.47568
4.44658
4.41743
4.38823
4.35899
4.3297
4.30036
4.27097
4.24154
4.21206
4.18253
4.15295
4.12332
4.09365
4.06392
4.03414
4.00431
3.97443
3.9445
3.91451
3.88447
3.85438
3.82423
3.79403
3.76377
3.73345
3.70307
3.67263
3.64212
3.61156
3.58093
3.55024
3.51948
3.48864
3.45774
3.42677
3.39572
3.3646
3.3334
3.30213
3.27078
3.23934
3.20783
3.17623
3.14455
3.11278
3.08093
3.049
3.01698
2.98488
2.95269
2.92043
2.88809
2.85568
2.82321
2.79067
2.75809
2.72546
2.69281
2.66014
2.62748
2.59483
2.56221
2.52963
2.4971
2.46462
2.4322
2.39984
2.36753
2.33529
2.30311
2.271
2.23894
2.20694
2.17501
2.14313
2.1113
2.07952
2.04781
2.01613
6.69739
6.67431
6.6511
6.62768
6.60411
6.58043
6.55664
6.53274
6.50873
6.48463
6.46045
6.43619
6.41186
6.38747
6.36302
6.33851
6.31397
6.28937
6.26473
6.24006
6.21534
6.19059
6.1658
6.14098
6.11612
6.09122
6.0663
6.04134
6.01634
5.99131
5.96624
5.94114
5.916
5.89082
5.86561
5.84035
5.81506
5.78973
5.76436
5.73895
5.71349
5.688
5.66246
5.63689
5.61127
5.5856
5.55989
5.53414
5.50835
5.48251
5.45662
5.43069
5.40472
5.3787
5.35263
5.32652
5.30036
5.27416
5.24791
5.22162
5.19528
5.16889
5.14245
5.11597
5.08945
5.06288
5.03626
5.0096
4.98289
4.95613
4.92933
4.90248
4.87559
4.84865
4.82166
4.79463
4.76756
4.74044
4.71327
4.68606
4.6588
4.6315
4.60415
4.57676
4.54933
4.52184
4.49432
4.46674
4.43913
4.41147
4.38376
4.35601
4.32821
4.30036
4.27247
4.24454
4.21656
4.18853
4.16046
4.13234
4.10417
4.07596
4.04769
4.01938
3.99102
3.96261
3.93415
3.90564
3.87708
3.84846
3.81979
3.79107
3.7623
3.73346
3.70457
3.67562
3.64662
3.61755
3.58842
3.55923
3.52997
3.50064
3.47125
3.44179
3.41226
3.38265
3.35297
3.32322
3.2934
3.26349
3.23351
3.20345
3.1733
3.14308
3.11277
3.08239
3.05192
3.02137
2.99074
2.96004
2.92926
2.89842
2.86751
2.83655
2.80554
2.77449
2.74342
2.71234
2.68125
2.65018
2.61915
2.58815
2.55721
2.52632
2.49549
2.46471
2.434
2.40334
2.37275
2.34223
2.31176
2.28135
2.251
2.22071
2.19046
2.16027
2.13013
2.10004
2.06999
6.53794
6.51615
6.49422
6.4721
6.44984
6.42748
6.40501
6.38242
6.35974
6.33697
6.31412
6.29119
6.2682
6.24514
6.22203
6.19887
6.17566
6.15241
6.12912
6.10579
6.08242
6.05902
6.03558
6.0121
5.9886
5.96506
5.94149
5.91788
5.89424
5.87057
5.84687
5.82313
5.79935
5.77554
5.75169
5.72781
5.70388
5.67993
5.65593
5.63189
5.60782
5.5837
5.55955
5.53535
5.51112
5.48684
5.46252
5.43816
5.41375
5.38931
5.36482
5.34029
5.31571
5.29109
5.26643
5.24173
5.21698
5.19218
5.16735
5.14246
5.11754
5.09257
5.06755
5.04249
5.01739
4.99225
4.96705
4.94182
4.91654
4.89122
4.86585
4.84044
4.81498
4.78948
4.76394
4.73836
4.71273
4.68706
4.66134
4.63558
4.60978
4.58393
4.55804
4.53211
4.50613
4.48011
4.45405
4.42795
4.4018
4.37561
4.34937
4.3231
4.29677
4.27041
4.244
4.21755
4.19105
4.16451
4.13793
4.1113
4.08462
4.0579
4.03113
4.00432
3.97746
3.95055
3.92359
3.89659
3.86953
3.84243
3.81527
3.78807
3.76081
3.73349
3.70612
3.6787
3.65122
3.62368
3.59608
3.56842
3.5407
3.51291
3.48506
3.45715
3.42916
3.40111
3.37298
3.34479
3.31652
3.28817
3.25976
3.23126
3.20269
3.17404
3.14531
3.11651
3.08762
3.05866
3.02963
3.00052
2.97134
2.9421
2.91279
2.88344
2.85403
2.8246
2.79513
2.76566
2.73619
2.70674
2.67732
2.64794
2.61862
2.58935
2.56013
2.53098
2.50189
2.47286
2.44389
2.41498
2.38613
2.35734
2.32861
2.29994
2.27131
2.24274
2.21421
2.18573
2.15728
2.12889
6.37528
6.35481
6.3342
6.3134
6.29248
6.27146
6.25033
6.2291
6.20777
6.18635
6.16486
6.14329
6.12166
6.09996
6.07822
6.05643
6.03459
6.01271
5.99078
5.96883
5.94684
5.92481
5.90274
5.88065
5.85852
5.83636
5.81417
5.79195
5.7697
5.74742
5.7251
5.70275
5.68036
5.65795
5.63549
5.613
5.59048
5.56792
5.54533
5.52269
5.50002
5.47732
5.45457
5.43179
5.40896
5.3861
5.3632
5.34025
5.31727
5.29425
5.27118
5.24807
5.22493
5.20174
5.17851
5.15524
5.13192
5.10857
5.08517
5.06173
5.03825
5.01472
4.99116
4.96755
4.9439
4.9202
4.89647
4.87269
4.84887
4.82501
4.8011
4.77716
4.75317
4.72914
4.70507
4.68096
4.65681
4.63261
4.60837
4.5841
4.55978
4.53541
4.51101
4.48657
4.46208
4.43756
4.41299
4.38838
4.36373
4.33904
4.31431
4.28954
4.26472
4.23986
4.21497
4.19003
4.16504
4.14002
4.11495
4.08984
4.06469
4.03949
4.01425
3.98896
3.96363
3.93826
3.91283
3.88737
3.86185
3.83629
3.81067
3.78501
3.7593
3.73353
3.70772
3.68185
3.65592
3.62994
3.60391
3.57781
3.55166
3.52544
3.49917
3.47282
3.44642
3.41994
3.3934
3.36679
3.34012
3.31337
3.28655
3.25965
3.23268
3.20564
3.17852
3.15133
3.12406
3.09672
3.06931
3.04183
3.01428
2.98666
2.95899
2.93128
2.90351
2.87572
2.8479
2.82007
2.79225
2.76444
2.73667
2.70894
2.68126
2.65365
2.62609
2.59858
2.57114
2.54376
2.51645
2.48919
2.46199
2.43485
2.40777
2.38074
2.35376
2.32684
2.29995
2.27312
2.2463
2.21954
6.20958
6.19045
6.17118
6.15173
6.13218
6.11253
6.09277
6.0729
6.05295
6.03291
6.0128
5.99262
5.97237
5.95207
5.93172
5.91131
5.89087
5.87039
5.84986
5.8293
5.80871
5.78808
5.76742
5.74673
5.72601
5.70526
5.68448
5.66367
5.64283
5.62196
5.60105
5.58012
5.55915
5.53815
5.51712
5.49606
5.47496
5.45382
5.43266
5.41145
5.39022
5.36894
5.34763
5.32628
5.3049
5.28348
5.26202
5.24052
5.21898
5.19741
5.17579
5.15414
5.13245
5.11071
5.08894
5.06713
5.04528
5.02339
5.00146
4.97949
4.95748
4.93543
4.91333
4.8912
4.86903
4.84682
4.82457
4.80227
4.77994
4.75757
4.73515
4.7127
4.69021
4.66768
4.64511
4.62249
4.59984
4.57715
4.55442
4.53165
4.50885
4.486
4.46311
4.44018
4.41722
4.39421
4.37117
4.34808
4.32496
4.3018
4.2786
4.25536
4.23208
4.20876
4.1854
4.162
4.13856
4.11507
4.09155
4.06799
4.04439
4.02074
3.99706
3.97333
3.94956
3.92574
3.90188
3.87798
3.85403
3.83004
3.806
3.78191
3.75778
3.73359
3.70935
3.68507
3.66073
3.63634
3.61189
3.58739
3.56284
3.53822
3.51355
3.48881
3.46401
3.43915
3.41422
3.38923
3.36417
3.33905
3.31385
3.28859
3.26325
3.23784
3.21237
3.18682
3.1612
3.13551
3.10975
3.08392
3.05803
3.03208
3.00608
2.98003
2.95393
2.92781
2.90167
2.87551
2.84936
2.82323
2.79714
2.77109
2.74509
2.71916
2.69328
2.66746
2.6417
2.616
2.59036
2.56479
2.53927
2.51381
2.4884
2.46305
2.43775
2.41249
2.38728
2.36211
2.33698
2.31187
2.2868
6.04099
6.02323
6.00531
5.98725
5.96908
5.95082
5.93245
5.91399
5.89543
5.8768
5.85809
5.83932
5.82048
5.80159
5.78266
5.76367
5.74464
5.72558
5.70648
5.68734
5.66817
5.64897
5.62974
5.61048
5.59119
5.57187
5.55252
5.53314
5.51374
5.49431
5.47484
5.45535
5.43582
5.41627
5.39668
5.37707
5.35742
5.33774
5.31802
5.29827
5.27849
5.25868
5.23883
5.21894
5.19902
5.17907
5.15907
5.13905
5.11898
5.09888
5.07874
5.05857
5.03836
5.01811
4.99782
4.97749
4.95713
4.93673
4.91629
4.89582
4.8753
4.85475
4.83416
4.81353
4.79286
4.77216
4.75141
4.73063
4.70981
4.68895
4.66806
4.64712
4.62615
4.60514
4.5841
4.56301
4.54189
4.52074
4.49954
4.47831
4.45703
4.43573
4.41438
4.393
4.37157
4.35012
4.32862
4.30709
4.28552
4.26391
4.24227
4.22059
4.19887
4.17711
4.15532
4.13349
4.11161
4.08971
4.06776
4.04577
4.02375
4.00168
3.97958
3.95743
3.93525
3.91302
3.89075
3.86844
3.84609
3.82369
3.80125
3.77877
3.75624
3.73366
3.71103
3.68836
3.66563
3.64286
3.62003
3.59715
3.57422
3.55123
3.52819
3.50509
3.48192
3.4587
3.43542
3.41207
3.38866
3.36519
3.34165
3.31804
3.29437
3.27063
3.24682
3.22294
3.199
3.17499
3.15091
3.12677
3.10257
3.07831
3.054
3.02965
3.00525
2.98083
2.95639
2.93194
2.90749
2.88307
2.85868
2.83433
2.81005
2.78582
2.76165
2.73754
2.71349
2.6895
2.66557
2.6417
2.61789
2.59414
2.57044
2.54679
2.52319
2.49963
2.47612
2.45265
2.42921
2.4058
2.38241
2.35907
5.88594
5.86967
5.85328
5.83675
5.8201
5.80334
5.78649
5.76953
5.75249
5.73535
5.71815
5.70087
5.68352
5.66612
5.64867
5.63117
5.61363
5.59604
5.57842
5.56076
5.54307
5.52535
5.5076
5.48982
5.47201
5.45417
5.43631
5.41842
5.4005
5.38255
5.36458
5.34658
5.32855
5.31049
5.29241
5.27429
5.25614
5.23797
5.21976
5.20152
5.18326
5.16495
5.14662
5.12826
5.10986
5.09142
5.07296
5.05446
5.03593
5.01736
4.99876
4.98012
4.96145
4.94274
4.924
4.90522
4.8864
4.86755
4.84867
4.82975
4.81079
4.79179
4.77276
4.7537
4.7346
4.71546
4.69629
4.67708
4.65783
4.63855
4.61923
4.59988
4.58049
4.56106
4.5416
4.52211
4.50257
4.48301
4.46341
4.44377
4.42409
4.40439
4.38464
4.36486
4.34505
4.3252
4.30531
4.28539
4.26544
4.24544
4.22542
4.20536
4.18526
4.16513
4.14496
4.12476
4.10452
4.08424
4.06393
4.04358
4.0232
4.00278
3.98232
3.96182
3.94129
3.92071
3.9001
3.87945
3.85876
3.83803
3.81725
3.79644
3.77558
3.75468
3.73374
3.71274
3.69171
3.67062
3.64949
3.62831
3.60709
3.5858
3.56447
3.54308
3.52164
3.50014
3.47859
3.45697
3.4353
3.41356
3.39177
3.36991
3.34799
3.32601
3.30396
3.28185
3.25967
3.23743
3.21513
3.19276
3.17033
3.14785
3.12531
3.10272
3.08009
3.05742
3.03473
3.01201
2.98929
2.96658
2.94388
2.92123
2.89862
2.87607
2.85357
2.83114
2.80877
2.78645
2.7642
2.742
2.71987
2.69779
2.67577
2.6538
2.63188
2.61
2.58817
2.56639
2.54464
2.52292
2.50123
2.47955
2.45792
5.71061
5.69577
5.68078
5.66566
5.65043
5.6351
5.61968
5.60415
5.58855
5.57286
5.5571
5.54127
5.52538
5.50943
5.49344
5.4774
5.46131
5.44519
5.42903
5.41284
5.39662
5.38037
5.36409
5.34778
5.33145
5.31508
5.2987
5.28228
5.26585
5.24938
5.23289
5.21638
5.19984
5.18327
5.16667
5.15005
5.1334
5.11671
5.10001
5.08327
5.0665
5.0497
5.03287
5.01602
4.99913
4.9822
4.96525
4.94827
4.93125
4.9142
4.89712
4.88001
4.86286
4.84568
4.82847
4.81122
4.79394
4.77662
4.75928
4.74189
4.72448
4.70703
4.68955
4.67203
4.65448
4.63689
4.61927
4.60162
4.58393
4.56621
4.54846
4.53067
4.51285
4.49499
4.4771
4.45918
4.44123
4.42324
4.40521
4.38716
4.36907
4.35095
4.33279
4.3146
4.29638
4.27812
4.25984
4.24151
4.22316
4.20477
4.18635
4.1679
4.14941
4.13089
4.11233
4.09374
4.07512
4.05647
4.03778
4.01905
4.00029
3.9815
3.96267
3.94381
3.92491
3.90597
3.887
3.86799
3.84894
3.82985
3.81073
3.79156
3.77236
3.75311
3.73382
3.7145
3.69512
3.6757
3.65624
3.63673
3.61718
3.59757
3.57792
3.55821
3.53846
3.51865
3.49878
3.47886
3.45889
3.43885
3.41876
3.39862
3.37841
3.35814
3.33781
3.31742
3.29697
3.27646
3.25588
3.23525
3.21457
3.19382
3.17303
3.15219
3.13131
3.11039
3.08945
3.06849
3.04753
3.02657
3.00563
2.98473
2.96388
2.94309
2.92236
2.90169
2.88108
2.86052
2.84003
2.81959
2.79921
2.77889
2.75863
2.73841
2.71824
2.69812
2.67804
2.65801
2.638
2.61803
2.59808
2.57814
2.55824
2.53834
5.53286
5.51944
5.50587
5.49217
5.47838
5.4645
5.45053
5.43646
5.42231
5.40809
5.39379
5.37943
5.36501
5.35054
5.33602
5.32146
5.30686
5.29222
5.27755
5.26285
5.24812
5.23336
5.21857
5.20375
5.18891
5.17405
5.15916
5.14424
5.12931
5.11435
5.09936
5.08435
5.06932
5.05426
5.03917
5.02406
5.00893
4.99376
4.97857
4.96335
4.94811
4.93284
4.91753
4.9022
4.88684
4.87145
4.85604
4.84059
4.82511
4.8096
4.79406
4.77849
4.76289
4.74726
4.7316
4.7159
4.70018
4.68442
4.66863
4.65281
4.63696
4.62108
4.60516
4.58922
4.57324
4.55723
4.54119
4.52511
4.50901
4.49287
4.4767
4.4605
4.44427
4.428
4.41171
4.39538
4.37902
4.36263
4.34621
4.32976
4.31328
4.29677
4.28022
4.26364
4.24704
4.2304
4.21373
4.19703
4.1803
4.16353
4.14674
4.12992
4.11306
4.09617
4.07925
4.0623
4.04532
4.02831
4.01126
3.99418
3.97707
3.95993
3.94276
3.92555
3.9083
3.89103
3.87372
3.85637
3.83899
3.82157
3.80412
3.78663
3.7691
3.75153
3.73392
3.71628
3.69859
3.68086
3.66309
3.64528
3.62742
3.60952
3.59156
3.57357
3.55552
3.53742
3.51927
3.50107
3.48282
3.46451
3.44615
3.42773
3.40926
3.39073
3.37215
3.3535
3.3348
3.31604
3.29723
3.27836
3.25943
3.24046
3.22144
3.20237
3.18326
3.16412
3.14496
3.12578
3.1066
3.08742
3.06826
3.04914
3.03007
3.01107
2.99212
2.97324
2.95441
2.93564
2.91692
2.89827
2.87967
2.86113
2.84264
2.8242
2.80581
2.78747
2.76916
2.75089
2.73266
2.71446
2.69627
2.6781
2.65995
2.64181
2.62366
5.35283
5.34083
5.32871
5.31645
5.30412
5.2917
5.27919
5.2666
5.25392
5.24118
5.22837
5.2155
5.20257
5.1896
5.17657
5.16351
5.15041
5.13727
5.12411
5.11091
5.09768
5.08443
5.07116
5.05785
5.04453
5.03118
5.01781
5.00441
4.991
4.97756
4.9641
4.95062
4.93711
4.92358
4.91002
4.89645
4.88284
4.86922
4.85556
4.84189
4.82818
4.81445
4.8007
4.78692
4.77311
4.75927
4.74541
4.73151
4.7176
4.70365
4.68967
4.67567
4.66163
4.64757
4.63348
4.61936
4.60521
4.59103
4.57682
4.56258
4.54831
4.53402
4.51969
4.50533
4.49095
4.47653
4.46209
4.44761
4.43311
4.41858
4.40401
4.38942
4.3748
4.36015
4.34546
4.33076
4.31602
4.30125
4.28645
4.27163
4.25677
4.24189
4.22697
4.21203
4.19706
4.18206
4.16703
4.15197
4.13688
4.12177
4.10662
4.09145
4.07625
4.06101
4.04575
4.03046
4.01514
3.99979
3.98441
3.969
3.95356
3.93809
3.92259
3.90706
3.89149
3.8759
3.86027
3.84461
3.82892
3.81319
3.79743
3.78163
3.7658
3.74994
3.73403
3.71809
3.70212
3.6861
3.67004
3.65394
3.6378
3.62162
3.6054
3.58913
3.57281
3.55645
3.54004
3.52358
3.50707
3.49051
3.4739
3.45724
3.44053
3.42376
3.40694
3.39006
3.37314
3.35615
3.33912
3.32203
3.3049
3.28771
3.27048
3.25321
3.2359
3.21856
3.2012
3.18382
3.16644
3.14906
3.13171
3.11439
3.09713
3.07994
3.0628
3.04572
3.02869
3.01173
2.99482
2.97797
2.96117
2.94443
2.92775
2.91111
2.89451
2.87796
2.86145
2.84497
2.82853
2.81211
2.79571
2.77933
2.76295
2.7466
2.73022
2.71386
5.17068
5.16011
5.14943
5.13864
5.12777
5.11683
5.10581
5.0947
5.08353
5.07228
5.06097
5.04961
5.03819
5.02672
5.01521
5.00367
4.99209
4.98047
4.96882
4.95715
4.94545
4.93373
4.92198
4.91021
4.89842
4.8866
4.87477
4.86291
4.85103
4.83914
4.82722
4.81528
4.80332
4.79134
4.77933
4.7673
4.75525
4.74318
4.73109
4.71897
4.70683
4.69466
4.68247
4.67025
4.65801
4.64575
4.63345
4.62114
4.6088
4.59643
4.58403
4.57161
4.55916
4.54669
4.53419
4.52166
4.5091
4.49652
4.48391
4.47127
4.45861
4.44592
4.4332
4.42045
4.40768
4.39488
4.38205
4.36919
4.35631
4.3434
4.33046
4.31749
4.3045
4.29148
4.27844
4.26536
4.25226
4.23913
4.22598
4.2128
4.19959
4.18635
4.17309
4.1598
4.14649
4.13314
4.11977
4.10638
4.09296
4.07951
4.06603
4.05253
4.039
4.02544
4.01185
3.99824
3.9846
3.97094
3.95724
3.94352
3.92977
3.91599
3.90219
3.88835
3.87449
3.86059
3.84667
3.83272
3.81873
3.80471
3.79067
3.77659
3.76248
3.74833
3.73415
3.71994
3.70569
3.6914
3.67708
3.66272
3.64832
3.63388
3.61941
3.60488
3.59032
3.57571
3.56106
3.54636
3.53162
3.51683
3.50199
3.48711
3.47218
3.45719
3.44216
3.42708
3.41194
3.39676
3.38152
3.36624
3.35091
3.33554
3.32013
3.30467
3.28918
3.27367
3.25813
3.24257
3.22701
3.21146
3.19593
3.18043
3.165
3.14963
3.13432
3.11907
3.10387
3.08873
3.07365
3.05862
3.04365
3.02873
3.01386
2.99904
2.98427
2.96953
2.95483
2.94017
2.92553
2.91092
2.89632
2.88174
2.86717
2.85261
2.83802
2.82345
4.98653
4.97741
4.9682
4.95889
4.9495
4.94005
4.93053
4.92093
4.91126
4.90153
4.89173
4.88189
4.872
4.86206
4.85208
4.84207
4.83202
4.82194
4.81184
4.80171
4.79155
4.78137
4.77117
4.76095
4.7507
4.74044
4.73016
4.71985
4.70953
4.69919
4.68883
4.67846
4.66806
4.65764
4.6472
4.63674
4.62626
4.61576
4.60524
4.5947
4.58414
4.57355
4.56294
4.55231
4.54165
4.53098
4.52028
4.50955
4.4988
4.48803
4.47724
4.46642
4.45557
4.4447
4.43381
4.42289
4.41194
4.40098
4.38998
4.37896
4.36792
4.35685
4.34576
4.33464
4.3235
4.31233
4.30113
4.28991
4.27867
4.2674
4.2561
4.24478
4.23344
4.22207
4.21067
4.19925
4.18781
4.17634
4.16485
4.15333
4.14179
4.13022
4.11863
4.10701
4.09536
4.0837
4.07201
4.06029
4.04855
4.03679
4.025
4.01318
4.00134
3.98948
3.97759
3.96568
3.95374
3.94177
3.92978
3.91777
3.90573
3.89366
3.88157
3.86945
3.8573
3.84513
3.83293
3.8207
3.80844
3.79615
3.78384
3.77149
3.75912
3.74672
3.73428
3.72181
3.70931
3.69677
3.68421
3.6716
3.65896
3.64629
3.63357
3.62082
3.60803
3.5952
3.58232
3.56941
3.55645
3.54345
3.53041
3.51732
3.50418
3.491
3.47778
3.4645
3.45118
3.43782
3.4244
3.41095
3.39745
3.38391
3.37033
3.35671
3.34306
3.32939
3.31569
3.30198
3.28826
3.27455
3.26086
3.24721
3.23363
3.22011
3.20664
3.19323
3.17988
3.16659
3.15335
3.14016
3.12703
3.11395
3.10092
3.08794
3.075
3.06209
3.04923
3.03639
3.02358
3.0108
2.99802
2.98526
2.9725
2.95975
2.94699
2.93421
2.92143
4.80055
4.79289
4.78516
4.77734
4.76945
4.76151
4.75349
4.74541
4.73727
4.72906
4.7208
4.7125
4.70414
4.69575
4.68732
4.67885
4.67035
4.66183
4.65328
4.6447
4.6361
4.62748
4.61884
4.61018
4.6015
4.59281
4.58409
4.57536
4.56661
4.55785
4.54906
4.54026
4.53144
4.5226
4.51375
4.50487
4.49598
4.48707
4.47814
4.46918
4.46021
4.45122
4.44221
4.43318
4.42413
4.41506
4.40596
4.39685
4.38771
4.37855
4.36937
4.36016
4.35094
4.34169
4.33242
4.32313
4.31381
4.30448
4.29511
4.28573
4.27633
4.2669
4.25744
4.24797
4.23847
4.22895
4.21941
4.20984
4.20025
4.19064
4.181
4.17135
4.16166
4.15196
4.14223
4.13249
4.12271
4.11292
4.1031
4.09327
4.0834
4.07352
4.06361
4.05368
4.04373
4.03376
4.02376
4.01374
4.0037
3.99364
3.98355
3.97345
3.96331
3.95316
3.94298
3.93279
3.92256
3.91232
3.90205
3.89176
3.88145
3.87111
3.86074
3.85036
3.83995
3.82951
3.81905
3.80856
3.79805
3.78751
3.77695
3.76636
3.75574
3.74509
3.73441
3.72371
3.71297
3.7022
3.69141
3.68058
3.66972
3.65882
3.64789
3.63692
3.62592
3.61489
3.60381
3.59269
3.58154
3.57034
3.55911
3.54783
3.53652
3.52516
3.51376
3.50231
3.49083
3.4793
3.46773
3.45611
3.44446
3.43277
3.42104
3.40928
3.39749
3.38568
3.37384
3.362
3.35014
3.33829
3.32646
3.31467
3.30295
3.2913
3.2797
3.26815
3.25666
3.24523
3.23385
3.22252
3.21125
3.20003
3.18885
3.17772
3.16663
3.15558
3.14456
3.13357
3.1226
3.11166
3.10072
3.08979
3.07887
3.06795
3.05702
3.04607
3.0351
3.02413
4.61288
4.60669
4.60046
4.59414
4.58776
4.58133
4.57485
4.5683
4.56169
4.55503
4.54831
4.54156
4.53476
4.52792
4.52105
4.51414
4.50721
4.50025
4.49327
4.48626
4.47924
4.47219
4.46513
4.45805
4.45095
4.44383
4.4367
4.42955
4.42239
4.41521
4.40801
4.4008
4.39358
4.38633
4.37908
4.3718
4.36451
4.3572
4.34987
4.34253
4.33516
4.32778
4.32039
4.31297
4.30553
4.29808
4.2906
4.28311
4.2756
4.26807
4.26052
4.25295
4.24536
4.23774
4.23011
4.22246
4.21479
4.2071
4.19938
4.19165
4.1839
4.17612
4.16832
4.16051
4.15267
4.14482
4.13694
4.12904
4.12112
4.11318
4.10522
4.09724
4.08924
4.08122
4.07317
4.06511
4.05703
4.04892
4.0408
4.03266
4.02449
4.01631
4.0081
3.99988
3.99163
3.98337
3.97508
3.96678
3.95845
3.9501
3.94174
3.93335
3.92494
3.91652
3.90807
3.8996
3.89111
3.8826
3.87407
3.86552
3.85695
3.84835
3.83974
3.8311
3.82244
3.81376
3.80505
3.79632
3.78757
3.7788
3.77
3.76117
3.75232
3.74345
3.73455
3.72563
3.71667
3.70769
3.69868
3.68964
3.68057
3.67147
3.66234
3.65318
3.64399
3.63476
3.62549
3.61619
3.60686
3.59749
3.58808
3.57864
3.56916
3.55964
3.55008
3.54048
3.53084
3.52116
3.51145
3.5017
3.49191
3.48209
3.47223
3.46234
3.45243
3.44249
3.43253
3.42257
3.41259
3.40262
3.39266
3.38275
3.37291
3.36314
3.35342
3.34375
3.33414
3.32459
3.31509
3.30564
3.29624
3.28689
3.27758
3.26832
3.2591
3.24991
3.24075
3.23162
3.22251
3.21342
3.20434
3.19526
3.18619
3.17711
3.16802
3.15891
3.14977
3.14063
4.42367
4.41897
4.41425
4.40944
4.40459
4.39969
4.39474
4.38973
4.38467
4.37956
4.37441
4.36921
4.36398
4.35871
4.35341
4.34808
4.34272
4.33734
4.33194
4.32652
4.32108
4.31562
4.31015
4.30465
4.29915
4.29362
4.28809
4.28254
4.27697
4.2714
4.2658
4.2602
4.25458
4.24894
4.2433
4.23763
4.23195
4.22626
4.22055
4.21482
4.20908
4.20333
4.19756
4.19177
4.18596
4.18014
4.1743
4.16844
4.16257
4.15668
4.15077
4.14485
4.1389
4.13294
4.12696
4.12096
4.11495
4.10892
4.10286
4.09679
4.09071
4.0846
4.07847
4.07233
4.06617
4.05999
4.05379
4.04757
4.04134
4.03509
4.02881
4.02252
4.01622
4.00989
4.00354
3.99718
3.9908
3.9844
3.97799
3.97155
3.9651
3.95863
3.95214
3.94563
3.93911
3.93256
3.926
3.91942
3.91283
3.90621
3.89958
3.89293
3.88626
3.87957
3.87287
3.86614
3.8594
3.85264
3.84586
3.83906
3.83225
3.82541
3.81856
3.81168
3.80479
3.79787
3.79094
3.78398
3.77701
3.77001
3.76299
3.75595
3.74889
3.7418
3.7347
3.72756
3.72041
3.71322
3.70602
3.69878
3.69152
3.68424
3.67692
3.66958
3.6622
3.6548
3.64736
3.63989
3.63239
3.62486
3.6173
3.6097
3.60207
3.5944
3.5867
3.57896
3.57119
3.56338
3.55554
3.54766
3.53975
3.53181
3.52384
3.51585
3.50782
3.49978
3.49172
3.48365
3.47557
3.46749
3.45942
3.4514
3.44346
3.43559
3.42776
3.41999
3.41227
3.40461
3.39699
3.38943
3.38192
3.37446
3.36704
3.35966
3.35231
3.345
3.33772
3.33046
3.32323
3.316
3.30879
3.30158
3.29436
3.28714
3.27991
3.27265
3.26536
3.25806
3.25073
4.23308
4.22988
4.22667
4.22339
4.22007
4.21671
4.2133
4.20985
4.20635
4.20281
4.19922
4.1956
4.19194
4.18825
4.18454
4.18079
4.17702
4.17324
4.16943
4.1656
4.16176
4.1579
4.15402
4.15013
4.14623
4.14231
4.13839
4.13444
4.13049
4.12653
4.12255
4.11856
4.11456
4.11054
4.10652
4.10247
4.09842
4.09436
4.09028
4.08618
4.08208
4.07796
4.07382
4.06967
4.06551
4.06133
4.05714
4.05293
4.04871
4.04447
4.04022
4.03595
4.03167
4.02737
4.02305
4.01872
4.01438
4.01001
4.00564
4.00124
3.99683
3.9924
3.98796
3.9835
3.97903
3.97454
3.97003
3.96551
3.96097
3.95642
3.95185
3.94726
3.94266
3.93804
3.93341
3.92876
3.92409
3.91941
3.91471
3.91
3.90527
3.90052
3.89576
3.89099
3.8862
3.88139
3.87656
3.87172
3.86687
3.862
3.85711
3.85221
3.84729
3.84236
3.83741
3.83244
3.82746
3.82246
3.81745
3.81242
3.80737
3.80231
3.79723
3.79213
3.78701
3.78188
3.77673
3.77156
3.76637
3.76116
3.75594
3.75069
3.74543
3.74015
3.73484
3.72952
3.72417
3.7188
3.71341
3.708
3.70256
3.6971
3.69161
3.68609
3.68056
3.67499
3.66939
3.66377
3.65812
3.65244
3.64673
3.64099
3.63522
3.62942
3.62359
3.61773
3.61184
3.60591
3.59996
3.59397
3.58796
3.58192
3.57585
3.56975
3.56363
3.5575
3.55135
3.54519
3.53902
3.53285
3.52668
3.52057
3.51454
3.50857
3.50266
3.49679
3.49098
3.48522
3.47951
3.47385
3.46824
3.46267
3.45715
3.45166
3.44621
3.44079
3.4354
3.43003
3.42467
3.41933
3.41399
3.40865
3.40331
3.39795
3.39259
3.38719
3.38177
3.37632
3.37085
3.36532
4.04124
4.03956
4.03787
4.03614
4.03435
4.03254
4.0307
4.02881
4.02688
4.02491
4.0229
4.02086
4.01879
4.01669
4.01457
4.01242
4.01025
4.00806
4.00585
4.00363
4.0014
3.99914
3.99688
3.9946
3.99232
3.99002
3.98771
3.98538
3.98305
3.98071
3.97836
3.976
3.97362
3.97124
3.96884
3.96644
3.96402
3.96159
3.95915
3.9567
3.95424
3.95177
3.94928
3.94678
3.94427
3.94175
3.93921
3.93667
3.93411
3.93153
3.92895
3.92635
3.92373
3.92111
3.91847
3.91581
3.91315
3.91047
3.90777
3.90507
3.90234
3.89961
3.89686
3.8941
3.89132
3.88853
3.88573
3.88291
3.88008
3.87724
3.87438
3.87151
3.86862
3.86572
3.86281
3.85988
3.85694
3.85399
3.85102
3.84804
3.84505
3.84204
3.83902
3.83599
3.83294
3.82988
3.8268
3.82371
3.82061
3.8175
3.81437
3.81123
3.80807
3.8049
3.80172
3.79852
3.79531
3.79209
3.78885
3.7856
3.78233
3.77905
3.77575
3.77244
3.76912
3.76578
3.76242
3.75905
3.75566
3.75226
3.74884
3.7454
3.74195
3.73848
3.73499
3.73149
3.72796
3.72442
3.72085
3.71727
3.71367
3.71004
3.70639
3.70272
3.69903
3.69531
3.69157
3.68781
3.68402
3.6802
3.67636
3.67249
3.6686
3.66468
3.66073
3.65676
3.65276
3.64873
3.64467
3.64059
3.63648
3.63235
3.62819
3.62401
3.61982
3.6156
3.61137
3.60713
3.60289
3.59864
3.59439
3.59019
3.58609
3.58204
3.57804
3.5741
3.5702
3.56635
3.56256
3.55881
3.55511
3.55145
3.54784
3.54426
3.54071
3.53719
3.5337
3.53022
3.52676
3.52331
3.51986
3.5164
3.51294
3.50947
3.50598
3.50245
3.49891
3.49532
3.49172
3.48805
3.48437
3.84832
3.84816
3.84801
3.84782
3.84759
3.84733
3.84705
3.84674
3.84638
3.846
3.84558
3.84513
3.84465
3.84415
3.84363
3.84309
3.84252
3.84195
3.84135
3.84074
3.84012
3.83949
3.83885
3.83819
3.83753
3.83685
3.83617
3.83548
3.83478
3.83407
3.83335
3.83262
3.83189
3.83114
3.83039
3.82963
3.82886
3.82808
3.82729
3.82649
3.82568
3.82486
3.82403
3.8232
3.82235
3.82149
3.82062
3.81974
3.81885
3.81795
3.81704
3.81612
3.81519
3.81424
3.81329
3.81232
3.81134
3.81036
3.80936
3.80834
3.80732
3.80629
3.80524
3.80419
3.80312
3.80204
3.80095
3.79985
3.79873
3.79761
3.79647
3.79532
3.79417
3.793
3.79181
3.79062
3.78942
3.7882
3.78698
3.78574
3.78449
3.78323
3.78196
3.78068
3.77938
3.77808
3.77676
3.77543
3.77409
3.77274
3.77138
3.77001
3.76863
3.76723
3.76583
3.76441
3.76298
3.76154
3.76009
3.75863
3.75715
3.75566
3.75416
3.75265
3.75113
3.74959
3.74804
3.74647
3.7449
3.74331
3.7417
3.74008
3.73845
3.73681
3.73514
3.73347
3.73177
3.73006
3.72834
3.7266
3.72484
3.72306
3.72126
3.71945
3.71761
3.71575
3.71388
3.71198
3.71006
3.70812
3.70616
3.70417
3.70217
3.70014
3.69808
3.69601
3.69391
3.69178
3.68964
3.68747
3.68528
3.68307
3.68084
3.67859
3.67632
3.67404
3.67174
3.66944
3.66713
3.66482
3.66248
3.66022
3.65806
3.65594
3.65387
3.65185
3.64988
3.64796
3.64608
3.64426
3.64248
3.64074
3.63904
3.63737
3.63574
3.63413
3.63254
3.63097
3.62941
3.62786
3.62631
3.62474
3.62317
3.62159
3.61998
3.61834
3.61667
3.61496
3.61323
3.61143
3.60961
3.65446
3.65584
3.65724
3.65859
3.65992
3.66123
3.66252
3.66378
3.66501
3.66622
3.66739
3.66854
3.66967
3.67078
3.67186
3.67293
3.67399
3.67502
3.67605
3.67706
3.67807
3.67906
3.68004
3.68102
3.68199
3.68295
3.6839
3.68484
3.68578
3.68671
3.68763
3.68855
3.68946
3.69036
3.69126
3.69215
3.69303
3.69391
3.69478
3.69564
3.69649
3.69734
3.69818
3.69901
3.69983
3.70064
3.70145
3.70225
3.70304
3.70382
3.70459
3.70535
3.70611
3.70686
3.70759
3.70832
3.70904
3.70976
3.71046
3.71115
3.71184
3.71251
3.71318
3.71384
3.71448
3.71512
3.71575
3.71638
3.71699
3.71759
3.71819
3.71877
3.71935
3.71991
3.72047
3.72102
3.72156
3.72209
3.72261
3.72313
3.72363
3.72413
3.72461
3.72509
3.72556
3.72602
3.72647
3.72691
3.72735
3.72777
3.72819
3.72859
3.72899
3.72938
3.72976
3.73013
3.73049
3.73084
3.73119
3.73152
3.73185
3.73216
3.73246
3.73276
3.73304
3.73332
3.73358
3.73384
3.73408
3.73431
3.73453
3.73474
3.73494
3.73512
3.73529
3.73546
3.7356
3.73574
3.73586
3.73597
3.73606
3.73614
3.7362
3.73625
3.73628
3.73629
3.73629
3.73627
3.73623
3.73618
3.7361
3.73601
3.7359
3.73577
3.73562
3.73545
3.73526
3.73505
3.73482
3.73458
3.73432
3.73404
3.73374
3.73343
3.7331
3.73276
3.73241
3.73205
3.7317
3.73132
3.73092
3.73061
3.73038
3.7302
3.73006
3.72998
3.72994
3.72996
3.73002
3.73012
3.73027
3.73046
3.73068
3.73094
3.73122
3.73153
3.73186
3.7322
3.73255
3.7329
3.73325
3.73359
3.73392
3.73422
3.73451
3.73475
3.73497
3.73514
3.73529
3.73537
3.73541
3.73542
3.45982
3.46274
3.46569
3.4686
3.47149
3.47438
3.47725
3.48009
3.48291
3.48571
3.48849
3.49124
3.49398
3.4967
3.4994
3.50209
3.50476
3.50743
3.51008
3.51272
3.51535
3.51798
3.5206
3.52321
3.52581
3.52841
3.531
3.53359
3.53617
3.53875
3.54133
3.54389
3.54646
3.54901
3.55157
3.55412
3.55666
3.5592
3.56173
3.56426
3.56678
3.5693
3.57181
3.57431
3.57681
3.5793
3.58179
3.58427
3.58675
3.58922
3.59168
3.59414
3.59659
3.59903
3.60147
3.6039
3.60633
3.60875
3.61116
3.61356
3.61596
3.61835
3.62074
3.62312
3.62549
3.62785
3.63021
3.63256
3.63491
3.63725
3.63958
3.6419
3.64422
3.64653
3.64884
3.65113
3.65343
3.65571
3.65799
3.66026
3.66253
3.66479
3.66704
3.66928
3.67152
3.67375
3.67598
3.6782
3.68041
3.68262
3.68482
3.68701
3.68919
3.69137
3.69354
3.69571
3.69787
3.70002
3.70217
3.70431
3.70644
3.70856
3.71068
3.71279
3.71489
3.71698
3.71907
3.72114
3.72321
3.72527
3.72732
3.72937
3.7314
3.73343
3.73544
3.73745
3.73945
3.74143
3.74341
3.74538
3.74733
3.74927
3.7512
3.75312
3.75502
3.75692
3.75879
3.76066
3.76251
3.76434
3.76616
3.76797
3.76976
3.77154
3.7733
3.77505
3.77678
3.77849
3.78019
3.78188
3.78355
3.78521
3.78686
3.78849
3.79012
3.79173
3.79333
3.79492
3.79653
3.7981
3.79965
3.80128
3.803
3.80477
3.80658
3.80843
3.81034
3.81229
3.81429
3.81633
3.81841
3.82053
3.82269
3.82487
3.82708
3.82932
3.83157
3.83383
3.83609
3.83836
3.84061
3.84286
3.84509
3.84729
3.84947
3.85161
3.85372
3.85578
3.8578
3.85977
3.86168
3.86357
3.86539
3.26453
3.26902
3.27352
3.27799
3.28246
3.28693
3.29138
3.29581
3.30023
3.30462
3.30901
3.31337
3.31772
3.32206
3.32638
3.33069
3.33499
3.33928
3.34357
3.34784
3.35211
3.35637
3.36063
3.36488
3.36913
3.37337
3.37761
3.38185
3.38608
3.39031
3.39454
3.39877
3.40299
3.4072
3.41142
3.41563
3.41984
3.42405
3.42825
3.43245
3.43664
3.44084
3.44502
3.44921
3.45339
3.45757
3.46175
3.46592
3.47008
3.47425
3.47841
3.48256
3.48671
3.49086
3.495
3.49914
3.50328
3.50741
3.51153
3.51566
3.51977
3.52389
3.528
3.5321
3.5362
3.5403
3.54439
3.54848
3.55256
3.55664
3.56071
3.56478
3.56885
3.57291
3.57697
3.58102
3.58507
3.58911
3.59315
3.59719
3.60122
3.60525
3.60927
3.61329
3.6173
3.62131
3.62532
3.62932
3.63332
3.63731
3.6413
3.64528
3.64926
3.65324
3.65721
3.66118
3.66514
3.6691
3.67305
3.677
3.68094
3.68488
3.68881
3.69274
3.69667
3.70059
3.7045
3.70841
3.71231
3.7162
3.72009
3.72398
3.72786
3.73173
3.73559
3.73945
3.7433
3.74715
3.75098
3.75481
3.75863
3.76244
3.76625
3.77004
3.77383
3.7776
3.78137
3.78512
3.78887
3.7926
3.79632
3.80003
3.80373
3.80742
3.8111
3.81477
3.81843
3.82207
3.82571
3.82933
3.83295
3.83655
3.84015
3.84374
3.84732
3.85089
3.85445
3.85799
3.86157
3.86511
3.86861
3.87221
3.87588
3.87959
3.88335
3.88715
3.891
3.8949
3.89884
3.90282
3.90684
3.9109
3.91499
3.91911
3.92325
3.92741
3.93159
3.93577
3.93995
3.94414
3.94831
3.95246
3.9566
3.96071
3.96478
3.96882
3.97282
3.97677
3.98067
3.98453
3.98832
3.99208
3.99577
3.99945
3.06873
3.07482
3.08086
3.08691
3.09296
3.099
3.10504
3.11106
3.11708
3.12308
3.12907
3.13505
3.14102
3.14697
3.15292
3.15886
3.16479
3.17071
3.17663
3.18255
3.18845
3.19436
3.20026
3.20616
3.21205
3.21794
3.22384
3.22972
3.23561
3.2415
3.24738
3.25327
3.25915
3.26503
3.27091
3.27679
3.28267
3.28855
3.29443
3.3003
3.30618
3.31205
3.31792
3.32379
3.32966
3.33553
3.34139
3.34726
3.35312
3.35898
3.36484
3.3707
3.37655
3.38241
3.38826
3.39411
3.39996
3.40581
3.41165
3.4175
3.42334
3.42918
3.43502
3.44085
3.44669
3.45252
3.45835
3.46418
3.47
3.47582
3.48165
3.48747
3.49328
3.4991
3.50491
3.51072
3.51653
3.52234
3.52815
3.53395
3.53975
3.54555
3.55135
3.55715
3.56294
3.56874
3.57453
3.58031
3.5861
3.59188
3.59767
3.60345
3.60922
3.615
3.62077
3.62655
3.63232
3.63808
3.64385
3.64961
3.65538
3.66113
3.66689
3.67264
3.67839
3.68414
3.68989
3.69563
3.70137
3.7071
3.71284
3.71856
3.72429
3.73001
3.73573
3.74145
3.74716
3.75286
3.75856
3.76426
3.76995
3.77564
3.78132
3.787
3.79267
3.79833
3.80399
3.80964
3.81528
3.82092
3.82655
3.83217
3.83778
3.84339
3.84899
3.85458
3.86017
3.86575
3.87133
3.8769
3.88246
3.88802
3.89357
3.89912
3.90466
3.91019
3.91572
3.92123
3.92678
3.93228
3.93776
3.94331
3.94893
3.9546
3.96031
3.96607
3.97187
3.97771
3.98359
3.98952
3.99549
4.00149
4.00751
4.01357
4.01965
4.02574
4.03184
4.03795
4.04406
4.05016
4.05625
4.06231
4.06836
4.07437
4.08035
4.08629
4.09218
4.09802
4.10381
4.10956
4.11523
4.12086
4.12642
4.13196
2.8803
2.8879
2.89551
2.90314
2.91077
2.91839
2.92601
2.93363
2.94124
2.94884
2.95643
2.96402
2.9716
2.97917
2.98674
2.99431
3.00187
3.00942
3.01697
3.02452
3.03207
3.03962
3.04717
3.05471
3.06226
3.0698
3.07734
3.08489
3.09244
3.09998
3.10753
3.11508
3.12262
3.13017
3.13772
3.14528
3.15283
3.16038
3.16793
3.17549
3.18304
3.1906
3.19816
3.20572
3.21328
3.22084
3.2284
3.23596
3.24352
3.25108
3.25865
3.26621
3.27378
3.28134
3.28891
3.29647
3.30404
3.31161
3.31917
3.32674
3.33431
3.34188
3.34945
3.35702
3.36459
3.37216
3.37973
3.3873
3.39487
3.40244
3.41002
3.41759
3.42516
3.43274
3.44031
3.44788
3.45546
3.46303
3.47061
3.47818
3.48576
3.49334
3.50091
3.50849
3.51607
3.52365
3.53122
3.5388
3.54638
3.55396
3.56154
3.56912
3.5767
3.58428
3.59186
3.59944
3.60702
3.6146
3.62218
3.62976
3.63735
3.64493
3.65251
3.66009
3.66767
3.67525
3.68283
3.69041
3.69799
3.70556
3.71314
3.72072
3.72829
3.73587
3.74344
3.75102
3.75859
3.76616
3.77373
3.78129
3.78886
3.79642
3.80398
3.81154
3.81909
3.82664
3.83419
3.84174
3.84928
3.85682
3.86435
3.87189
3.87942
3.88694
3.89447
3.90199
3.90951
3.91702
3.92454
3.93205
3.93956
3.94708
3.95459
3.96209
3.9696
3.9771
3.98458
3.9921
3.99959
4.00705
4.01456
4.02212
4.02975
4.03741
4.04512
4.05287
4.06067
4.0685
4.07637
4.08428
4.09222
4.10019
4.10819
4.1162
4.12422
4.13226
4.14029
4.14832
4.15635
4.16435
4.17233
4.18029
4.18821
4.19609
4.20393
4.21171
4.21945
4.22713
4.23475
4.2423
4.2498
4.25724
4.26463
4.27196
)
;

boundaryField
{
    inlet
    {
        type            fixedValue;
        value           nonuniform List<scalar> 0();
    }
    outlet
    {
        type            fixedValue;
        value           nonuniform List<scalar> 0();
    }
    lowerWall
    {
        type            zeroGradient;
    }
    upperWall
    {
        type            zeroGradient;
    }
    frontAndBack
    {
        type            zeroGradient;
    }
    procBoundary1to4
    {
        type            processor;
        value           nonuniform List<scalar> 
150
(
2.87264
2.87264
2.68567
2.69485
2.70402
2.71323
2.72244
2.73165
2.74087
2.75008
2.7593
2.76851
2.77772
2.78693
2.79613
2.80534
2.81453
2.82373
2.83293
2.84212
2.85131
2.86051
2.8697
2.87889
2.88809
2.89728
2.90648
2.91568
2.92488
2.93409
2.94329
2.9525
2.96171
2.97092
2.98014
2.98936
2.99858
3.0078
3.01703
3.02626
3.0355
3.04473
3.05397
3.06322
3.07246
3.08171
3.09096
3.10022
3.10947
3.11873
3.128
3.13727
3.14653
3.15581
3.16508
3.17436
3.18364
3.19293
3.20221
3.2115
3.2208
3.23009
3.23939
3.24869
3.258
3.2673
3.27661
3.28592
3.29524
3.30456
3.31388
3.3232
3.33253
3.34185
3.35118
3.36052
3.36986
3.37919
3.38854
3.39788
3.40723
3.41658
3.42593
3.43529
3.44465
3.45401
3.46337
3.47274
3.48211
3.49148
3.50085
3.51023
3.51961
3.52899
3.53837
3.54776
3.55715
3.56654
3.57594
3.58534
3.59474
3.60414
3.61354
3.62295
3.63236
3.64177
3.65119
3.66061
3.67002
3.67944
3.68887
3.69829
3.70771
3.71714
3.72657
3.73601
3.74544
3.75488
3.76432
3.77376
3.7832
3.79264
3.80208
3.81153
3.82097
3.83042
3.83987
3.84931
3.85876
3.86821
3.87766
3.88711
3.89656
3.90601
3.91546
3.92492
3.93437
3.94383
3.95328
3.96274
3.97221
3.98167
3.99114
4.00061
4.01009
4.01956
4.02904
4.03851
4.04799
4.05746
)
;
    }
    procBoundary1to6
    {
        type            processor;
        value           nonuniform List<scalar> 
50
(
9.28801
9.27896
9.26368
9.24096
9.21096
9.17385
9.12978
9.07893
9.02145
8.95749
8.88722
8.81079
8.72837
8.64009
8.54613
8.44664
8.34178
8.23169
8.11654
7.99648
7.87166
7.74224
7.60838
7.47022
7.32792
7.18163
7.03151
6.87771
6.72037
6.55966
6.39571
6.22867
6.05869
6.05869
5.90217
5.72546
5.5463
5.36485
5.18124
4.99564
4.80819
4.61903
4.42833
4.23623
4.04288
3.84844
3.65305
3.45686
3.26004
3.06272
)
;
    }
    procBoundary1to7
    {
        type            processor;
        value           nonuniform List<scalar> 
85
(
1.74757
1.75093
1.75093
1.69917
1.69917
1.65064
1.65064
1.6055
1.61986
1.61986
1.58127
1.58127
1.54636
1.56963
1.56963
1.54179
1.54179
1.51803
1.51803
1.49843
1.53422
1.53422
1.52232
1.52232
1.51491
1.51491
1.51205
1.56071
1.56071
1.566
1.566
1.57605
1.63417
1.63417
1.6526
1.6526
1.67596
1.67596
1.70428
1.77526
1.77526
1.81211
1.81211
1.85399
1.93408
1.93408
1.9845
1.9845
2.03999
2.03999
2.10055
2.19281
2.19281
2.26176
2.26176
2.33572
2.43627
2.43627
2.51844
2.51844
2.60554
2.60554
2.69751
2.80886
2.80886
2.90864
2.90864
3.01312
3.13144
3.13144
3.24335
3.24335
3.35979
3.35979
3.48066
3.60774
3.60774
3.73537
3.73537
3.86721
3.86721
4.00306
4.13742
4.13742
4.27924
)
;
    }
    procBoundary1to10
    {
        type            processor;
        value           nonuniform List<scalar> 
36
(
4.06695
4.07641
4.08586
4.09538
4.10495
4.11458
4.12423
4.13394
4.14368
4.15346
4.16328
4.17313
4.18302
4.19293
4.20286
4.21281
4.22276
4.23273
4.24269
4.25264
4.26259
4.27251
4.2824
4.29227
4.30209
4.31188
4.32161
4.33129
4.34092
4.35048
4.35998
4.36941
4.37878
4.38809
4.39732
4.40652
)
;
    }
}


// ************************************************************************* //
