/*--------------------------------*- C++ -*----------------------------------*\
| =========                 |                                                 |
| \\      /  F ield         | OpenFOAM: The Open Source CFD Toolbox           |
|  \\    /   O peration     | Version:  2512                                  |
|   \\  /    A nd           | Website:  www.openfoam.com                      |
|    \\/     M anipulation  |                                                 |
\*---------------------------------------------------------------------------*/
FoamFile
{
    version     2.0;
    format      ascii;
    arch        "LSB;label=32;scalar=64";
    class       volScalarField;
    location    "0.1";
    object      p;
}
// * * * * * * * * * * * * * * * * * * * * * * * * * * * * * * * * * * * * * //

dimensions      [1 -1 -2 0 0 0 0];

internalField   nonuniform List<scalar> 
8333
(
-310.753
-311.548
-312.343
-313.138
-313.933
-314.729
-315.525
-316.321
-317.117
-317.914
-318.711
-319.508
-320.305
-321.102
-321.9
-322.698
-323.496
-324.294
-325.093
-325.891
-326.69
-327.489
-328.288
-329.087
-329.887
-330.686
-331.486
-332.286
-333.086
-333.886
-334.686
-335.487
-336.287
-337.088
-337.888
-338.689
-339.49
-340.291
-341.092
-341.893
-342.694
-343.496
-344.297
-345.099
-345.9
-346.702
-347.503
-348.305
-349.107
-349.908
-350.71
-351.512
-352.314
-353.115
-353.917
-354.719
-355.521
-356.323
-357.124
-357.926
-358.728
-359.53
-360.332
-361.133
-361.935
-362.736
-363.538
-364.34
-365.141
-365.942
-366.744
-367.545
-368.346
-369.147
-369.948
-370.749
-371.55
-372.351
-373.151
-373.952
-374.752
-375.552
-376.353
-377.153
-377.952
-378.752
-379.552
-380.351
-381.15
-381.95
-382.749
-383.547
-384.346
-385.144
-385.943
-386.741
-387.539
-388.336
-389.134
-389.931
-390.728
-391.525
-392.322
-393.118
-393.914
-394.71
-395.506
-396.301
-397.097
-397.892
-398.686
-399.481
-400.275
-401.069
-401.863
-402.656
-403.449
-404.242
-405.034
-405.826
-406.618
-407.41
-408.201
-408.992
-409.783
-410.573
-411.363
-412.153
-412.942
-413.731
-414.519
-415.308
-416.096
-416.883
-417.67
-418.457
-419.243
-420.029
-420.815
-421.6
-422.385
-423.17
-423.954
-424.737
-425.521
-426.304
-427.086
-427.868
-428.65
-314.995
-315.789
-316.584
-317.379
-318.175
-318.97
-319.766
-320.562
-321.359
-322.155
-322.952
-323.749
-324.546
-325.344
-326.142
-326.939
-327.737
-328.536
-329.334
-330.133
-330.931
-331.73
-332.529
-333.329
-334.128
-334.928
-335.727
-336.527
-337.327
-338.127
-338.928
-339.728
-340.529
-341.329
-342.13
-342.931
-343.732
-344.533
-345.334
-346.135
-346.936
-347.737
-348.539
-349.34
-350.142
-350.943
-351.745
-352.546
-353.348
-354.15
-354.952
-355.753
-356.555
-357.357
-358.159
-358.961
-359.762
-360.564
-361.366
-362.168
-362.97
-363.771
-364.573
-365.375
-366.176
-366.978
-367.78
-368.581
-369.383
-370.184
-370.985
-371.787
-372.588
-373.389
-374.19
-374.991
-375.792
-376.592
-377.393
-378.193
-378.994
-379.794
-380.594
-381.394
-382.194
-382.994
-383.793
-384.593
-385.392
-386.191
-386.99
-387.789
-388.588
-389.386
-390.184
-390.982
-391.78
-392.578
-393.376
-394.173
-394.97
-395.767
-396.563
-397.36
-398.156
-398.952
-399.748
-400.543
-401.338
-402.133
-402.928
-403.723
-404.517
-405.311
-406.104
-406.898
-407.691
-408.483
-409.276
-410.068
-410.86
-411.652
-412.443
-413.234
-414.024
-414.815
-415.605
-416.394
-417.184
-417.973
-418.761
-419.549
-420.337
-421.125
-421.912
-422.699
-423.485
-424.271
-425.057
-425.842
-426.627
-427.411
-428.195
-428.979
-429.762
-430.545
-431.328
-432.11
-432.892
-433.673
-319.233
-320.027
-320.822
-321.617
-322.413
-323.208
-324.004
-324.8
-325.597
-326.393
-327.19
-327.987
-328.784
-329.582
-330.38
-331.177
-331.975
-332.774
-333.572
-334.371
-335.169
-335.968
-336.767
-337.567
-338.366
-339.166
-339.965
-340.765
-341.565
-342.365
-343.166
-343.966
-344.766
-345.567
-346.368
-347.169
-347.969
-348.77
-349.572
-350.373
-351.174
-351.975
-352.777
-353.578
-354.38
-355.181
-355.983
-356.784
-357.586
-358.388
-359.19
-359.991
-360.793
-361.595
-362.397
-363.199
-364
-364.802
-365.604
-366.406
-367.208
-368.009
-368.811
-369.613
-370.414
-371.216
-372.017
-372.819
-373.62
-374.422
-375.223
-376.024
-376.826
-377.627
-378.428
-379.229
-380.029
-380.83
-381.631
-382.431
-383.232
-384.032
-384.832
-385.632
-386.432
-387.232
-388.031
-388.831
-389.63
-390.429
-391.228
-392.027
-392.825
-393.624
-394.422
-395.22
-396.018
-396.816
-397.613
-398.411
-399.208
-400.005
-400.801
-401.598
-402.394
-403.19
-403.986
-404.781
-405.576
-406.371
-407.166
-407.96
-408.755
-409.548
-410.342
-411.135
-411.928
-412.721
-413.514
-414.306
-415.098
-415.889
-416.681
-417.472
-418.262
-419.053
-419.842
-420.632
-421.421
-422.21
-422.999
-423.787
-424.575
-425.363
-426.15
-426.937
-427.723
-428.509
-429.295
-430.08
-430.865
-431.649
-432.433
-433.217
-434
-434.783
-435.566
-436.348
-437.129
-437.911
-323.47
-324.265
-325.06
-325.855
-326.651
-327.446
-328.242
-329.038
-329.835
-330.631
-331.428
-332.225
-333.022
-333.82
-334.617
-335.415
-336.213
-337.012
-337.81
-338.609
-339.407
-340.206
-341.005
-341.805
-342.604
-343.404
-344.203
-345.003
-345.803
-346.603
-347.404
-348.204
-349.004
-349.805
-350.606
-351.407
-352.207
-353.008
-353.809
-354.611
-355.412
-356.213
-357.015
-357.816
-358.617
-359.419
-360.221
-361.022
-361.824
-362.626
-363.427
-364.229
-365.031
-365.833
-366.635
-367.436
-368.238
-369.04
-369.842
-370.644
-371.445
-372.247
-373.049
-373.851
-374.652
-375.454
-376.255
-377.057
-377.858
-378.66
-379.461
-380.262
-381.063
-381.865
-382.666
-383.466
-384.267
-385.068
-385.869
-386.669
-387.47
-388.27
-389.07
-389.87
-390.67
-391.47
-392.269
-393.069
-393.868
-394.667
-395.466
-396.265
-397.063
-397.862
-398.66
-399.458
-400.256
-401.054
-401.851
-402.649
-403.446
-404.243
-405.039
-405.836
-406.632
-407.428
-408.223
-409.019
-409.814
-410.609
-411.404
-412.198
-412.992
-413.786
-414.58
-415.373
-416.166
-416.959
-417.752
-418.544
-419.336
-420.127
-420.919
-421.71
-422.5
-423.29
-424.08
-424.87
-425.659
-426.448
-427.237
-428.025
-428.813
-429.6
-430.388
-431.174
-431.961
-432.747
-433.532
-434.318
-435.103
-435.887
-436.671
-437.455
-438.238
-439.021
-439.804
-440.586
-441.367
-442.149
-442.929
-327.708
-328.503
-329.298
-330.093
-330.888
-331.684
-332.48
-333.276
-334.073
-334.869
-335.666
-336.463
-337.26
-338.058
-338.855
-339.653
-340.451
-341.249
-342.048
-342.846
-343.645
-344.444
-345.243
-346.043
-346.842
-347.642
-348.441
-349.241
-350.041
-350.841
-351.641
-352.442
-353.242
-354.043
-354.844
-355.644
-356.445
-357.246
-358.047
-358.849
-359.65
-360.451
-361.252
-362.054
-362.855
-363.657
-364.459
-365.26
-366.062
-366.864
-367.665
-368.467
-369.269
-370.071
-370.873
-371.674
-372.476
-373.278
-374.08
-374.882
-375.683
-376.485
-377.287
-378.089
-378.89
-379.692
-380.493
-381.295
-382.096
-382.898
-383.699
-384.5
-385.301
-386.103
-386.904
-387.704
-388.505
-389.306
-390.107
-390.907
-391.707
-392.508
-393.308
-394.108
-394.908
-395.707
-396.507
-397.306
-398.106
-398.905
-399.704
-400.503
-401.301
-402.1
-402.898
-403.696
-404.494
-405.292
-406.089
-406.886
-407.684
-408.48
-409.277
-410.073
-410.87
-411.666
-412.461
-413.257
-414.052
-414.847
-415.642
-416.436
-417.23
-418.024
-418.818
-419.611
-420.404
-421.197
-421.99
-422.782
-423.574
-424.365
-425.156
-425.947
-426.738
-427.528
-428.318
-429.108
-429.897
-430.686
-431.475
-432.263
-433.051
-433.838
-434.626
-435.412
-436.199
-436.985
-437.77
-438.556
-439.341
-440.125
-440.909
-441.693
-442.476
-443.259
-444.041
-444.823
-445.605
-446.386
-447.167
-447.947
-331.946
-332.741
-333.536
-334.331
-335.126
-335.922
-336.718
-337.514
-338.31
-339.107
-339.904
-340.701
-341.498
-342.296
-343.093
-343.891
-344.689
-345.487
-346.286
-347.084
-347.883
-348.682
-349.481
-350.28
-351.08
-351.879
-352.679
-353.479
-354.279
-355.079
-355.879
-356.68
-357.48
-358.281
-359.082
-359.882
-360.683
-361.484
-362.285
-363.086
-363.888
-364.689
-365.49
-366.292
-367.093
-367.895
-368.696
-369.498
-370.3
-371.102
-371.903
-372.705
-373.507
-374.309
-375.11
-375.912
-376.714
-377.516
-378.318
-379.12
-379.921
-380.723
-381.525
-382.326
-383.128
-383.93
-384.731
-385.533
-386.334
-387.136
-387.937
-388.738
-389.539
-390.34
-391.141
-391.942
-392.743
-393.544
-394.344
-395.145
-395.945
-396.746
-397.546
-398.346
-399.146
-399.945
-400.745
-401.544
-402.344
-403.143
-403.942
-404.741
-405.539
-406.338
-407.136
-407.934
-408.732
-409.53
-410.327
-411.124
-411.921
-412.718
-413.515
-414.311
-415.108
-415.904
-416.699
-417.495
-418.29
-419.085
-419.88
-420.674
-421.468
-422.262
-423.056
-423.849
-424.642
-425.435
-426.228
-427.02
-427.812
-428.603
-429.394
-430.185
-430.976
-431.766
-432.556
-433.346
-434.135
-434.924
-435.713
-436.501
-437.289
-438.076
-438.863
-439.65
-440.437
-441.223
-442.008
-442.794
-443.578
-444.363
-445.147
-445.931
-446.714
-447.497
-448.279
-449.061
-449.843
-450.624
-451.405
-452.185
-452.964
-336.184
-336.979
-337.774
-338.569
-339.364
-340.16
-340.956
-341.752
-342.548
-343.345
-344.142
-344.939
-345.736
-346.534
-347.331
-348.129
-348.927
-349.725
-350.524
-351.322
-352.121
-352.92
-353.719
-354.518
-355.318
-356.117
-356.917
-357.717
-358.517
-359.317
-360.117
-360.918
-361.718
-362.519
-363.319
-364.12
-364.921
-365.722
-366.523
-367.324
-368.126
-368.927
-369.728
-370.53
-371.331
-372.133
-372.934
-373.736
-374.538
-375.339
-376.141
-376.943
-377.745
-378.547
-379.348
-380.15
-380.952
-381.754
-382.556
-383.357
-384.159
-384.961
-385.763
-386.564
-387.366
-388.168
-388.969
-389.771
-390.572
-391.374
-392.175
-392.976
-393.777
-394.578
-395.379
-396.18
-396.981
-397.782
-398.582
-399.383
-400.183
-400.984
-401.784
-402.584
-403.384
-404.183
-404.983
-405.782
-406.582
-407.381
-408.18
-408.979
-409.777
-410.576
-411.374
-412.172
-412.97
-413.768
-414.565
-415.362
-416.159
-416.956
-417.753
-418.549
-419.346
-420.141
-420.937
-421.733
-422.528
-423.323
-424.118
-424.912
-425.706
-426.5
-427.294
-428.087
-428.88
-429.673
-430.465
-431.258
-432.05
-432.841
-433.632
-434.423
-435.214
-436.004
-436.794
-437.584
-438.373
-439.162
-439.951
-440.739
-441.527
-442.314
-443.101
-443.888
-444.675
-445.461
-446.246
-447.032
-447.816
-448.601
-449.385
-450.169
-450.952
-451.735
-452.517
-453.299
-454.081
-454.862
-455.643
-456.423
-457.202
-340.422
-341.217
-342.012
-342.807
-343.602
-344.398
-345.194
-345.99
-346.786
-347.583
-348.38
-349.177
-349.974
-350.771
-351.569
-352.367
-353.165
-353.963
-354.762
-355.56
-356.359
-357.158
-357.957
-358.756
-359.556
-360.355
-361.155
-361.955
-362.755
-363.555
-364.355
-365.156
-365.956
-366.757
-367.557
-368.358
-369.159
-369.96
-370.761
-371.562
-372.364
-373.165
-373.966
-374.768
-375.569
-376.371
-377.172
-377.974
-378.776
-379.577
-380.379
-381.181
-381.983
-382.784
-383.586
-384.388
-385.19
-385.992
-386.794
-387.595
-388.397
-389.199
-390.001
-390.802
-391.604
-392.406
-393.207
-394.009
-394.81
-395.611
-396.413
-397.214
-398.015
-398.816
-399.617
-400.418
-401.219
-402.02
-402.82
-403.621
-404.421
-405.221
-406.022
-406.822
-407.621
-408.421
-409.221
-410.02
-410.82
-411.619
-412.418
-413.216
-414.015
-414.814
-415.612
-416.41
-417.208
-418.005
-418.803
-419.6
-420.397
-421.194
-421.991
-422.787
-423.583
-424.379
-425.175
-425.971
-426.766
-427.561
-428.355
-429.15
-429.944
-430.738
-431.532
-432.325
-433.118
-433.911
-434.703
-435.496
-436.287
-437.079
-437.87
-438.661
-439.452
-440.242
-441.032
-441.822
-442.611
-443.4
-444.189
-444.977
-445.765
-446.552
-447.339
-448.126
-448.912
-449.699
-450.484
-451.269
-452.054
-452.839
-453.623
-454.406
-455.19
-455.973
-456.755
-457.537
-458.319
-459.1
-459.88
-460.661
-461.44
-462.22
-344.66
-345.455
-346.25
-347.045
-347.84
-348.636
-349.432
-350.228
-351.024
-351.821
-352.618
-353.415
-354.212
-355.009
-355.807
-356.605
-357.403
-358.201
-359
-359.798
-360.597
-361.396
-362.195
-362.994
-363.794
-364.593
-365.393
-366.193
-366.993
-367.793
-368.593
-369.394
-370.194
-370.995
-371.795
-372.596
-373.397
-374.198
-374.999
-375.8
-376.601
-377.403
-378.204
-379.006
-379.807
-380.609
-381.41
-382.212
-383.014
-383.815
-384.617
-385.419
-386.221
-387.022
-387.824
-388.626
-389.428
-390.23
-391.031
-391.833
-392.635
-393.437
-394.239
-395.04
-395.842
-396.643
-397.445
-398.247
-399.048
-399.849
-400.651
-401.452
-402.253
-403.054
-403.855
-404.656
-405.457
-406.258
-407.058
-407.859
-408.659
-409.459
-410.26
-411.06
-411.859
-412.659
-413.459
-414.258
-415.057
-415.857
-416.656
-417.454
-418.253
-419.051
-419.85
-420.648
-421.446
-422.243
-423.041
-423.838
-424.635
-425.432
-426.229
-427.025
-427.821
-428.617
-429.413
-430.208
-431.004
-431.799
-432.593
-433.388
-434.182
-434.976
-435.77
-436.563
-437.356
-438.149
-438.941
-439.733
-440.525
-441.317
-442.108
-442.899
-443.69
-444.48
-445.27
-446.06
-446.849
-447.638
-448.426
-449.215
-450.003
-450.79
-451.577
-452.364
-453.15
-453.936
-454.722
-455.507
-456.292
-457.077
-457.861
-458.644
-459.428
-460.211
-460.993
-461.775
-462.557
-463.338
-464.118
-464.898
-465.678
-466.457
-467.236
-348.898
-349.693
-350.487
-351.283
-352.078
-352.874
-353.67
-354.466
-355.262
-356.059
-356.856
-357.653
-358.45
-359.247
-360.045
-360.843
-361.641
-362.439
-363.237
-364.036
-364.835
-365.634
-366.433
-367.232
-368.032
-368.831
-369.631
-370.431
-371.231
-372.031
-372.831
-373.631
-374.432
-375.233
-376.033
-376.834
-377.635
-378.436
-379.237
-380.038
-380.839
-381.641
-382.442
-383.243
-384.045
-384.847
-385.648
-386.45
-387.251
-388.053
-388.855
-389.657
-390.459
-391.26
-392.062
-392.864
-393.666
-394.468
-395.269
-396.071
-396.873
-397.675
-398.476
-399.278
-400.08
-400.881
-401.683
-402.484
-403.286
-404.087
-404.889
-405.69
-406.491
-407.292
-408.093
-408.894
-409.695
-410.496
-411.296
-412.097
-412.897
-413.697
-414.497
-415.297
-416.097
-416.897
-417.697
-418.496
-419.295
-420.095
-420.893
-421.692
-422.491
-423.289
-424.088
-424.886
-425.684
-426.481
-427.279
-428.076
-428.873
-429.67
-430.467
-431.263
-432.059
-432.855
-433.651
-434.446
-435.242
-436.037
-436.831
-437.626
-438.42
-439.214
-440.008
-440.801
-441.594
-442.387
-443.179
-443.971
-444.763
-445.555
-446.346
-447.137
-447.928
-448.718
-449.508
-450.298
-451.087
-451.876
-452.664
-453.453
-454.24
-455.028
-455.815
-456.602
-457.388
-458.174
-458.96
-459.745
-460.53
-461.315
-462.099
-462.882
-463.666
-464.448
-465.231
-466.013
-466.794
-467.575
-468.356
-469.136
-469.916
-470.695
-471.474
-472.252
-353.136
-353.93
-354.725
-355.521
-356.316
-357.112
-357.908
-358.704
-359.5
-360.297
-361.093
-361.89
-362.688
-363.485
-364.283
-365.081
-365.879
-366.677
-367.475
-368.274
-369.073
-369.872
-370.671
-371.47
-372.269
-373.069
-373.869
-374.669
-375.469
-376.269
-377.069
-377.869
-378.67
-379.47
-380.271
-381.072
-381.873
-382.674
-383.475
-384.276
-385.077
-385.879
-386.68
-387.481
-388.283
-389.084
-389.886
-390.688
-391.489
-392.291
-393.093
-393.895
-394.696
-395.498
-396.3
-397.102
-397.904
-398.706
-399.507
-400.309
-401.111
-401.913
-402.714
-403.516
-404.318
-405.119
-405.921
-406.722
-407.524
-408.325
-409.127
-409.928
-410.729
-411.53
-412.331
-413.132
-413.933
-414.733
-415.534
-416.335
-417.135
-417.935
-418.735
-419.535
-420.335
-421.135
-421.935
-422.734
-423.533
-424.332
-425.131
-425.93
-426.729
-427.527
-428.326
-429.124
-429.922
-430.719
-431.517
-432.314
-433.111
-433.908
-434.705
-435.501
-436.297
-437.093
-437.889
-438.684
-439.48
-440.275
-441.069
-441.864
-442.658
-443.452
-444.245
-445.039
-445.832
-446.625
-447.417
-448.209
-449.001
-449.793
-450.584
-451.375
-452.166
-452.956
-453.746
-454.535
-455.325
-456.114
-456.902
-457.691
-458.478
-459.266
-460.053
-460.84
-461.626
-462.412
-463.198
-463.983
-464.768
-465.552
-466.337
-467.12
-467.903
-468.686
-469.469
-470.251
-471.032
-471.813
-472.594
-473.374
-474.154
-474.933
-475.711
-476.49
-357.374
-358.168
-358.963
-359.758
-360.554
-361.35
-362.145
-362.942
-363.738
-364.535
-365.331
-366.128
-366.926
-367.723
-368.521
-369.319
-370.117
-370.915
-371.713
-372.512
-373.311
-374.11
-374.909
-375.708
-376.507
-377.307
-378.107
-378.907
-379.707
-380.507
-381.307
-382.107
-382.908
-383.708
-384.509
-385.31
-386.111
-386.912
-387.713
-388.514
-389.315
-390.117
-390.918
-391.719
-392.521
-393.322
-394.124
-394.926
-395.727
-396.529
-397.331
-398.133
-398.934
-399.736
-400.538
-401.34
-402.142
-402.943
-403.745
-404.547
-405.349
-406.151
-406.952
-407.754
-408.556
-409.357
-410.159
-410.96
-411.762
-412.563
-413.364
-414.166
-414.967
-415.768
-416.569
-417.37
-418.171
-418.971
-419.772
-420.572
-421.373
-422.173
-422.973
-423.773
-424.573
-425.373
-426.172
-426.972
-427.771
-428.57
-429.369
-430.168
-430.967
-431.765
-432.563
-433.362
-434.159
-434.957
-435.755
-436.552
-437.349
-438.146
-438.943
-439.739
-440.535
-441.331
-442.127
-442.922
-443.717
-444.512
-445.307
-446.102
-446.896
-447.69
-448.483
-449.277
-450.07
-450.863
-451.655
-452.447
-453.239
-454.031
-454.822
-455.613
-456.404
-457.194
-457.984
-458.773
-459.563
-460.352
-461.14
-461.928
-462.716
-463.504
-464.291
-465.078
-465.864
-466.65
-467.436
-468.221
-469.006
-469.79
-470.574
-471.358
-472.141
-472.924
-473.707
-474.489
-475.27
-476.051
-476.832
-477.612
-478.392
-479.171
-479.949
-480.728
-481.505
-361.612
-362.406
-363.201
-363.996
-364.792
-365.587
-366.383
-367.179
-367.976
-368.772
-369.569
-370.366
-371.164
-371.961
-372.759
-373.557
-374.355
-375.153
-375.951
-376.75
-377.549
-378.348
-379.147
-379.946
-380.745
-381.545
-382.345
-383.144
-383.944
-384.745
-385.545
-386.345
-387.146
-387.946
-388.747
-389.548
-390.349
-391.15
-391.951
-392.752
-393.553
-394.354
-395.156
-395.957
-396.759
-397.56
-398.362
-399.164
-399.965
-400.767
-401.569
-402.37
-403.172
-403.974
-404.776
-405.578
-406.38
-407.181
-407.983
-408.785
-409.587
-410.388
-411.19
-411.992
-412.794
-413.595
-414.397
-415.198
-416
-416.801
-417.602
-418.404
-419.205
-420.006
-420.807
-421.608
-422.409
-423.209
-424.01
-424.81
-425.611
-426.411
-427.211
-428.011
-428.811
-429.611
-430.41
-431.21
-432.009
-432.808
-433.607
-434.406
-435.205
-436.003
-436.801
-437.599
-438.397
-439.195
-439.993
-440.79
-441.587
-442.384
-443.18
-443.977
-444.773
-445.569
-446.365
-447.16
-447.955
-448.75
-449.545
-450.34
-451.134
-451.928
-452.721
-453.515
-454.308
-455.1
-455.893
-456.685
-457.477
-458.269
-459.06
-459.851
-460.641
-461.432
-462.222
-463.011
-463.801
-464.59
-465.378
-466.166
-466.954
-467.742
-468.529
-469.316
-470.102
-470.888
-471.674
-472.459
-473.244
-474.028
-474.812
-475.596
-476.379
-477.162
-477.944
-478.726
-479.508
-480.289
-481.07
-481.85
-482.629
-483.409
-484.187
-484.965
-485.743
-486.52
-365.85
-366.644
-367.439
-368.234
-369.03
-369.825
-370.621
-371.417
-372.214
-373.01
-373.807
-374.604
-375.401
-376.199
-376.997
-377.794
-378.592
-379.391
-380.189
-380.988
-381.787
-382.585
-383.385
-384.184
-384.983
-385.783
-386.583
-387.382
-388.182
-388.982
-389.783
-390.583
-391.384
-392.184
-392.985
-393.786
-394.587
-395.388
-396.189
-396.99
-397.791
-398.592
-399.394
-400.195
-400.997
-401.798
-402.6
-403.401
-404.203
-405.005
-405.807
-406.608
-407.41
-408.212
-409.014
-409.816
-410.617
-411.419
-412.221
-413.023
-413.825
-414.626
-415.428
-416.23
-417.031
-417.833
-418.635
-419.436
-420.238
-421.039
-421.84
-422.642
-423.443
-424.244
-425.045
-425.846
-426.647
-427.447
-428.248
-429.048
-429.849
-430.649
-431.449
-432.249
-433.049
-433.849
-434.648
-435.448
-436.247
-437.046
-437.845
-438.644
-439.443
-440.241
-441.039
-441.837
-442.635
-443.433
-444.23
-445.028
-445.825
-446.622
-447.418
-448.215
-449.011
-449.807
-450.603
-451.398
-452.193
-452.988
-453.783
-454.577
-455.372
-456.166
-456.959
-457.753
-458.546
-459.338
-460.131
-460.923
-461.715
-462.507
-463.298
-464.089
-464.879
-465.67
-466.46
-467.249
-468.039
-468.827
-469.616
-470.404
-471.192
-471.98
-472.767
-473.554
-474.34
-475.126
-475.912
-476.697
-477.482
-478.266
-479.05
-479.834
-480.617
-481.4
-482.182
-482.964
-483.746
-484.527
-485.307
-486.088
-486.867
-487.646
-488.425
-489.203
-489.981
-490.758
-370.088
-370.882
-371.677
-372.472
-373.268
-374.063
-374.859
-375.655
-376.452
-377.248
-378.045
-378.842
-379.639
-380.437
-381.235
-382.032
-382.83
-383.629
-384.427
-385.226
-386.024
-386.823
-387.622
-388.422
-389.221
-390.021
-390.82
-391.62
-392.42
-393.22
-394.021
-394.821
-395.621
-396.422
-397.223
-398.024
-398.824
-399.625
-400.427
-401.228
-402.029
-402.83
-403.632
-404.433
-405.235
-406.036
-406.838
-407.639
-408.441
-409.243
-410.045
-410.846
-411.648
-412.45
-413.252
-414.054
-414.855
-415.657
-416.459
-417.261
-418.063
-418.864
-419.666
-420.468
-421.269
-422.071
-422.873
-423.674
-424.475
-425.277
-426.078
-426.879
-427.681
-428.482
-429.283
-430.084
-430.884
-431.685
-432.486
-433.286
-434.087
-434.887
-435.687
-436.487
-437.287
-438.087
-438.886
-439.686
-440.485
-441.284
-442.083
-442.882
-443.681
-444.479
-445.277
-446.075
-446.873
-447.671
-448.468
-449.266
-450.063
-450.86
-451.656
-452.453
-453.249
-454.045
-454.841
-455.636
-456.431
-457.226
-458.021
-458.815
-459.61
-460.403
-461.197
-461.99
-462.784
-463.576
-464.369
-465.161
-465.953
-466.744
-467.536
-468.327
-469.117
-469.908
-470.698
-471.487
-472.276
-473.065
-473.854
-474.642
-475.43
-476.218
-477.005
-477.792
-478.578
-479.364
-480.15
-480.935
-481.72
-482.504
-483.288
-484.072
-484.855
-485.638
-486.42
-487.202
-487.984
-488.765
-489.545
-490.325
-491.105
-491.884
-492.663
-493.441
-494.219
-494.996
-495.773
-374.325
-375.12
-375.915
-376.71
-377.506
-378.301
-379.097
-379.893
-380.69
-381.486
-382.283
-383.08
-383.877
-384.675
-385.472
-386.27
-387.068
-387.867
-388.665
-389.464
-390.262
-391.061
-391.86
-392.66
-393.459
-394.259
-395.058
-395.858
-396.658
-397.458
-398.259
-399.059
-399.859
-400.66
-401.461
-402.262
-403.062
-403.863
-404.664
-405.466
-406.267
-407.068
-407.87
-408.671
-409.473
-410.274
-411.076
-411.877
-412.679
-413.481
-414.282
-415.084
-415.886
-416.688
-417.49
-418.291
-419.093
-419.895
-420.697
-421.499
-422.3
-423.102
-423.904
-424.706
-425.507
-426.309
-427.11
-427.912
-428.713
-429.515
-430.316
-431.117
-431.919
-432.72
-433.521
-434.322
-435.122
-435.923
-436.724
-437.524
-438.325
-439.125
-439.925
-440.725
-441.525
-442.325
-443.124
-443.924
-444.723
-445.522
-446.321
-447.12
-447.918
-448.717
-449.515
-450.313
-451.111
-451.909
-452.706
-453.504
-454.301
-455.098
-455.894
-456.691
-457.487
-458.283
-459.078
-459.874
-460.669
-461.464
-462.259
-463.053
-463.848
-464.641
-465.435
-466.228
-467.021
-467.814
-468.607
-469.399
-470.191
-470.982
-471.774
-472.565
-473.355
-474.146
-474.935
-475.725
-476.514
-477.303
-478.092
-478.88
-479.668
-480.456
-481.243
-482.029
-482.816
-483.602
-484.388
-485.173
-485.958
-486.742
-487.526
-488.31
-489.093
-489.876
-490.658
-491.44
-492.222
-493.003
-493.783
-494.563
-495.343
-496.122
-496.901
-497.679
-498.457
-499.234
-500.01
-500.787
-378.563
-379.358
-380.153
-380.948
-381.743
-382.539
-383.335
-384.131
-384.928
-385.724
-386.521
-387.318
-388.115
-388.913
-389.71
-390.508
-391.306
-392.104
-392.903
-393.701
-394.5
-395.299
-396.098
-396.898
-397.697
-398.497
-399.296
-400.096
-400.896
-401.696
-402.496
-403.297
-404.097
-404.898
-405.699
-406.499
-407.3
-408.101
-408.902
-409.704
-410.505
-411.306
-412.107
-412.909
-413.71
-414.512
-415.314
-416.115
-416.917
-417.719
-418.52
-419.322
-420.124
-420.926
-421.728
-422.529
-423.331
-424.133
-424.935
-425.737
-426.538
-427.34
-428.142
-428.944
-429.745
-430.547
-431.348
-432.15
-432.951
-433.753
-434.554
-435.355
-436.156
-436.958
-437.759
-438.559
-439.36
-440.161
-440.962
-441.762
-442.562
-443.363
-444.163
-444.963
-445.763
-446.563
-447.362
-448.162
-448.961
-449.76
-450.559
-451.358
-452.156
-452.955
-453.753
-454.551
-455.349
-456.147
-456.944
-457.742
-458.539
-459.335
-460.132
-460.929
-461.725
-462.521
-463.316
-464.112
-464.907
-465.702
-466.497
-467.291
-468.085
-468.879
-469.673
-470.466
-471.259
-472.052
-472.845
-473.637
-474.429
-475.22
-476.012
-476.803
-477.593
-478.383
-479.173
-479.963
-480.752
-481.541
-482.33
-483.118
-483.906
-484.693
-485.481
-486.267
-487.054
-487.84
-488.625
-489.411
-490.196
-490.98
-491.764
-492.548
-493.331
-494.114
-494.896
-495.678
-496.46
-497.241
-498.021
-498.801
-499.581
-500.36
-501.139
-501.917
-502.694
-503.472
-504.248
-505.024
-505.8
-382.801
-383.596
-384.391
-385.186
-385.981
-386.777
-387.573
-388.369
-389.165
-389.962
-390.759
-391.556
-392.353
-393.151
-393.948
-394.746
-395.544
-396.342
-397.141
-397.939
-398.738
-399.537
-400.336
-401.135
-401.935
-402.734
-403.534
-404.334
-405.134
-405.934
-406.734
-407.535
-408.335
-409.136
-409.937
-410.737
-411.538
-412.339
-413.14
-413.941
-414.743
-415.544
-416.345
-417.147
-417.948
-418.75
-419.551
-420.353
-421.155
-421.957
-422.758
-423.56
-424.362
-425.164
-425.965
-426.767
-427.569
-428.371
-429.173
-429.975
-430.776
-431.578
-432.38
-433.181
-433.983
-434.785
-435.586
-436.388
-437.189
-437.991
-438.792
-439.593
-440.394
-441.195
-441.996
-442.797
-443.598
-444.399
-445.2
-446
-446.8
-447.601
-448.401
-449.201
-450.001
-450.8
-451.6
-452.399
-453.199
-453.998
-454.797
-455.596
-456.394
-457.193
-457.991
-458.789
-459.587
-460.385
-461.182
-461.979
-462.777
-463.573
-464.37
-465.166
-465.963
-466.759
-467.554
-468.35
-469.145
-469.94
-470.735
-471.529
-472.323
-473.117
-473.911
-474.704
-475.497
-476.29
-477.083
-477.875
-478.667
-479.458
-480.25
-481.04
-481.831
-482.621
-483.411
-484.201
-484.99
-485.779
-486.568
-487.356
-488.144
-488.931
-489.719
-490.505
-491.292
-492.078
-492.863
-493.649
-494.433
-495.218
-496.002
-496.786
-497.569
-498.352
-499.134
-499.916
-500.697
-501.478
-502.259
-503.039
-503.819
-504.598
-505.376
-506.155
-506.932
-507.709
-508.486
-509.262
-510.038
-387.039
-387.834
-388.629
-389.424
-390.219
-391.015
-391.811
-392.607
-393.403
-394.2
-394.997
-395.794
-396.591
-397.388
-398.186
-398.984
-399.782
-400.58
-401.379
-402.177
-402.976
-403.775
-404.574
-405.373
-406.173
-406.972
-407.772
-408.572
-409.372
-410.172
-410.972
-411.773
-412.573
-413.374
-414.174
-414.975
-415.776
-416.577
-417.378
-418.179
-418.981
-419.782
-420.583
-421.385
-422.186
-422.988
-423.789
-424.591
-425.393
-426.194
-426.996
-427.798
-428.6
-429.402
-430.203
-431.005
-431.807
-432.609
-433.411
-434.212
-435.014
-435.816
-436.618
-437.419
-438.221
-439.023
-439.824
-440.626
-441.427
-442.229
-443.03
-443.831
-444.632
-445.433
-446.234
-447.035
-447.836
-448.637
-449.437
-450.238
-451.038
-451.839
-452.639
-453.439
-454.239
-455.038
-455.838
-456.637
-457.437
-458.236
-459.035
-459.834
-460.632
-461.431
-462.229
-463.027
-463.825
-464.623
-465.42
-466.217
-467.014
-467.811
-468.608
-469.404
-470.201
-470.997
-471.792
-472.588
-473.383
-474.178
-474.973
-475.767
-476.561
-477.355
-478.149
-478.942
-479.735
-480.528
-481.321
-482.113
-482.905
-483.696
-484.487
-485.278
-486.069
-486.859
-487.649
-488.439
-489.228
-490.017
-490.806
-491.594
-492.382
-493.169
-493.957
-494.743
-495.53
-496.316
-497.101
-497.887
-498.671
-499.456
-500.24
-501.024
-501.807
-502.59
-503.372
-504.154
-504.935
-505.716
-506.497
-507.277
-508.057
-508.836
-509.614
-510.392
-511.17
-511.947
-512.724
-513.5
-514.276
-515.051
-391.277
-392.072
-392.867
-393.662
-394.457
-395.253
-396.049
-396.845
-397.641
-398.438
-399.235
-400.032
-400.829
-401.626
-402.424
-403.222
-404.02
-404.818
-405.617
-406.415
-407.214
-408.013
-408.812
-409.611
-410.411
-411.21
-412.01
-412.81
-413.61
-414.41
-415.21
-416.011
-416.811
-417.612
-418.412
-419.213
-420.014
-420.815
-421.616
-422.417
-423.219
-424.02
-424.821
-425.623
-426.424
-427.226
-428.027
-428.829
-429.631
-430.432
-431.234
-432.036
-432.838
-433.639
-434.441
-435.243
-436.045
-436.847
-437.649
-438.45
-439.252
-440.054
-440.856
-441.657
-442.459
-443.261
-444.062
-444.864
-445.665
-446.466
-447.268
-448.069
-448.87
-449.671
-450.472
-451.273
-452.074
-452.875
-453.675
-454.476
-455.276
-456.077
-456.877
-457.677
-458.477
-459.276
-460.076
-460.875
-461.675
-462.474
-463.273
-464.072
-464.87
-465.669
-466.467
-467.265
-468.063
-468.861
-469.658
-470.455
-471.252
-472.049
-472.846
-473.642
-474.439
-475.234
-476.03
-476.826
-477.621
-478.416
-479.211
-480.005
-480.799
-481.593
-482.387
-483.18
-483.973
-484.766
-485.558
-486.351
-487.143
-487.934
-488.725
-489.516
-490.307
-491.097
-491.887
-492.677
-493.466
-494.255
-495.044
-495.832
-496.62
-497.407
-498.194
-498.981
-499.768
-500.554
-501.339
-502.125
-502.909
-503.694
-504.478
-505.261
-506.045
-506.827
-507.61
-508.392
-509.173
-509.954
-510.735
-511.515
-512.294
-513.074
-513.852
-514.63
-515.408
-516.185
-516.962
-517.738
-518.514
-519.289
-520.063
-395.515
-396.31
-397.104
-397.9
-398.695
-399.491
-400.287
-401.083
-401.879
-402.676
-403.473
-404.27
-405.067
-405.864
-406.662
-407.46
-408.258
-409.056
-409.855
-410.653
-411.452
-412.251
-413.05
-413.849
-414.649
-415.448
-416.248
-417.048
-417.848
-418.648
-419.448
-420.248
-421.049
-421.85
-422.65
-423.451
-424.252
-425.053
-425.854
-426.655
-427.456
-428.258
-429.059
-429.861
-430.662
-431.464
-432.265
-433.067
-433.869
-434.67
-435.472
-436.274
-437.076
-437.877
-438.679
-439.481
-440.283
-441.085
-441.887
-442.688
-443.49
-444.292
-445.094
-445.895
-446.697
-447.498
-448.3
-449.102
-449.903
-450.704
-451.506
-452.307
-453.108
-453.909
-454.71
-455.511
-456.312
-457.113
-457.913
-458.714
-459.514
-460.314
-461.115
-461.915
-462.714
-463.514
-464.314
-465.113
-465.913
-466.712
-467.511
-468.309
-469.108
-469.907
-470.705
-471.503
-472.301
-473.098
-473.896
-474.693
-475.49
-476.287
-477.084
-477.88
-478.676
-479.472
-480.268
-481.064
-481.859
-482.654
-483.449
-484.243
-485.037
-485.831
-486.625
-487.418
-488.211
-489.004
-489.796
-490.589
-491.38
-492.172
-492.963
-493.754
-494.545
-495.335
-496.125
-496.915
-497.704
-498.493
-499.282
-500.07
-500.858
-501.645
-502.432
-503.219
-504.006
-504.792
-505.577
-506.362
-507.147
-507.932
-508.716
-509.499
-510.283
-511.065
-511.848
-512.63
-513.411
-514.192
-514.973
-515.753
-516.532
-517.311
-518.09
-518.868
-519.646
-520.423
-521.2
-521.976
-522.752
-523.527
-524.301
-399.753
-400.547
-401.342
-402.138
-402.933
-403.729
-404.525
-405.321
-406.117
-406.914
-407.71
-408.508
-409.305
-410.102
-410.9
-411.698
-412.496
-413.294
-414.092
-414.891
-415.69
-416.489
-417.288
-418.087
-418.887
-419.686
-420.486
-421.286
-422.086
-422.886
-423.686
-424.486
-425.287
-426.087
-426.888
-427.689
-428.49
-429.291
-430.092
-430.893
-431.694
-432.496
-433.297
-434.098
-434.9
-435.702
-436.503
-437.305
-438.106
-438.908
-439.71
-440.512
-441.314
-442.115
-442.917
-443.719
-444.521
-445.323
-446.124
-446.926
-447.728
-448.53
-449.331
-450.133
-450.935
-451.736
-452.538
-453.339
-454.141
-454.942
-455.744
-456.545
-457.346
-458.147
-458.948
-459.749
-460.55
-461.351
-462.151
-462.952
-463.752
-464.552
-465.353
-466.153
-466.952
-467.752
-468.552
-469.351
-470.15
-470.95
-471.749
-472.547
-473.346
-474.144
-474.943
-475.741
-476.539
-477.336
-478.134
-478.931
-479.728
-480.525
-481.322
-482.118
-482.914
-483.71
-484.506
-485.302
-486.097
-486.892
-487.686
-488.481
-489.275
-490.069
-490.863
-491.656
-492.449
-493.242
-494.034
-494.827
-495.618
-496.41
-497.201
-497.992
-498.783
-499.573
-500.363
-501.153
-501.942
-502.731
-503.52
-504.308
-505.096
-505.883
-506.67
-507.457
-508.243
-509.029
-509.815
-510.6
-511.385
-512.17
-512.954
-513.737
-514.521
-515.303
-516.086
-516.868
-517.649
-518.43
-519.211
-519.991
-520.77
-521.549
-522.328
-523.106
-523.884
-524.661
-525.438
-526.214
-526.989
-527.765
-528.539
-529.313
-403.991
-404.785
-405.58
-406.375
-407.171
-407.967
-408.762
-409.559
-410.355
-411.152
-411.948
-412.745
-413.543
-414.34
-415.138
-415.936
-416.734
-417.532
-418.33
-419.129
-419.928
-420.727
-421.526
-422.325
-423.124
-423.924
-424.724
-425.524
-426.324
-427.124
-427.924
-428.724
-429.525
-430.325
-431.126
-431.927
-432.728
-433.529
-434.33
-435.131
-435.932
-436.734
-437.535
-438.336
-439.138
-439.939
-440.741
-441.543
-442.344
-443.146
-443.948
-444.75
-445.551
-446.353
-447.155
-447.957
-448.759
-449.561
-450.362
-451.164
-451.966
-452.768
-453.569
-454.371
-455.173
-455.974
-456.776
-457.577
-458.379
-459.18
-459.982
-460.783
-461.584
-462.385
-463.186
-463.987
-464.788
-465.589
-466.389
-467.19
-467.99
-468.79
-469.59
-470.39
-471.19
-471.99
-472.79
-473.589
-474.388
-475.188
-475.987
-476.785
-477.584
-478.382
-479.181
-479.979
-480.777
-481.574
-482.372
-483.169
-483.966
-484.763
-485.56
-486.356
-487.152
-487.948
-488.744
-489.539
-490.335
-491.13
-491.924
-492.719
-493.513
-494.307
-495.101
-495.894
-496.687
-497.48
-498.272
-499.064
-499.856
-500.648
-501.439
-502.23
-503.021
-503.811
-504.601
-505.391
-506.18
-506.969
-507.757
-508.546
-509.334
-510.121
-510.908
-511.695
-512.481
-513.267
-514.053
-514.838
-515.623
-516.408
-517.192
-517.975
-518.758
-519.541
-520.324
-521.105
-521.887
-522.668
-523.448
-524.229
-525.008
-525.787
-526.566
-527.344
-528.122
-528.899
-529.675
-530.452
-531.227
-532.002
-532.777
-533.551
-534.325
-408.229
-409.023
-409.818
-410.613
-411.409
-412.204
-413
-413.796
-414.593
-415.389
-416.186
-416.983
-417.781
-418.578
-419.376
-420.174
-420.972
-421.77
-422.568
-423.367
-424.166
-424.965
-425.764
-426.563
-427.362
-428.162
-428.962
-429.762
-430.561
-431.362
-432.162
-432.962
-433.763
-434.563
-435.364
-436.165
-436.966
-437.767
-438.568
-439.369
-440.17
-440.972
-441.773
-442.574
-443.376
-444.177
-444.979
-445.781
-446.582
-447.384
-448.186
-448.988
-449.789
-450.591
-451.393
-452.195
-452.997
-453.798
-454.6
-455.402
-456.204
-457.006
-457.807
-458.609
-459.411
-460.212
-461.014
-461.815
-462.617
-463.418
-464.219
-465.021
-465.822
-466.623
-467.424
-468.225
-469.026
-469.826
-470.627
-471.428
-472.228
-473.028
-473.828
-474.628
-475.428
-476.228
-477.028
-477.827
-478.626
-479.425
-480.224
-481.023
-481.822
-482.62
-483.419
-484.217
-485.015
-485.812
-486.61
-487.407
-488.204
-489.001
-489.798
-490.594
-491.39
-492.186
-492.982
-493.777
-494.573
-495.368
-496.162
-496.957
-497.751
-498.545
-499.339
-500.132
-500.925
-501.718
-502.51
-503.302
-504.094
-504.886
-505.677
-506.468
-507.259
-508.049
-508.839
-509.629
-510.418
-511.207
-511.995
-512.784
-513.572
-514.359
-515.146
-515.933
-516.719
-517.505
-518.291
-519.076
-519.861
-520.646
-521.43
-522.213
-522.996
-523.779
-524.561
-525.343
-526.125
-526.906
-527.686
-528.466
-529.246
-530.025
-530.804
-531.582
-532.36
-533.137
-533.913
-534.69
-535.465
-536.24
-537.015
-537.789
-538.562
-539.335
-412.467
-413.261
-414.056
-414.851
-415.647
-416.442
-417.238
-418.034
-418.831
-419.627
-420.424
-421.221
-422.018
-422.816
-423.614
-424.411
-425.209
-426.008
-426.806
-427.605
-428.404
-429.202
-430.002
-430.801
-431.6
-432.4
-433.2
-433.999
-434.799
-435.6
-436.4
-437.2
-438.001
-438.801
-439.602
-440.403
-441.204
-442.005
-442.806
-443.607
-444.408
-445.209
-446.011
-446.812
-447.614
-448.415
-449.217
-450.019
-450.82
-451.622
-452.424
-453.225
-454.027
-454.829
-455.631
-456.433
-457.235
-458.036
-458.838
-459.64
-460.442
-461.244
-462.045
-462.847
-463.649
-464.45
-465.252
-466.053
-466.855
-467.656
-468.457
-469.259
-470.06
-470.861
-471.662
-472.463
-473.264
-474.064
-474.865
-475.666
-476.466
-477.266
-478.066
-478.866
-479.666
-480.466
-481.266
-482.065
-482.864
-483.663
-484.462
-485.261
-486.06
-486.858
-487.657
-488.455
-489.253
-490.05
-490.848
-491.645
-492.442
-493.239
-494.036
-494.832
-495.628
-496.424
-497.22
-498.015
-498.811
-499.606
-500.4
-501.195
-501.989
-502.783
-503.576
-504.37
-505.163
-505.956
-506.748
-507.54
-508.332
-509.124
-509.915
-510.706
-511.497
-512.287
-513.077
-513.867
-514.656
-515.445
-516.233
-517.022
-517.809
-518.597
-519.384
-520.171
-520.957
-521.743
-522.529
-523.314
-524.099
-524.883
-525.667
-526.451
-527.234
-528.017
-528.799
-529.581
-530.363
-531.144
-531.924
-532.704
-533.484
-534.263
-535.042
-535.82
-536.597
-537.375
-538.151
-538.927
-539.703
-540.478
-541.253
-542.027
-542.8
-543.573
-416.704
-417.499
-418.294
-419.089
-419.885
-420.68
-421.476
-422.272
-423.069
-423.865
-424.662
-425.459
-426.256
-427.054
-427.851
-428.649
-429.447
-430.246
-431.044
-431.843
-432.641
-433.44
-434.239
-435.039
-435.838
-436.638
-437.437
-438.237
-439.037
-439.837
-440.638
-441.438
-442.239
-443.039
-443.84
-444.641
-445.442
-446.243
-447.044
-447.845
-448.646
-449.447
-450.249
-451.05
-451.852
-452.653
-453.455
-454.256
-455.058
-455.86
-456.662
-457.463
-458.265
-459.067
-459.869
-460.671
-461.472
-462.274
-463.076
-463.878
-464.68
-465.481
-466.283
-467.085
-467.886
-468.688
-469.49
-470.291
-471.093
-471.894
-472.695
-473.497
-474.298
-475.099
-475.9
-476.701
-477.502
-478.302
-479.103
-479.903
-480.704
-481.504
-482.304
-483.104
-483.904
-484.704
-485.503
-486.303
-487.102
-487.901
-488.7
-489.499
-490.298
-491.096
-491.894
-492.693
-493.49
-494.288
-495.086
-495.883
-496.68
-497.477
-498.274
-499.07
-499.866
-500.662
-501.458
-502.253
-503.049
-503.843
-504.638
-505.433
-506.227
-507.021
-507.814
-508.608
-509.401
-510.194
-510.986
-511.778
-512.57
-513.362
-514.153
-514.944
-515.735
-516.525
-517.315
-518.104
-518.894
-519.683
-520.471
-521.26
-522.047
-522.835
-523.622
-524.409
-525.195
-525.981
-526.767
-527.552
-528.337
-529.121
-529.905
-530.689
-531.472
-532.255
-533.037
-533.819
-534.601
-535.382
-536.162
-536.942
-537.722
-538.501
-539.28
-540.058
-540.835
-541.613
-542.389
-543.165
-543.941
-544.716
-545.491
-546.265
-547.038
-547.811
-548.584
-420.942
-421.737
-422.532
-423.327
-424.122
-424.918
-425.714
-426.51
-427.307
-428.103
-428.9
-429.697
-430.494
-431.292
-432.089
-432.887
-433.685
-434.484
-435.282
-436.081
-436.879
-437.678
-438.477
-439.277
-440.076
-440.876
-441.675
-442.475
-443.275
-444.075
-444.876
-445.676
-446.476
-447.277
-448.078
-448.879
-449.679
-450.48
-451.282
-452.083
-452.884
-453.685
-454.487
-455.288
-456.09
-456.891
-457.693
-458.494
-459.296
-460.098
-460.9
-461.701
-462.503
-463.305
-464.107
-464.909
-465.71
-466.512
-467.314
-468.116
-468.918
-469.719
-470.521
-471.323
-472.124
-472.926
-473.728
-474.529
-475.331
-476.132
-476.933
-477.735
-478.536
-479.337
-480.138
-480.939
-481.74
-482.54
-483.341
-484.141
-484.942
-485.742
-486.542
-487.342
-488.142
-488.942
-489.741
-490.541
-491.34
-492.139
-492.938
-493.737
-494.536
-495.334
-496.132
-496.93
-497.728
-498.526
-499.324
-500.121
-500.918
-501.715
-502.511
-503.308
-504.104
-504.9
-505.696
-506.491
-507.286
-508.081
-508.876
-509.671
-510.465
-511.259
-512.052
-512.846
-513.639
-514.432
-515.224
-516.016
-516.808
-517.6
-518.391
-519.182
-519.973
-520.763
-521.553
-522.342
-523.132
-523.921
-524.709
-525.497
-526.285
-527.073
-527.86
-528.647
-529.433
-530.219
-531.005
-531.79
-532.575
-533.359
-534.143
-534.927
-535.71
-536.493
-537.275
-538.057
-538.839
-539.62
-540.4
-541.18
-541.96
-542.739
-543.517
-544.296
-545.073
-545.85
-546.627
-547.403
-548.179
-548.954
-549.729
-550.503
-551.276
-552.049
-552.822
-553.594
-425.18
-425.975
-426.77
-427.565
-428.36
-429.156
-429.952
-430.748
-431.544
-432.341
-433.138
-433.935
-434.732
-435.53
-436.327
-437.125
-437.923
-438.721
-439.52
-440.318
-441.117
-441.916
-442.715
-443.515
-444.314
-445.114
-445.913
-446.713
-447.513
-448.313
-449.114
-449.914
-450.714
-451.515
-452.316
-453.116
-453.917
-454.718
-455.519
-456.321
-457.122
-457.923
-458.725
-459.526
-460.327
-461.129
-461.931
-462.732
-463.534
-464.336
-465.137
-465.939
-466.741
-467.543
-468.345
-469.146
-469.948
-470.75
-471.552
-472.354
-473.156
-473.957
-474.759
-475.561
-476.362
-477.164
-477.966
-478.767
-479.568
-480.37
-481.171
-481.972
-482.774
-483.575
-484.376
-485.177
-485.977
-486.778
-487.579
-488.379
-489.18
-489.98
-490.78
-491.58
-492.38
-493.18
-493.979
-494.779
-495.578
-496.377
-497.176
-497.975
-498.774
-499.572
-500.37
-501.168
-501.966
-502.764
-503.562
-504.359
-505.156
-505.953
-506.749
-507.546
-508.342
-509.138
-509.934
-510.729
-511.524
-512.319
-513.114
-513.909
-514.703
-515.497
-516.29
-517.084
-517.877
-518.669
-519.462
-520.254
-521.046
-521.838
-522.629
-523.42
-524.21
-525.001
-525.791
-526.58
-527.37
-528.159
-528.947
-529.735
-530.523
-531.311
-532.098
-532.885
-533.671
-534.457
-535.243
-536.028
-536.813
-537.597
-538.381
-539.165
-539.948
-540.731
-541.513
-542.295
-543.077
-543.858
-544.638
-545.418
-546.198
-546.977
-547.755
-548.534
-549.311
-550.088
-550.865
-551.641
-552.417
-553.192
-553.966
-554.741
-555.514
-556.287
-557.06
-557.832
-429.418
-430.213
-431.008
-431.803
-432.598
-433.394
-434.19
-434.986
-435.782
-436.579
-437.376
-438.173
-438.97
-439.768
-440.565
-441.363
-442.161
-442.959
-443.758
-444.556
-445.355
-446.154
-446.953
-447.752
-448.552
-449.351
-450.151
-450.951
-451.751
-452.551
-453.351
-454.152
-454.952
-455.753
-456.554
-457.354
-458.155
-458.956
-459.757
-460.559
-461.36
-462.161
-462.962
-463.764
-464.565
-465.367
-466.169
-466.97
-467.772
-468.574
-469.375
-470.177
-470.979
-471.781
-472.583
-473.384
-474.186
-474.988
-475.79
-476.592
-477.393
-478.195
-478.997
-479.799
-480.6
-481.402
-482.203
-483.005
-483.806
-484.608
-485.409
-486.21
-487.012
-487.813
-488.614
-489.415
-490.215
-491.016
-491.817
-492.617
-493.418
-494.218
-495.018
-495.818
-496.618
-497.418
-498.217
-499.017
-499.816
-500.615
-501.414
-502.213
-503.012
-503.81
-504.608
-505.406
-506.204
-507.002
-507.799
-508.597
-509.394
-510.191
-510.987
-511.784
-512.58
-513.376
-514.172
-514.967
-515.762
-516.557
-517.352
-518.146
-518.941
-519.735
-520.528
-521.322
-522.115
-522.907
-523.7
-524.492
-525.284
-526.076
-526.867
-527.658
-528.448
-529.239
-530.029
-530.818
-531.608
-532.397
-533.185
-533.973
-534.761
-535.549
-536.336
-537.123
-537.909
-538.695
-539.481
-540.266
-541.051
-541.835
-542.619
-543.403
-544.186
-544.969
-545.751
-546.533
-547.314
-548.095
-548.876
-549.656
-550.436
-551.215
-551.993
-552.771
-553.549
-554.326
-555.103
-555.879
-556.655
-557.43
-558.204
-558.978
-559.752
-560.525
-561.298
-562.07
-562.841
-433.656
-434.451
-435.246
-436.041
-436.836
-437.632
-438.428
-439.224
-440.02
-440.817
-441.614
-442.411
-443.208
-444.005
-444.803
-445.601
-446.399
-447.197
-447.996
-448.794
-449.593
-450.392
-451.191
-451.99
-452.79
-453.589
-454.389
-455.189
-455.989
-456.789
-457.589
-458.39
-459.19
-459.991
-460.791
-461.592
-462.393
-463.194
-463.995
-464.796
-465.598
-466.399
-467.2
-468.002
-468.803
-469.605
-470.406
-471.208
-472.01
-472.812
-473.613
-474.415
-475.217
-476.019
-476.821
-477.622
-478.424
-479.226
-480.028
-480.83
-481.631
-482.433
-483.235
-484.037
-484.838
-485.64
-486.441
-487.243
-488.044
-488.846
-489.647
-490.448
-491.249
-492.051
-492.852
-493.652
-494.453
-495.254
-496.055
-496.855
-497.656
-498.456
-499.256
-500.056
-500.856
-501.656
-502.455
-503.255
-504.054
-504.853
-505.652
-506.451
-507.249
-508.048
-508.846
-509.644
-510.442
-511.24
-512.037
-512.835
-513.632
-514.429
-515.225
-516.022
-516.818
-517.614
-518.41
-519.205
-520
-520.795
-521.59
-522.384
-523.179
-523.973
-524.766
-525.56
-526.353
-527.145
-527.938
-528.73
-529.522
-530.314
-531.105
-531.896
-532.686
-533.477
-534.267
-535.056
-535.846
-536.634
-537.423
-538.211
-538.999
-539.787
-540.574
-541.361
-542.147
-542.933
-543.719
-544.504
-545.289
-546.073
-546.857
-547.641
-548.424
-549.207
-549.989
-550.771
-551.552
-552.333
-553.114
-553.894
-554.674
-555.453
-556.231
-557.009
-557.787
-558.564
-559.341
-560.117
-560.893
-561.668
-562.442
-563.216
-563.99
-564.763
-565.535
-566.307
-567.079
-567.85
-437.894
-438.689
-439.483
-440.279
-441.074
-441.87
-442.666
-443.462
-444.258
-445.055
-445.852
-446.649
-447.446
-448.243
-449.041
-449.839
-450.637
-451.435
-452.234
-453.032
-453.831
-454.63
-455.429
-456.228
-457.028
-457.827
-458.627
-459.427
-460.227
-461.027
-461.827
-462.628
-463.428
-464.229
-465.029
-465.83
-466.631
-467.432
-468.233
-469.034
-469.836
-470.637
-471.438
-472.24
-473.041
-473.843
-474.644
-475.446
-476.248
-477.049
-477.851
-478.653
-479.455
-480.257
-481.058
-481.86
-482.662
-483.464
-484.266
-485.068
-485.869
-486.671
-487.473
-488.274
-489.076
-489.878
-490.679
-491.481
-492.282
-493.084
-493.885
-494.686
-495.487
-496.288
-497.089
-497.89
-498.691
-499.492
-500.293
-501.093
-501.893
-502.694
-503.494
-504.294
-505.094
-505.894
-506.693
-507.493
-508.292
-509.091
-509.89
-510.689
-511.487
-512.286
-513.084
-513.882
-514.68
-515.478
-516.275
-517.073
-517.87
-518.667
-519.463
-520.26
-521.056
-521.852
-522.648
-523.443
-524.238
-525.033
-525.828
-526.622
-527.417
-528.21
-529.004
-529.797
-530.591
-531.383
-532.176
-532.968
-533.76
-534.551
-535.343
-536.134
-536.924
-537.715
-538.505
-539.294
-540.083
-540.872
-541.661
-542.449
-543.237
-544.025
-544.812
-545.599
-546.385
-547.171
-547.957
-548.742
-549.527
-550.311
-551.095
-551.879
-552.662
-553.445
-554.227
-555.009
-555.79
-556.571
-557.352
-558.132
-558.911
-559.691
-560.469
-561.247
-562.025
-562.802
-563.579
-564.355
-565.13
-565.906
-566.68
-567.454
-568.228
-569.001
-569.773
-570.545
-571.317
-572.088
-572.858
-442.132
-442.926
-443.721
-444.517
-445.312
-446.108
-446.904
-447.7
-448.496
-449.293
-450.089
-450.887
-451.684
-452.481
-453.279
-454.077
-454.875
-455.673
-456.471
-457.27
-458.069
-458.868
-459.667
-460.466
-461.266
-462.065
-462.865
-463.665
-464.465
-465.265
-466.065
-466.866
-467.666
-468.467
-469.267
-470.068
-470.869
-471.67
-472.471
-473.272
-474.074
-474.875
-475.676
-476.478
-477.279
-478.081
-478.882
-479.684
-480.486
-481.287
-482.089
-482.891
-483.693
-484.495
-485.296
-486.098
-486.9
-487.702
-488.504
-489.305
-490.107
-490.909
-491.711
-492.512
-493.314
-494.116
-494.917
-495.719
-496.52
-497.322
-498.123
-498.924
-499.725
-500.526
-501.327
-502.128
-502.929
-503.73
-504.531
-505.331
-506.131
-506.932
-507.732
-508.532
-509.332
-510.131
-510.931
-511.73
-512.53
-513.329
-514.128
-514.927
-515.725
-516.524
-517.322
-518.12
-518.918
-519.716
-520.513
-521.311
-522.108
-522.905
-523.701
-524.498
-525.294
-526.09
-526.885
-527.681
-528.476
-529.271
-530.066
-530.86
-531.654
-532.448
-533.242
-534.035
-534.828
-535.621
-536.414
-537.206
-537.998
-538.789
-539.581
-540.372
-541.162
-541.953
-542.743
-543.532
-544.321
-545.11
-545.899
-546.687
-547.475
-548.263
-549.05
-549.837
-550.623
-551.409
-552.195
-552.98
-553.765
-554.549
-555.333
-556.117
-556.9
-557.683
-558.465
-559.247
-560.028
-560.809
-561.59
-562.37
-563.149
-563.928
-564.707
-565.485
-566.263
-567.04
-567.817
-568.593
-569.368
-570.144
-570.918
-571.692
-572.466
-573.239
-574.011
-574.783
-575.555
-576.326
-577.096
-446.37
-447.164
-447.959
-448.754
-449.55
-450.346
-451.141
-451.938
-452.734
-453.531
-454.327
-455.124
-455.922
-456.719
-457.517
-458.315
-459.113
-459.911
-460.709
-461.508
-462.307
-463.106
-463.905
-464.704
-465.504
-466.303
-467.103
-467.903
-468.703
-469.503
-470.303
-471.103
-471.904
-472.705
-473.505
-474.306
-475.107
-475.908
-476.709
-477.51
-478.311
-479.113
-479.914
-480.716
-481.517
-482.319
-483.12
-483.922
-484.724
-485.525
-486.327
-487.129
-487.931
-488.732
-489.534
-490.336
-491.138
-491.94
-492.742
-493.543
-494.345
-495.147
-495.949
-496.75
-497.552
-498.354
-499.155
-499.957
-500.758
-501.559
-502.361
-503.162
-503.963
-504.764
-505.565
-506.366
-507.167
-507.968
-508.768
-509.569
-510.369
-511.17
-511.97
-512.77
-513.57
-514.369
-515.169
-515.968
-516.768
-517.567
-518.366
-519.165
-519.963
-520.762
-521.56
-522.358
-523.156
-523.954
-524.751
-525.548
-526.346
-527.142
-527.939
-528.736
-529.532
-530.328
-531.123
-531.919
-532.714
-533.509
-534.304
-535.098
-535.892
-536.686
-537.48
-538.273
-539.066
-539.859
-540.652
-541.444
-542.236
-543.027
-543.819
-544.61
-545.4
-546.19
-546.98
-547.77
-548.559
-549.348
-550.137
-550.925
-551.713
-552.501
-553.288
-554.074
-554.861
-555.647
-556.432
-557.218
-558.003
-558.787
-559.571
-560.355
-561.138
-561.921
-562.703
-563.485
-564.266
-565.047
-565.828
-566.608
-567.387
-568.166
-568.945
-569.723
-570.501
-571.278
-572.055
-572.831
-573.606
-574.381
-575.156
-575.93
-576.704
-577.477
-578.249
-579.021
-579.793
-580.563
-581.334
-582.104
-450.608
-451.402
-452.197
-452.992
-453.788
-454.583
-455.379
-456.175
-456.972
-457.768
-458.565
-459.362
-460.16
-460.957
-461.755
-462.553
-463.351
-464.149
-464.947
-465.746
-466.545
-467.344
-468.143
-468.942
-469.741
-470.541
-471.341
-472.141
-472.941
-473.741
-474.541
-475.341
-476.142
-476.942
-477.743
-478.544
-479.345
-480.146
-480.947
-481.748
-482.549
-483.351
-484.152
-484.953
-485.755
-486.557
-487.358
-488.16
-488.961
-489.763
-490.565
-491.367
-492.169
-492.97
-493.772
-494.574
-495.376
-496.178
-496.979
-497.781
-498.583
-499.385
-500.187
-500.988
-501.79
-502.591
-503.393
-504.195
-504.996
-505.797
-506.599
-507.4
-508.201
-509.002
-509.803
-510.604
-511.405
-512.206
-513.006
-513.807
-514.607
-515.408
-516.208
-517.008
-517.808
-518.607
-519.407
-520.206
-521.006
-521.805
-522.604
-523.403
-524.201
-525
-525.798
-526.596
-527.394
-528.192
-528.989
-529.786
-530.584
-531.38
-532.177
-532.973
-533.77
-534.566
-535.361
-536.157
-536.952
-537.747
-538.542
-539.336
-540.13
-540.924
-541.718
-542.511
-543.304
-544.097
-544.89
-545.682
-546.474
-547.265
-548.057
-548.848
-549.638
-550.428
-551.218
-552.008
-552.797
-553.586
-554.375
-555.163
-555.951
-556.738
-557.526
-558.312
-559.099
-559.885
-560.67
-561.456
-562.241
-563.025
-563.809
-564.593
-565.376
-566.159
-566.941
-567.723
-568.504
-569.285
-570.066
-570.846
-571.625
-572.404
-573.183
-573.961
-574.739
-575.516
-576.293
-577.069
-577.844
-578.619
-579.394
-580.168
-580.942
-581.715
-582.487
-583.259
-584.03
-584.801
-585.572
-586.341
-587.111
-454.846
-455.64
-456.435
-457.23
-458.026
-458.821
-459.617
-460.413
-461.21
-462.006
-462.803
-463.6
-464.397
-465.195
-465.993
-466.79
-467.589
-468.387
-469.185
-469.984
-470.783
-471.582
-472.381
-473.18
-473.979
-474.779
-475.579
-476.378
-477.178
-477.979
-478.779
-479.579
-480.38
-481.18
-481.981
-482.782
-483.583
-484.384
-485.185
-485.986
-486.787
-487.589
-488.39
-489.191
-489.993
-490.794
-491.596
-492.398
-493.199
-494.001
-494.803
-495.605
-496.406
-497.208
-498.01
-498.812
-499.614
-500.416
-501.217
-502.019
-502.821
-503.623
-504.424
-505.226
-506.028
-506.829
-507.631
-508.432
-509.234
-510.035
-510.837
-511.638
-512.439
-513.24
-514.041
-514.842
-515.643
-516.444
-517.244
-518.045
-518.845
-519.645
-520.446
-521.246
-522.046
-522.845
-523.645
-524.444
-525.244
-526.043
-526.842
-527.641
-528.439
-529.238
-530.036
-530.834
-531.632
-532.43
-533.227
-534.024
-534.821
-535.618
-536.415
-537.211
-538.008
-538.804
-539.599
-540.395
-541.19
-541.985
-542.78
-543.574
-544.368
-545.162
-545.956
-546.749
-547.542
-548.335
-549.128
-549.92
-550.712
-551.503
-552.295
-553.085
-553.876
-554.666
-555.456
-556.246
-557.035
-557.824
-558.613
-559.401
-560.189
-560.976
-561.764
-562.55
-563.337
-564.123
-564.908
-565.694
-566.478
-567.263
-568.047
-568.831
-569.614
-570.397
-571.179
-571.961
-572.742
-573.523
-574.304
-575.084
-575.863
-576.642
-577.421
-578.199
-578.977
-579.754
-580.53
-581.307
-582.082
-582.857
-583.632
-584.406
-585.18
-585.953
-586.725
-587.497
-588.268
-589.039
-589.81
-590.579
-591.349
-459.083
-459.878
-460.673
-461.468
-462.264
-463.059
-463.855
-464.651
-465.448
-466.244
-467.041
-467.838
-468.635
-469.433
-470.231
-471.028
-471.826
-472.625
-473.423
-474.222
-475.02
-475.819
-476.619
-477.418
-478.217
-479.017
-479.817
-480.616
-481.416
-482.217
-483.017
-483.817
-484.618
-485.418
-486.219
-487.02
-487.821
-488.622
-489.423
-490.224
-491.025
-491.826
-492.628
-493.429
-494.231
-495.032
-495.834
-496.636
-497.437
-498.239
-499.041
-499.843
-500.644
-501.446
-502.248
-503.05
-503.852
-504.653
-505.455
-506.257
-507.059
-507.861
-508.662
-509.464
-510.266
-511.067
-511.869
-512.67
-513.472
-514.273
-515.075
-515.876
-516.677
-517.478
-518.279
-519.08
-519.881
-520.682
-521.482
-522.283
-523.083
-523.883
-524.684
-525.484
-526.283
-527.083
-527.883
-528.682
-529.482
-530.281
-531.08
-531.878
-532.677
-533.476
-534.274
-535.072
-535.87
-536.668
-537.465
-538.262
-539.059
-539.856
-540.653
-541.449
-542.246
-543.042
-543.837
-544.633
-545.428
-546.223
-547.018
-547.812
-548.606
-549.4
-550.194
-550.987
-551.78
-552.573
-553.366
-554.158
-554.95
-555.741
-556.532
-557.323
-558.114
-558.904
-559.694
-560.484
-561.273
-562.062
-562.851
-563.639
-564.427
-565.214
-566.002
-566.788
-567.575
-568.361
-569.146
-569.932
-570.716
-571.501
-572.285
-573.069
-573.852
-574.634
-575.417
-576.199
-576.98
-577.761
-578.542
-579.322
-580.101
-580.88
-581.659
-582.437
-583.215
-583.992
-584.768
-585.545
-586.32
-587.095
-587.87
-588.644
-589.417
-590.19
-590.963
-591.735
-592.506
-593.277
-594.048
-594.817
-595.587
-596.355
-463.321
-464.116
-464.911
-465.706
-466.501
-467.297
-468.093
-468.889
-469.686
-470.482
-471.279
-472.076
-472.873
-473.671
-474.468
-475.266
-476.064
-476.863
-477.661
-478.46
-479.258
-480.057
-480.856
-481.656
-482.455
-483.255
-484.054
-484.854
-485.654
-486.454
-487.255
-488.055
-488.856
-489.656
-490.457
-491.258
-492.059
-492.86
-493.661
-494.462
-495.263
-496.064
-496.866
-497.667
-498.469
-499.27
-500.072
-500.874
-501.675
-502.477
-503.279
-504.08
-504.882
-505.684
-506.486
-507.288
-508.09
-508.891
-509.693
-510.495
-511.297
-512.099
-512.9
-513.702
-514.504
-515.305
-516.107
-516.908
-517.71
-518.511
-519.313
-520.114
-520.915
-521.716
-522.517
-523.318
-524.119
-524.92
-525.72
-526.521
-527.321
-528.121
-528.921
-529.721
-530.521
-531.321
-532.121
-532.92
-533.719
-534.519
-535.318
-536.116
-536.915
-537.713
-538.512
-539.31
-540.108
-540.905
-541.703
-542.5
-543.297
-544.094
-544.891
-545.687
-546.483
-547.279
-548.075
-548.871
-549.666
-550.461
-551.256
-552.05
-552.844
-553.638
-554.432
-555.225
-556.018
-556.811
-557.604
-558.396
-559.188
-559.979
-560.77
-561.561
-562.352
-563.142
-563.932
-564.722
-565.511
-566.3
-567.089
-567.877
-568.665
-569.452
-570.24
-571.026
-571.813
-572.599
-573.384
-574.17
-574.954
-575.739
-576.523
-577.306
-578.09
-578.872
-579.655
-580.437
-581.218
-581.999
-582.78
-583.56
-584.339
-585.118
-585.897
-586.675
-587.453
-588.23
-589.006
-589.782
-590.558
-591.333
-592.108
-592.882
-593.655
-594.428
-595.201
-595.973
-596.744
-597.515
-598.285
-599.055
-599.824
-600.593
-601.361
-467.559
-468.354
-469.149
-469.944
-470.739
-471.535
-472.331
-473.127
-473.923
-474.72
-475.517
-476.314
-477.111
-477.909
-478.706
-479.504
-480.302
-481.1
-481.899
-482.697
-483.496
-484.295
-485.094
-485.894
-486.693
-487.493
-488.292
-489.092
-489.892
-490.692
-491.493
-492.293
-493.093
-493.894
-494.695
-495.496
-496.296
-497.097
-497.899
-498.7
-499.501
-500.302
-501.104
-501.905
-502.707
-503.508
-504.31
-505.111
-505.913
-506.715
-507.517
-508.318
-509.12
-509.922
-510.724
-511.526
-512.328
-513.129
-513.931
-514.733
-515.535
-516.336
-517.138
-517.94
-518.742
-519.543
-520.345
-521.146
-521.948
-522.749
-523.55
-524.352
-525.153
-525.954
-526.755
-527.556
-528.357
-529.157
-529.958
-530.759
-531.559
-532.359
-533.159
-533.959
-534.759
-535.559
-536.359
-537.158
-537.957
-538.757
-539.556
-540.354
-541.153
-541.951
-542.75
-543.548
-544.346
-545.143
-545.941
-546.738
-547.535
-548.332
-549.129
-549.925
-550.721
-551.517
-552.313
-553.109
-553.904
-554.699
-555.494
-556.288
-557.082
-557.876
-558.67
-559.463
-560.256
-561.049
-561.841
-562.634
-563.426
-564.217
-565.008
-565.799
-566.59
-567.38
-568.17
-568.96
-569.749
-570.538
-571.327
-572.115
-572.903
-573.69
-574.477
-575.264
-576.051
-576.837
-577.622
-578.408
-579.192
-579.977
-580.761
-581.544
-582.328
-583.11
-583.893
-584.675
-585.456
-586.237
-587.018
-587.798
-588.577
-589.356
-590.135
-590.913
-591.691
-592.468
-593.244
-594.02
-594.796
-595.571
-596.346
-597.12
-597.893
-598.666
-599.439
-600.211
-600.982
-601.753
-602.523
-603.293
-604.062
-604.831
-605.599
-606.366
-471.797
-472.592
-473.387
-474.182
-474.977
-475.773
-476.569
-477.365
-478.161
-478.958
-479.755
-480.552
-481.349
-482.147
-482.944
-483.742
-484.54
-485.338
-486.137
-486.935
-487.734
-488.533
-489.332
-490.132
-490.931
-491.731
-492.53
-493.33
-494.13
-494.93
-495.73
-496.531
-497.331
-498.132
-498.933
-499.733
-500.534
-501.335
-502.136
-502.938
-503.739
-504.54
-505.342
-506.143
-506.945
-507.746
-508.548
-509.349
-510.151
-510.953
-511.755
-512.556
-513.358
-514.16
-514.962
-515.764
-516.565
-517.367
-518.169
-518.971
-519.773
-520.574
-521.376
-522.178
-522.979
-523.781
-524.583
-525.384
-526.186
-526.987
-527.788
-528.59
-529.391
-530.192
-530.993
-531.794
-532.595
-533.395
-534.196
-534.997
-535.797
-536.597
-537.397
-538.197
-538.997
-539.797
-540.597
-541.396
-542.195
-542.994
-543.793
-544.592
-545.391
-546.189
-546.988
-547.786
-548.584
-549.381
-550.179
-550.976
-551.773
-552.57
-553.367
-554.163
-554.959
-555.755
-556.551
-557.347
-558.142
-558.937
-559.731
-560.526
-561.32
-562.114
-562.908
-563.701
-564.494
-565.287
-566.079
-566.872
-567.663
-568.455
-569.246
-570.037
-570.828
-571.618
-572.408
-573.198
-573.987
-574.776
-575.565
-576.353
-577.141
-577.928
-578.715
-579.502
-580.289
-581.075
-581.86
-582.645
-583.43
-584.215
-584.999
-585.782
-586.566
-587.348
-588.131
-588.913
-589.694
-590.475
-591.255
-592.036
-592.815
-593.594
-594.373
-595.151
-595.928
-596.706
-597.482
-598.258
-599.034
-599.809
-600.584
-601.358
-602.131
-602.904
-603.677
-604.449
-605.22
-605.991
-606.761
-607.531
-608.3
-609.069
-609.837
-610.604
-476.035
-476.83
-477.624
-478.42
-479.215
-480.011
-480.807
-481.603
-482.399
-483.196
-483.993
-484.79
-485.587
-486.384
-487.182
-487.98
-488.778
-489.576
-490.375
-491.173
-491.972
-492.771
-493.57
-494.369
-495.169
-495.968
-496.768
-497.568
-498.368
-499.168
-499.968
-500.769
-501.569
-502.37
-503.171
-503.971
-504.772
-505.573
-506.374
-507.176
-507.977
-508.778
-509.58
-510.381
-511.182
-511.984
-512.786
-513.587
-514.389
-515.191
-515.992
-516.794
-517.596
-518.398
-519.2
-520.002
-520.803
-521.605
-522.407
-523.209
-524.011
-524.812
-525.614
-526.416
-527.217
-528.019
-528.821
-529.622
-530.424
-531.225
-532.026
-532.828
-533.629
-534.43
-535.231
-536.032
-536.833
-537.633
-538.434
-539.234
-540.035
-540.835
-541.635
-542.435
-543.235
-544.035
-544.835
-545.634
-546.433
-547.232
-548.031
-548.83
-549.629
-550.427
-551.226
-552.024
-552.822
-553.619
-554.417
-555.214
-556.011
-556.808
-557.605
-558.401
-559.197
-559.993
-560.789
-561.584
-562.38
-563.175
-563.969
-564.764
-565.558
-566.352
-567.146
-567.939
-568.732
-569.525
-570.317
-571.11
-571.901
-572.693
-573.484
-574.275
-575.066
-575.856
-576.646
-577.436
-578.225
-579.014
-579.803
-580.591
-581.379
-582.166
-582.953
-583.74
-584.527
-585.313
-586.098
-586.883
-587.668
-588.453
-589.237
-590.02
-590.804
-591.586
-592.369
-593.151
-593.932
-594.713
-595.493
-596.274
-597.053
-597.832
-598.611
-599.389
-600.166
-600.944
-601.72
-602.496
-603.272
-604.047
-604.822
-605.596
-606.369
-607.142
-607.915
-608.687
-609.458
-610.229
-610.999
-611.769
-612.538
-613.307
-614.075
-614.842
-615.609
-480.273
-481.067
-481.862
-482.658
-483.453
-484.249
-485.045
-485.841
-486.637
-487.434
-488.231
-489.028
-489.825
-490.622
-491.42
-492.218
-493.016
-493.814
-494.613
-495.411
-496.21
-497.009
-497.808
-498.607
-499.407
-500.206
-501.006
-501.806
-502.606
-503.406
-504.206
-505.007
-505.807
-506.608
-507.408
-508.209
-509.01
-509.811
-510.612
-511.413
-512.215
-513.016
-513.817
-514.619
-515.42
-516.222
-517.024
-517.825
-518.627
-519.429
-520.23
-521.032
-521.834
-522.636
-523.438
-524.239
-525.041
-525.843
-526.645
-527.447
-528.249
-529.05
-529.852
-530.654
-531.455
-532.257
-533.059
-533.86
-534.662
-535.463
-536.264
-537.065
-537.867
-538.668
-539.469
-540.27
-541.071
-541.871
-542.672
-543.472
-544.273
-545.073
-545.873
-546.673
-547.473
-548.273
-549.072
-549.872
-550.671
-551.47
-552.269
-553.068
-553.867
-554.665
-555.464
-556.262
-557.06
-557.857
-558.655
-559.452
-560.249
-561.046
-561.843
-562.639
-563.435
-564.231
-565.027
-565.822
-566.618
-567.413
-568.207
-569.002
-569.796
-570.59
-571.384
-572.177
-572.97
-573.763
-574.555
-575.348
-576.139
-576.931
-577.722
-578.513
-579.304
-580.094
-580.884
-581.674
-582.463
-583.252
-584.041
-584.829
-585.617
-586.404
-587.191
-587.978
-588.765
-589.551
-590.336
-591.121
-591.906
-592.691
-593.475
-594.258
-595.042
-595.824
-596.607
-597.389
-598.17
-598.951
-599.731
-600.511
-601.291
-602.07
-602.849
-603.627
-604.404
-605.182
-605.958
-606.734
-607.51
-608.285
-609.06
-609.834
-610.607
-611.38
-612.153
-612.925
-613.696
-614.467
-615.237
-616.007
-616.776
-617.545
-618.313
-619.08
-619.847
-620.614
-484.511
-485.305
-486.1
-486.895
-487.691
-488.487
-489.282
-490.079
-490.875
-491.672
-492.468
-493.265
-494.063
-494.86
-495.658
-496.456
-497.254
-498.052
-498.85
-499.649
-500.448
-501.247
-502.046
-502.845
-503.645
-504.444
-505.244
-506.044
-506.844
-507.644
-508.444
-509.245
-510.045
-510.846
-511.646
-512.447
-513.248
-514.049
-514.85
-515.651
-516.453
-517.254
-518.055
-518.857
-519.658
-520.46
-521.261
-522.063
-522.865
-523.667
-524.468
-525.27
-526.072
-526.874
-527.676
-528.477
-529.279
-530.081
-530.883
-531.685
-532.486
-533.288
-534.09
-534.892
-535.693
-536.495
-537.296
-538.098
-538.899
-539.701
-540.502
-541.303
-542.105
-542.906
-543.707
-544.508
-545.308
-546.109
-546.91
-547.71
-548.511
-549.311
-550.111
-550.911
-551.711
-552.511
-553.31
-554.11
-554.909
-555.708
-556.507
-557.306
-558.105
-558.903
-559.701
-560.5
-561.297
-562.095
-562.893
-563.69
-564.487
-565.284
-566.081
-566.877
-567.673
-568.469
-569.265
-570.06
-570.856
-571.651
-572.445
-573.24
-574.034
-574.828
-575.622
-576.415
-577.208
-578.001
-578.793
-579.585
-580.377
-581.169
-581.96
-582.751
-583.542
-584.332
-585.122
-585.912
-586.701
-587.49
-588.279
-589.067
-589.855
-590.642
-591.429
-592.216
-593.002
-593.788
-594.574
-595.359
-596.144
-596.929
-597.713
-598.496
-599.28
-600.062
-600.845
-601.627
-602.408
-603.189
-603.969
-604.749
-605.529
-606.308
-607.087
-607.865
-608.642
-609.42
-610.196
-610.972
-611.748
-612.523
-613.298
-614.072
-614.845
-615.618
-616.391
-617.163
-617.934
-618.705
-619.475
-620.245
-621.014
-621.783
-622.551
-623.318
-624.085
-624.851
-625.617
-488.749
-489.543
-490.338
-491.133
-491.929
-492.724
-493.52
-494.316
-495.113
-495.909
-496.706
-497.503
-498.301
-499.098
-499.896
-500.694
-501.492
-502.29
-503.088
-503.887
-504.686
-505.485
-506.284
-507.083
-507.883
-508.682
-509.482
-510.282
-511.082
-511.882
-512.682
-513.482
-514.283
-515.084
-515.884
-516.685
-517.486
-518.287
-519.088
-519.889
-520.69
-521.492
-522.293
-523.095
-523.896
-524.698
-525.499
-526.301
-527.103
-527.904
-528.706
-529.508
-530.31
-531.112
-531.913
-532.715
-533.517
-534.319
-535.121
-535.923
-536.724
-537.526
-538.328
-539.13
-539.931
-540.733
-541.534
-542.336
-543.137
-543.939
-544.74
-545.541
-546.343
-547.144
-547.945
-548.746
-549.546
-550.347
-551.148
-551.948
-552.749
-553.549
-554.349
-555.149
-555.949
-556.749
-557.548
-558.348
-559.147
-559.946
-560.745
-561.544
-562.343
-563.141
-563.939
-564.738
-565.535
-566.333
-567.131
-567.928
-568.725
-569.522
-570.319
-571.115
-571.911
-572.707
-573.503
-574.298
-575.094
-575.889
-576.683
-577.478
-578.272
-579.066
-579.859
-580.653
-581.446
-582.239
-583.031
-583.823
-584.615
-585.407
-586.198
-586.989
-587.78
-588.57
-589.36
-590.15
-590.939
-591.728
-592.516
-593.305
-594.093
-594.88
-595.667
-596.454
-597.24
-598.026
-598.812
-599.597
-600.382
-601.167
-601.951
-602.734
-603.517
-604.3
-605.083
-605.865
-606.646
-607.427
-608.207
-608.987
-609.767
-610.546
-611.325
-612.103
-612.88
-613.657
-614.434
-615.21
-615.986
-616.761
-617.536
-618.31
-619.083
-619.856
-620.629
-621.401
-622.172
-622.943
-623.713
-624.483
-625.252
-626.021
-626.789
-627.556
-628.323
-629.089
-629.855
-492.987
-493.781
-494.576
-495.371
-496.167
-496.962
-497.758
-498.554
-499.351
-500.147
-500.944
-501.741
-502.539
-503.336
-504.134
-504.932
-505.73
-506.528
-507.326
-508.125
-508.924
-509.723
-510.522
-511.321
-512.12
-512.92
-513.72
-514.52
-515.32
-516.12
-516.92
-517.72
-518.521
-519.322
-520.122
-520.923
-521.724
-522.525
-523.326
-524.127
-524.928
-525.73
-526.531
-527.333
-528.134
-528.936
-529.737
-530.539
-531.341
-532.142
-532.944
-533.746
-534.548
-535.35
-536.151
-536.953
-537.755
-538.557
-539.359
-540.16
-540.962
-541.764
-542.566
-543.367
-544.169
-544.971
-545.772
-546.574
-547.375
-548.177
-548.978
-549.779
-550.58
-551.382
-552.183
-552.984
-553.784
-554.585
-555.386
-556.186
-556.987
-557.787
-558.587
-559.387
-560.187
-560.987
-561.786
-562.586
-563.385
-564.184
-564.983
-565.782
-566.581
-567.379
-568.177
-568.975
-569.773
-570.571
-571.369
-572.166
-572.963
-573.76
-574.556
-575.353
-576.149
-576.945
-577.741
-578.536
-579.332
-580.127
-580.921
-581.716
-582.51
-583.304
-584.097
-584.891
-585.684
-586.477
-587.269
-588.061
-588.853
-589.645
-590.436
-591.227
-592.018
-592.808
-593.598
-594.388
-595.177
-595.966
-596.754
-597.543
-598.331
-599.118
-599.905
-600.692
-601.478
-602.264
-603.05
-603.835
-604.62
-605.405
-606.189
-606.972
-607.755
-608.538
-609.321
-610.103
-610.884
-611.665
-612.445
-613.225
-614.005
-614.784
-615.563
-616.341
-617.118
-617.895
-618.672
-619.448
-620.224
-620.999
-621.773
-622.548
-623.321
-624.094
-624.867
-625.639
-626.41
-627.181
-627.951
-628.721
-629.49
-630.259
-631.027
-631.794
-632.561
-633.327
-634.093
-634.858
-497.224
-498.019
-498.814
-499.609
-500.405
-501.2
-501.996
-502.792
-503.589
-504.385
-505.182
-505.979
-506.776
-507.574
-508.372
-509.169
-509.967
-510.766
-511.564
-512.363
-513.162
-513.961
-514.76
-515.559
-516.358
-517.158
-517.958
-518.758
-519.558
-520.358
-521.158
-521.958
-522.759
-523.559
-524.36
-525.161
-525.962
-526.763
-527.564
-528.365
-529.166
-529.968
-530.769
-531.57
-532.372
-533.174
-533.975
-534.777
-535.579
-536.38
-537.182
-537.984
-538.786
-539.587
-540.389
-541.191
-541.993
-542.795
-543.597
-544.398
-545.2
-546.002
-546.804
-547.605
-548.407
-549.209
-550.01
-550.812
-551.613
-552.415
-553.216
-554.017
-554.818
-555.62
-556.421
-557.221
-558.022
-558.823
-559.624
-560.424
-561.225
-562.025
-562.825
-563.625
-564.425
-565.225
-566.024
-566.824
-567.623
-568.422
-569.221
-570.02
-570.819
-571.617
-572.415
-573.213
-574.011
-574.809
-575.607
-576.404
-577.201
-577.998
-578.794
-579.591
-580.387
-581.183
-581.979
-582.774
-583.569
-584.364
-585.159
-585.954
-586.748
-587.542
-588.335
-589.129
-589.922
-590.715
-591.507
-592.299
-593.091
-593.883
-594.674
-595.465
-596.256
-597.046
-597.836
-598.626
-599.415
-600.204
-600.992
-601.781
-602.569
-603.356
-604.143
-604.93
-605.716
-606.502
-607.288
-608.073
-608.858
-609.643
-610.427
-611.21
-611.993
-612.776
-613.559
-614.341
-615.122
-615.903
-616.683
-617.463
-618.243
-619.022
-619.801
-620.579
-621.356
-622.133
-622.91
-623.686
-624.462
-625.237
-626.011
-626.786
-627.559
-628.332
-629.105
-629.876
-630.648
-631.419
-632.189
-632.959
-633.728
-634.497
-635.265
-636.032
-636.799
-637.565
-638.331
-639.096
-639.861
-501.462
-502.257
-503.052
-503.847
-504.642
-505.438
-506.234
-507.03
-507.827
-508.623
-509.42
-510.217
-511.014
-511.812
-512.609
-513.407
-514.205
-515.004
-515.802
-516.601
-517.399
-518.198
-518.998
-519.797
-520.596
-521.396
-522.196
-522.995
-523.795
-524.596
-525.396
-526.196
-526.997
-527.797
-528.598
-529.399
-530.2
-531.001
-531.802
-532.603
-533.404
-534.206
-535.007
-535.808
-536.61
-537.411
-538.213
-539.015
-539.816
-540.618
-541.42
-542.222
-543.024
-543.825
-544.627
-545.429
-546.231
-547.033
-547.835
-548.636
-549.438
-550.24
-551.042
-551.843
-552.645
-553.447
-554.248
-555.05
-555.851
-556.653
-557.454
-558.255
-559.056
-559.857
-560.658
-561.459
-562.26
-563.061
-563.862
-564.662
-565.462
-566.263
-567.063
-567.863
-568.663
-569.463
-570.262
-571.062
-571.861
-572.66
-573.459
-574.258
-575.057
-575.855
-576.653
-577.451
-578.249
-579.047
-579.844
-580.642
-581.439
-582.236
-583.032
-583.829
-584.625
-585.421
-586.217
-587.012
-587.807
-588.602
-589.397
-590.192
-590.986
-591.78
-592.573
-593.367
-594.16
-594.953
-595.745
-596.537
-597.329
-598.121
-598.912
-599.703
-600.494
-601.284
-602.074
-602.864
-603.653
-604.442
-605.23
-606.019
-606.806
-607.594
-608.381
-609.168
-609.954
-610.74
-611.526
-612.311
-613.096
-613.881
-614.665
-615.448
-616.231
-617.014
-617.797
-618.579
-619.36
-620.141
-620.921
-621.701
-622.481
-623.26
-624.039
-624.817
-625.594
-626.371
-627.148
-627.924
-628.7
-629.475
-630.249
-631.024
-631.797
-632.57
-633.343
-634.114
-634.886
-635.657
-636.427
-637.197
-637.966
-638.735
-639.503
-640.27
-641.037
-641.803
-642.569
-643.334
-644.099
-505.7
-506.495
-507.29
-508.085
-508.88
-509.676
-510.472
-511.268
-512.064
-512.861
-513.658
-514.455
-515.252
-516.05
-516.847
-517.645
-518.443
-519.242
-520.04
-520.839
-521.637
-522.436
-523.235
-524.035
-524.834
-525.634
-526.433
-527.233
-528.033
-528.833
-529.634
-530.434
-531.235
-532.035
-532.836
-533.637
-534.438
-535.239
-536.04
-536.841
-537.642
-538.443
-539.245
-540.046
-540.848
-541.649
-542.451
-543.253
-544.054
-544.856
-545.658
-546.46
-547.261
-548.063
-548.865
-549.667
-550.469
-551.271
-552.072
-552.874
-553.676
-554.478
-555.28
-556.081
-556.883
-557.685
-558.486
-559.288
-560.089
-560.89
-561.692
-562.493
-563.294
-564.095
-564.896
-565.697
-566.498
-567.299
-568.1
-568.9
-569.7
-570.501
-571.301
-572.101
-572.901
-573.701
-574.5
-575.3
-576.099
-576.898
-577.697
-578.496
-579.294
-580.093
-580.891
-581.689
-582.487
-583.285
-584.082
-584.88
-585.677
-586.474
-587.27
-588.067
-588.863
-589.659
-590.455
-591.25
-592.045
-592.84
-593.635
-594.43
-595.224
-596.018
-596.811
-597.605
-598.398
-599.191
-599.983
-600.775
-601.567
-602.359
-603.15
-603.941
-604.732
-605.522
-606.312
-607.101
-607.891
-608.68
-609.468
-610.257
-611.044
-611.832
-612.619
-613.406
-614.192
-614.978
-615.764
-616.549
-617.334
-618.118
-618.903
-619.686
-620.469
-621.252
-622.035
-622.817
-623.598
-624.379
-625.159
-625.939
-626.719
-627.498
-628.277
-629.055
-629.832
-630.609
-631.386
-632.162
-632.938
-633.713
-634.487
-635.261
-636.035
-636.808
-637.58
-638.352
-639.124
-639.895
-640.665
-641.435
-642.204
-642.972
-643.74
-644.508
-645.275
-646.041
-646.807
-647.572
-648.337
-649.101
-509.938
-510.733
-511.528
-512.323
-513.118
-513.914
-514.71
-515.506
-516.302
-517.099
-517.896
-518.693
-519.49
-520.288
-521.085
-521.883
-522.681
-523.479
-524.278
-525.077
-525.875
-526.674
-527.473
-528.273
-529.072
-529.872
-530.671
-531.471
-532.271
-533.071
-533.872
-534.672
-535.473
-536.273
-537.074
-537.875
-538.676
-539.477
-540.278
-541.079
-541.88
-542.681
-543.483
-544.284
-545.086
-545.887
-546.689
-547.491
-548.292
-549.094
-549.896
-550.698
-551.499
-552.301
-553.103
-553.905
-554.707
-555.509
-556.31
-557.112
-557.914
-558.716
-559.518
-560.319
-561.121
-561.923
-562.724
-563.526
-564.327
-565.128
-565.93
-566.731
-567.532
-568.333
-569.134
-569.935
-570.736
-571.537
-572.338
-573.138
-573.938
-574.739
-575.539
-576.339
-577.139
-577.939
-578.738
-579.538
-580.337
-581.136
-581.935
-582.734
-583.532
-584.331
-585.129
-585.927
-586.725
-587.523
-588.32
-589.118
-589.915
-590.712
-591.508
-592.305
-593.101
-593.897
-594.693
-595.488
-596.283
-597.078
-597.873
-598.668
-599.462
-600.256
-601.049
-601.843
-602.636
-603.429
-604.221
-605.013
-605.805
-606.597
-607.388
-608.179
-608.97
-609.76
-610.55
-611.34
-612.129
-612.918
-613.706
-614.495
-615.283
-616.07
-616.857
-617.644
-618.43
-619.216
-620.002
-620.787
-621.572
-622.357
-623.141
-623.924
-624.707
-625.49
-626.273
-627.055
-627.836
-628.617
-629.397
-630.177
-630.957
-631.736
-632.515
-633.293
-634.07
-634.847
-635.624
-636.4
-637.176
-637.951
-638.725
-639.5
-640.273
-641.046
-641.819
-642.59
-643.362
-644.133
-644.903
-645.673
-646.442
-647.211
-647.979
-648.746
-649.513
-650.279
-651.045
-651.81
-652.575
-653.338
-654.102
-514.176
-514.97
-515.765
-516.56
-517.356
-518.152
-518.948
-519.744
-520.54
-521.337
-522.134
-522.931
-523.728
-524.525
-525.323
-526.121
-526.919
-527.717
-528.516
-529.314
-530.113
-530.912
-531.711
-532.51
-533.31
-534.109
-534.909
-535.709
-536.509
-537.309
-538.109
-538.91
-539.71
-540.511
-541.312
-542.112
-542.913
-543.714
-544.515
-545.317
-546.118
-546.919
-547.721
-548.522
-549.324
-550.125
-550.927
-551.728
-552.53
-553.332
-554.134
-554.935
-555.737
-556.539
-557.341
-558.143
-558.944
-559.746
-560.548
-561.35
-562.152
-562.953
-563.755
-564.557
-565.359
-566.16
-566.962
-567.763
-568.565
-569.366
-570.168
-570.969
-571.77
-572.571
-573.372
-574.173
-574.974
-575.775
-576.575
-577.376
-578.176
-578.976
-579.777
-580.577
-581.376
-582.176
-582.976
-583.775
-584.575
-585.374
-586.173
-586.972
-587.77
-588.569
-589.367
-590.165
-590.963
-591.761
-592.558
-593.355
-594.153
-594.949
-595.746
-596.542
-597.339
-598.135
-598.93
-599.726
-600.521
-601.316
-602.111
-602.905
-603.699
-604.493
-605.287
-606.08
-606.874
-607.666
-608.459
-609.251
-610.043
-610.834
-611.626
-612.417
-613.207
-613.998
-614.788
-615.577
-616.367
-617.155
-617.944
-618.732
-619.52
-620.308
-621.095
-621.882
-622.668
-623.454
-624.24
-625.025
-625.81
-626.594
-627.378
-628.162
-628.945
-629.728
-630.51
-631.293
-632.074
-632.855
-633.635
-634.415
-635.195
-635.974
-636.752
-637.531
-638.308
-639.085
-639.862
-640.638
-641.414
-642.189
-642.963
-643.737
-644.511
-645.284
-646.056
-646.828
-647.6
-648.37
-649.141
-649.91
-650.68
-651.448
-652.216
-652.984
-653.75
-654.517
-655.282
-656.047
-656.812
-657.576
-658.339
-659.102
-518.414
-519.209
-520.003
-520.799
-521.594
-522.39
-523.186
-523.982
-524.778
-525.575
-526.372
-527.169
-527.966
-528.764
-529.561
-530.359
-531.157
-531.955
-532.754
-533.552
-534.351
-535.15
-535.949
-536.749
-537.548
-538.348
-539.147
-539.947
-540.747
-541.547
-542.348
-543.148
-543.949
-544.749
-545.55
-546.351
-547.152
-547.953
-548.754
-549.555
-550.356
-551.157
-551.959
-552.76
-553.562
-554.363
-555.165
-555.967
-556.768
-557.57
-558.372
-559.174
-559.975
-560.777
-561.579
-562.381
-563.183
-563.985
-564.786
-565.588
-566.39
-567.192
-567.994
-568.795
-569.597
-570.399
-571.2
-572.002
-572.803
-573.605
-574.406
-575.207
-576.008
-576.809
-577.611
-578.411
-579.212
-580.013
-580.814
-581.614
-582.415
-583.215
-584.015
-584.815
-585.615
-586.415
-587.214
-588.014
-588.813
-589.612
-590.411
-591.21
-592.009
-592.807
-593.605
-594.403
-595.201
-595.999
-596.797
-597.594
-598.391
-599.188
-599.985
-600.781
-601.577
-602.373
-603.169
-603.964
-604.76
-605.555
-606.349
-607.144
-607.938
-608.732
-609.526
-610.319
-611.112
-611.905
-612.697
-613.49
-614.281
-615.073
-615.864
-616.655
-617.446
-618.236
-619.026
-619.816
-620.605
-621.394
-622.183
-622.971
-623.759
-624.546
-625.333
-626.12
-626.907
-627.693
-628.478
-629.264
-630.048
-630.833
-631.617
-632.401
-633.184
-633.967
-634.749
-635.531
-636.313
-637.094
-637.874
-638.654
-639.433
-640.213
-640.991
-641.769
-642.547
-643.324
-644.1
-644.877
-645.652
-646.427
-647.202
-647.976
-648.749
-649.522
-650.295
-651.067
-651.838
-652.609
-653.379
-654.149
-654.918
-655.687
-656.455
-657.222
-657.989
-658.756
-659.521
-660.286
-661.051
-661.815
-662.578
-663.34
)
;

boundaryField
{
    inlet
    {
        type            zeroGradient;
    }
    outlet
    {
        type            fixedValue;
        value           nonuniform List<scalar> 0();
    }
    lowerWall
    {
        type            zeroGradient;
    }
    upperWall
    {
        type            zeroGradient;
    }
    frontAndBack
    {
        type            zeroGradient;
    }
    procBoundary2to5
    {
        type            processor;
        value           nonuniform List<scalar> 
148
(
-522.652
-523.446
-524.241
-525.036
-525.832
-526.627
-527.423
-528.22
-529.016
-529.813
-530.609
-531.406
-532.204
-533.001
-533.799
-534.597
-535.395
-536.193
-536.992
-537.79
-538.589
-539.388
-540.187
-540.986
-541.786
-542.585
-543.385
-544.185
-544.985
-545.785
-546.585
-547.386
-548.186
-548.987
-549.787
-550.588
-551.389
-552.19
-552.991
-553.792
-554.594
-555.395
-556.196
-556.998
-557.799
-558.601
-559.403
-560.204
-561.006
-561.808
-562.609
-563.411
-564.213
-565.015
-565.817
-566.619
-567.42
-568.222
-569.024
-569.826
-570.628
-571.429
-572.231
-573.033
-573.835
-574.636
-575.438
-576.239
-577.041
-577.842
-578.643
-579.445
-580.246
-581.047
-581.848
-582.649
-583.45
-584.251
-585.051
-585.852
-586.652
-587.452
-588.253
-589.053
-589.852
-590.652
-591.452
-592.251
-593.051
-593.85
-594.649
-595.448
-596.246
-597.045
-597.843
-598.641
-599.439
-600.237
-601.034
-601.831
-602.629
-603.425
-604.222
-605.018
-605.815
-606.611
-607.406
-608.202
-608.997
-609.792
-610.587
-611.381
-612.175
-612.969
-613.763
-614.556
-615.35
-616.142
-616.935
-617.727
-618.519
-619.31
-620.102
-620.893
-621.683
-622.474
-623.264
-624.053
-624.843
-625.631
-626.42
-627.208
-627.996
-628.784
-629.571
-630.358
-631.144
-631.93
-632.716
-633.501
-634.286
-635.07
-635.854
-636.638
-637.421
-638.204
-638.987
-639.769
)
;
    }
    procBoundary2to7
    {
        type            processor;
        value           nonuniform List<scalar> 
50
(
-309.959
-314.2
-318.438
-322.676
-326.914
-331.152
-335.39
-339.628
-343.866
-348.104
-352.342
-356.58
-360.817
-365.055
-369.293
-373.531
-377.769
-382.007
-386.245
-390.483
-394.721
-398.959
-403.197
-407.434
-411.672
-415.91
-420.148
-424.386
-428.624
-432.862
-437.1
-441.338
-445.575
-449.813
-454.051
-458.289
-462.527
-466.765
-471.003
-475.241
-479.479
-483.716
-487.954
-492.192
-496.43
-500.668
-504.906
-509.144
-513.381
-517.62
)
;
    }
    procBoundary2to8
    {
        type            processor;
        value           nonuniform List<scalar> 
85
(
-429.432
-429.432
-434.453
-438.691
-438.691
-443.709
-443.709
-448.727
-448.727
-453.743
-457.982
-457.982
-462.998
-462.998
-468.014
-468.014
-473.029
-477.267
-477.267
-482.282
-482.282
-487.296
-491.535
-491.535
-496.549
-496.549
-501.562
-501.562
-506.575
-510.813
-510.813
-515.826
-515.826
-520.837
-525.075
-525.075
-530.087
-530.087
-535.098
-535.098
-540.107
-544.346
-544.346
-549.356
-549.356
-554.365
-558.603
-558.603
-563.612
-563.612
-568.62
-568.62
-573.627
-577.866
-577.866
-582.873
-582.873
-587.879
-592.117
-592.117
-597.123
-597.123
-602.129
-602.129
-607.133
-611.371
-611.371
-616.376
-616.376
-621.379
-621.379
-626.382
-630.62
-630.62
-635.623
-635.623
-640.624
-644.863
-644.863
-649.864
-649.864
-654.864
-654.864
-659.863
-664.102
)
;
    }
    procBoundary2to11
    {
        type            processor;
        value           nonuniform List<scalar> 
36
(
-640.551
-641.331
-642.112
-642.891
-643.671
-644.45
-645.229
-646.007
-646.784
-647.561
-648.338
-649.114
-649.89
-650.665
-651.439
-652.213
-652.987
-653.76
-654.532
-655.304
-656.076
-656.846
-657.617
-658.386
-659.156
-659.924
-660.692
-661.46
-662.226
-662.993
-663.758
-664.524
-665.288
-666.052
-666.815
-667.578
)
;
    }
}


// ************************************************************************* //
