/*--------------------------------*- C++ -*----------------------------------*\
| =========                 |                                                 |
| \\      /  F ield         | OpenFOAM: The Open Source CFD Toolbox           |
|  \\    /   O peration     | Version:  2512                                  |
|   \\  /    A nd           | Website:  www.openfoam.com                      |
|    \\/     M anipulation  |                                                 |
\*---------------------------------------------------------------------------*/
FoamFile
{
    version     2.0;
    format      ascii;
    arch        "LSB;label=32;scalar=64";
    class       volScalarField;
    location    "0.1";
    object      pB;
}
// * * * * * * * * * * * * * * * * * * * * * * * * * * * * * * * * * * * * * //

dimensions      [1 1 -3 0 0 -1 0];

internalField   nonuniform List<scalar> 
8333
(
-8.12303
-8.17156
-8.2193
-8.26658
-8.31359
-8.36035
-8.40687
-8.45319
-8.49934
-8.54535
-8.59125
-8.63705
-8.68277
-8.72842
-8.77402
-8.81957
-8.86507
-8.91055
-8.956
-9.00141
-9.04681
-9.09218
-9.13752
-9.18285
-9.22815
-9.27342
-9.31866
-9.36388
-9.40906
-9.45421
-9.49932
-9.54439
-9.58941
-9.63439
-9.67932
-9.7242
-9.76902
-9.81378
-9.85847
-9.90311
-9.94767
-9.99216
-10.0366
-10.0809
-10.1252
-10.1694
-10.2135
-10.2575
-10.3014
-10.3452
-10.389
-10.4326
-10.4762
-10.5196
-10.563
-10.6062
-10.6494
-10.6924
-10.7354
-10.7782
-10.8209
-10.8636
-10.9061
-10.9485
-10.9908
-11.0329
-11.075
-11.117
-11.1588
-11.2005
-11.2422
-11.2837
-11.3251
-11.3663
-11.4075
-11.4486
-11.4895
-11.5304
-11.5711
-11.6118
-11.6523
-11.6927
-11.7331
-11.7733
-11.8134
-11.8534
-11.8934
-11.9332
-11.973
-12.0127
-12.0523
-12.0918
-12.1313
-12.1707
-12.21
-12.2493
-12.2885
-12.3277
-12.3669
-12.406
-12.4451
-12.4842
-12.5233
-12.5624
-12.6015
-12.6406
-12.6798
-12.719
-12.7583
-12.7976
-12.837
-12.8766
-12.9162
-12.956
-12.996
-13.0361
-13.0763
-13.1168
-13.1576
-13.1985
-13.2397
-13.2812
-13.3231
-13.3652
-13.4077
-13.4506
-13.4938
-13.5375
-13.5816
-13.6262
-13.6713
-13.7168
-13.7629
-13.8095
-13.8567
-13.9044
-13.9527
-14.0015
-14.0509
-14.1008
-14.1514
-14.2024
-14.2541
-14.3062
-14.3589
-14.4121
-14.4657
-14.5199
-14.5745
-8.10354
-8.15201
-8.1997
-8.24693
-8.29387
-8.34056
-8.38701
-8.43325
-8.47933
-8.52527
-8.57109
-8.61682
-8.66246
-8.70804
-8.75356
-8.79903
-8.84446
-8.88986
-8.93523
-8.98058
-9.02589
-9.07119
-9.11646
-9.1617
-9.20693
-9.25212
-9.29729
-9.34243
-9.38754
-9.43261
-9.47765
-9.52264
-9.56759
-9.61249
-9.65734
-9.70214
-9.74689
-9.79157
-9.8362
-9.88075
-9.92524
-9.96966
-10.014
-10.0583
-10.1025
-10.1466
-10.1906
-10.2345
-10.2784
-10.3221
-10.3658
-10.4094
-10.4529
-10.4962
-10.5395
-10.5827
-10.6258
-10.6687
-10.7116
-10.7544
-10.797
-10.8396
-10.882
-10.9243
-10.9666
-11.0087
-11.0507
-11.0926
-11.1343
-11.176
-11.2175
-11.259
-11.3003
-11.3415
-11.3826
-11.4236
-11.4645
-11.5053
-11.546
-11.5865
-11.627
-11.6674
-11.7076
-11.7478
-11.7878
-11.8278
-11.8677
-11.9075
-11.9472
-11.9868
-12.0263
-12.0658
-12.1052
-12.1445
-12.1838
-12.223
-12.2622
-12.3013
-12.3404
-12.3794
-12.4185
-12.4575
-12.4965
-12.5355
-12.5746
-12.6136
-12.6527
-12.6919
-12.7311
-12.7704
-12.8097
-12.8492
-12.8888
-12.9285
-12.9684
-13.0084
-13.0486
-13.0891
-13.1297
-13.1706
-13.2118
-13.2532
-13.295
-13.337
-13.3795
-13.4223
-13.4655
-13.5091
-13.5531
-13.5976
-13.6426
-13.6881
-13.7341
-13.7807
-13.8277
-13.8754
-13.9236
-13.9723
-14.0216
-14.0715
-14.122
-14.173
-14.2245
-14.2766
-14.3291
-14.3822
-14.4357
-14.4898
-14.5441
-14.5986
-8.07102
-8.11938
-8.16698
-8.21411
-8.26093
-8.3075
-8.35382
-8.39994
-8.4459
-8.49171
-8.53741
-8.583
-8.62852
-8.67397
-8.71937
-8.76471
-8.81002
-8.85529
-8.90053
-8.94575
-8.99094
-9.0361
-9.08125
-9.12637
-9.17146
-9.21653
-9.26157
-9.30658
-9.35156
-9.39651
-9.44142
-9.48628
-9.5311
-9.57588
-9.62061
-9.66528
-9.7099
-9.75446
-9.79896
-9.84339
-9.88775
-9.93204
-9.97626
-10.0204
-10.0645
-10.1085
-10.1524
-10.1962
-10.2399
-10.2835
-10.3271
-10.3705
-10.4139
-10.4571
-10.5003
-10.5433
-10.5863
-10.6292
-10.6719
-10.7145
-10.7571
-10.7995
-10.8418
-10.884
-10.9261
-10.9681
-11.01
-11.0518
-11.0934
-11.135
-11.1764
-11.2177
-11.2589
-11.3
-11.341
-11.3819
-11.4227
-11.4633
-11.5039
-11.5443
-11.5847
-11.6249
-11.6651
-11.7051
-11.745
-11.7849
-11.8247
-11.8643
-11.9039
-11.9434
-11.9829
-12.0222
-12.0615
-12.1007
-12.1399
-12.179
-12.218
-12.257
-12.296
-12.3349
-12.3739
-12.4128
-12.4517
-12.4906
-12.5295
-12.5685
-12.6075
-12.6465
-12.6856
-12.7248
-12.764
-12.8034
-12.8429
-12.8825
-12.9222
-12.9622
-13.0023
-13.0426
-13.0831
-13.1239
-13.165
-13.2063
-13.2479
-13.2899
-13.3322
-13.3749
-13.418
-13.4615
-13.5054
-13.5498
-13.5947
-13.64
-13.6859
-13.7323
-13.7793
-13.8268
-13.8749
-13.9235
-13.9727
-14.0224
-14.0727
-14.1236
-14.175
-14.2269
-14.2793
-14.3322
-14.3855
-14.4393
-14.4934
-14.5474
-8.02288
-8.07106
-8.11852
-8.16549
-8.21214
-8.25852
-8.30466
-8.3506
-8.39636
-8.44199
-8.4875
-8.53291
-8.57824
-8.6235
-8.66871
-8.71386
-8.75898
-8.80406
-8.84912
-8.89414
-8.93914
-8.98412
-9.02907
-9.07401
-9.11891
-9.16379
-9.20864
-9.25347
-9.29826
-9.34301
-9.38773
-9.43241
-9.47705
-9.52163
-9.56617
-9.61066
-9.65509
-9.69946
-9.74377
-9.78802
-9.83219
-9.8763
-9.92034
-9.96429
-10.0082
-10.052
-10.0957
-10.1393
-10.1829
-10.2263
-10.2697
-10.3129
-10.3561
-10.3992
-10.4422
-10.485
-10.5278
-10.5705
-10.613
-10.6555
-10.6979
-10.7401
-10.7822
-10.8243
-10.8662
-10.908
-10.9497
-10.9913
-11.0328
-11.0741
-11.1154
-11.1565
-11.1976
-11.2385
-11.2793
-11.32
-11.3606
-11.4011
-11.4415
-11.4818
-11.5219
-11.562
-11.602
-11.6419
-11.6816
-11.7213
-11.7609
-11.8004
-11.8398
-11.8792
-11.9184
-11.9576
-11.9967
-12.0358
-12.0748
-12.1137
-12.1526
-12.1914
-12.2303
-12.269
-12.3078
-12.3465
-12.3853
-12.424
-12.4628
-12.5016
-12.5404
-12.5793
-12.6182
-12.6572
-12.6963
-12.7355
-12.7748
-12.8143
-12.8539
-12.8936
-12.9336
-12.9737
-13.0141
-13.0547
-13.0956
-13.1367
-13.1782
-13.22
-13.2621
-13.3046
-13.3476
-13.3909
-13.4346
-13.4789
-13.5236
-13.5687
-13.6144
-13.6607
-13.7074
-13.7548
-13.8026
-13.8511
-13.9001
-13.9496
-13.9997
-14.0504
-14.1016
-14.1532
-14.2054
-14.2581
-14.3111
-14.3645
-14.4181
-14.4716
-14.5245
-7.95947
-8.0074
-8.05465
-8.1014
-8.14782
-8.19396
-8.23986
-8.28555
-8.33108
-8.37646
-8.42172
-8.46688
-8.51197
-8.55698
-8.60193
-8.64684
-8.69171
-8.73654
-8.78135
-8.82612
-8.87088
-8.9156
-8.96031
-9.00499
-9.04965
-9.09428
-9.13888
-9.18345
-9.228
-9.2725
-9.31697
-9.3614
-9.40579
-9.45013
-9.49442
-9.53866
-9.58285
-9.62697
-9.67104
-9.71503
-9.75897
-9.80283
-9.84662
-9.89033
-9.93397
-9.97752
-10.021
-10.0644
-10.1077
-10.1509
-10.194
-10.237
-10.28
-10.3228
-10.3655
-10.4082
-10.4507
-10.4931
-10.5355
-10.5777
-10.6198
-10.6618
-10.7037
-10.7455
-10.7872
-10.8288
-10.8702
-10.9116
-10.9528
-10.994
-11.035
-11.0759
-11.1167
-11.1574
-11.198
-11.2385
-11.2789
-11.3191
-11.3593
-11.3993
-11.4393
-11.4791
-11.5189
-11.5585
-11.5981
-11.6375
-11.6769
-11.7162
-11.7554
-11.7945
-11.8335
-11.8725
-11.9114
-11.9502
-11.989
-12.0277
-12.0664
-12.105
-12.1436
-12.1821
-12.2207
-12.2592
-12.2977
-12.3363
-12.3748
-12.4134
-12.452
-12.4906
-12.5294
-12.5682
-12.607
-12.646
-12.6851
-12.7243
-12.7637
-12.8032
-12.843
-12.8829
-12.9231
-12.9634
-13.0041
-13.045
-13.0863
-13.1278
-13.1698
-13.212
-13.2547
-13.2978
-13.3414
-13.3853
-13.4298
-13.4748
-13.5202
-13.5662
-13.6127
-13.6598
-13.7074
-13.7556
-13.8044
-13.8537
-13.9035
-13.9539
-14.0048
-14.0562
-14.108
-14.1603
-14.213
-14.2659
-14.319
-14.3718
-14.4239
-14.4752
-7.88111
-7.92874
-7.97571
-8.02219
-8.06832
-8.11416
-8.15976
-8.20515
-8.25037
-8.29545
-8.34041
-8.38526
-8.43004
-8.47474
-8.51939
-8.56399
-8.60855
-8.65308
-8.69757
-8.74204
-8.78648
-8.8309
-8.8753
-8.91967
-8.96402
-9.00834
-9.05264
-9.09691
-9.14114
-9.18534
-9.22951
-9.27363
-9.31771
-9.36174
-9.40573
-9.44966
-9.49354
-9.53736
-9.58112
-9.62482
-9.66845
-9.712
-9.75549
-9.7989
-9.84223
-9.88549
-9.92866
-9.97174
-10.0147
-10.0577
-10.1005
-10.1432
-10.1858
-10.2284
-10.2708
-10.3132
-10.3554
-10.3975
-10.4396
-10.4815
-10.5233
-10.565
-10.6067
-10.6482
-10.6896
-10.7308
-10.772
-10.8131
-10.854
-10.8949
-10.9356
-10.9763
-11.0168
-11.0572
-11.0975
-11.1377
-11.1778
-11.2178
-11.2576
-11.2974
-11.3371
-11.3766
-11.4161
-11.4555
-11.4948
-11.5339
-11.573
-11.612
-11.651
-11.6898
-11.7286
-11.7672
-11.8059
-11.8444
-11.8829
-11.9214
-11.9598
-11.9981
-12.0364
-12.0747
-12.113
-12.1513
-12.1895
-12.2278
-12.2661
-12.3044
-12.3427
-12.3811
-12.4195
-12.4581
-12.4967
-12.5354
-12.5742
-12.6132
-12.6523
-12.6915
-12.731
-12.7706
-12.8105
-12.8506
-12.891
-12.9317
-12.9726
-13.0139
-13.0556
-13.0976
-13.14
-13.1828
-13.226
-13.2697
-13.3139
-13.3585
-13.4037
-13.4494
-13.4956
-13.5424
-13.5897
-13.6376
-13.686
-13.735
-13.7845
-13.8345
-13.8851
-13.9361
-13.9876
-14.0394
-14.0916
-14.144
-14.1965
-14.2486
-14.3
-14.3504
-14.3997
-7.78814
-7.8354
-7.88204
-7.92818
-7.97396
-8.01945
-8.06469
-8.10973
-8.15459
-8.1993
-8.2439
-8.28839
-8.3328
-8.37714
-8.42142
-8.46566
-8.50985
-8.55401
-8.59814
-8.64224
-8.68632
-8.73037
-8.7744
-8.81841
-8.86239
-8.90635
-8.95028
-8.99418
-9.03805
-9.08189
-9.12569
-9.16945
-9.21316
-9.25684
-9.30046
-9.34403
-9.38755
-9.43101
-9.4744
-9.51774
-9.56101
-9.6042
-9.64733
-9.69038
-9.73336
-9.77625
-9.81907
-9.8618
-9.90444
-9.947
-9.98946
-10.0318
-10.0741
-10.1163
-10.1584
-10.2004
-10.2423
-10.2841
-10.3257
-10.3673
-10.4088
-10.4502
-10.4914
-10.5326
-10.5737
-10.6146
-10.6554
-10.6962
-10.7368
-10.7773
-10.8177
-10.858
-10.8982
-10.9382
-10.9782
-11.018
-11.0578
-11.0974
-11.137
-11.1764
-11.2158
-11.255
-11.2941
-11.3332
-11.3721
-11.411
-11.4497
-11.4884
-11.527
-11.5655
-11.604
-11.6423
-11.6806
-11.7189
-11.757
-11.7952
-11.8332
-11.8713
-11.9093
-11.9472
-11.9852
-12.0231
-12.0611
-12.099
-12.137
-12.175
-12.213
-12.251
-12.2892
-12.3274
-12.3657
-12.404
-12.4426
-12.4812
-12.52
-12.5589
-12.5981
-12.6374
-12.6769
-12.7167
-12.7568
-12.7971
-12.8377
-12.8787
-12.92
-12.9617
-13.0037
-13.0462
-13.0891
-13.1325
-13.1763
-13.2206
-13.2654
-13.3108
-13.3566
-13.403
-13.45
-13.4975
-13.5455
-13.5941
-13.6432
-13.6929
-13.743
-13.7936
-13.8446
-13.896
-13.9476
-13.9994
-14.0511
-14.1025
-14.1531
-14.2027
-14.2513
-7.68089
-7.72772
-7.77396
-7.8197
-7.86508
-7.91016
-7.95499
-7.99961
-8.04405
-8.08835
-8.13252
-8.1766
-8.22059
-8.26451
-8.30837
-8.35218
-8.39595
-8.43969
-8.4834
-8.52708
-8.57073
-8.61436
-8.65797
-8.70156
-8.74512
-8.78865
-8.83216
-8.87564
-8.91909
-8.96251
-9.00589
-9.04923
-9.09252
-9.13577
-9.17898
-9.22213
-9.26523
-9.30827
-9.35125
-9.39417
-9.43702
-9.47981
-9.52252
-9.56516
-9.60772
-9.6502
-9.6926
-9.73492
-9.77716
-9.8193
-9.86136
-9.90332
-9.94519
-9.98697
-10.0287
-10.0702
-10.1117
-10.1531
-10.1944
-10.2356
-10.2767
-10.3176
-10.3585
-10.3993
-10.4399
-10.4805
-10.5209
-10.5612
-10.6014
-10.6416
-10.6816
-10.7215
-10.7613
-10.8009
-10.8405
-10.88
-10.9194
-10.9586
-10.9978
-11.0368
-11.0758
-11.1146
-11.1534
-11.192
-11.2306
-11.2691
-11.3075
-11.3458
-11.384
-11.4221
-11.4602
-11.4982
-11.5361
-11.574
-11.6118
-11.6495
-11.6872
-11.7249
-11.7625
-11.8001
-11.8377
-11.8753
-11.9128
-11.9504
-11.988
-12.0256
-12.0633
-12.101
-12.1387
-12.1766
-12.2145
-12.2525
-12.2906
-12.3289
-12.3673
-12.4059
-12.4446
-12.4836
-12.5228
-12.5622
-12.6019
-12.6418
-12.6821
-12.7227
-12.7636
-12.8049
-12.8465
-12.8886
-12.9311
-12.9741
-13.0175
-13.0614
-13.1058
-13.1507
-13.1962
-13.2422
-13.2887
-13.3358
-13.3834
-13.4315
-13.4802
-13.5294
-13.579
-13.6291
-13.6796
-13.7304
-13.7814
-13.8325
-13.8835
-13.9341
-13.9838
-14.0327
-14.0804
-14.1269
-7.55968
-7.60602
-7.65179
-7.69709
-7.742
-7.78662
-7.83098
-7.87513
-7.9191
-7.96293
-8.00663
-8.05023
-8.09374
-8.13719
-8.18057
-8.22391
-8.2672
-8.31046
-8.35369
-8.39689
-8.44007
-8.48323
-8.52636
-8.56946
-8.61255
-8.65561
-8.69864
-8.74165
-8.78462
-8.82756
-8.87046
-8.91333
-8.95615
-8.99893
-9.04166
-9.08434
-9.12696
-9.16953
-9.21204
-9.25449
-9.29687
-9.33919
-9.38143
-9.4236
-9.4657
-9.50771
-9.54965
-9.5915
-9.63327
-9.67495
-9.71655
-9.75805
-9.79946
-9.84078
-9.882
-9.92313
-9.96416
-10.0051
-10.0459
-10.0866
-10.1273
-10.1678
-10.2082
-10.2485
-10.2887
-10.3288
-10.3688
-10.4087
-10.4485
-10.4881
-10.5277
-10.5672
-10.6065
-10.6458
-10.6849
-10.7239
-10.7629
-10.8017
-10.8404
-10.879
-10.9175
-10.956
-10.9943
-11.0325
-11.0707
-11.1087
-11.1467
-11.1845
-11.2223
-11.26
-11.2977
-11.3352
-11.3728
-11.4102
-11.4476
-11.4849
-11.5222
-11.5594
-11.5966
-11.6338
-11.671
-11.7081
-11.7453
-11.7824
-11.8196
-11.8568
-11.894
-11.9313
-11.9687
-12.0061
-12.0436
-12.0812
-12.1189
-12.1567
-12.1947
-12.2329
-12.2712
-12.3098
-12.3485
-12.3875
-12.4268
-12.4663
-12.5061
-12.5462
-12.5867
-12.6276
-12.6688
-12.7104
-12.7525
-12.795
-12.838
-12.8814
-12.9254
-12.9698
-13.0148
-13.0603
-13.1064
-13.153
-13.2001
-13.2477
-13.2959
-13.3445
-13.3936
-13.4431
-13.493
-13.5432
-13.5935
-13.6439
-13.6941
-13.7438
-13.7927
-13.8407
-13.8875
-13.9331
-13.9775
-7.42484
-7.47064
-7.51588
-7.56066
-7.60506
-7.64916
-7.693
-7.73663
-7.78007
-7.82337
-7.86654
-7.90961
-7.9526
-7.99551
-8.03837
-8.08118
-8.12394
-8.16667
-8.20937
-8.25204
-8.29469
-8.33731
-8.37991
-8.42249
-8.46504
-8.50757
-8.55007
-8.59255
-8.63499
-8.6774
-8.71978
-8.76211
-8.80441
-8.84666
-8.88886
-8.93102
-8.97312
-9.01516
-9.05715
-9.09907
-9.14093
-9.18272
-9.22445
-9.2661
-9.30767
-9.34917
-9.39059
-9.43193
-9.47318
-9.51434
-9.55542
-9.59641
-9.63731
-9.67812
-9.71883
-9.75945
-9.79997
-9.84039
-9.88071
-9.92093
-9.96105
-10.0011
-10.041
-10.0808
-10.1205
-10.1601
-10.1996
-10.239
-10.2783
-10.3174
-10.3565
-10.3955
-10.4343
-10.4731
-10.5117
-10.5503
-10.5887
-10.6271
-10.6653
-10.7034
-10.7415
-10.7794
-10.8173
-10.855
-10.8927
-10.9302
-10.9677
-11.0051
-11.0424
-11.0797
-11.1169
-11.1539
-11.191
-11.2279
-11.2649
-11.3017
-11.3385
-11.3753
-11.4121
-11.4488
-11.4855
-11.5222
-11.5588
-11.5955
-11.6322
-11.669
-11.7057
-11.7426
-11.7794
-11.8164
-11.8534
-11.8906
-11.9278
-11.9652
-12.0027
-12.0404
-12.0783
-12.1163
-12.1546
-12.1931
-12.2319
-12.2709
-12.3103
-12.3499
-12.3899
-12.4303
-12.471
-12.5122
-12.5537
-12.5957
-12.6382
-12.6812
-12.7246
-12.7685
-12.813
-12.858
-12.9035
-12.9495
-12.9961
-13.0432
-13.0907
-13.1388
-13.1873
-13.2362
-13.2854
-13.3349
-13.3845
-13.4341
-13.4834
-13.5323
-13.5803
-13.6273
-13.6733
-13.718
-13.7615
-13.8037
-7.27669
-7.32189
-7.36655
-7.41076
-7.45459
-7.49812
-7.54138
-7.58443
-7.6273
-7.67002
-7.71261
-7.7551
-7.7975
-7.83984
-7.88211
-7.92433
-7.96651
-8.00866
-8.05077
-8.09286
-8.13493
-8.17697
-8.21898
-8.26098
-8.30295
-8.3449
-8.38682
-8.42871
-8.47057
-8.5124
-8.5542
-8.59595
-8.63767
-8.67934
-8.72097
-8.76254
-8.80406
-8.84553
-8.88694
-8.92829
-8.96958
-9.01079
-9.05194
-9.09302
-9.13403
-9.17495
-9.2158
-9.25657
-9.29726
-9.33786
-9.37837
-9.4188
-9.45913
-9.49938
-9.53953
-9.57959
-9.61955
-9.65941
-9.69918
-9.73884
-9.77841
-9.81787
-9.85724
-9.89649
-9.93565
-9.9747
-10.0137
-10.0525
-10.0912
-10.1299
-10.1684
-10.2068
-10.2451
-10.2834
-10.3215
-10.3595
-10.3974
-10.4352
-10.4729
-10.5105
-10.548
-10.5854
-10.6227
-10.66
-10.6971
-10.7341
-10.7711
-10.808
-10.8448
-10.8815
-10.9181
-10.9547
-10.9912
-11.0277
-11.0641
-11.1004
-11.1367
-11.173
-11.2092
-11.2454
-11.2816
-11.3178
-11.354
-11.3901
-11.4263
-11.4626
-11.4988
-11.5351
-11.5715
-11.6079
-11.6445
-11.6811
-11.7178
-11.7547
-11.7917
-11.8289
-11.8662
-11.9038
-11.9415
-11.9795
-12.0178
-12.0563
-12.0951
-12.1342
-12.1737
-12.2135
-12.2537
-12.2943
-12.3353
-12.3768
-12.4187
-12.4611
-12.5039
-12.5473
-12.5912
-12.6356
-12.6805
-12.726
-12.7719
-12.8184
-12.8653
-12.9127
-12.9605
-13.0087
-13.0573
-13.106
-13.1548
-13.2035
-13.252
-13.2999
-13.347
-13.3931
-13.4382
-13.482
-13.5246
-13.5659
-7.11557
-7.1601
-7.20413
-7.24771
-7.29092
-7.33382
-7.37645
-7.41887
-7.46111
-7.5032
-7.54516
-7.58702
-7.62879
-7.67049
-7.71213
-7.75372
-7.79527
-7.83678
-7.87826
-7.91971
-7.96114
-8.00255
-8.04393
-8.08529
-8.12663
-8.16794
-8.20923
-8.25049
-8.29172
-8.33292
-8.37408
-8.41521
-8.45629
-8.49733
-8.53833
-8.57928
-8.62017
-8.66101
-8.7018
-8.74252
-8.78318
-8.82377
-8.8643
-8.90476
-8.94514
-8.98545
-9.02568
-9.06583
-9.1059
-9.14588
-9.18578
-9.22559
-9.26532
-9.30495
-9.34449
-9.38394
-9.42329
-9.46255
-9.50171
-9.54077
-9.57974
-9.6186
-9.65736
-9.69602
-9.73458
-9.77303
-9.81139
-9.84964
-9.88778
-9.92583
-9.96377
-10.0016
-10.0393
-10.077
-10.1145
-10.1519
-10.1892
-10.2265
-10.2636
-10.3006
-10.3376
-10.3744
-10.4111
-10.4478
-10.4844
-10.5208
-10.5572
-10.5935
-10.6298
-10.6659
-10.702
-10.738
-10.774
-10.8099
-10.8457
-10.8815
-10.9172
-10.9529
-10.9886
-11.0242
-11.0599
-11.0955
-11.1311
-11.1667
-11.2024
-11.238
-11.2738
-11.3095
-11.3453
-11.3812
-11.4172
-11.4532
-11.4894
-11.5257
-11.5622
-11.5988
-11.6356
-11.6725
-11.7097
-11.7472
-11.7848
-11.8228
-11.861
-11.8996
-11.9385
-11.9777
-12.0173
-12.0573
-12.0977
-12.1386
-12.1799
-12.2216
-12.2639
-12.3066
-12.3499
-12.3937
-12.4379
-12.4827
-12.528
-12.5738
-12.6201
-12.6668
-12.7139
-12.7613
-12.8091
-12.857
-12.905
-12.9528
-13.0003
-13.0473
-13.0934
-13.1386
-13.1827
-13.2255
-13.2672
-13.3076
-13.3467
-6.94179
-6.98561
-7.02895
-7.07185
-7.11437
-7.15659
-7.19855
-7.24029
-7.28185
-7.32326
-7.36454
-7.40572
-7.4468
-7.48782
-7.52877
-7.56968
-7.61054
-7.65137
-7.69217
-7.73294
-7.77368
-7.8144
-7.8551
-7.89578
-7.93643
-7.97706
-8.01767
-8.05825
-8.09879
-8.13931
-8.17979
-8.22024
-8.26064
-8.30101
-8.34132
-8.38159
-8.42181
-8.46198
-8.50208
-8.54213
-8.58212
-8.62204
-8.6619
-8.70168
-8.74139
-8.78103
-8.8206
-8.86008
-8.89948
-8.9388
-8.97804
-9.01719
-9.05625
-9.09523
-9.13411
-9.1729
-9.2116
-9.2502
-9.28871
-9.32712
-9.36543
-9.40365
-9.44176
-9.47978
-9.51769
-9.5555
-9.59321
-9.63082
-9.66833
-9.70574
-9.74304
-9.78024
-9.81734
-9.85434
-9.89124
-9.92804
-9.96473
-10.0013
-10.0378
-10.0742
-10.1106
-10.1468
-10.1829
-10.2189
-10.2549
-10.2907
-10.3265
-10.3622
-10.3978
-10.4334
-10.4689
-10.5043
-10.5396
-10.5749
-10.6101
-10.6453
-10.6804
-10.7155
-10.7506
-10.7857
-10.8207
-10.8557
-10.8907
-10.9258
-10.9608
-10.9959
-11.031
-11.0661
-11.1013
-11.1366
-11.172
-11.2074
-11.243
-11.2787
-11.3146
-11.3506
-11.3868
-11.4231
-11.4597
-11.4965
-11.5336
-11.5709
-11.6085
-11.6464
-11.6847
-11.7233
-11.7623
-11.8016
-11.8414
-11.8816
-11.9223
-11.9634
-12.005
-12.047
-12.0896
-12.1327
-12.1763
-12.2204
-12.2649
-12.31
-12.3555
-12.4015
-12.4478
-12.4945
-12.5414
-12.5884
-12.6355
-12.6824
-12.729
-12.7749
-12.8201
-12.8642
-12.9073
-12.9492
-12.9899
-13.0293
-13.0675
-13.1044
-6.75568
-6.79874
-6.84133
-6.88349
-6.92529
-6.96678
-7.00801
-7.04902
-7.08985
-7.13053
-7.17108
-7.21152
-7.25188
-7.29216
-7.33238
-7.37256
-7.41269
-7.45278
-7.49285
-7.53288
-7.5729
-7.61289
-7.65285
-7.6928
-7.73272
-7.77262
-7.81249
-7.85234
-7.89216
-7.93194
-7.9717
-8.01141
-8.05109
-8.09073
-8.13032
-8.16986
-8.20935
-8.24879
-8.28818
-8.3275
-8.36677
-8.40597
-8.44511
-8.48417
-8.52317
-8.56209
-8.60094
-8.63971
-8.6784
-8.71701
-8.75553
-8.79398
-8.83233
-8.8706
-8.90878
-8.94687
-8.98486
-9.02276
-9.06057
-9.09829
-9.1359
-9.17342
-9.21084
-9.24817
-9.28539
-9.32251
-9.35954
-9.39646
-9.43329
-9.47001
-9.50663
-9.54315
-9.57958
-9.6159
-9.65212
-9.68824
-9.72427
-9.7602
-9.79603
-9.83177
-9.86742
-9.90297
-9.93843
-9.97381
-10.0091
-10.0443
-10.0794
-10.1145
-10.1494
-10.1843
-10.2191
-10.2539
-10.2886
-10.3232
-10.3578
-10.3923
-10.4268
-10.4613
-10.4957
-10.5301
-10.5645
-10.5989
-10.6333
-10.6676
-10.702
-10.7365
-10.7709
-10.8054
-10.84
-10.8746
-10.9094
-10.9442
-10.9791
-11.0142
-11.0494
-11.0847
-11.1203
-11.156
-11.1919
-11.2281
-11.2645
-11.3011
-11.3381
-11.3753
-11.4129
-11.4508
-11.4891
-11.5278
-11.5669
-11.6064
-11.6463
-11.6867
-11.7276
-11.769
-11.8108
-11.8531
-11.896
-11.9393
-11.9831
-12.0274
-12.0721
-12.1173
-12.1628
-12.2086
-12.2546
-12.3008
-12.3469
-12.3928
-12.4384
-12.4833
-12.5274
-12.5706
-12.6126
-12.6535
-12.6932
-12.7316
-12.7688
-12.8048
-6.55757
-6.59981
-6.6416
-6.68298
-6.72399
-6.7647
-6.80516
-6.84539
-6.88544
-6.92534
-6.96511
-7.00478
-7.04435
-7.08386
-7.1233
-7.16269
-7.20205
-7.24136
-7.28064
-7.3199
-7.35913
-7.39834
-7.43753
-7.4767
-7.51584
-7.55496
-7.59406
-7.63313
-7.67217
-7.71118
-7.75015
-7.78909
-7.828
-7.86686
-7.90568
-7.94445
-7.98317
-8.02184
-8.06045
-8.09901
-8.13751
-8.17594
-8.21431
-8.25261
-8.29084
-8.329
-8.36709
-8.4051
-8.44303
-8.48088
-8.51865
-8.55634
-8.59394
-8.63146
-8.66889
-8.70623
-8.74348
-8.78063
-8.8177
-8.85467
-8.89154
-8.92832
-8.96501
-9.00159
-9.03808
-9.07447
-9.11077
-9.14696
-9.18306
-9.21905
-9.25495
-9.29075
-9.32645
-9.36205
-9.39755
-9.43296
-9.46827
-9.50349
-9.53861
-9.57364
-9.60858
-9.64342
-9.67818
-9.71285
-9.74743
-9.78193
-9.81635
-9.8507
-9.88496
-9.91916
-9.95329
-9.98735
-10.0214
-10.0553
-10.0892
-10.123
-10.1568
-10.1906
-10.2244
-10.2581
-10.2918
-10.3255
-10.3592
-10.3929
-10.4266
-10.4603
-10.4941
-10.5279
-10.5618
-10.5958
-10.6298
-10.6639
-10.6982
-10.7325
-10.767
-10.8017
-10.8365
-10.8716
-10.9068
-10.9422
-10.9779
-11.0139
-11.0501
-11.0867
-11.1235
-11.1607
-11.1983
-11.2362
-11.2746
-11.3134
-11.3526
-11.3922
-11.4323
-11.4729
-11.514
-11.5555
-11.5976
-11.6401
-11.6831
-11.7265
-11.7704
-11.8147
-11.8593
-11.9042
-11.9493
-11.9945
-12.0397
-12.0846
-12.1291
-12.173
-12.216
-12.2581
-12.2991
-12.339
-12.3776
-12.415
-12.4512
-12.4862
-12.5199
-6.34778
-6.38916
-6.43009
-6.47063
-6.51082
-6.5507
-6.59033
-6.62974
-6.66896
-6.70804
-6.74698
-6.78582
-6.82457
-6.86325
-6.90187
-6.94044
-6.97896
-7.01745
-7.05591
-7.09434
-7.13275
-7.17113
-7.20949
-7.24784
-7.28615
-7.32445
-7.36272
-7.40097
-7.43918
-7.47737
-7.51553
-7.55365
-7.59173
-7.62977
-7.66777
-7.70572
-7.74362
-7.78148
-7.81928
-7.85702
-7.8947
-7.93233
-7.96988
-8.00738
-8.0448
-8.08215
-8.11943
-8.15664
-8.19377
-8.23082
-8.26779
-8.30468
-8.34148
-8.3782
-8.41483
-8.45138
-8.48784
-8.52421
-8.56048
-8.59667
-8.63276
-8.66875
-8.70465
-8.74046
-8.77617
-8.81179
-8.8473
-8.88273
-8.91805
-8.95328
-8.98841
-9.02344
-9.05838
-9.09322
-9.12796
-9.16261
-9.19716
-9.23162
-9.26599
-9.30027
-9.33445
-9.36855
-9.40256
-9.43648
-9.47032
-9.50408
-9.53776
-9.57136
-9.60489
-9.63835
-9.67174
-9.70507
-9.73834
-9.77156
-9.80472
-9.83784
-9.87091
-9.90396
-9.93697
-9.96996
-10.0029
-10.0359
-10.0689
-10.1018
-10.1348
-10.1679
-10.2009
-10.234
-10.2672
-10.3004
-10.3337
-10.3671
-10.4006
-10.4343
-10.468
-10.502
-10.5361
-10.5703
-10.6048
-10.6395
-10.6745
-10.7097
-10.7452
-10.781
-10.8171
-10.8535
-10.8903
-10.9275
-10.965
-11.003
-11.0414
-11.0803
-11.1196
-11.1593
-11.1996
-11.2403
-11.2815
-11.3232
-11.3653
-11.4079
-11.4509
-11.4943
-11.538
-11.5819
-11.626
-11.6702
-11.7143
-11.7582
-11.8016
-11.8444
-11.8864
-11.9274
-11.9673
-12.0061
-12.0437
-12.08
-12.1152
-12.1491
-12.1818
-12.2133
-6.12664
-6.1671
-6.20714
-6.24678
-6.28609
-6.3251
-6.36385
-6.40239
-6.44074
-6.47895
-6.51702
-6.55499
-6.59287
-6.63068
-6.66843
-6.70612
-6.74378
-6.7814
-6.81899
-6.85655
-6.89408
-6.9316
-6.96909
-7.00656
-7.04401
-7.08144
-7.11884
-7.15622
-7.19357
-7.23089
-7.26818
-7.30543
-7.34265
-7.37983
-7.41696
-7.45405
-7.4911
-7.52809
-7.56503
-7.60191
-7.63874
-7.67551
-7.71221
-7.74885
-7.78542
-7.82192
-7.85835
-7.89471
-7.93099
-7.9672
-8.00332
-8.03937
-8.07533
-8.11121
-8.14701
-8.18272
-8.21834
-8.25388
-8.28932
-8.32468
-8.35994
-8.39511
-8.43019
-8.46517
-8.50007
-8.53486
-8.56956
-8.60417
-8.63868
-8.6731
-8.70742
-8.74164
-8.77577
-8.80981
-8.84375
-8.8776
-8.91136
-8.94502
-8.97859
-9.01208
-9.04547
-9.07878
-9.112
-9.14514
-9.17819
-9.21117
-9.24407
-9.27689
-9.30964
-9.34232
-9.37494
-9.4075
-9.43999
-9.47243
-9.50483
-9.53717
-9.56948
-9.60176
-9.634
-9.66623
-9.69844
-9.73064
-9.76284
-9.79505
-9.82728
-9.85954
-9.89183
-9.92416
-9.95656
-9.98902
-10.0216
-10.0542
-10.0869
-10.1198
-10.1528
-10.186
-10.2193
-10.2528
-10.2865
-10.3204
-10.3546
-10.389
-10.4237
-10.4587
-10.494
-10.5296
-10.5656
-10.6019
-10.6387
-10.6758
-10.7134
-10.7514
-10.7898
-10.8287
-10.8681
-10.908
-10.9483
-10.989
-11.0303
-11.0719
-11.114
-11.1564
-11.1991
-11.2421
-11.2852
-11.3283
-11.3714
-11.4141
-11.4564
-11.4981
-11.539
-11.5789
-11.6177
-11.6554
-11.6919
-11.7272
-11.7612
-11.794
-11.8257
-11.8561
-11.8854
-5.89446
-5.93396
-5.97305
-6.01177
-6.05014
-6.08823
-6.12606
-6.16369
-6.20112
-6.23841
-6.27557
-6.31263
-6.34959
-6.38649
-6.42332
-6.4601
-6.49684
-6.53355
-6.57022
-6.60687
-6.64349
-6.68009
-6.71667
-6.75323
-6.78977
-6.82629
-6.86278
-6.89924
-6.93568
-6.97209
-7.00847
-7.04482
-7.08113
-7.1174
-7.15363
-7.18981
-7.22595
-7.26204
-7.29808
-7.33406
-7.36999
-7.40585
-7.44166
-7.4774
-7.51308
-7.54869
-7.58423
-7.61969
-7.65509
-7.6904
-7.72565
-7.76081
-7.79589
-7.83089
-7.86581
-7.90064
-7.93539
-7.97005
-8.00462
-8.0391
-8.0735
-8.1078
-8.14202
-8.17614
-8.21017
-8.24411
-8.27795
-8.3117
-8.34536
-8.37892
-8.41239
-8.44577
-8.47906
-8.51225
-8.54535
-8.57836
-8.61127
-8.6441
-8.67684
-8.70949
-8.74205
-8.77453
-8.80693
-8.83924
-8.87147
-8.90363
-8.9357
-8.96771
-8.99964
-9.03151
-9.06331
-9.09505
-9.12674
-9.15837
-9.18995
-9.2215
-9.253
-9.28447
-9.31591
-9.34733
-9.37873
-9.41013
-9.44153
-9.47294
-9.50437
-9.53582
-9.56731
-9.59884
-9.63043
-9.66209
-9.69383
-9.72566
-9.7576
-9.78966
-9.82185
-9.85419
-9.8867
-9.91939
-9.95227
-9.98537
-10.0187
-10.0523
-10.0861
-10.1203
-10.1547
-10.1895
-10.2246
-10.2601
-10.296
-10.3323
-10.369
-10.4061
-10.4436
-10.4816
-10.5201
-10.559
-10.5984
-10.6382
-10.6785
-10.7192
-10.7602
-10.8017
-10.8434
-10.8853
-10.9273
-10.9694
-11.0113
-11.0529
-11.0941
-11.1346
-11.1743
-11.2131
-11.2508
-11.2873
-11.3227
-11.3569
-11.3899
-11.4216
-11.4521
-11.4816
-11.5098
-5.65158
-5.69007
-5.72817
-5.7659
-5.80331
-5.84043
-5.8773
-5.91396
-5.95044
-5.98677
-6.02297
-6.05907
-6.09508
-6.13101
-6.16689
-6.20272
-6.2385
-6.27425
-6.30997
-6.34566
-6.38133
-6.41697
-6.4526
-6.4882
-6.52378
-6.55934
-6.59488
-6.6304
-6.66588
-6.70134
-6.73677
-6.77216
-6.80752
-6.84285
-6.87813
-6.91337
-6.94856
-6.9837
-7.0188
-7.05384
-7.08882
-7.12375
-7.15862
-7.19342
-7.22816
-7.26284
-7.29744
-7.33198
-7.36644
-7.40083
-7.43515
-7.46938
-7.50354
-7.53762
-7.57162
-7.60553
-7.63936
-7.67311
-7.70677
-7.74034
-7.77383
-7.80723
-7.84054
-7.87375
-7.90688
-7.93992
-7.97287
-8.00573
-8.03849
-8.07117
-8.10375
-8.13624
-8.16864
-8.20095
-8.23317
-8.2653
-8.29734
-8.32929
-8.36116
-8.39293
-8.42463
-8.45624
-8.48777
-8.51922
-8.55059
-8.58188
-8.6131
-8.64425
-8.67533
-8.70634
-8.73729
-8.76819
-8.79902
-8.82981
-8.86054
-8.89124
-8.9219
-8.95252
-8.98312
-9.0137
-9.04426
-9.07482
-9.10538
-9.13595
-9.16654
-9.19715
-9.2278
-9.25849
-9.28924
-9.32006
-9.35096
-9.38195
-9.41304
-9.44425
-9.4756
-9.50709
-9.53874
-9.57057
-9.6026
-9.63484
-9.6673
-9.70002
-9.733
-9.76626
-9.79983
-9.83371
-9.86794
-9.90253
-9.93749
-9.97284
-10.0086
-10.0448
-10.0814
-10.1184
-10.1559
-10.1939
-10.2323
-10.2711
-10.3104
-10.3501
-10.3901
-10.4305
-10.4712
-10.512
-10.5529
-10.5939
-10.6346
-10.6751
-10.7151
-10.7544
-10.793
-10.8306
-10.8671
-10.9025
-10.9367
-10.9698
-11.0016
-11.0323
-11.0617
-11.0901
-11.1173
-11.1434
-5.39832
-5.43576
-5.47282
-5.50952
-5.54591
-5.58202
-5.61788
-5.65354
-5.68902
-5.72435
-5.75955
-5.79465
-5.82966
-5.8646
-5.89948
-5.9343
-5.96909
-6.00384
-6.03856
-6.07326
-6.10793
-6.14258
-6.17721
-6.21182
-6.24641
-6.28097
-6.31552
-6.35004
-6.38453
-6.419
-6.45343
-6.48784
-6.52221
-6.55654
-6.59083
-6.62508
-6.65929
-6.69345
-6.72756
-6.76162
-6.79562
-6.82957
-6.86346
-6.89728
-6.93105
-6.96475
-6.99838
-7.03195
-7.06544
-7.09886
-7.13221
-7.16548
-7.19868
-7.23179
-7.26483
-7.29779
-7.33067
-7.36346
-7.39617
-7.42879
-7.46133
-7.49379
-7.52615
-7.55843
-7.59062
-7.62272
-7.65473
-7.68665
-7.71849
-7.75023
-7.78189
-7.81346
-7.84493
-7.87632
-7.90762
-7.93884
-7.96996
-8.001
-8.03196
-8.06283
-8.09362
-8.12432
-8.15495
-8.1855
-8.21597
-8.24637
-8.27669
-8.30695
-8.33713
-8.36726
-8.39732
-8.42733
-8.45728
-8.48718
-8.51703
-8.54685
-8.57662
-8.60637
-8.63609
-8.66579
-8.69548
-8.72516
-8.75485
-8.78454
-8.81425
-8.84399
-8.87376
-8.90358
-8.93345
-8.96339
-8.99341
-9.02352
-9.05373
-9.08406
-9.11451
-9.14512
-9.17588
-9.20682
-9.23795
-9.26929
-9.30085
-9.33265
-9.36472
-9.39707
-9.42971
-9.46267
-9.49596
-9.5296
-9.56361
-9.59801
-9.6328
-9.66801
-9.70364
-9.7397
-9.7762
-9.81314
-9.85052
-9.88834
-9.92656
-9.96518
-10.0042
-10.0434
-10.083
-10.1227
-10.1625
-10.2023
-10.2419
-10.2812
-10.32
-10.3581
-10.3954
-10.4318
-10.4671
-10.5014
-10.5345
-10.5663
-10.597
-10.6265
-10.6549
-10.6821
-10.7082
-10.7333
-10.7573
-5.135
-5.17134
-5.20732
-5.24296
-5.27828
-5.31334
-5.34815
-5.38276
-5.4172
-5.45148
-5.48565
-5.51971
-5.55368
-5.58758
-5.62142
-5.65521
-5.68896
-5.72268
-5.75636
-5.79002
-5.82366
-5.85727
-5.89087
-5.92444
-5.95799
-5.99153
-6.02504
-6.05852
-6.09199
-6.12542
-6.15883
-6.1922
-6.22554
-6.25884
-6.29211
-6.32533
-6.35852
-6.39165
-6.42474
-6.45777
-6.49076
-6.52369
-6.55656
-6.58937
-6.62212
-6.65481
-6.68743
-6.71998
-6.75247
-6.78488
-6.81723
-6.8495
-6.88169
-6.91381
-6.94585
-6.97781
-7.0097
-7.0415
-7.07322
-7.10486
-7.13641
-7.16788
-7.19926
-7.23056
-7.26177
-7.2929
-7.32394
-7.3549
-7.38576
-7.41654
-7.44723
-7.47784
-7.50835
-7.53879
-7.56913
-7.59939
-7.62957
-7.65966
-7.68967
-7.7196
-7.74944
-7.77921
-7.8089
-7.83851
-7.86805
-7.89751
-7.9269
-7.95623
-7.98549
-8.01469
-8.04383
-8.07291
-8.10194
-8.13092
-8.15986
-8.18876
-8.21762
-8.24645
-8.27526
-8.30405
-8.33282
-8.3616
-8.39037
-8.41915
-8.44795
-8.47678
-8.50564
-8.53454
-8.5635
-8.59253
-8.62163
-8.65083
-8.68012
-8.70953
-8.73907
-8.76875
-8.79858
-8.82859
-8.85879
-8.88919
-8.91981
-8.95067
-8.98179
-9.01318
-9.04486
-9.07685
-9.10917
-9.14183
-9.17485
-9.20825
-9.24204
-9.27624
-9.31084
-9.34588
-9.38134
-9.41723
-9.45355
-9.49028
-9.52742
-9.56494
-9.60281
-9.64097
-9.67937
-9.71794
-9.75656
-9.79514
-9.83353
-9.87158
-9.90914
-9.94605
-9.98214
-10.0173
-10.0514
-10.0845
-10.1164
-10.1471
-10.1766
-10.2049
-10.2322
-10.2583
-10.2833
-10.3072
-10.3302
-4.86194
-4.89715
-4.932
-4.96653
-5.00075
-5.03471
-5.06844
-5.10196
-5.13531
-5.16852
-5.2016
-5.23458
-5.26748
-5.3003
-5.33307
-5.36578
-5.39846
-5.4311
-5.46371
-5.4963
-5.52886
-5.5614
-5.59392
-5.62642
-5.6589
-5.69136
-5.7238
-5.75622
-5.78861
-5.82097
-5.85331
-5.88562
-5.91789
-5.95013
-5.98233
-6.01449
-6.0466
-6.07868
-6.1107
-6.14268
-6.17461
-6.20648
-6.23829
-6.27005
-6.30175
-6.33339
-6.36496
-6.39647
-6.42791
-6.45928
-6.49058
-6.52181
-6.55297
-6.58405
-6.61506
-6.64599
-6.67684
-6.70762
-6.73831
-6.76893
-6.79946
-6.82991
-6.86027
-6.89056
-6.92076
-6.95088
-6.98091
-7.01086
-7.04072
-7.0705
-7.10019
-7.1298
-7.15932
-7.18876
-7.21811
-7.24739
-7.27658
-7.30568
-7.33471
-7.36366
-7.39253
-7.42132
-7.45004
-7.47868
-7.50724
-7.53574
-7.56417
-7.59253
-7.62083
-7.64907
-7.67725
-7.70538
-7.73346
-7.76148
-7.78947
-7.81741
-7.84533
-7.87321
-7.90107
-7.92891
-7.95674
-7.98457
-8.0124
-8.04024
-8.06809
-8.09597
-8.12389
-8.15185
-8.17986
-8.20794
-8.2361
-8.26434
-8.29268
-8.32114
-8.34972
-8.37844
-8.40732
-8.43636
-8.46559
-8.49502
-8.52466
-8.55454
-8.58467
-8.61507
-8.64575
-8.67674
-8.70805
-8.73969
-8.77169
-8.80405
-8.8368
-8.86994
-8.90349
-8.93745
-8.97183
-9.00663
-9.04185
-9.07747
-9.11348
-9.14987
-9.18658
-9.22358
-9.2608
-9.29816
-9.33558
-9.37293
-9.41008
-9.44688
-9.48319
-9.51883
-9.55367
-9.58759
-9.62048
-9.65229
-9.68296
-9.71247
-9.74081
-9.76799
-9.79405
-9.819
-9.84288
-9.86573
-9.88759
-9.90853
-4.57948
-4.61351
-4.6472
-4.68057
-4.71365
-4.74648
-4.77907
-4.81147
-4.8437
-4.87579
-4.90775
-4.93962
-4.9714
-5.00311
-5.03476
-5.06636
-5.09793
-5.12945
-5.16095
-5.19243
-5.22388
-5.25531
-5.28672
-5.31811
-5.34948
-5.38083
-5.41216
-5.44347
-5.47476
-5.50602
-5.53725
-5.56845
-5.59962
-5.63075
-5.66185
-5.69291
-5.72393
-5.7549
-5.78583
-5.81671
-5.84754
-5.87832
-5.90905
-5.93972
-5.97033
-6.00088
-6.03136
-6.06179
-6.09215
-6.12244
-6.15266
-6.18282
-6.2129
-6.24291
-6.27285
-6.30272
-6.3325
-6.36221
-6.39185
-6.4214
-6.45088
-6.48027
-6.50959
-6.53882
-6.56798
-6.59705
-6.62604
-6.65494
-6.68377
-6.71251
-6.74117
-6.76974
-6.79824
-6.82665
-6.85498
-6.88323
-6.9114
-6.93949
-6.96751
-6.99544
-7.0233
-7.05108
-7.07879
-7.10643
-7.13399
-7.16149
-7.18892
-7.21629
-7.24359
-7.27084
-7.29803
-7.32517
-7.35225
-7.3793
-7.4063
-7.43326
-7.46019
-7.48709
-7.51397
-7.54083
-7.56769
-7.59453
-7.62139
-7.64825
-7.67512
-7.70203
-7.72897
-7.75595
-7.78298
-7.81008
-7.83726
-7.86452
-7.89187
-7.91934
-7.94693
-7.97466
-8.00254
-8.03059
-8.05881
-8.08724
-8.11587
-8.14473
-8.17384
-8.20321
-8.23286
-8.26281
-8.29307
-8.32366
-8.35459
-8.38589
-8.41755
-8.44961
-8.48206
-8.51491
-8.54817
-8.58184
-8.61591
-8.65039
-8.68524
-8.72044
-8.75596
-8.79176
-8.82776
-8.86389
-8.90006
-8.93616
-8.97204
-9.00757
-9.04259
-9.07695
-9.11051
-9.14315
-9.17479
-9.20534
-9.23478
-9.26306
-9.2902
-9.31619
-9.34107
-9.36485
-9.38759
-9.4093
-9.43004
-9.44984
-9.46878
-4.28793
-4.32074
-4.35323
-4.38541
-4.41731
-4.44896
-4.48039
-4.51162
-4.54269
-4.57362
-4.60444
-4.63515
-4.66578
-4.69634
-4.72684
-4.75729
-4.78771
-4.81809
-4.84844
-4.87876
-4.90907
-4.93935
-4.96962
-4.99986
-5.03009
-5.0603
-5.09049
-5.12065
-5.15079
-5.18091
-5.211
-5.24106
-5.27109
-5.30109
-5.33105
-5.36097
-5.39086
-5.4207
-5.45049
-5.48024
-5.50995
-5.5396
-5.56919
-5.59874
-5.62823
-5.65765
-5.68702
-5.71633
-5.74557
-5.77475
-5.80386
-5.83291
-5.86188
-5.89079
-5.91962
-5.94838
-5.97707
-6.00569
-6.03423
-6.06269
-6.09107
-6.11938
-6.14761
-6.17576
-6.20383
-6.23182
-6.25974
-6.28757
-6.31532
-6.34299
-6.37059
-6.3981
-6.42553
-6.45288
-6.48016
-6.50735
-6.53447
-6.56151
-6.58847
-6.61536
-6.64218
-6.66892
-6.69559
-6.72219
-6.74872
-6.77519
-6.80159
-6.82792
-6.8542
-6.88042
-6.90659
-6.93271
-6.95878
-6.9848
-7.01078
-7.03673
-7.06265
-7.08854
-7.1144
-7.14026
-7.1661
-7.19194
-7.21778
-7.24363
-7.2695
-7.29539
-7.32132
-7.34729
-7.37332
-7.3994
-7.42556
-7.45181
-7.47815
-7.5046
-7.53117
-7.55787
-7.58473
-7.61174
-7.63893
-7.66631
-7.6939
-7.72172
-7.74977
-7.77808
-7.80666
-7.83554
-7.86471
-7.89421
-7.92405
-7.95424
-7.98479
-8.01571
-8.04703
-8.07873
-8.11084
-8.14334
-8.17624
-8.20952
-8.24317
-8.27716
-8.31145
-8.346
-8.38075
-8.41563
-8.45052
-8.48532
-8.51991
-8.55413
-8.58784
-8.6209
-8.65316
-8.68451
-8.71486
-8.74414
-8.77232
-8.79936
-8.82527
-8.85005
-8.87373
-8.89634
-8.91791
-8.93847
-8.95807
-8.97675
-8.9946
-9.01159
-3.98761
-4.01917
-4.05042
-4.08137
-4.11205
-4.14249
-4.17271
-4.20275
-4.23262
-4.26236
-4.29198
-4.32151
-4.35095
-4.38032
-4.40964
-4.43891
-4.46814
-4.49734
-4.52651
-4.55566
-4.58478
-4.61388
-4.64297
-4.67204
-4.70108
-4.73011
-4.75912
-4.78811
-4.81708
-4.84602
-4.87493
-4.90382
-4.93267
-4.9615
-4.99029
-5.01904
-5.04776
-5.07643
-5.10506
-5.13365
-5.16218
-5.19067
-5.21911
-5.2475
-5.27583
-5.3041
-5.33232
-5.36047
-5.38857
-5.4166
-5.44456
-5.47246
-5.5003
-5.52806
-5.55576
-5.58339
-5.61095
-5.63843
-5.66584
-5.69318
-5.72044
-5.74762
-5.77474
-5.80177
-5.82873
-5.85561
-5.88241
-5.90914
-5.93579
-5.96236
-5.98885
-6.01527
-6.0416
-6.06787
-6.09405
-6.12016
-6.14619
-6.17215
-6.19804
-6.22385
-6.24959
-6.27526
-6.30086
-6.32639
-6.35186
-6.37726
-6.4026
-6.42787
-6.45309
-6.47826
-6.50337
-6.52844
-6.55346
-6.57843
-6.60337
-6.62827
-6.65314
-6.67799
-6.70281
-6.72762
-6.75242
-6.77722
-6.80202
-6.82684
-6.85166
-6.87652
-6.90141
-6.92634
-6.95132
-6.97637
-7.00148
-7.02668
-7.05197
-7.07737
-7.10289
-7.12854
-7.15433
-7.18028
-7.2064
-7.23272
-7.25923
-7.28596
-7.31293
-7.34014
-7.36763
-7.39539
-7.42345
-7.45183
-7.48053
-7.50958
-7.53898
-7.56875
-7.59889
-7.62941
-7.66033
-7.69162
-7.72331
-7.75536
-7.78777
-7.8205
-7.85354
-7.88682
-7.92028
-7.95385
-7.98744
-8.02093
-8.05419
-8.08708
-8.11946
-8.15119
-8.18213
-8.21216
-8.24121
-8.2692
-8.2961
-8.32188
-8.34654
-8.37009
-8.39256
-8.41396
-8.43435
-8.45375
-8.47221
-8.48976
-8.50651
-8.52247
-3.67886
-3.70913
-3.7391
-3.76878
-3.79821
-3.8274
-3.85638
-3.88519
-3.91383
-3.94234
-3.97074
-3.99904
-4.02726
-4.05542
-4.08352
-4.11157
-4.13959
-4.16757
-4.19552
-4.22345
-4.25136
-4.27925
-4.30713
-4.33498
-4.36282
-4.39063
-4.41843
-4.44621
-4.47396
-4.5017
-4.5294
-4.55708
-4.58473
-4.61235
-4.63994
-4.66749
-4.695
-4.72248
-4.74991
-4.7773
-4.80464
-4.83193
-4.85918
-4.88637
-4.91351
-4.9406
-4.96763
-4.9946
-5.02151
-5.04836
-5.07515
-5.10188
-5.12854
-5.15514
-5.18166
-5.20812
-5.23452
-5.26084
-5.28709
-5.31327
-5.33938
-5.36541
-5.39137
-5.41726
-5.44307
-5.46881
-5.49447
-5.52006
-5.54558
-5.57101
-5.59638
-5.62167
-5.64688
-5.67202
-5.69708
-5.72207
-5.74699
-5.77184
-5.79662
-5.82132
-5.84595
-5.87052
-5.89502
-5.91945
-5.94382
-5.96813
-5.99238
-6.01657
-6.0407
-6.06478
-6.08881
-6.1128
-6.13673
-6.16063
-6.18449
-6.20832
-6.23211
-6.25589
-6.27964
-6.30338
-6.32711
-6.35084
-6.37457
-6.39831
-6.42207
-6.44586
-6.46968
-6.49354
-6.51745
-6.54142
-6.56546
-6.58959
-6.6138
-6.63812
-6.66255
-6.68712
-6.71182
-6.73668
-6.7617
-6.78691
-6.81232
-6.83794
-6.86378
-6.88988
-6.91622
-6.94285
-6.96976
-6.99698
-7.02452
-7.05239
-7.08061
-7.10918
-7.13812
-7.16743
-7.19711
-7.22717
-7.2576
-7.28839
-7.31953
-7.35098
-7.38271
-7.41469
-7.44683
-7.47908
-7.51133
-7.54347
-7.57538
-7.60692
-7.63795
-7.66833
-7.69792
-7.72662
-7.75434
-7.78102
-7.80661
-7.83111
-7.85451
-7.87681
-7.89805
-7.91824
-7.93743
-7.95565
-7.97296
-7.98938
-8.00501
-8.01989
-8.03406
-3.36199
-3.39093
-3.41959
-3.44798
-3.47611
-3.50402
-3.53173
-3.55926
-3.58664
-3.61389
-3.64103
-3.66808
-3.69505
-3.72195
-3.7488
-3.77561
-3.80237
-3.82911
-3.85582
-3.8825
-3.90917
-3.93581
-3.96244
-3.98905
-4.01564
-4.04221
-4.06877
-4.09531
-4.12182
-4.14831
-4.17478
-4.20122
-4.22763
-4.25402
-4.28037
-4.30668
-4.33296
-4.3592
-4.3854
-4.41156
-4.43768
-4.46375
-4.48977
-4.51574
-4.54166
-4.56753
-4.59334
-4.6191
-4.6448
-4.67044
-4.69602
-4.72154
-4.747
-4.77239
-4.79772
-4.82298
-4.84818
-4.87331
-4.89837
-4.92336
-4.94828
-4.97314
-4.99792
-5.02263
-5.04726
-5.07183
-5.09632
-5.12075
-5.14509
-5.16937
-5.19357
-5.21771
-5.24176
-5.26575
-5.28967
-5.31351
-5.33729
-5.36099
-5.38463
-5.4082
-5.4317
-5.45513
-5.4785
-5.50181
-5.52506
-5.54824
-5.57137
-5.59444
-5.61746
-5.64043
-5.66334
-5.68622
-5.70905
-5.73184
-5.75459
-5.77731
-5.80001
-5.82268
-5.84533
-5.86797
-5.89061
-5.91324
-5.93587
-5.95852
-5.98118
-6.00387
-6.02659
-6.04935
-6.07216
-6.09503
-6.11797
-6.14099
-6.1641
-6.18731
-6.21063
-6.23407
-6.25766
-6.28139
-6.30529
-6.32937
-6.35364
-6.37811
-6.40281
-6.42775
-6.45293
-6.47838
-6.50412
-6.53015
-6.55649
-6.58316
-6.61016
-6.6375
-6.6652
-6.69326
-6.72169
-6.75047
-6.77962
-6.80911
-6.83894
-6.86907
-6.89948
-6.93011
-6.9609
-6.99179
-7.02268
-7.05345
-7.08399
-7.11415
-7.14381
-7.17281
-7.20104
-7.22838
-7.25475
-7.2801
-7.30438
-7.32758
-7.34969
-7.37073
-7.39072
-7.40968
-7.42767
-7.4447
-7.46083
-7.47612
-7.49062
-7.50439
-7.51747
-7.52989
-3.03732
-3.06491
-3.09222
-3.11927
-3.14609
-3.17268
-3.19908
-3.22532
-3.2514
-3.27736
-3.30321
-3.32897
-3.35465
-3.38027
-3.40584
-3.43137
-3.45686
-3.48231
-3.50774
-3.53315
-3.55854
-3.58391
-3.60926
-3.63459
-3.65991
-3.68521
-3.71049
-3.73576
-3.761
-3.78622
-3.81142
-3.83659
-3.86174
-3.88685
-3.91194
-3.93699
-3.962
-3.98698
-4.01192
-4.03683
-4.06168
-4.0865
-4.11126
-4.13598
-4.16065
-4.18527
-4.20984
-4.23435
-4.25881
-4.28321
-4.30755
-4.33184
-4.35606
-4.38022
-4.40432
-4.42836
-4.45233
-4.47624
-4.50008
-4.52386
-4.54756
-4.5712
-4.59477
-4.61828
-4.64171
-4.66508
-4.68837
-4.7116
-4.73475
-4.75784
-4.78086
-4.8038
-4.82668
-4.84949
-4.87222
-4.89489
-4.9175
-4.94003
-4.9625
-4.98491
-5.00724
-5.02952
-5.05173
-5.07389
-5.09598
-5.11801
-5.13999
-5.16192
-5.18379
-5.20562
-5.2274
-5.24913
-5.27083
-5.29248
-5.31411
-5.3357
-5.35726
-5.37881
-5.40033
-5.42185
-5.44335
-5.46486
-5.48637
-5.50789
-5.52943
-5.55099
-5.57258
-5.59422
-5.6159
-5.63765
-5.65946
-5.68134
-5.70332
-5.72539
-5.74757
-5.76987
-5.79231
-5.81489
-5.83764
-5.86055
-5.88366
-5.90696
-5.93048
-5.95423
-5.97822
-6.00247
-6.027
-6.05181
-6.07693
-6.10235
-6.12811
-6.15419
-6.18062
-6.2074
-6.23453
-6.26201
-6.28984
-6.31801
-6.34649
-6.37528
-6.40432
-6.43358
-6.46299
-6.49249
-6.52198
-6.55136
-6.5805
-6.60927
-6.63753
-6.66514
-6.69198
-6.71795
-6.74296
-6.76695
-6.7899
-6.81178
-6.83259
-6.85235
-6.87108
-6.8888
-6.90556
-6.9214
-6.93635
-6.95048
-6.96385
-6.9765
-6.98848
-6.99986
-2.70519
-2.73139
-2.75732
-2.78301
-2.80847
-2.83371
-2.85878
-2.88368
-2.90843
-2.93307
-2.9576
-2.98204
-3.00641
-3.03072
-3.05498
-3.07919
-3.10337
-3.12752
-3.15165
-3.17575
-3.19983
-3.22389
-3.24794
-3.27197
-3.29599
-3.31998
-3.34396
-3.36793
-3.39187
-3.41579
-3.43969
-3.46356
-3.48741
-3.51123
-3.53502
-3.55878
-3.5825
-3.60619
-3.62984
-3.65345
-3.67703
-3.70055
-3.72404
-3.74748
-3.77087
-3.79421
-3.8175
-3.84074
-3.86393
-3.88706
-3.91014
-3.93316
-3.95612
-3.97902
-4.00186
-4.02464
-4.04736
-4.07002
-4.09262
-4.11515
-4.13761
-4.16001
-4.18235
-4.20462
-4.22682
-4.24896
-4.27103
-4.29303
-4.31496
-4.33683
-4.35863
-4.38036
-4.40203
-4.42363
-4.44517
-4.46663
-4.48804
-4.50938
-4.53065
-4.55186
-4.57301
-4.5941
-4.61513
-4.63611
-4.65702
-4.67788
-4.69868
-4.71944
-4.74014
-4.7608
-4.78141
-4.80199
-4.82252
-4.84301
-4.86348
-4.88391
-4.90432
-4.92471
-4.94508
-4.96544
-4.9858
-5.00615
-5.02651
-5.04688
-5.06727
-5.08768
-5.10812
-5.12861
-5.14914
-5.16973
-5.19038
-5.21111
-5.23192
-5.25283
-5.27384
-5.29498
-5.31624
-5.33764
-5.3592
-5.38093
-5.40284
-5.42495
-5.44726
-5.46979
-5.49257
-5.51559
-5.53888
-5.56244
-5.5863
-5.61046
-5.63493
-5.65973
-5.68486
-5.71033
-5.73613
-5.76228
-5.78876
-5.81557
-5.84268
-5.87008
-5.89773
-5.92559
-5.95359
-5.98168
-6.00975
-6.03771
-6.06543
-6.09278
-6.11962
-6.14583
-6.17127
-6.19584
-6.21946
-6.24209
-6.26368
-6.28422
-6.30372
-6.32218
-6.33964
-6.35611
-6.37164
-6.38626
-6.40003
-6.41299
-6.42521
-6.43674
-6.44761
-6.45791
-6.46771
-2.36591
-2.39068
-2.41521
-2.4395
-2.46358
-2.48745
-2.51114
-2.53468
-2.55808
-2.58136
-2.60454
-2.62764
-2.65067
-2.67363
-2.69655
-2.71943
-2.74227
-2.76509
-2.78787
-2.81064
-2.83339
-2.85612
-2.87883
-2.90153
-2.92422
-2.94688
-2.96953
-2.99217
-3.01478
-3.03737
-3.05994
-3.08249
-3.10502
-3.12751
-3.14998
-3.17242
-3.19482
-3.21719
-3.23952
-3.26182
-3.28408
-3.3063
-3.32847
-3.3506
-3.37269
-3.39472
-3.41671
-3.43865
-3.46054
-3.48238
-3.50416
-3.52589
-3.54756
-3.56918
-3.59073
-3.61223
-3.63368
-3.65506
-3.67638
-3.69764
-3.71883
-3.73997
-3.76104
-3.78205
-3.80299
-3.82387
-3.84469
-3.86544
-3.88613
-3.90675
-3.92731
-3.94781
-3.96824
-3.9886
-4.00891
-4.02915
-4.04933
-4.06945
-4.0895
-4.1095
-4.12943
-4.14931
-4.16913
-4.1889
-4.20861
-4.22826
-4.24787
-4.26743
-4.28694
-4.3064
-4.32582
-4.34521
-4.36455
-4.38386
-4.40314
-4.4224
-4.44162
-4.46083
-4.48003
-4.49921
-4.51839
-4.53757
-4.55675
-4.57594
-4.59516
-4.61439
-4.63366
-4.65296
-4.67232
-4.69172
-4.7112
-4.73074
-4.75037
-4.77009
-4.78991
-4.80985
-4.82991
-4.85011
-4.87046
-4.89098
-4.91167
-4.93254
-4.95362
-4.97492
-4.99644
-5.0182
-5.04023
-5.06252
-5.08509
-5.10795
-5.13112
-5.1546
-5.1784
-5.20252
-5.22698
-5.25176
-5.27686
-5.30228
-5.32799
-5.35397
-5.3802
-5.40663
-5.4332
-5.45984
-5.48647
-5.51299
-5.53926
-5.56518
-5.59059
-5.61536
-5.63938
-5.66254
-5.68477
-5.70601
-5.72623
-5.74542
-5.76359
-5.78074
-5.79691
-5.81211
-5.8264
-5.8398
-5.85237
-5.86416
-5.87522
-5.88562
-5.89538
-5.90459
-5.91327
-5.92151
-2.0198
-2.04313
-2.06622
-2.08909
-2.11174
-2.13421
-2.1565
-2.17865
-2.20066
-2.22257
-2.24437
-2.2661
-2.28775
-2.30935
-2.3309
-2.35242
-2.3739
-2.39535
-2.41677
-2.43818
-2.45957
-2.48094
-2.50229
-2.52363
-2.54496
-2.56627
-2.58756
-2.60884
-2.6301
-2.65134
-2.67255
-2.69375
-2.71492
-2.73607
-2.75719
-2.77827
-2.79933
-2.82036
-2.84135
-2.8623
-2.88322
-2.9041
-2.92494
-2.94574
-2.96649
-2.98719
-3.00785
-3.02847
-3.04903
-3.06955
-3.09001
-3.11042
-3.13078
-3.15108
-3.17133
-3.19152
-3.21166
-3.23174
-3.25176
-3.27172
-3.29162
-3.31146
-3.33125
-3.35097
-3.37063
-3.39023
-3.40977
-3.42925
-3.44866
-3.46802
-3.48731
-3.50654
-3.52571
-3.54482
-3.56387
-3.58286
-3.60179
-3.62066
-3.63947
-3.65822
-3.67692
-3.69556
-3.71415
-3.73269
-3.75117
-3.7696
-3.78798
-3.80632
-3.82461
-3.84286
-3.86106
-3.87923
-3.89737
-3.91547
-3.93354
-3.95159
-3.96961
-3.98762
-4.00561
-4.02359
-4.04157
-4.05955
-4.07753
-4.09553
-4.11354
-4.13157
-4.14964
-4.16775
-4.18589
-4.2041
-4.22236
-4.2407
-4.25912
-4.27762
-4.29623
-4.31494
-4.33378
-4.35276
-4.37187
-4.39115
-4.41059
-4.43022
-4.45004
-4.47007
-4.49031
-4.5108
-4.53152
-4.55251
-4.57377
-4.59531
-4.61715
-4.63928
-4.66172
-4.68448
-4.70755
-4.73093
-4.75463
-4.77863
-4.80291
-4.82745
-4.85223
-4.8772
-4.9023
-4.92748
-4.95264
-4.97769
-5.00251
-5.02697
-5.05093
-5.07426
-5.09684
-5.11857
-5.13938
-5.15922
-5.17805
-5.19588
-5.2127
-5.22853
-5.2434
-5.25733
-5.27036
-5.28253
-5.29389
-5.3045
-5.3144
-5.32365
-5.3323
-5.34041
-5.348
-5.35521
-5.36199
-1.6672
-1.68905
-1.71068
-1.73209
-1.7533
-1.77433
-1.7952
-1.81593
-1.83653
-1.85703
-1.87743
-1.89775
-1.91801
-1.93822
-1.95838
-1.9785
-1.99859
-2.01865
-2.03869
-2.05871
-2.07871
-2.0987
-2.11867
-2.13863
-2.15857
-2.17849
-2.19841
-2.2183
-2.23818
-2.25804
-2.27788
-2.2977
-2.31749
-2.33726
-2.35701
-2.37672
-2.39641
-2.41606
-2.43569
-2.45527
-2.47483
-2.49434
-2.51382
-2.53326
-2.55265
-2.572
-2.59131
-2.61057
-2.62979
-2.64895
-2.66807
-2.68714
-2.70616
-2.72512
-2.74404
-2.7629
-2.78171
-2.80046
-2.81915
-2.8378
-2.85638
-2.87491
-2.89338
-2.91179
-2.93014
-2.94844
-2.96668
-2.98485
-3.00297
-3.02104
-3.03904
-3.05698
-3.07487
-3.0927
-3.11047
-3.12818
-3.14584
-3.16344
-3.18098
-3.19847
-3.21591
-3.23329
-3.25062
-3.2679
-3.28513
-3.30231
-3.31945
-3.33654
-3.35359
-3.3706
-3.38757
-3.4045
-3.4214
-3.43827
-3.45511
-3.47193
-3.48873
-3.50551
-3.52228
-3.53904
-3.55579
-3.57254
-3.5893
-3.60608
-3.62287
-3.63968
-3.65652
-3.6734
-3.69033
-3.7073
-3.72434
-3.74144
-3.75863
-3.7759
-3.79326
-3.81073
-3.82833
-3.84605
-3.86391
-3.88192
-3.90009
-3.91844
-3.93698
-3.95571
-3.97466
-3.99384
-4.01325
-4.03291
-4.05283
-4.07302
-4.0935
-4.11426
-4.13532
-4.15667
-4.17833
-4.2003
-4.22256
-4.24511
-4.26793
-4.29101
-4.31431
-4.33779
-4.36141
-4.38509
-4.40876
-4.43232
-4.45566
-4.47864
-4.50113
-4.523
-4.54413
-4.56442
-4.5838
-4.60222
-4.61965
-4.6361
-4.65157
-4.66606
-4.67962
-4.69226
-4.70402
-4.71496
-4.72511
-4.73452
-4.74325
-4.75136
-4.75889
-4.76589
-4.77242
-4.77858
-4.78439
-1.30842
-1.32877
-1.3489
-1.36884
-1.38858
-1.40815
-1.42757
-1.44685
-1.46601
-1.48507
-1.50405
-1.52295
-1.54179
-1.56057
-1.57932
-1.59802
-1.6167
-1.63535
-1.65398
-1.67258
-1.69118
-1.70975
-1.72831
-1.74686
-1.7654
-1.78392
-1.80242
-1.82091
-1.83939
-1.85784
-1.87628
-1.8947
-1.91309
-1.93146
-1.94981
-1.96813
-1.98642
-2.00468
-2.02291
-2.04111
-2.05927
-2.0774
-2.09549
-2.11354
-2.13156
-2.14953
-2.16746
-2.18534
-2.20319
-2.22098
-2.23873
-2.25644
-2.27409
-2.2917
-2.30926
-2.32676
-2.34421
-2.36162
-2.37897
-2.39626
-2.41351
-2.43069
-2.44783
-2.46491
-2.48193
-2.4989
-2.51581
-2.53267
-2.54947
-2.56622
-2.58291
-2.59954
-2.61612
-2.63264
-2.64911
-2.66553
-2.68189
-2.6982
-2.71445
-2.73065
-2.74681
-2.76291
-2.77896
-2.79496
-2.81092
-2.82683
-2.8427
-2.85852
-2.87431
-2.89006
-2.90577
-2.92144
-2.93709
-2.95271
-2.9683
-2.98386
-2.99941
-3.01495
-3.03047
-3.04598
-3.06149
-3.077
-3.09252
-3.10805
-3.12359
-3.13916
-3.15476
-3.17039
-3.18607
-3.20179
-3.21758
-3.23343
-3.24936
-3.26537
-3.28147
-3.29768
-3.314
-3.33045
-3.34703
-3.36375
-3.38063
-3.39768
-3.41491
-3.43234
-3.44996
-3.4678
-3.48587
-3.50418
-3.52274
-3.54156
-3.56065
-3.58001
-3.59966
-3.61959
-3.63982
-3.66034
-3.68113
-3.70221
-3.72355
-3.74513
-3.76692
-3.7889
-3.811
-3.83317
-3.85533
-3.87738
-3.89921
-3.9207
-3.94171
-3.96211
-3.98177
-4.0006
-4.01852
-4.03551
-4.05154
-4.06659
-4.08069
-4.09384
-4.10607
-4.11742
-4.12791
-4.1376
-4.14653
-4.15474
-4.1623
-4.16926
-4.17566
-4.18157
-4.18703
-4.19213
-4.19693
-4.20146
-0.943783
-0.962605
-0.981225
-0.999652
-1.0179
-1.03599
-1.05393
-1.07174
-1.08944
-1.10705
-1.12457
-1.14202
-1.15941
-1.17676
-1.19406
-1.21133
-1.22857
-1.24578
-1.26297
-1.28015
-1.29731
-1.31445
-1.33158
-1.3487
-1.3658
-1.38289
-1.39997
-1.41703
-1.43408
-1.45111
-1.46812
-1.48511
-1.50208
-1.51903
-1.53595
-1.55285
-1.56973
-1.58657
-1.60339
-1.62017
-1.63692
-1.65364
-1.67033
-1.68697
-1.70358
-1.72015
-1.73668
-1.75317
-1.76962
-1.78602
-1.80239
-1.8187
-1.83497
-1.85119
-1.86737
-1.8835
-1.89958
-1.91561
-1.93159
-1.94752
-1.9634
-1.97923
-1.995
-2.01073
-2.0264
-2.04202
-2.05759
-2.0731
-2.08856
-2.10397
-2.11933
-2.13463
-2.14988
-2.16508
-2.18022
-2.19532
-2.21036
-2.22536
-2.2403
-2.2552
-2.27004
-2.28484
-2.2996
-2.3143
-2.32897
-2.34359
-2.35816
-2.3727
-2.3872
-2.40167
-2.4161
-2.4305
-2.44487
-2.45921
-2.47353
-2.48783
-2.50211
-2.51637
-2.53062
-2.54487
-2.55912
-2.57336
-2.58761
-2.60188
-2.61616
-2.63046
-2.6448
-2.65916
-2.67357
-2.68803
-2.70254
-2.71712
-2.73177
-2.7465
-2.76132
-2.77624
-2.79127
-2.80642
-2.8217
-2.83712
-2.85268
-2.86841
-2.88431
-2.9004
-2.91668
-2.93317
-2.94987
-2.96681
-2.98398
-3.0014
-3.01908
-3.03702
-3.05524
-3.07372
-3.09249
-3.11153
-3.13084
-3.15042
-3.17025
-3.19031
-3.21058
-3.23101
-3.25158
-3.27221
-3.29283
-3.31335
-3.33367
-3.35365
-3.37316
-3.39206
-3.41024
-3.4276
-3.44406
-3.45961
-3.4742
-3.48786
-3.50057
-3.51237
-3.52327
-3.53331
-3.54253
-3.55096
-3.55866
-3.56568
-3.57206
-3.57786
-3.58314
-3.58794
-3.59233
-3.59638
-3.60014
-3.60365
-3.60695
-0.573616
-0.590887
-0.607968
-0.624866
-0.641595
-0.658172
-0.674614
-0.690934
-0.70715
-0.723275
-0.739323
-0.755304
-0.77123
-0.787109
-0.802949
-0.818756
-0.834536
-0.850292
-0.866029
-0.881748
-0.897452
-0.913142
-0.92882
-0.944484
-0.960137
-0.975776
-0.991402
-1.00701
-1.02261
-1.03819
-1.05376
-1.0693
-1.08483
-1.10033
-1.11582
-1.13128
-1.14671
-1.16212
-1.1775
-1.19284
-1.20816
-1.22345
-1.23871
-1.25393
-1.26911
-1.28426
-1.29937
-1.31444
-1.32947
-1.34446
-1.35941
-1.37432
-1.38918
-1.404
-1.41878
-1.43351
-1.44819
-1.46283
-1.47742
-1.49196
-1.50646
-1.5209
-1.5353
-1.54965
-1.56395
-1.5782
-1.5924
-1.60655
-1.62065
-1.63471
-1.64871
-1.66266
-1.67656
-1.69041
-1.70422
-1.71798
-1.73168
-1.74534
-1.75896
-1.77253
-1.78605
-1.79952
-1.81296
-1.82635
-1.8397
-1.85301
-1.86628
-1.87951
-1.89271
-1.90587
-1.919
-1.9321
-1.94518
-1.95823
-1.97125
-1.98426
-1.99725
-2.01023
-2.02319
-2.03616
-2.04912
-2.06208
-2.07505
-2.08803
-2.10102
-2.11404
-2.12709
-2.14017
-2.15329
-2.16646
-2.17969
-2.19297
-2.20632
-2.21976
-2.23327
-2.24689
-2.2606
-2.27444
-2.28839
-2.30248
-2.31671
-2.3311
-2.34565
-2.36038
-2.37529
-2.39041
-2.40572
-2.42126
-2.43703
-2.45303
-2.46928
-2.48577
-2.50253
-2.51955
-2.53683
-2.55438
-2.57218
-2.59023
-2.60853
-2.62704
-2.64575
-2.66463
-2.68363
-2.7027
-2.72177
-2.74075
-2.75952
-2.77798
-2.79598
-2.81338
-2.83006
-2.84593
-2.86092
-2.875
-2.88816
-2.9004
-2.91173
-2.92216
-2.93173
-2.94045
-2.94838
-2.95556
-2.96203
-2.96783
-2.97304
-2.97768
-2.98183
-2.98553
-2.98884
-2.99184
-2.99457
-2.99706
-2.99941
-0.198241
-0.21394
-0.229458
-0.244804
-0.259993
-0.27504
-0.289959
-0.304767
-0.319475
-0.334099
-0.348651
-0.36314
-0.377578
-0.391971
-0.406328
-0.420654
-0.434954
-0.449232
-0.463492
-0.477735
-0.491964
-0.50618
-0.520384
-0.534576
-0.548756
-0.562924
-0.577079
-0.591222
-0.60535
-0.619463
-0.63356
-0.64764
-0.661701
-0.675742
-0.689762
-0.70376
-0.717733
-0.731682
-0.745605
-0.7595
-0.773366
-0.787203
-0.801008
-0.81478
-0.82852
-0.842225
-0.855894
-0.869527
-0.883123
-0.89668
-0.910199
-0.923677
-0.937116
-0.950512
-0.963867
-0.977179
-0.990448
-1.00367
-1.01685
-1.02999
-1.04308
-1.05613
-1.06913
-1.08208
-1.09499
-1.10785
-1.12067
-1.13344
-1.14616
-1.15883
-1.17146
-1.18404
-1.19658
-1.20907
-1.22151
-1.23391
-1.24626
-1.25857
-1.27084
-1.28306
-1.29524
-1.30737
-1.31947
-1.33152
-1.34354
-1.35552
-1.36746
-1.37937
-1.39124
-1.40309
-1.4149
-1.42669
-1.43845
-1.45019
-1.4619
-1.4736
-1.48529
-1.49696
-1.50862
-1.52028
-1.53194
-1.5436
-1.55526
-1.56694
-1.57864
-1.59035
-1.6021
-1.61387
-1.62569
-1.63755
-1.64946
-1.66144
-1.67348
-1.68559
-1.69779
-1.71007
-1.72246
-1.73496
-1.74757
-1.76031
-1.77319
-1.78621
-1.7994
-1.81275
-1.82628
-1.83999
-1.8539
-1.86802
-1.88236
-1.89692
-1.91172
-1.92675
-1.94203
-1.95755
-1.97333
-1.98935
-2.00562
-2.02213
-2.03887
-2.05581
-2.07295
-2.09025
-2.10766
-2.12515
-2.14264
-2.16005
-2.17727
-2.19419
-2.21066
-2.22654
-2.24171
-2.25608
-2.26959
-2.2822
-2.29391
-2.30473
-2.31466
-2.32372
-2.33194
-2.33935
-2.34599
-2.3519
-2.35713
-2.36173
-2.36574
-2.36923
-2.37225
-2.37484
-2.37708
-2.37902
-2.38072
-2.38221
-2.38357
-2.38486
0.182019
0.167914
0.153979
0.140204
0.126577
0.113082
0.0997046
0.0864319
0.0732503
0.0601475
0.0471122
0.0341344
0.0212051
0.00831671
-0.00453746
-0.0173629
-0.0301642
-0.0429451
-0.0557086
-0.0684569
-0.0811917
-0.0939143
-0.106625
-0.119325
-0.132014
-0.144692
-0.157357
-0.170011
-0.182651
-0.195277
-0.207887
-0.220482
-0.233059
-0.245618
-0.258156
-0.270674
-0.283169
-0.295641
-0.308088
-0.320509
-0.332904
-0.34527
-0.357608
-0.369915
-0.38219
-0.394433
-0.406644
-0.41882
-0.430961
-0.443066
-0.455135
-0.467167
-0.479161
-0.491116
-0.503032
-0.514908
-0.526743
-0.538538
-0.550292
-0.562004
-0.573673
-0.5853
-0.596885
-0.608427
-0.619925
-0.63138
-0.642792
-0.65416
-0.665484
-0.676765
-0.688001
-0.699195
-0.710345
-0.721452
-0.732517
-0.74354
-0.75452
-0.765459
-0.776356
-0.787214
-0.798032
-0.80881
-0.819551
-0.830254
-0.840921
-0.851553
-0.862151
-0.872717
-0.883253
-0.89376
-0.904239
-0.914692
-0.925122
-0.93553
-0.94592
-0.956293
-0.966653
-0.977002
-0.987344
-0.997682
-1.00802
-1.01836
-1.02871
-1.03907
-1.04944
-1.05984
-1.07026
-1.08072
-1.09121
-1.10175
-1.11233
-1.12298
-1.13369
-1.14446
-1.15532
-1.16626
-1.1773
-1.18844
-1.1997
-1.21107
-1.22258
-1.23423
-1.24602
-1.25798
-1.2701
-1.2824
-1.29488
-1.30757
-1.32046
-1.33356
-1.34688
-1.36043
-1.37421
-1.38822
-1.40247
-1.41695
-1.43167
-1.44661
-1.46176
-1.47712
-1.49266
-1.50835
-1.52416
-1.54004
-1.55594
-1.57176
-1.58742
-1.60278
-1.6177
-1.63206
-1.64571
-1.65856
-1.67057
-1.6817
-1.69196
-1.70134
-1.70987
-1.71755
-1.72442
-1.7305
-1.73585
-1.74049
-1.74448
-1.74787
-1.7507
-1.75303
-1.75492
-1.75641
-1.75757
-1.75845
-1.75912
-1.7596
-1.75997
-1.76025
-1.76053
0.566842
0.554349
0.542018
0.529834
0.517788
0.505863
0.494048
0.482328
0.470693
0.45913
0.447629
0.436181
0.424779
0.413414
0.40208
0.390773
0.379489
0.368223
0.356974
0.345739
0.334516
0.323305
0.312104
0.300914
0.289734
0.278565
0.267407
0.25626
0.245126
0.234005
0.222898
0.211806
0.200731
0.189673
0.178633
0.167613
0.156614
0.145637
0.134683
0.123753
0.112848
0.101969
0.0911171
0.0802936
0.0694992
0.0587349
0.0480014
0.0372996
0.0266304
0.0159944
0.00539236
-0.00517509
-0.0157073
-0.0262035
-0.0366632
-0.0470857
-0.0574708
-0.067818
-0.0781268
-0.0883968
-0.0986276
-0.108819
-0.118971
-0.129083
-0.139155
-0.149186
-0.159177
-0.169128
-0.179038
-0.188908
-0.198737
-0.208526
-0.218274
-0.227983
-0.237653
-0.247283
-0.256874
-0.266426
-0.275941
-0.285418
-0.294859
-0.304263
-0.313632
-0.322967
-0.332268
-0.341537
-0.350775
-0.359983
-0.369163
-0.378316
-0.387444
-0.396549
-0.405632
-0.414696
-0.423742
-0.432774
-0.441794
-0.450805
-0.459809
-0.46881
-0.477812
-0.486818
-0.495831
-0.504855
-0.513896
-0.522957
-0.532044
-0.541162
-0.550315
-0.559511
-0.568755
-0.578052
-0.587411
-0.596838
-0.606339
-0.615923
-0.625596
-0.635368
-0.645246
-0.655238
-0.665355
-0.675604
-0.685994
-0.696535
-0.707234
-0.7181
-0.729144
-0.740372
-0.751794
-0.763417
-0.775247
-0.78729
-0.799551
-0.812031
-0.824734
-0.837658
-0.850799
-0.864153
-0.877709
-0.891457
-0.905375
-0.919442
-0.933624
-0.947881
-0.962156
-0.976377
-0.990443
-1.00424
-1.01761
-1.03042
-1.04254
-1.05387
-1.06436
-1.07401
-1.0828
-1.09075
-1.09786
-1.10416
-1.10967
-1.11443
-1.11847
-1.12185
-1.1246
-1.12677
-1.12841
-1.12959
-1.13034
-1.13073
-1.13081
-1.13064
-1.13028
-1.12976
-1.12914
-1.12846
-1.12781
-1.12715
0.955904
0.945042
0.934332
0.923758
0.913311
0.902974
0.892738
0.88259
0.872518
0.862512
0.852564
0.842663
0.832804
0.822979
0.813183
0.803412
0.793661
0.783927
0.774209
0.764503
0.754809
0.745125
0.735452
0.725788
0.716134
0.706489
0.696855
0.687232
0.67762
0.668021
0.658434
0.648862
0.639305
0.629763
0.620239
0.610734
0.601247
0.591781
0.582336
0.572914
0.563514
0.554139
0.544789
0.535466
0.526169
0.5169
0.507659
0.498448
0.489267
0.480116
0.470997
0.46191
0.452856
0.443834
0.434847
0.425894
0.416975
0.408091
0.399243
0.390431
0.381655
0.372915
0.364212
0.355545
0.346915
0.338323
0.329768
0.32125
0.312769
0.304326
0.295921
0.287552
0.27922
0.270925
0.262667
0.254444
0.246258
0.238107
0.22999
0.221908
0.21386
0.205845
0.197863
0.189912
0.181992
0.174101
0.166238
0.158403
0.150593
0.142808
0.135046
0.127306
0.119584
0.11188
0.104191
0.0965156
0.0888502
0.0811928
0.0735407
0.0658908
0.0582395
0.0505842
0.0429211
0.0352461
0.0275556
0.019845
0.0121092
0.00434406
-0.00345521
-0.011295
-0.0191808
-0.0271179
-0.0351132
-0.0431725
-0.0513024
-0.0595108
-0.0678036
-0.0761896
-0.0846765
-0.0932705
-0.101982
-0.110818
-0.119787
-0.128897
-0.138157
-0.147574
-0.157158
-0.166914
-0.176853
-0.18698
-0.197301
-0.207822
-0.218547
-0.229477
-0.240615
-0.25196
-0.263508
-0.275256
-0.287193
-0.29931
-0.311589
-0.32401
-0.336544
-0.349156
-0.361793
-0.374391
-0.386854
-0.399062
-0.410869
-0.422128
-0.432703
-0.442498
-0.451473
-0.459621
-0.466942
-0.473442
-0.479136
-0.484046
-0.488199
-0.49163
-0.494375
-0.496478
-0.497983
-0.49894
-0.4994
-0.499414
-0.499037
-0.498324
-0.497332
-0.496112
-0.494722
-0.493203
-0.491611
-0.489977
-0.488403
-0.486888
1.34888
1.33967
1.3306
1.32165
1.31282
1.30409
1.29545
1.28688
1.27839
1.26996
1.26158
1.25324
1.24494
1.23667
1.22843
1.22021
1.21201
1.20382
1.19565
1.18749
1.17934
1.1712
1.16307
1.15494
1.14683
1.13873
1.13063
1.12255
1.11447
1.10641
1.09836
1.09032
1.0823
1.07429
1.06629
1.05832
1.05036
1.04242
1.0345
1.0266
1.01872
1.01087
1.00303
0.995223
0.987439
0.97968
0.971947
0.964241
0.956563
0.948913
0.941292
0.9337
0.926138
0.918607
0.911106
0.903637
0.8962
0.888795
0.881422
0.874082
0.866775
0.859501
0.852261
0.845054
0.837881
0.830742
0.823638
0.816567
0.80953
0.802528
0.79556
0.788626
0.781726
0.774859
0.768025
0.761224
0.754457
0.747721
0.741017
0.734345
0.727703
0.721091
0.714509
0.707956
0.70143
0.694932
0.688458
0.68201
0.675585
0.669181
0.662799
0.656436
0.65009
0.643759
0.637442
0.631136
0.624839
0.618549
0.612263
0.605978
0.59969
0.593399
0.587099
0.580788
0.574461
0.568115
0.561744
0.555345
0.548914
0.542444
0.53593
0.529368
0.52275
0.516072
0.509327
0.502508
0.49561
0.488624
0.481543
0.474362
0.467071
0.459662
0.452129
0.444464
0.436659
0.428706
0.420599
0.412329
0.40389
0.395274
0.386478
0.377496
0.368323
0.35896
0.349404
0.339655
0.329717
0.319594
0.309294
0.298826
0.288205
0.277449
0.266583
0.255637
0.244657
0.233701
0.222858
0.212246
0.202018
0.192322
0.183303
0.175054
0.167608
0.160964
0.15512
0.150069
0.145795
0.142276
0.139484
0.137385
0.135942
0.135112
0.134849
0.135106
0.135832
0.136974
0.138479
0.140292
0.142357
0.144624
0.147035
0.149548
0.15211
0.154678
0.157175
0.159572
0.161854
1.74546
1.7379
1.73048
1.72318
1.71598
1.70887
1.70184
1.69488
1.68798
1.68114
1.67434
1.66758
1.66085
1.65415
1.64748
1.64082
1.63418
1.62756
1.62095
1.61435
1.60775
1.60117
1.5946
1.58803
1.58147
1.57492
1.56838
1.56185
1.55532
1.54881
1.54231
1.53582
1.52934
1.52288
1.51643
1.51
1.50358
1.49718
1.4908
1.48444
1.47809
1.47177
1.46547
1.45919
1.45293
1.44669
1.44048
1.4343
1.42814
1.422
1.41589
1.40981
1.40375
1.39772
1.39172
1.38575
1.37981
1.3739
1.36801
1.36216
1.35633
1.35054
1.34478
1.33904
1.33334
1.32767
1.32203
1.31642
1.31084
1.30529
1.29977
1.29428
1.28883
1.2834
1.27801
1.27264
1.2673
1.262
1.25672
1.25147
1.24625
1.24105
1.23588
1.23074
1.22562
1.22053
1.21546
1.21041
1.20538
1.20037
1.19538
1.19041
1.18545
1.1805
1.17557
1.17065
1.16573
1.16082
1.15591
1.15101
1.1461
1.14118
1.13626
1.13132
1.12637
1.1214
1.11641
1.11139
1.10634
1.10125
1.09612
1.09095
1.08572
1.08044
1.07509
1.06967
1.06418
1.05861
1.05295
1.04719
1.04133
1.03537
1.02928
1.02308
1.01674
1.01027
1.00365
0.996881
0.989955
0.982867
0.97561
0.968181
0.960577
0.952797
0.944837
0.936701
0.928389
0.919907
0.91126
0.902459
0.893513
0.884441
0.875262
0.866002
0.856699
0.847403
0.838198
0.829197
0.820559
0.812435
0.804982
0.798291
0.79238
0.787247
0.782884
0.779285
0.776433
0.774306
0.772876
0.772109
0.771968
0.77241
0.77339
0.774859
0.776769
0.779065
0.781696
0.784607
0.787742
0.79105
0.794477
0.797977
0.801501
0.804998
0.808411
0.811695
0.814873
0.817867
2.1453
2.13942
2.13367
2.12802
2.12247
2.11699
2.11158
2.10624
2.10095
2.09571
2.09051
2.08534
2.0802
2.07508
2.06999
2.06491
2.05985
2.0548
2.04976
2.04473
2.03971
2.03469
2.02969
2.02469
2.0197
2.01471
2.00974
2.00477
1.99981
1.99487
1.98993
1.985
1.98008
1.97518
1.97029
1.96541
1.96055
1.9557
1.95087
1.94605
1.94126
1.93648
1.93172
1.92698
1.92226
1.91756
1.91289
1.90823
1.9036
1.89899
1.8944
1.88984
1.88531
1.88079
1.87631
1.87184
1.86741
1.863
1.85862
1.85426
1.84993
1.84563
1.84135
1.83711
1.83288
1.82869
1.82453
1.82039
1.81628
1.8122
1.80814
1.80411
1.80012
1.79614
1.7922
1.78828
1.78438
1.78052
1.77668
1.77286
1.76907
1.7653
1.76156
1.75784
1.75414
1.75046
1.7468
1.74316
1.73955
1.73594
1.73236
1.72878
1.72523
1.72168
1.71814
1.71461
1.71109
1.70757
1.70405
1.70053
1.69701
1.69348
1.68995
1.6864
1.68284
1.67925
1.67565
1.67202
1.66836
1.66467
1.66094
1.65716
1.65334
1.64946
1.64552
1.64152
1.63745
1.6333
1.62907
1.62475
1.62034
1.61583
1.61121
1.60647
1.60162
1.59663
1.59152
1.58627
1.58087
1.57532
1.56961
1.56375
1.55773
1.55155
1.5452
1.53869
1.53202
1.52519
1.51821
1.5111
1.50384
1.49647
1.489
1.48144
1.47384
1.46622
1.45867
1.4513
1.44426
1.43772
1.43184
1.42672
1.42235
1.41873
1.41585
1.4137
1.41227
1.41154
1.41147
1.41204
1.4132
1.41491
1.41713
1.41981
1.4229
1.42635
1.4301
1.4341
1.4383
1.44265
1.44709
1.45157
1.45604
1.46046
1.46478
1.46895
1.47299
1.4768
1.48043
2.54809
2.54391
2.53984
2.53586
2.53196
2.52812
2.52435
2.52064
2.51697
2.51334
2.50974
2.50618
2.50264
2.49912
2.49561
2.49213
2.48865
2.48519
2.48173
2.47829
2.47485
2.47142
2.46799
2.46457
2.46116
2.45776
2.45436
2.45097
2.44758
2.44421
2.44084
2.43749
2.43414
2.43081
2.42749
2.42418
2.42088
2.4176
2.41433
2.41108
2.40784
2.40462
2.40141
2.39822
2.39506
2.39191
2.38877
2.38566
2.38257
2.3795
2.37645
2.37342
2.37041
2.36743
2.36446
2.36152
2.35861
2.35571
2.35284
2.34999
2.34717
2.34437
2.34159
2.33884
2.33611
2.33341
2.33073
2.32808
2.32545
2.32284
2.32026
2.3177
2.31517
2.31266
2.31018
2.30772
2.30528
2.30286
2.30047
2.2981
2.29575
2.29342
2.29111
2.28882
2.28655
2.2843
2.28207
2.27985
2.27765
2.27547
2.27329
2.27113
2.26899
2.26685
2.26471
2.26259
2.26047
2.25835
2.25623
2.25411
2.25199
2.24986
2.24772
2.24557
2.24341
2.24122
2.23902
2.23679
2.23453
2.23225
2.22992
2.22755
2.22514
2.22268
2.22016
2.21759
2.21495
2.21224
2.20945
2.20658
2.20362
2.20057
2.19743
2.19417
2.19081
2.18733
2.18373
2.18
2.17614
2.17215
2.16801
2.16373
2.1593
2.15473
2.15
2.14513
2.14012
2.13496
2.12967
2.12424
2.1187
2.11305
2.1073
2.10146
2.09557
2.08966
2.08378
2.07805
2.07263
2.06768
2.06339
2.05984
2.05702
2.05491
2.05352
2.05282
2.05282
2.05347
2.05477
2.05666
2.05912
2.0621
2.06556
2.06944
2.07371
2.07831
2.08318
2.08827
2.09353
2.09891
2.10435
2.1098
2.11522
2.12056
2.12577
2.13081
2.13568
2.1403
2.14468
2.95351
2.95103
2.94865
2.94635
2.94411
2.94194
2.93982
2.93774
2.9357
2.93369
2.93172
2.92976
2.92783
2.92592
2.92402
2.92213
2.92025
2.91838
2.91653
2.91467
2.91283
2.91099
2.90915
2.90732
2.9055
2.90368
2.90187
2.90007
2.89827
2.89649
2.8947
2.89293
2.89117
2.88941
2.88767
2.88594
2.88422
2.88251
2.88081
2.87913
2.87746
2.87581
2.87417
2.87254
2.87093
2.86934
2.86776
2.86621
2.86466
2.86314
2.86164
2.86015
2.85868
2.85723
2.8558
2.85439
2.853
2.85163
2.85028
2.84896
2.84765
2.84636
2.84509
2.84385
2.84262
2.84142
2.84024
2.83908
2.83794
2.83682
2.83572
2.83464
2.83359
2.83255
2.83154
2.83054
2.82957
2.82861
2.82767
2.82676
2.82586
2.82498
2.82411
2.82327
2.82244
2.82162
2.82082
2.82004
2.81926
2.8185
2.81776
2.81702
2.81629
2.81557
2.81485
2.81414
2.81343
2.81272
2.81201
2.8113
2.81058
2.80986
2.80913
2.80839
2.80763
2.80686
2.80606
2.80524
2.8044
2.80352
2.80261
2.80166
2.80068
2.79964
2.79855
2.79741
2.79621
2.79495
2.79361
2.7922
2.79071
2.78914
2.78747
2.78571
2.78385
2.78189
2.77981
2.77762
2.77531
2.77288
2.77032
2.76763
2.7648
2.76185
2.75876
2.75554
2.75219
2.74872
2.74512
2.74141
2.73759
2.73367
2.72966
2.72557
2.72141
2.71722
2.71304
2.70897
2.70517
2.70182
2.69913
2.69716
2.69589
2.6953
2.69539
2.69615
2.69756
2.6996
2.70225
2.70547
2.70923
2.71347
2.71816
2.72325
2.72869
2.73443
2.74042
2.7466
2.75291
2.75931
2.76574
2.77216
2.77852
2.78477
2.79087
2.79676
2.80245
2.80787
2.81301
2.81786
3.36123
3.36046
3.35978
3.35917
3.35861
3.3581
3.35764
3.35721
3.35681
3.35644
3.35609
3.35576
3.35544
3.35514
3.35485
3.35457
3.3543
3.35404
3.35379
3.35354
3.35329
3.35305
3.35282
3.35259
3.35237
3.35215
3.35193
3.35173
3.35152
3.35133
3.35114
3.35096
3.35079
3.35062
3.35047
3.35032
3.35019
3.35006
3.34995
3.34984
3.34975
3.34967
3.34961
3.34955
3.34951
3.34949
3.34948
3.34948
3.3495
3.34953
3.34958
3.34964
3.34972
3.34982
3.34993
3.35006
3.35021
3.35037
3.35055
3.35075
3.35097
3.3512
3.35145
3.35172
3.35201
3.35231
3.35264
3.35298
3.35334
3.35371
3.3541
3.35452
3.35495
3.35539
3.35586
3.35634
3.35683
3.35735
3.35787
3.35842
3.35898
3.35955
3.36014
3.36075
3.36137
3.362
3.36264
3.36329
3.36395
3.36463
3.36531
3.366
3.3667
3.3674
3.36811
3.36882
3.36953
3.37024
3.37095
3.37165
3.37235
3.37305
3.37373
3.3744
3.37506
3.3757
3.37632
3.37692
3.3775
3.37804
3.37856
3.37904
3.37948
3.37988
3.38023
3.38053
3.38078
3.38097
3.38109
3.38115
3.38114
3.38105
3.38088
3.38062
3.38027
3.37983
3.37928
3.37864
3.37789
3.37703
3.37605
3.37496
3.37375
3.37243
3.37099
3.36943
3.36776
3.36598
3.36409
3.3621
3.36002
3.35784
3.35559
3.35325
3.35086
3.34841
3.34595
3.34356
3.34139
3.33966
3.33857
3.33819
3.33847
3.33939
3.34096
3.34317
3.346
3.34942
3.35343
3.35797
3.36301
3.36852
3.37444
3.38073
3.38734
3.39422
3.40131
3.40856
3.41592
3.42334
3.43076
3.43814
3.44543
3.45257
3.45954
3.46628
3.47278
3.47899
3.4849
3.49051
3.49581
3.77093
3.77188
3.77291
3.774
3.77513
3.77629
3.77749
3.77872
3.77996
3.78123
3.78252
3.78382
3.78513
3.78645
3.78778
3.78912
3.79046
3.79182
3.79317
3.79453
3.7959
3.79727
3.79864
3.80002
3.8014
3.80279
3.80418
3.80557
3.80698
3.80838
3.8098
3.81121
3.81264
3.81407
3.81551
3.81696
3.81842
3.81988
3.82136
3.82284
3.82434
3.82584
3.82736
3.82888
3.83042
3.83197
3.83353
3.8351
3.83668
3.83828
3.83989
3.84151
3.84315
3.8448
3.84646
3.84814
3.84983
3.85153
3.85325
3.85499
3.85673
3.8585
3.86027
3.86206
3.86387
3.86569
3.86752
3.86937
3.87124
3.87311
3.87501
3.87691
3.87884
3.88077
3.88272
3.88468
3.88666
3.88865
3.89065
3.89266
3.89469
3.89673
3.89878
3.90084
3.90291
3.90499
3.90708
3.90918
3.91129
3.9134
3.91553
3.91765
3.91978
3.92192
3.92405
3.92619
3.92833
3.93047
3.9326
3.93473
3.93685
3.93897
3.94107
3.94317
3.94525
3.94731
3.94936
3.95138
3.95338
3.95536
3.9573
3.95922
3.9611
3.96294
3.96474
3.96649
3.96819
3.96984
3.97143
3.97297
3.97443
3.97583
3.97716
3.97841
3.97958
3.98067
3.98167
3.98258
3.9834
3.98411
3.98473
3.98525
3.98567
3.98599
3.9862
3.98631
3.98633
3.98625
3.98608
3.98583
3.98549
3.98507
3.98459
3.98403
3.98341
3.98273
3.98201
3.98132
3.98081
3.98071
3.98124
3.98244
3.98426
3.9867
3.98974
3.99339
3.99763
4.00244
4.00779
4.01364
4.01997
4.02673
4.03388
4.04136
4.04913
4.05714
4.06533
4.07365
4.08206
4.09048
4.09888
4.10721
4.11542
4.12345
4.13128
4.13886
4.14615
4.15314
4.15981
4.16614
4.17213
4.18229
4.18497
4.18771
4.1905
4.19333
4.19617
4.19904
4.20193
4.20483
4.20775
4.21067
4.21361
4.21655
4.2195
4.22246
4.22542
4.22839
4.23136
4.23433
4.23731
4.24029
4.24328
4.24627
4.24926
4.25225
4.25525
4.25825
4.26126
4.26427
4.26728
4.2703
4.27333
4.27636
4.2794
4.28244
4.28549
4.28854
4.29161
4.29468
4.29775
4.30084
4.30393
4.30704
4.31015
4.31327
4.3164
4.31953
4.32268
4.32584
4.32901
4.33218
4.33537
4.33857
4.34178
4.345
4.34823
4.35147
4.35472
4.35799
4.36126
4.36455
4.36784
4.37115
4.37447
4.3778
4.38114
4.38449
4.38786
4.39123
4.39462
4.39802
4.40142
4.40484
4.40827
4.41171
4.41517
4.41863
4.4221
4.42558
4.42907
4.43257
4.43607
4.43959
4.44311
4.44664
4.45018
4.45373
4.45728
4.46084
4.4644
4.46796
4.47153
4.4751
4.47868
4.48225
4.48582
4.48939
4.49296
4.49652
4.50008
4.50363
4.50717
4.51071
4.51423
4.51774
4.52123
4.5247
4.52816
4.5316
4.53501
4.53839
4.54174
4.54507
4.54835
4.5516
4.55481
4.55798
4.56109
4.56416
4.56718
4.57013
4.57303
4.57586
4.57863
4.58133
4.58395
4.5865
4.58897
4.59136
4.59366
4.59588
4.59802
4.60007
4.60203
4.60391
4.6057
4.60741
4.60904
4.6106
4.61209
4.61351
4.61486
4.61616
4.61739
4.61857
4.61969
4.62073
4.62178
4.62294
4.62448
4.62663
4.62941
4.63278
4.63671
4.64123
4.64631
4.65195
4.65813
4.66482
4.67199
4.6796
4.6876
4.69596
4.70463
4.71356
4.72269
4.73198
4.74136
4.7508
4.76022
4.7696
4.77887
4.78798
4.79689
4.80557
4.81396
4.82205
4.82981
4.83721
4.84425
4.85093
4.85721
4.59498
4.5994
4.60386
4.60836
4.61288
4.61742
4.62196
4.62652
4.63108
4.63564
4.64022
4.64479
4.64938
4.65396
4.65855
4.66314
4.66773
4.67233
4.67692
4.68152
4.68613
4.69073
4.69534
4.69995
4.70456
4.70918
4.7138
4.71842
4.72304
4.72767
4.7323
4.73694
4.74158
4.74623
4.75088
4.75553
4.76019
4.76486
4.76953
4.7742
4.77889
4.78357
4.78827
4.79297
4.79768
4.80239
4.80711
4.81184
4.81658
4.82132
4.82607
4.83083
4.8356
4.84037
4.84515
4.84994
4.85473
4.85954
4.86435
4.86917
4.874
4.87883
4.88368
4.88853
4.89339
4.89826
4.90313
4.90802
4.91291
4.91781
4.92272
4.92763
4.93255
4.93748
4.94242
4.94736
4.95232
4.95727
4.96224
4.96721
4.97218
4.97716
4.98215
4.98714
4.99214
4.99714
5.00214
5.00715
5.01216
5.01717
5.02219
5.0272
5.03222
5.03724
5.04225
5.04726
5.05227
5.05727
5.06227
5.06726
5.07225
5.07722
5.08219
5.08714
5.09208
5.09701
5.10192
5.10681
5.11168
5.11653
5.12136
5.12616
5.13093
5.13567
5.14037
5.14504
5.14967
5.15426
5.15881
5.16331
5.16776
5.17216
5.1765
5.18079
5.18502
5.18919
5.19329
5.19732
5.20129
5.20519
5.20902
5.21277
5.21646
5.22008
5.22362
5.2271
5.23051
5.23386
5.23715
5.24039
5.24357
5.24671
5.2498
5.25284
5.25583
5.25877
5.26162
5.26444
5.26729
5.2705
5.27427
5.27862
5.28352
5.28895
5.29492
5.30143
5.30846
5.31601
5.32403
5.3325
5.34138
5.35062
5.36019
5.37004
5.38011
5.39036
5.40073
5.41117
5.42163
5.43205
5.44238
5.45258
5.46259
5.47238
5.48189
5.49109
5.49995
5.50846
5.51658
5.52432
5.53165
5.53862
5.54523
5.00869
5.01485
5.02104
5.02725
5.03347
5.03969
5.04592
5.05214
5.05837
5.06459
5.07081
5.07704
5.08326
5.08948
5.0957
5.10193
5.10815
5.11437
5.1206
5.12683
5.13305
5.13928
5.14551
5.15175
5.15798
5.16422
5.17046
5.1767
5.18294
5.18919
5.19544
5.20169
5.20794
5.2142
5.22046
5.22673
5.23299
5.23927
5.24554
5.25182
5.2581
5.26439
5.27068
5.27698
5.28328
5.28958
5.29589
5.3022
5.30852
5.31484
5.32117
5.3275
5.33384
5.34018
5.34653
5.35288
5.35923
5.36559
5.37196
5.37833
5.3847
5.39108
5.39747
5.40385
5.41025
5.41665
5.42305
5.42946
5.43587
5.44228
5.44871
5.45513
5.46156
5.46799
5.47443
5.48087
5.48732
5.49376
5.50021
5.50667
5.51312
5.51958
5.52604
5.53251
5.53897
5.54544
5.55191
5.55837
5.56484
5.57131
5.57778
5.58424
5.59071
5.59717
5.60362
5.61008
5.61653
5.62297
5.62941
5.63583
5.64226
5.64867
5.65507
5.66146
5.66783
5.6742
5.68055
5.68688
5.69319
5.69948
5.70576
5.712
5.71823
5.72442
5.73059
5.73672
5.74282
5.74889
5.75492
5.76091
5.76686
5.77276
5.77862
5.78444
5.7902
5.79591
5.80157
5.80718
5.81273
5.81822
5.82366
5.82904
5.83437
5.83964
5.84486
5.85003
5.85515
5.86022
5.86525
5.87025
5.8752
5.88013
5.88502
5.88988
5.8947
5.89948
5.90417
5.90881
5.91339
5.9183
5.92369
5.9296
5.93601
5.94291
5.95033
5.95826
5.96667
5.97557
5.98492
5.99468
6.00482
6.01529
6.02606
6.03707
6.04828
6.05964
6.07108
6.08257
6.09404
6.10544
6.11673
6.12785
6.13875
6.14939
6.15973
6.16973
6.17935
6.18859
6.19741
6.20582
6.2138
6.22139
6.22858
6.23545
5.4231
5.43099
5.43891
5.44683
5.45476
5.46267
5.47058
5.47848
5.48637
5.49425
5.50213
5.51
5.51786
5.52572
5.53358
5.54144
5.5493
5.55715
5.56501
5.57286
5.58072
5.58858
5.59643
5.60429
5.61215
5.62001
5.62787
5.63573
5.6436
5.65147
5.65933
5.6672
5.67507
5.68295
5.69082
5.6987
5.70658
5.71446
5.72234
5.73023
5.73811
5.746
5.75389
5.76179
5.76968
5.77758
5.78548
5.79338
5.80128
5.80918
5.81709
5.825
5.83291
5.84082
5.84873
5.85665
5.86457
5.87248
5.88041
5.88833
5.89625
5.90418
5.9121
5.92003
5.92796
5.93589
5.94382
5.95176
5.95969
5.96763
5.97556
5.9835
5.99144
5.99938
6.00732
6.01526
6.0232
6.03114
6.03908
6.04702
6.05496
6.0629
6.07084
6.07877
6.08671
6.09464
6.10258
6.11051
6.11844
6.12636
6.13428
6.1422
6.15011
6.15802
6.16593
6.17383
6.18172
6.1896
6.19748
6.20535
6.21321
6.22106
6.2289
6.23673
6.24454
6.25234
6.26013
6.26791
6.27566
6.2834
6.29112
6.29882
6.3065
6.31415
6.32178
6.32938
6.33696
6.3445
6.35201
6.3595
6.36695
6.37436
6.38174
6.38908
6.39638
6.40364
6.41086
6.41804
6.42518
6.43227
6.43933
6.44634
6.45331
6.46024
6.46714
6.474
6.48083
6.48763
6.4944
6.50115
6.50789
6.51461
6.52131
6.528
6.53467
6.54131
6.54788
6.55438
6.56078
6.56739
6.57438
6.58182
6.58973
6.59809
6.60695
6.61627
6.62606
6.6363
6.64696
6.65801
6.66939
6.68109
6.69304
6.70522
6.71756
6.73001
6.74252
6.75504
6.76751
6.77989
6.79212
6.80415
6.81592
6.82741
6.83856
6.84934
6.85972
6.86967
6.87918
6.88824
6.89684
6.90501
6.91272
6.92005
)
;

boundaryField
{
    inlet
    {
        type            fixedValue;
        value           nonuniform List<scalar> 0();
    }
    outlet
    {
        type            fixedValue;
        value           nonuniform List<scalar> 0();
    }
    lowerWall
    {
        type            zeroGradient;
    }
    upperWall
    {
        type            zeroGradient;
    }
    frontAndBack
    {
        type            zeroGradient;
    }
    procBoundary2to5
    {
        type            processor;
        value           nonuniform List<scalar> 
148
(
5.83774
5.84737
5.85702
5.86666
5.87629
5.88589
5.89548
5.90505
5.91461
5.92415
5.93368
5.9432
5.95271
5.96221
5.97171
5.98121
5.9907
6.00018
6.00967
6.01915
6.02864
6.03812
6.04761
6.05709
6.06657
6.07606
6.08554
6.09503
6.10452
6.114
6.12349
6.13298
6.14247
6.15196
6.16145
6.17094
6.18043
6.18992
6.19941
6.2089
6.21839
6.22789
6.23738
6.24687
6.25636
6.26585
6.27534
6.28483
6.29431
6.3038
6.31329
6.32277
6.33226
6.34174
6.35122
6.3607
6.37018
6.37966
6.38914
6.39861
6.40809
6.41756
6.42703
6.4365
6.44596
6.45543
6.46489
6.47435
6.48381
6.49326
6.50272
6.51217
6.52162
6.53106
6.54051
6.54995
6.55938
6.56882
6.57825
6.58768
6.5971
6.60652
6.61593
6.62535
6.63475
6.64416
6.65356
6.66295
6.67234
6.68172
6.6911
6.70047
6.70984
6.71919
6.72855
6.73789
6.74723
6.75655
6.76587
6.77518
6.78448
6.79377
6.80305
6.81232
6.82157
6.83081
6.84004
6.84926
6.85846
6.86765
6.87682
6.88597
6.8951
6.90421
6.9133
6.92237
6.93142
6.94044
6.94945
6.95842
6.96737
6.9763
6.98519
6.99406
7.0029
7.01171
7.02049
7.02925
7.03797
7.04667
7.05534
7.06398
7.0726
7.08119
7.08976
7.09832
7.10686
7.11539
7.12391
7.13243
7.14094
7.14946
7.15798
7.1665
7.17503
7.18355
7.19204
7.20047
)
;
    }
    procBoundary2to7
    {
        type            processor;
        value           nonuniform List<scalar> 
50
(
-8.07359
-8.0542
-8.02184
-7.97392
-7.91079
-7.83277
-7.74021
-7.63341
-7.51272
-7.37845
-7.23093
-7.07048
-6.89744
-6.71212
-6.51485
-6.30594
-6.08573
-5.85454
-5.61268
-5.36049
-5.09828
-4.82638
-4.54511
-4.25478
-3.95574
-3.64828
-3.33275
-3.00945
-2.67872
-2.34087
-1.99623
-1.64511
-1.28784
-0.924746
-0.556142
-0.182352
0.196302
0.579499
0.966918
1.35824
1.75313
2.15129
2.55238
2.95609
3.36208
3.77006
4.17968
4.59063
5.0026
5.41525
)
;
    }
    procBoundary2to8
    {
        type            processor;
        value           nonuniform List<scalar> 
85
(
-14.6293
-14.6293
-14.6528
-14.601
-14.601
-14.5764
-14.5764
-14.525
-14.525
-14.4475
-14.2985
-14.2985
-14.172
-14.172
-14.0204
-14.0204
-13.8443
-13.6059
-13.6059
-13.3845
-13.3845
-13.1399
-12.8395
-12.8395
-12.5523
-12.5523
-12.2434
-12.2434
-11.9133
-11.537
-11.537
-11.1684
-11.1684
-10.7801
-10.3522
-10.3522
-9.92842
-9.92842
-9.48664
-9.48664
-9.02756
-8.53766
-8.53766
-8.04741
-8.04741
-7.54153
-7.0107
-7.0107
-6.47688
-6.47688
-5.92912
-5.92912
-5.3682
-4.78988
-4.78988
-4.2056
-4.2056
-3.60992
-3.00165
-3.00165
-2.38596
-2.38596
-1.7606
-1.7606
-1.12634
-0.485461
-0.485461
0.164118
0.164118
0.820872
0.820872
1.48404
2.1488
2.1488
2.82256
2.82256
3.50097
4.17775
4.17775
4.86331
4.86331
5.55174
5.55174
6.24227
6.92706
)
;
    }
    procBoundary2to11
    {
        type            processor;
        value           nonuniform List<scalar> 
36
(
7.20879
7.2171
7.22564
7.2346
7.24397
7.25379
7.26406
7.27477
7.28592
7.29749
7.30945
7.32177
7.33439
7.3473
7.36043
7.37375
7.38721
7.40075
7.41432
7.42786
7.44133
7.45467
7.46783
7.48075
7.4934
7.50572
7.51767
7.52922
7.54034
7.551
7.56117
7.57087
7.58007
7.58879
7.597
7.60475
)
;
    }
}


// ************************************************************************* //
