/*--------------------------------*- C++ -*----------------------------------*\
| =========                 |                                                 |
| \\      /  F ield         | OpenFOAM: The Open Source CFD Toolbox           |
|  \\    /   O peration     | Version:  2512                                  |
|   \\  /    A nd           | Website:  www.openfoam.com                      |
|    \\/     M anipulation  |                                                 |
\*---------------------------------------------------------------------------*/
FoamFile
{
    version     2.0;
    format      ascii;
    arch        "LSB;label=32;scalar=64";
    class       volScalarField;
    location    "0.1";
    object      Ux;
}
// * * * * * * * * * * * * * * * * * * * * * * * * * * * * * * * * * * * * * //

dimensions      [0 1 -1 0 0 0 0];

internalField   nonuniform List<scalar> 
8333
(
0.0277875
0.0277887
0.027791
0.027793
0.0277943
0.0277954
0.0277964
0.0277975
0.0277985
0.0277995
0.0278004
0.0278013
0.0278021
0.0278029
0.0278037
0.0278044
0.0278051
0.0278057
0.0278063
0.0278068
0.0278073
0.0278078
0.0278082
0.0278086
0.0278089
0.0278092
0.0278094
0.0278096
0.0278098
0.0278099
0.02781
0.02781
0.02781
0.02781
0.0278099
0.0278098
0.0278096
0.0278094
0.0278091
0.0278089
0.0278085
0.0278082
0.0278077
0.0278073
0.0278068
0.0278063
0.0278057
0.0278051
0.0278044
0.0278037
0.027803
0.0278022
0.0278014
0.0278006
0.0277997
0.0277987
0.0277978
0.0277968
0.0277957
0.0277946
0.0277935
0.0277923
0.0277911
0.0277899
0.0277886
0.0277873
0.0277859
0.0277845
0.0277831
0.0277816
0.0277801
0.0277786
0.027777
0.0277753
0.0277737
0.027772
0.0277703
0.0277685
0.0277667
0.0277648
0.0277629
0.027761
0.0277591
0.0277571
0.027755
0.027753
0.0277509
0.0277487
0.0277465
0.0277443
0.0277421
0.0277398
0.0277375
0.0277351
0.0277327
0.0277303
0.0277279
0.0277254
0.0277228
0.0277203
0.0277177
0.027715
0.0277124
0.0277097
0.0277069
0.0277042
0.0277014
0.0276985
0.0276956
0.0276927
0.0276898
0.0276868
0.0276838
0.0276808
0.0276777
0.0276746
0.0276715
0.0276683
0.0276651
0.0276619
0.0276586
0.0276553
0.027652
0.0276486
0.0276452
0.0276418
0.0276384
0.0276349
0.0276314
0.0276278
0.0276242
0.0276206
0.027617
0.0276134
0.0276097
0.027606
0.0276022
0.0275985
0.0275947
0.0275909
0.0275871
0.0275833
0.0275795
0.0275757
0.0275719
0.0275686
0.0275643
0.0275632
0.0275583
0.0511076
0.0511045
0.0511027
0.0511015
0.0510998
0.0510977
0.0510954
0.0510932
0.0510909
0.0510886
0.0510862
0.0510838
0.0510814
0.0510789
0.0510763
0.0510738
0.0510711
0.0510685
0.0510658
0.051063
0.0510602
0.0510574
0.0510545
0.0510516
0.0510486
0.0510456
0.0510426
0.0510395
0.0510364
0.0510332
0.05103
0.0510268
0.0510235
0.0510201
0.0510168
0.0510133
0.0510099
0.0510064
0.0510028
0.0509993
0.0509956
0.050992
0.0509883
0.0509845
0.0509807
0.0509769
0.0509731
0.0509692
0.0509652
0.0509612
0.0509572
0.0509531
0.050949
0.0509449
0.0509407
0.0509365
0.0509322
0.0509279
0.0509236
0.0509192
0.0509148
0.0509104
0.0509059
0.0509013
0.0508968
0.0508922
0.0508875
0.0508828
0.0508781
0.0508733
0.0508685
0.0508637
0.0508588
0.0508539
0.050849
0.050844
0.050839
0.0508339
0.0508288
0.0508237
0.0508185
0.0508133
0.0508081
0.0508028
0.0507975
0.0507921
0.0507867
0.0507813
0.0507758
0.0507703
0.0507648
0.0507592
0.0507536
0.050748
0.0507423
0.0507366
0.0507308
0.0507251
0.0507193
0.0507134
0.0507075
0.0507016
0.0506957
0.0506897
0.0506836
0.0506776
0.0506715
0.0506654
0.0506592
0.050653
0.0506468
0.0506406
0.0506343
0.050628
0.0506216
0.0506152
0.0506088
0.0506023
0.0505959
0.0505894
0.0505828
0.0505762
0.0505696
0.050563
0.0505563
0.0505496
0.0505429
0.0505361
0.0505293
0.0505225
0.0505157
0.0505088
0.0505019
0.050495
0.050488
0.0504811
0.0504741
0.0504671
0.05046
0.050453
0.0504459
0.0504389
0.0504318
0.0504249
0.0504178
0.0504116
0.0504033
0.0504006
0.0503892
0.0503878
0.0599259
0.0599172
0.0599097
0.059903
0.0598961
0.0598888
0.0598815
0.0598742
0.0598668
0.0598593
0.0598519
0.0598443
0.0598368
0.0598292
0.0598215
0.0598138
0.0598061
0.0597983
0.0597905
0.0597826
0.0597747
0.0597667
0.0597587
0.0597507
0.0597426
0.0597345
0.0597264
0.0597182
0.0597099
0.0597016
0.0596933
0.0596849
0.0596765
0.0596681
0.0596596
0.059651
0.0596425
0.0596339
0.0596252
0.0596165
0.0596078
0.059599
0.0595902
0.0595813
0.0595724
0.0595635
0.0595545
0.0595455
0.0595364
0.0595273
0.0595182
0.059509
0.0594998
0.0594905
0.0594812
0.0594719
0.0594625
0.0594531
0.0594437
0.0594342
0.0594246
0.0594151
0.0594055
0.0593958
0.0593861
0.0593764
0.0593666
0.0593568
0.059347
0.0593371
0.0593272
0.0593173
0.0593073
0.0592972
0.0592872
0.0592771
0.0592669
0.0592568
0.0592466
0.0592363
0.059226
0.0592157
0.0592053
0.0591949
0.0591845
0.059174
0.0591635
0.059153
0.0591424
0.0591318
0.0591212
0.0591105
0.0590998
0.059089
0.0590782
0.0590674
0.0590565
0.0590456
0.0590347
0.0590238
0.0590128
0.0590017
0.0589907
0.0589796
0.0589684
0.0589573
0.0589461
0.0589348
0.0589236
0.0589123
0.0589009
0.0588896
0.0588782
0.0588667
0.0588553
0.0588438
0.0588322
0.0588207
0.0588091
0.0587975
0.0587858
0.0587741
0.0587624
0.0587507
0.0587389
0.0587271
0.0587152
0.0587034
0.0586915
0.0586796
0.0586676
0.0586556
0.0586436
0.0586316
0.0586196
0.0586075
0.0585954
0.0585833
0.0585711
0.058559
0.0585469
0.0585347
0.0585226
0.0585106
0.0584985
0.058487
0.0584743
0.0584651
0.0584503
0.0584422
0.0625729
0.0625618
0.0625515
0.0625421
0.0625327
0.0625229
0.0625131
0.0625033
0.0624934
0.0624835
0.0624735
0.0624635
0.0624535
0.0624434
0.0624332
0.0624231
0.0624128
0.0624026
0.0623923
0.0623819
0.0623715
0.0623611
0.0623506
0.0623401
0.0623296
0.062319
0.0623083
0.0622976
0.0622869
0.0622761
0.0622653
0.0622545
0.0622436
0.0622326
0.0622217
0.0622107
0.0621996
0.0621885
0.0621774
0.0621662
0.062155
0.0621437
0.0621324
0.0621211
0.0621097
0.0620983
0.0620868
0.0620753
0.0620638
0.0620522
0.0620406
0.0620289
0.0620172
0.0620055
0.0619937
0.0619819
0.06197
0.0619581
0.0619462
0.0619342
0.0619222
0.0619102
0.0618981
0.0618859
0.0618738
0.0618616
0.0618493
0.0618371
0.0618247
0.0618124
0.0618
0.0617875
0.0617751
0.0617626
0.06175
0.0617374
0.0617248
0.0617122
0.0616995
0.0616867
0.061674
0.0616612
0.0616483
0.0616355
0.0616225
0.0616096
0.0615966
0.0615836
0.0615705
0.0615574
0.0615443
0.0615312
0.061518
0.0615047
0.0614914
0.0614781
0.0614648
0.0614514
0.061438
0.0614246
0.0614111
0.0613976
0.061384
0.0613705
0.0613568
0.0613432
0.0613295
0.0613158
0.061302
0.0612883
0.0612745
0.0612606
0.0612467
0.0612328
0.0612189
0.0612049
0.0611909
0.0611768
0.0611628
0.0611487
0.0611345
0.0611204
0.0611062
0.0610919
0.0610777
0.0610634
0.0610491
0.0610348
0.0610204
0.061006
0.0609916
0.0609771
0.0609626
0.0609481
0.0609336
0.060919
0.0609045
0.0608899
0.0608753
0.0608607
0.0608461
0.0608315
0.0608169
0.0608023
0.0607879
0.0607735
0.060759
0.0607457
0.0607303
0.0607175
0.0607011
0.0632245
0.0632125
0.0632014
0.0631913
0.063181
0.0631704
0.0631598
0.0631492
0.0631385
0.0631278
0.063117
0.0631062
0.0630954
0.0630845
0.0630735
0.0630626
0.0630515
0.0630405
0.0630294
0.0630182
0.063007
0.0629958
0.0629845
0.0629732
0.0629619
0.0629505
0.062939
0.0629276
0.062916
0.0629045
0.0628929
0.0628812
0.0628695
0.0628578
0.062846
0.0628342
0.0628224
0.0628105
0.0627985
0.0627866
0.0627746
0.0627625
0.0627504
0.0627383
0.0627261
0.0627139
0.0627016
0.0626893
0.062677
0.0626646
0.0626522
0.0626397
0.0626272
0.0626147
0.0626021
0.0625895
0.0625769
0.0625642
0.0625514
0.0625387
0.0625259
0.062513
0.0625001
0.0624872
0.0624743
0.0624613
0.0624482
0.0624351
0.062422
0.0624089
0.0623957
0.0623825
0.0623692
0.0623559
0.0623425
0.0623292
0.0623158
0.0623023
0.0622888
0.0622753
0.0622617
0.0622481
0.0622345
0.0622208
0.0622071
0.0621934
0.0621796
0.0621658
0.0621519
0.062138
0.0621241
0.0621101
0.0620961
0.0620821
0.062068
0.0620539
0.0620398
0.0620256
0.0620114
0.0619972
0.0619829
0.0619686
0.0619543
0.0619399
0.0619255
0.061911
0.0618966
0.0618821
0.0618675
0.0618529
0.0618383
0.0618237
0.061809
0.0617943
0.0617796
0.0617648
0.06175
0.0617351
0.0617203
0.0617054
0.0616905
0.0616755
0.0616605
0.0616455
0.0616304
0.0616154
0.0616002
0.0615851
0.0615699
0.0615547
0.0615395
0.0615243
0.061509
0.0614937
0.0614784
0.061463
0.0614477
0.0614323
0.0614169
0.0614015
0.0613861
0.0613707
0.0613553
0.0613399
0.0613247
0.0613094
0.0612942
0.0612795
0.0612637
0.0612489
0.0612326
0.0612132
0.0633597
0.0633475
0.0633362
0.0633259
0.0633154
0.0633046
0.0632938
0.063283
0.0632721
0.0632612
0.0632502
0.0632392
0.0632282
0.0632171
0.0632059
0.0631948
0.0631836
0.0631723
0.063161
0.0631497
0.0631383
0.0631268
0.0631154
0.0631039
0.0630923
0.0630807
0.0630691
0.0630574
0.0630457
0.0630339
0.0630221
0.0630103
0.0629984
0.0629865
0.0629745
0.0629625
0.0629505
0.0629384
0.0629262
0.0629141
0.0629019
0.0628896
0.0628773
0.062865
0.0628526
0.0628402
0.0628277
0.0628153
0.0628027
0.0627902
0.0627775
0.0627649
0.0627522
0.0627395
0.0627267
0.0627139
0.062701
0.0626882
0.0626752
0.0626623
0.0626493
0.0626362
0.0626231
0.06261
0.0625969
0.0625837
0.0625704
0.0625572
0.0625438
0.0625305
0.0625171
0.0625037
0.0624902
0.0624767
0.0624632
0.0624496
0.062436
0.0624224
0.0624087
0.0623949
0.0623812
0.0623674
0.0623536
0.0623397
0.0623258
0.0623118
0.0622979
0.0622839
0.0622698
0.0622557
0.0622416
0.0622275
0.0622133
0.062199
0.0621848
0.0621705
0.0621561
0.0621418
0.0621274
0.0621129
0.0620985
0.062084
0.0620694
0.0620549
0.0620403
0.0620256
0.0620109
0.0619962
0.0619815
0.0619667
0.0619519
0.0619371
0.0619222
0.0619073
0.0618924
0.0618774
0.0618624
0.0618474
0.0618323
0.0618172
0.0618021
0.0617869
0.0617717
0.0617565
0.0617413
0.061726
0.0617107
0.0616954
0.06168
0.0616646
0.0616492
0.0616338
0.0616183
0.0616028
0.0615873
0.0615717
0.0615562
0.0615406
0.061525
0.0615094
0.0614938
0.0614782
0.0614626
0.061447
0.0614315
0.061416
0.0614005
0.0613853
0.0613694
0.0613539
0.0613372
0.0613191
0.0612991
0.0633838
0.0633716
0.0633602
0.06335
0.0633395
0.0633286
0.0633177
0.0633068
0.0632959
0.063285
0.063274
0.0632629
0.0632518
0.0632407
0.0632295
0.0632183
0.0632071
0.0631958
0.0631844
0.0631731
0.0631616
0.0631502
0.0631387
0.0631271
0.0631155
0.0631039
0.0630922
0.0630805
0.0630687
0.0630569
0.0630451
0.0630332
0.0630213
0.0630093
0.0629973
0.0629853
0.0629732
0.0629611
0.0629489
0.0629367
0.0629244
0.0629121
0.0628998
0.0628874
0.062875
0.0628626
0.0628501
0.0628375
0.062825
0.0628124
0.0627997
0.062787
0.0627743
0.0627615
0.0627487
0.0627359
0.062723
0.06271
0.0626971
0.0626841
0.062671
0.0626579
0.0626448
0.0626317
0.0626185
0.0626052
0.062592
0.0625786
0.0625653
0.0625519
0.0625385
0.062525
0.0625115
0.062498
0.0624844
0.0624708
0.0624571
0.0624435
0.0624297
0.062416
0.0624022
0.0623883
0.0623745
0.0623606
0.0623466
0.0623326
0.0623186
0.0623046
0.0622905
0.0622764
0.0622622
0.062248
0.0622338
0.0622195
0.0622052
0.0621909
0.0621765
0.0621621
0.0621477
0.0621332
0.0621187
0.0621041
0.0620895
0.0620749
0.0620603
0.0620456
0.0620309
0.0620162
0.0620014
0.0619866
0.0619717
0.0619568
0.0619419
0.061927
0.061912
0.061897
0.061882
0.0618669
0.0618518
0.0618367
0.0618215
0.0618063
0.0617911
0.0617758
0.0617605
0.0617452
0.0617299
0.0617145
0.0616991
0.0616837
0.0616682
0.0616527
0.0616372
0.0616217
0.0616061
0.0615905
0.0615749
0.0615593
0.0615437
0.061528
0.0615124
0.0614967
0.0614811
0.0614654
0.0614499
0.0614342
0.0614187
0.0614032
0.0613873
0.0613713
0.0613549
0.0613369
0.0613191
0.0633876
0.0633753
0.063364
0.0633538
0.0633432
0.0633323
0.0633214
0.0633106
0.0632997
0.0632887
0.0632777
0.0632666
0.0632555
0.0632444
0.0632332
0.063222
0.0632107
0.0631994
0.0631881
0.0631767
0.0631653
0.0631538
0.0631423
0.0631307
0.0631191
0.0631075
0.0630958
0.0630841
0.0630723
0.0630605
0.0630487
0.0630368
0.0630249
0.0630129
0.0630009
0.0629888
0.0629767
0.0629646
0.0629524
0.0629402
0.0629279
0.0629156
0.0629033
0.0628909
0.0628785
0.062866
0.0628535
0.062841
0.0628284
0.0628158
0.0628032
0.0627905
0.0627777
0.0627649
0.0627521
0.0627393
0.0627264
0.0627134
0.0627005
0.0626875
0.0626744
0.0626613
0.0626482
0.062635
0.0626218
0.0626086
0.0625953
0.062582
0.0625686
0.0625552
0.0625418
0.0625283
0.0625148
0.0625013
0.0624877
0.0624741
0.0624604
0.0624467
0.062433
0.0624192
0.0624054
0.0623916
0.0623777
0.0623638
0.0623498
0.0623358
0.0623218
0.0623078
0.0622937
0.0622795
0.0622654
0.0622512
0.0622369
0.0622227
0.0622084
0.062194
0.0621796
0.0621652
0.0621508
0.0621363
0.0621218
0.0621072
0.0620926
0.062078
0.0620634
0.0620487
0.062034
0.0620192
0.0620044
0.0619896
0.0619748
0.0619599
0.061945
0.06193
0.061915
0.0619
0.061885
0.0618699
0.0618548
0.0618396
0.0618245
0.0618093
0.061794
0.0617788
0.0617635
0.0617482
0.0617328
0.0617174
0.061702
0.0616866
0.0616711
0.0616556
0.0616401
0.0616246
0.061609
0.0615934
0.0615778
0.0615622
0.0615465
0.0615308
0.0615152
0.0614995
0.0614838
0.0614681
0.0614525
0.0614369
0.0614212
0.0614056
0.0613896
0.0613735
0.0613571
0.0613394
0.0613222
0.061304
0.0633881
0.0633758
0.0633645
0.0633543
0.0633438
0.0633329
0.063322
0.0633111
0.0633002
0.0632892
0.0632782
0.0632672
0.0632561
0.0632449
0.0632337
0.0632225
0.0632113
0.0632
0.0631886
0.0631772
0.0631658
0.0631543
0.0631428
0.0631312
0.0631196
0.063108
0.0630963
0.0630846
0.0630728
0.063061
0.0630492
0.0630373
0.0630254
0.0630134
0.0630014
0.0629893
0.0629772
0.0629651
0.0629529
0.0629407
0.0629284
0.0629161
0.0629038
0.0628914
0.062879
0.0628665
0.062854
0.0628415
0.0628289
0.0628163
0.0628036
0.0627909
0.0627782
0.0627654
0.0627526
0.0627397
0.0627268
0.0627139
0.0627009
0.0626879
0.0626749
0.0626618
0.0626487
0.0626355
0.0626223
0.062609
0.0625958
0.0625824
0.0625691
0.0625557
0.0625423
0.0625288
0.0625153
0.0625017
0.0624881
0.0624745
0.0624609
0.0624472
0.0624334
0.0624197
0.0624059
0.062392
0.0623781
0.0623642
0.0623503
0.0623363
0.0623223
0.0623082
0.0622941
0.06228
0.0622658
0.0622516
0.0622374
0.0622231
0.0622088
0.0621944
0.0621801
0.0621657
0.0621512
0.0621367
0.0621222
0.0621077
0.0620931
0.0620784
0.0620638
0.0620491
0.0620344
0.0620196
0.0620048
0.06199
0.0619752
0.0619603
0.0619454
0.0619304
0.0619154
0.0619004
0.0618854
0.0618703
0.0618552
0.06184
0.0618249
0.0618097
0.0617944
0.0617792
0.0617639
0.0617485
0.0617332
0.0617178
0.0617024
0.061687
0.0616715
0.061656
0.0616405
0.0616249
0.0616094
0.0615938
0.0615782
0.0615625
0.0615469
0.0615312
0.0615155
0.0614998
0.0614842
0.0614684
0.0614528
0.0614371
0.0614214
0.0614056
0.0613896
0.0613733
0.0613569
0.0613395
0.0613221
0.0613049
0.061286
0.0633881
0.0633759
0.0633646
0.0633544
0.0633439
0.063333
0.0633221
0.0633112
0.0633003
0.0632893
0.0632783
0.0632672
0.0632561
0.063245
0.0632338
0.0632226
0.0632113
0.0632
0.0631887
0.0631773
0.0631659
0.0631544
0.0631429
0.0631313
0.0631197
0.0631081
0.0630964
0.0630847
0.0630729
0.0630611
0.0630492
0.0630373
0.0630254
0.0630134
0.0630014
0.0629894
0.0629773
0.0629651
0.062953
0.0629407
0.0629285
0.0629162
0.0629039
0.0628915
0.0628791
0.0628666
0.0628541
0.0628416
0.062829
0.0628164
0.0628037
0.062791
0.0627783
0.0627655
0.0627527
0.0627398
0.0627269
0.062714
0.062701
0.062688
0.0626749
0.0626618
0.0626487
0.0626355
0.0626223
0.0626091
0.0625958
0.0625825
0.0625691
0.0625557
0.0625423
0.0625288
0.0625153
0.0625018
0.0624882
0.0624746
0.0624609
0.0624472
0.0624335
0.0624197
0.0624059
0.0623921
0.0623782
0.0623643
0.0623503
0.0623363
0.0623223
0.0623083
0.0622942
0.06228
0.0622659
0.0622517
0.0622374
0.0622232
0.0622088
0.0621945
0.0621801
0.0621657
0.0621513
0.0621368
0.0621223
0.0621077
0.0620931
0.0620785
0.0620638
0.0620492
0.0620344
0.0620197
0.0620049
0.0619901
0.0619752
0.0619603
0.0619454
0.0619305
0.0619155
0.0619005
0.0618854
0.0618703
0.0618552
0.0618401
0.0618249
0.0618097
0.0617945
0.0617792
0.0617639
0.0617486
0.0617332
0.0617179
0.0617025
0.061687
0.0616715
0.061656
0.0616405
0.061625
0.0616094
0.0615938
0.0615782
0.0615626
0.0615469
0.0615312
0.0615155
0.0614998
0.0614841
0.0614684
0.0614527
0.0614369
0.0614212
0.0614053
0.0613893
0.0613729
0.0613565
0.0613392
0.0613218
0.0613044
0.0612867
0.061267
0.0633881
0.0633759
0.0633646
0.0633544
0.0633439
0.063333
0.0633221
0.0633112
0.0633003
0.0632893
0.0632783
0.0632672
0.0632562
0.063245
0.0632338
0.0632226
0.0632113
0.0632
0.0631887
0.0631773
0.0631659
0.0631544
0.0631429
0.0631313
0.0631197
0.0631081
0.0630964
0.0630847
0.0630729
0.0630611
0.0630493
0.0630374
0.0630254
0.0630135
0.0630014
0.0629894
0.0629773
0.0629652
0.062953
0.0629408
0.0629285
0.0629162
0.0629039
0.0628915
0.0628791
0.0628666
0.0628541
0.0628416
0.062829
0.0628164
0.0628037
0.062791
0.0627783
0.0627655
0.0627527
0.0627398
0.0627269
0.062714
0.062701
0.062688
0.0626749
0.0626619
0.0626487
0.0626356
0.0626224
0.0626091
0.0625958
0.0625825
0.0625692
0.0625558
0.0625423
0.0625289
0.0625153
0.0625018
0.0624882
0.0624746
0.0624609
0.0624472
0.0624335
0.0624197
0.0624059
0.0623921
0.0623782
0.0623643
0.0623503
0.0623364
0.0623223
0.0623083
0.0622942
0.06228
0.0622659
0.0622517
0.0622374
0.0622232
0.0622089
0.0621945
0.0621801
0.0621657
0.0621513
0.0621368
0.0621223
0.0621077
0.0620931
0.0620785
0.0620639
0.0620492
0.0620345
0.0620197
0.0620049
0.0619901
0.0619752
0.0619603
0.0619454
0.0619305
0.0619155
0.0619005
0.0618854
0.0618704
0.0618552
0.0618401
0.0618249
0.0618097
0.0617945
0.0617792
0.0617639
0.0617486
0.0617332
0.0617179
0.0617025
0.061687
0.0616715
0.061656
0.0616405
0.061625
0.0616094
0.0615938
0.0615782
0.0615625
0.0615469
0.0615312
0.0615155
0.0614998
0.0614841
0.0614683
0.0614526
0.0614368
0.0614209
0.061405
0.0613889
0.0613725
0.061356
0.061339
0.0613215
0.0613044
0.0612867
0.0612692
0.0633881
0.0633759
0.0633646
0.0633544
0.0633439
0.063333
0.0633221
0.0633112
0.0633003
0.0632893
0.0632783
0.0632673
0.0632562
0.063245
0.0632338
0.0632226
0.0632114
0.0632001
0.0631887
0.0631773
0.0631659
0.0631544
0.0631429
0.0631313
0.0631197
0.0631081
0.0630964
0.0630847
0.0630729
0.0630611
0.0630493
0.0630374
0.0630254
0.0630135
0.0630014
0.0629894
0.0629773
0.0629652
0.062953
0.0629408
0.0629285
0.0629162
0.0629039
0.0628915
0.0628791
0.0628666
0.0628541
0.0628416
0.062829
0.0628164
0.0628037
0.062791
0.0627783
0.0627655
0.0627527
0.0627398
0.0627269
0.062714
0.062701
0.062688
0.062675
0.0626619
0.0626487
0.0626356
0.0626224
0.0626091
0.0625958
0.0625825
0.0625692
0.0625558
0.0625423
0.0625289
0.0625153
0.0625018
0.0624882
0.0624746
0.0624609
0.0624472
0.0624335
0.0624197
0.0624059
0.0623921
0.0623782
0.0623643
0.0623503
0.0623364
0.0623223
0.0623083
0.0622942
0.06228
0.0622659
0.0622517
0.0622374
0.0622232
0.0622089
0.0621945
0.0621801
0.0621657
0.0621513
0.0621368
0.0621223
0.0621077
0.0620931
0.0620785
0.0620639
0.0620492
0.0620345
0.0620197
0.0620049
0.0619901
0.0619752
0.0619604
0.0619454
0.0619305
0.0619155
0.0619005
0.0618854
0.0618704
0.0618552
0.0618401
0.0618249
0.0618097
0.0617945
0.0617792
0.0617639
0.0617486
0.0617332
0.0617179
0.0617025
0.061687
0.0616715
0.061656
0.0616405
0.061625
0.0616094
0.0615938
0.0615782
0.0615625
0.0615469
0.0615312
0.0615155
0.0614997
0.061484
0.0614682
0.0614524
0.0614366
0.0614207
0.0614048
0.0613886
0.0613722
0.0613556
0.0613387
0.0613213
0.0613042
0.0612867
0.0612697
0.0612517
0.0633881
0.0633759
0.0633646
0.0633544
0.0633439
0.063333
0.0633221
0.0633112
0.0633003
0.0632893
0.0632783
0.0632673
0.0632562
0.063245
0.0632339
0.0632226
0.0632114
0.0632001
0.0631887
0.0631773
0.0631659
0.0631544
0.0631429
0.0631313
0.0631197
0.0631081
0.0630964
0.0630847
0.0630729
0.0630611
0.0630493
0.0630374
0.0630254
0.0630135
0.0630015
0.0629894
0.0629773
0.0629652
0.062953
0.0629408
0.0629285
0.0629162
0.0629039
0.0628915
0.0628791
0.0628666
0.0628541
0.0628416
0.062829
0.0628164
0.0628037
0.062791
0.0627783
0.0627655
0.0627527
0.0627398
0.0627269
0.062714
0.062701
0.062688
0.062675
0.0626619
0.0626487
0.0626356
0.0626224
0.0626091
0.0625958
0.0625825
0.0625692
0.0625558
0.0625423
0.0625289
0.0625154
0.0625018
0.0624882
0.0624746
0.0624609
0.0624472
0.0624335
0.0624197
0.0624059
0.0623921
0.0623782
0.0623643
0.0623504
0.0623364
0.0623223
0.0623083
0.0622942
0.0622801
0.0622659
0.0622517
0.0622374
0.0622232
0.0622089
0.0621945
0.0621801
0.0621657
0.0621513
0.0621368
0.0621223
0.0621077
0.0620931
0.0620785
0.0620639
0.0620492
0.0620345
0.0620197
0.0620049
0.0619901
0.0619752
0.0619604
0.0619454
0.0619305
0.0619155
0.0619005
0.0618854
0.0618704
0.0618552
0.0618401
0.0618249
0.0618097
0.0617945
0.0617792
0.0617639
0.0617486
0.0617332
0.0617179
0.0617024
0.061687
0.0616715
0.061656
0.0616405
0.061625
0.0616094
0.0615938
0.0615782
0.0615625
0.0615468
0.0615311
0.0615154
0.0614997
0.0614839
0.0614681
0.0614523
0.0614364
0.0614205
0.0614045
0.0613883
0.0613719
0.0613553
0.0613384
0.0613211
0.061304
0.0612867
0.0612693
0.0612522
0.0612325
0.0633881
0.0633759
0.0633646
0.0633544
0.063344
0.063333
0.0633221
0.0633112
0.0633003
0.0632893
0.0632783
0.0632673
0.0632562
0.063245
0.0632339
0.0632226
0.0632114
0.0632001
0.0631887
0.0631773
0.0631659
0.0631544
0.0631429
0.0631313
0.0631197
0.0631081
0.0630964
0.0630847
0.0630729
0.0630611
0.0630493
0.0630374
0.0630254
0.0630135
0.0630015
0.0629894
0.0629773
0.0629652
0.062953
0.0629408
0.0629285
0.0629162
0.0629039
0.0628915
0.0628791
0.0628666
0.0628541
0.0628416
0.062829
0.0628164
0.0628037
0.062791
0.0627783
0.0627655
0.0627527
0.0627398
0.0627269
0.062714
0.062701
0.062688
0.062675
0.0626619
0.0626487
0.0626356
0.0626224
0.0626091
0.0625958
0.0625825
0.0625692
0.0625558
0.0625423
0.0625289
0.0625154
0.0625018
0.0624882
0.0624746
0.0624609
0.0624473
0.0624335
0.0624197
0.0624059
0.0623921
0.0623782
0.0623643
0.0623504
0.0623364
0.0623223
0.0623083
0.0622942
0.0622801
0.0622659
0.0622517
0.0622374
0.0622232
0.0622089
0.0621945
0.0621801
0.0621657
0.0621513
0.0621368
0.0621223
0.0621077
0.0620931
0.0620785
0.0620639
0.0620492
0.0620345
0.0620197
0.0620049
0.0619901
0.0619752
0.0619604
0.0619454
0.0619305
0.0619155
0.0619005
0.0618854
0.0618704
0.0618552
0.0618401
0.0618249
0.0618097
0.0617945
0.0617792
0.0617639
0.0617486
0.0617332
0.0617179
0.0617024
0.061687
0.0616715
0.061656
0.0616405
0.061625
0.0616094
0.0615938
0.0615781
0.0615625
0.0615468
0.0615311
0.0615154
0.0614996
0.0614838
0.061468
0.0614522
0.0614363
0.0614203
0.0614042
0.061388
0.0613716
0.061355
0.0613381
0.0613209
0.0613039
0.0612865
0.0612693
0.0612521
0.0612348
0.0633881
0.0633759
0.0633646
0.0633545
0.063344
0.063333
0.0633221
0.0633112
0.0633003
0.0632894
0.0632783
0.0632673
0.0632562
0.063245
0.0632339
0.0632226
0.0632114
0.0632001
0.0631887
0.0631773
0.0631659
0.0631544
0.0631429
0.0631313
0.0631197
0.0631081
0.0630964
0.0630847
0.0630729
0.0630611
0.0630493
0.0630374
0.0630255
0.0630135
0.0630015
0.0629894
0.0629773
0.0629652
0.062953
0.0629408
0.0629285
0.0629162
0.0629039
0.0628915
0.0628791
0.0628666
0.0628541
0.0628416
0.062829
0.0628164
0.0628037
0.062791
0.0627783
0.0627655
0.0627527
0.0627398
0.0627269
0.062714
0.062701
0.062688
0.062675
0.0626619
0.0626487
0.0626356
0.0626224
0.0626091
0.0625958
0.0625825
0.0625692
0.0625558
0.0625423
0.0625289
0.0625154
0.0625018
0.0624882
0.0624746
0.0624609
0.0624473
0.0624335
0.0624198
0.0624059
0.0623921
0.0623782
0.0623643
0.0623504
0.0623364
0.0623223
0.0623083
0.0622942
0.0622801
0.0622659
0.0622517
0.0622375
0.0622232
0.0622089
0.0621945
0.0621801
0.0621657
0.0621513
0.0621368
0.0621223
0.0621077
0.0620931
0.0620785
0.0620639
0.0620492
0.0620345
0.0620197
0.0620049
0.0619901
0.0619752
0.0619604
0.0619454
0.0619305
0.0619155
0.0619005
0.0618854
0.0618704
0.0618552
0.0618401
0.0618249
0.0618097
0.0617945
0.0617792
0.0617639
0.0617486
0.0617332
0.0617179
0.0617024
0.061687
0.0616715
0.061656
0.0616405
0.0616249
0.0616094
0.0615938
0.0615781
0.0615625
0.0615468
0.0615311
0.0615153
0.0614996
0.0614838
0.0614679
0.0614521
0.0614361
0.0614201
0.061404
0.0613878
0.0613713
0.0613547
0.0613379
0.0613207
0.0613037
0.0612864
0.0612692
0.061252
0.0612352
0.061217
0.0633881
0.0633759
0.0633646
0.0633545
0.063344
0.0633331
0.0633221
0.0633113
0.0633003
0.0632894
0.0632783
0.0632673
0.0632562
0.0632451
0.0632339
0.0632227
0.0632114
0.0632001
0.0631887
0.0631773
0.0631659
0.0631544
0.0631429
0.0631314
0.0631198
0.0631081
0.0630964
0.0630847
0.0630729
0.0630611
0.0630493
0.0630374
0.0630255
0.0630135
0.0630015
0.0629894
0.0629773
0.0629652
0.062953
0.0629408
0.0629285
0.0629162
0.0629039
0.0628915
0.0628791
0.0628666
0.0628541
0.0628416
0.062829
0.0628164
0.0628037
0.062791
0.0627783
0.0627655
0.0627527
0.0627398
0.0627269
0.062714
0.062701
0.062688
0.062675
0.0626619
0.0626488
0.0626356
0.0626224
0.0626091
0.0625959
0.0625825
0.0625692
0.0625558
0.0625423
0.0625289
0.0625154
0.0625018
0.0624882
0.0624746
0.062461
0.0624473
0.0624335
0.0624198
0.062406
0.0623921
0.0623782
0.0623643
0.0623504
0.0623364
0.0623224
0.0623083
0.0622942
0.0622801
0.0622659
0.0622517
0.0622375
0.0622232
0.0622089
0.0621945
0.0621801
0.0621657
0.0621513
0.0621368
0.0621223
0.0621077
0.0620931
0.0620785
0.0620639
0.0620492
0.0620345
0.0620197
0.0620049
0.0619901
0.0619752
0.0619604
0.0619454
0.0619305
0.0619155
0.0619005
0.0618854
0.0618704
0.0618552
0.0618401
0.0618249
0.0618097
0.0617945
0.0617792
0.0617639
0.0617486
0.0617332
0.0617179
0.0617024
0.061687
0.0616715
0.061656
0.0616405
0.0616249
0.0616093
0.0615937
0.0615781
0.0615624
0.0615467
0.061531
0.0615153
0.0614995
0.0614837
0.0614678
0.0614519
0.061436
0.0614199
0.0614038
0.0613875
0.0613711
0.0613544
0.0613376
0.0613205
0.0613035
0.0612863
0.0612691
0.0612519
0.0612349
0.0612177
0.061199
0.0633881
0.0633759
0.0633646
0.0633545
0.063344
0.0633331
0.0633221
0.0633113
0.0633003
0.0632894
0.0632784
0.0632673
0.0632562
0.0632451
0.0632339
0.0632227
0.0632114
0.0632001
0.0631887
0.0631773
0.0631659
0.0631544
0.0631429
0.0631314
0.0631198
0.0631081
0.0630964
0.0630847
0.0630729
0.0630611
0.0630493
0.0630374
0.0630255
0.0630135
0.0630015
0.0629894
0.0629773
0.0629652
0.062953
0.0629408
0.0629285
0.0629162
0.0629039
0.0628915
0.0628791
0.0628666
0.0628541
0.0628416
0.062829
0.0628164
0.0628037
0.062791
0.0627783
0.0627655
0.0627527
0.0627398
0.0627269
0.062714
0.062701
0.062688
0.062675
0.0626619
0.0626488
0.0626356
0.0626224
0.0626091
0.0625959
0.0625825
0.0625692
0.0625558
0.0625423
0.0625289
0.0625154
0.0625018
0.0624882
0.0624746
0.062461
0.0624473
0.0624335
0.0624198
0.062406
0.0623921
0.0623782
0.0623643
0.0623504
0.0623364
0.0623224
0.0623083
0.0622942
0.0622801
0.0622659
0.0622517
0.0622375
0.0622232
0.0622089
0.0621945
0.0621802
0.0621657
0.0621513
0.0621368
0.0621223
0.0621077
0.0620932
0.0620785
0.0620639
0.0620492
0.0620345
0.0620197
0.0620049
0.0619901
0.0619753
0.0619604
0.0619454
0.0619305
0.0619155
0.0619005
0.0618854
0.0618704
0.0618552
0.0618401
0.0618249
0.0618097
0.0617945
0.0617792
0.0617639
0.0617486
0.0617332
0.0617178
0.0617024
0.061687
0.0616715
0.061656
0.0616405
0.0616249
0.0616093
0.0615937
0.0615781
0.0615624
0.0615467
0.061531
0.0615152
0.0614994
0.0614836
0.0614677
0.0614518
0.0614358
0.0614198
0.0614036
0.0613873
0.0613708
0.0613542
0.0613374
0.0613204
0.0613034
0.0612862
0.061269
0.0612519
0.0612347
0.0612173
0.0611997
0.06118
0.0633881
0.0633759
0.0633646
0.0633545
0.063344
0.0633331
0.0633221
0.0633113
0.0633004
0.0632894
0.0632784
0.0632673
0.0632562
0.0632451
0.0632339
0.0632227
0.0632114
0.0632001
0.0631887
0.0631774
0.0631659
0.0631544
0.0631429
0.0631314
0.0631198
0.0631081
0.0630964
0.0630847
0.0630729
0.0630611
0.0630493
0.0630374
0.0630255
0.0630135
0.0630015
0.0629894
0.0629773
0.0629652
0.062953
0.0629408
0.0629285
0.0629162
0.0629039
0.0628915
0.0628791
0.0628666
0.0628541
0.0628416
0.062829
0.0628164
0.0628037
0.062791
0.0627783
0.0627655
0.0627527
0.0627398
0.062727
0.062714
0.062701
0.062688
0.062675
0.0626619
0.0626488
0.0626356
0.0626224
0.0626091
0.0625959
0.0625825
0.0625692
0.0625558
0.0625424
0.0625289
0.0625154
0.0625018
0.0624882
0.0624746
0.062461
0.0624473
0.0624335
0.0624198
0.062406
0.0623921
0.0623782
0.0623643
0.0623504
0.0623364
0.0623224
0.0623083
0.0622942
0.0622801
0.0622659
0.0622517
0.0622375
0.0622232
0.0622089
0.0621945
0.0621802
0.0621657
0.0621513
0.0621368
0.0621223
0.0621077
0.0620932
0.0620785
0.0620639
0.0620492
0.0620345
0.0620197
0.0620049
0.0619901
0.0619753
0.0619604
0.0619454
0.0619305
0.0619155
0.0619005
0.0618854
0.0618704
0.0618552
0.0618401
0.0618249
0.0618097
0.0617945
0.0617792
0.0617639
0.0617486
0.0617332
0.0617178
0.0617024
0.061687
0.0616715
0.061656
0.0616405
0.0616249
0.0616093
0.0615937
0.0615781
0.0615624
0.0615467
0.0615309
0.0615152
0.0614994
0.0614835
0.0614677
0.0614517
0.0614357
0.0614196
0.0614034
0.0613871
0.0613706
0.061354
0.0613372
0.0613202
0.0613032
0.0612861
0.0612689
0.0612518
0.0612345
0.0612174
0.0611998
0.0611825
0.0633881
0.0633759
0.0633646
0.0633545
0.063344
0.0633331
0.0633222
0.0633113
0.0633004
0.0632894
0.0632784
0.0632673
0.0632562
0.0632451
0.0632339
0.0632227
0.0632114
0.0632001
0.0631887
0.0631774
0.0631659
0.0631544
0.0631429
0.0631314
0.0631198
0.0631081
0.0630964
0.0630847
0.063073
0.0630611
0.0630493
0.0630374
0.0630255
0.0630135
0.0630015
0.0629894
0.0629773
0.0629652
0.062953
0.0629408
0.0629285
0.0629162
0.0629039
0.0628915
0.0628791
0.0628666
0.0628541
0.0628416
0.062829
0.0628164
0.0628037
0.062791
0.0627783
0.0627655
0.0627527
0.0627399
0.062727
0.062714
0.062701
0.062688
0.062675
0.0626619
0.0626488
0.0626356
0.0626224
0.0626091
0.0625959
0.0625825
0.0625692
0.0625558
0.0625424
0.0625289
0.0625154
0.0625018
0.0624882
0.0624746
0.062461
0.0624473
0.0624335
0.0624198
0.062406
0.0623921
0.0623782
0.0623643
0.0623504
0.0623364
0.0623224
0.0623083
0.0622942
0.0622801
0.0622659
0.0622517
0.0622375
0.0622232
0.0622089
0.0621945
0.0621802
0.0621657
0.0621513
0.0621368
0.0621223
0.0621077
0.0620932
0.0620785
0.0620639
0.0620492
0.0620345
0.0620197
0.0620049
0.0619901
0.0619753
0.0619604
0.0619454
0.0619305
0.0619155
0.0619005
0.0618854
0.0618704
0.0618553
0.0618401
0.0618249
0.0618097
0.0617945
0.0617792
0.0617639
0.0617486
0.0617332
0.0617178
0.0617024
0.061687
0.0616715
0.061656
0.0616405
0.0616249
0.0616093
0.0615937
0.061578
0.0615624
0.0615467
0.0615309
0.0615151
0.0614993
0.0614835
0.0614676
0.0614516
0.0614356
0.0614195
0.0614032
0.0613869
0.0613704
0.0613538
0.061337
0.06132
0.0613031
0.061286
0.0612688
0.0612517
0.0612344
0.0612173
0.0611998
0.0611829
0.061165
0.0633881
0.0633759
0.0633646
0.0633545
0.063344
0.0633331
0.0633222
0.0633113
0.0633004
0.0632894
0.0632784
0.0632673
0.0632562
0.0632451
0.0632339
0.0632227
0.0632114
0.0632001
0.0631888
0.0631774
0.0631659
0.0631545
0.0631429
0.0631314
0.0631198
0.0631081
0.0630965
0.0630847
0.063073
0.0630612
0.0630493
0.0630374
0.0630255
0.0630135
0.0630015
0.0629894
0.0629773
0.0629652
0.062953
0.0629408
0.0629285
0.0629162
0.0629039
0.0628915
0.0628791
0.0628666
0.0628541
0.0628416
0.062829
0.0628164
0.0628037
0.062791
0.0627783
0.0627655
0.0627527
0.0627399
0.062727
0.062714
0.0627011
0.062688
0.062675
0.0626619
0.0626488
0.0626356
0.0626224
0.0626092
0.0625959
0.0625826
0.0625692
0.0625558
0.0625424
0.0625289
0.0625154
0.0625018
0.0624883
0.0624746
0.062461
0.0624473
0.0624335
0.0624198
0.062406
0.0623921
0.0623782
0.0623643
0.0623504
0.0623364
0.0623224
0.0623083
0.0622942
0.0622801
0.0622659
0.0622517
0.0622375
0.0622232
0.0622089
0.0621945
0.0621802
0.0621658
0.0621513
0.0621368
0.0621223
0.0621077
0.0620932
0.0620785
0.0620639
0.0620492
0.0620345
0.0620197
0.0620049
0.0619901
0.0619753
0.0619604
0.0619455
0.0619305
0.0619155
0.0619005
0.0618854
0.0618704
0.0618553
0.0618401
0.0618249
0.0618097
0.0617945
0.0617792
0.0617639
0.0617486
0.0617332
0.0617178
0.0617024
0.061687
0.0616715
0.061656
0.0616405
0.0616249
0.0616093
0.0615937
0.061578
0.0615623
0.0615466
0.0615309
0.0615151
0.0614993
0.0614834
0.0614675
0.0614515
0.0614355
0.0614193
0.0614031
0.0613867
0.0613702
0.0613536
0.0613368
0.0613199
0.0613029
0.0612858
0.0612687
0.0612516
0.0612343
0.0612172
0.0611999
0.0611826
0.0611655
0.0611458
0.0633881
0.0633759
0.0633646
0.0633545
0.063344
0.0633331
0.0633222
0.0633113
0.0633004
0.0632894
0.0632784
0.0632673
0.0632562
0.0632451
0.0632339
0.0632227
0.0632114
0.0632001
0.0631888
0.0631774
0.0631659
0.0631545
0.0631429
0.0631314
0.0631198
0.0631081
0.0630965
0.0630847
0.063073
0.0630612
0.0630493
0.0630374
0.0630255
0.0630135
0.0630015
0.0629894
0.0629773
0.0629652
0.062953
0.0629408
0.0629286
0.0629163
0.0629039
0.0628915
0.0628791
0.0628667
0.0628542
0.0628416
0.062829
0.0628164
0.0628038
0.0627911
0.0627783
0.0627655
0.0627527
0.0627399
0.062727
0.062714
0.0627011
0.062688
0.062675
0.0626619
0.0626488
0.0626356
0.0626224
0.0626092
0.0625959
0.0625826
0.0625692
0.0625558
0.0625424
0.0625289
0.0625154
0.0625018
0.0624883
0.0624746
0.062461
0.0624473
0.0624335
0.0624198
0.062406
0.0623921
0.0623783
0.0623643
0.0623504
0.0623364
0.0623224
0.0623083
0.0622942
0.0622801
0.0622659
0.0622517
0.0622375
0.0622232
0.0622089
0.0621945
0.0621802
0.0621658
0.0621513
0.0621368
0.0621223
0.0621078
0.0620932
0.0620785
0.0620639
0.0620492
0.0620345
0.0620197
0.0620049
0.0619901
0.0619753
0.0619604
0.0619455
0.0619305
0.0619155
0.0619005
0.0618854
0.0618704
0.0618553
0.0618401
0.0618249
0.0618097
0.0617945
0.0617792
0.0617639
0.0617486
0.0617332
0.0617178
0.0617024
0.061687
0.0616715
0.061656
0.0616404
0.0616249
0.0616093
0.0615937
0.061578
0.0615623
0.0615466
0.0615308
0.0615151
0.0614992
0.0614833
0.0614674
0.0614514
0.0614354
0.0614192
0.0614029
0.0613866
0.0613701
0.0613534
0.0613367
0.0613198
0.0613028
0.0612857
0.0612686
0.0612515
0.0612342
0.0612171
0.0611998
0.0611826
0.0611654
0.0611483
0.0633881
0.0633759
0.0633647
0.0633545
0.063344
0.0633331
0.0633222
0.0633113
0.0633004
0.0632894
0.0632784
0.0632673
0.0632562
0.0632451
0.0632339
0.0632227
0.0632114
0.0632001
0.0631888
0.0631774
0.0631659
0.0631545
0.063143
0.0631314
0.0631198
0.0631081
0.0630965
0.0630847
0.063073
0.0630612
0.0630493
0.0630374
0.0630255
0.0630135
0.0630015
0.0629894
0.0629773
0.0629652
0.062953
0.0629408
0.0629286
0.0629163
0.0629039
0.0628915
0.0628791
0.0628667
0.0628542
0.0628416
0.062829
0.0628164
0.0628038
0.0627911
0.0627783
0.0627655
0.0627527
0.0627399
0.062727
0.062714
0.0627011
0.062688
0.062675
0.0626619
0.0626488
0.0626356
0.0626224
0.0626092
0.0625959
0.0625826
0.0625692
0.0625558
0.0625424
0.0625289
0.0625154
0.0625018
0.0624883
0.0624746
0.062461
0.0624473
0.0624336
0.0624198
0.062406
0.0623921
0.0623783
0.0623643
0.0623504
0.0623364
0.0623224
0.0623083
0.0622942
0.0622801
0.0622659
0.0622517
0.0622375
0.0622232
0.0622089
0.0621946
0.0621802
0.0621658
0.0621513
0.0621368
0.0621223
0.0621078
0.0620932
0.0620786
0.0620639
0.0620492
0.0620345
0.0620197
0.0620049
0.0619901
0.0619753
0.0619604
0.0619455
0.0619305
0.0619155
0.0619005
0.0618854
0.0618704
0.0618553
0.0618401
0.0618249
0.0618097
0.0617945
0.0617792
0.0617639
0.0617486
0.0617332
0.0617178
0.0617024
0.061687
0.0616715
0.061656
0.0616404
0.0616249
0.0616093
0.0615936
0.061578
0.0615623
0.0615466
0.0615308
0.061515
0.0614992
0.0614833
0.0614673
0.0614513
0.0614353
0.0614191
0.0614028
0.0613864
0.0613699
0.0613533
0.0613365
0.0613196
0.0613026
0.0612856
0.0612685
0.0612514
0.0612342
0.0612171
0.0611998
0.0611826
0.0611654
0.0611486
0.0611305
0.0633881
0.0633759
0.0633647
0.0633545
0.063344
0.0633331
0.0633222
0.0633113
0.0633004
0.0632894
0.0632784
0.0632673
0.0632562
0.0632451
0.0632339
0.0632227
0.0632114
0.0632001
0.0631888
0.0631774
0.063166
0.0631545
0.063143
0.0631314
0.0631198
0.0631082
0.0630965
0.0630847
0.063073
0.0630612
0.0630493
0.0630374
0.0630255
0.0630135
0.0630015
0.0629895
0.0629774
0.0629652
0.062953
0.0629408
0.0629286
0.0629163
0.0629039
0.0628915
0.0628791
0.0628667
0.0628542
0.0628416
0.062829
0.0628164
0.0628038
0.0627911
0.0627783
0.0627655
0.0627527
0.0627399
0.062727
0.062714
0.0627011
0.0626881
0.062675
0.0626619
0.0626488
0.0626356
0.0626224
0.0626092
0.0625959
0.0625826
0.0625692
0.0625558
0.0625424
0.0625289
0.0625154
0.0625018
0.0624883
0.0624746
0.062461
0.0624473
0.0624336
0.0624198
0.062406
0.0623921
0.0623783
0.0623643
0.0623504
0.0623364
0.0623224
0.0623083
0.0622942
0.0622801
0.0622659
0.0622517
0.0622375
0.0622232
0.0622089
0.0621946
0.0621802
0.0621658
0.0621513
0.0621368
0.0621223
0.0621078
0.0620932
0.0620786
0.0620639
0.0620492
0.0620345
0.0620197
0.0620049
0.0619901
0.0619753
0.0619604
0.0619455
0.0619305
0.0619155
0.0619005
0.0618855
0.0618704
0.0618553
0.0618401
0.0618249
0.0618097
0.0617945
0.0617792
0.0617639
0.0617486
0.0617332
0.0617178
0.0617024
0.061687
0.0616715
0.061656
0.0616404
0.0616249
0.0616093
0.0615936
0.061578
0.0615623
0.0615465
0.0615308
0.061515
0.0614991
0.0614832
0.0614673
0.0614513
0.0614352
0.061419
0.0614027
0.0613863
0.0613698
0.0613531
0.0613364
0.0613195
0.0613025
0.0612855
0.0612684
0.0612513
0.0612341
0.061217
0.0611997
0.0611825
0.0611653
0.0611483
0.0611311
0.0611125
0.0633881
0.0633759
0.0633647
0.0633545
0.063344
0.0633331
0.0633222
0.0633113
0.0633004
0.0632894
0.0632784
0.0632674
0.0632563
0.0632451
0.0632339
0.0632227
0.0632114
0.0632001
0.0631888
0.0631774
0.063166
0.0631545
0.063143
0.0631314
0.0631198
0.0631082
0.0630965
0.0630848
0.063073
0.0630612
0.0630493
0.0630374
0.0630255
0.0630135
0.0630015
0.0629895
0.0629774
0.0629652
0.062953
0.0629408
0.0629286
0.0629163
0.0629039
0.0628915
0.0628791
0.0628667
0.0628542
0.0628416
0.062829
0.0628164
0.0628038
0.0627911
0.0627783
0.0627656
0.0627527
0.0627399
0.062727
0.062714
0.0627011
0.0626881
0.062675
0.0626619
0.0626488
0.0626356
0.0626224
0.0626092
0.0625959
0.0625826
0.0625692
0.0625558
0.0625424
0.0625289
0.0625154
0.0625019
0.0624883
0.0624746
0.062461
0.0624473
0.0624336
0.0624198
0.062406
0.0623921
0.0623783
0.0623644
0.0623504
0.0623364
0.0623224
0.0623083
0.0622942
0.0622801
0.0622659
0.0622517
0.0622375
0.0622232
0.0622089
0.0621946
0.0621802
0.0621658
0.0621513
0.0621368
0.0621223
0.0621078
0.0620932
0.0620786
0.0620639
0.0620492
0.0620345
0.0620197
0.0620049
0.0619901
0.0619753
0.0619604
0.0619455
0.0619305
0.0619155
0.0619005
0.0618855
0.0618704
0.0618553
0.0618401
0.0618249
0.0618097
0.0617945
0.0617792
0.0617639
0.0617486
0.0617332
0.0617178
0.0617024
0.0616869
0.0616715
0.061656
0.0616404
0.0616248
0.0616092
0.0615936
0.0615779
0.0615622
0.0615465
0.0615307
0.0615149
0.0614991
0.0614832
0.0614672
0.0614512
0.0614351
0.0614189
0.0614026
0.0613862
0.0613696
0.061353
0.0613362
0.0613194
0.0613024
0.0612854
0.0612683
0.0612512
0.061234
0.0612169
0.0611997
0.0611825
0.0611653
0.0611481
0.0611307
0.061113
0.0610933
0.0633881
0.0633759
0.0633647
0.0633545
0.063344
0.0633331
0.0633222
0.0633113
0.0633004
0.0632894
0.0632784
0.0632674
0.0632563
0.0632451
0.0632339
0.0632227
0.0632114
0.0632001
0.0631888
0.0631774
0.063166
0.0631545
0.063143
0.0631314
0.0631198
0.0631082
0.0630965
0.0630848
0.063073
0.0630612
0.0630493
0.0630374
0.0630255
0.0630135
0.0630015
0.0629895
0.0629774
0.0629652
0.0629531
0.0629408
0.0629286
0.0629163
0.0629039
0.0628916
0.0628791
0.0628667
0.0628542
0.0628416
0.0628291
0.0628164
0.0628038
0.0627911
0.0627783
0.0627656
0.0627527
0.0627399
0.062727
0.0627141
0.0627011
0.0626881
0.062675
0.0626619
0.0626488
0.0626356
0.0626224
0.0626092
0.0625959
0.0625826
0.0625692
0.0625558
0.0625424
0.0625289
0.0625154
0.0625019
0.0624883
0.0624747
0.062461
0.0624473
0.0624336
0.0624198
0.062406
0.0623921
0.0623783
0.0623644
0.0623504
0.0623364
0.0623224
0.0623083
0.0622942
0.0622801
0.0622659
0.0622517
0.0622375
0.0622232
0.0622089
0.0621946
0.0621802
0.0621658
0.0621513
0.0621368
0.0621223
0.0621078
0.0620932
0.0620786
0.0620639
0.0620492
0.0620345
0.0620197
0.062005
0.0619901
0.0619753
0.0619604
0.0619455
0.0619305
0.0619155
0.0619005
0.0618855
0.0618704
0.0618553
0.0618401
0.0618249
0.0618097
0.0617945
0.0617792
0.0617639
0.0617486
0.0617332
0.0617178
0.0617024
0.0616869
0.0616715
0.0616559
0.0616404
0.0616248
0.0616092
0.0615936
0.0615779
0.0615622
0.0615465
0.0615307
0.0615149
0.061499
0.0614831
0.0614672
0.0614511
0.061435
0.0614188
0.0614025
0.0613861
0.0613695
0.0613529
0.0613361
0.0613192
0.0613023
0.0612853
0.0612682
0.0612511
0.0612339
0.0612168
0.0611996
0.0611824
0.0611652
0.0611479
0.0611308
0.0611132
0.0610959
0.0633881
0.0633759
0.0633647
0.0633545
0.063344
0.0633331
0.0633222
0.0633113
0.0633004
0.0632894
0.0632784
0.0632674
0.0632563
0.0632451
0.0632339
0.0632227
0.0632115
0.0632001
0.0631888
0.0631774
0.063166
0.0631545
0.063143
0.0631314
0.0631198
0.0631082
0.0630965
0.0630848
0.063073
0.0630612
0.0630493
0.0630374
0.0630255
0.0630135
0.0630015
0.0629895
0.0629774
0.0629652
0.0629531
0.0629408
0.0629286
0.0629163
0.0629039
0.0628916
0.0628791
0.0628667
0.0628542
0.0628416
0.0628291
0.0628164
0.0628038
0.0627911
0.0627783
0.0627656
0.0627527
0.0627399
0.062727
0.0627141
0.0627011
0.0626881
0.062675
0.0626619
0.0626488
0.0626356
0.0626224
0.0626092
0.0625959
0.0625826
0.0625692
0.0625558
0.0625424
0.0625289
0.0625154
0.0625019
0.0624883
0.0624747
0.062461
0.0624473
0.0624336
0.0624198
0.062406
0.0623922
0.0623783
0.0623644
0.0623504
0.0623364
0.0623224
0.0623083
0.0622942
0.0622801
0.0622659
0.0622517
0.0622375
0.0622232
0.0622089
0.0621946
0.0621802
0.0621658
0.0621513
0.0621368
0.0621223
0.0621078
0.0620932
0.0620786
0.0620639
0.0620492
0.0620345
0.0620197
0.062005
0.0619901
0.0619753
0.0619604
0.0619455
0.0619305
0.0619155
0.0619005
0.0618855
0.0618704
0.0618553
0.0618401
0.0618249
0.0618097
0.0617945
0.0617792
0.0617639
0.0617486
0.0617332
0.0617178
0.0617024
0.0616869
0.0616715
0.0616559
0.0616404
0.0616248
0.0616092
0.0615936
0.0615779
0.0615622
0.0615465
0.0615307
0.0615149
0.061499
0.0614831
0.0614671
0.0614511
0.0614349
0.0614187
0.0614024
0.061386
0.0613694
0.0613527
0.061336
0.0613191
0.0613022
0.0612852
0.0612681
0.061251
0.0612339
0.0612167
0.0611995
0.0611823
0.0611652
0.0611479
0.0611307
0.0611132
0.0610962
0.0610785
0.0633881
0.0633759
0.0633647
0.0633545
0.0633441
0.0633331
0.0633222
0.0633113
0.0633004
0.0632894
0.0632784
0.0632674
0.0632563
0.0632451
0.063234
0.0632227
0.0632115
0.0632002
0.0631888
0.0631774
0.063166
0.0631545
0.063143
0.0631314
0.0631198
0.0631082
0.0630965
0.0630848
0.063073
0.0630612
0.0630493
0.0630375
0.0630255
0.0630135
0.0630015
0.0629895
0.0629774
0.0629652
0.0629531
0.0629408
0.0629286
0.0629163
0.0629039
0.0628916
0.0628791
0.0628667
0.0628542
0.0628416
0.0628291
0.0628164
0.0628038
0.0627911
0.0627783
0.0627656
0.0627527
0.0627399
0.062727
0.0627141
0.0627011
0.0626881
0.062675
0.0626619
0.0626488
0.0626356
0.0626224
0.0626092
0.0625959
0.0625826
0.0625692
0.0625558
0.0625424
0.0625289
0.0625154
0.0625019
0.0624883
0.0624747
0.062461
0.0624473
0.0624336
0.0624198
0.062406
0.0623922
0.0623783
0.0623644
0.0623504
0.0623364
0.0623224
0.0623083
0.0622942
0.0622801
0.0622659
0.0622517
0.0622375
0.0622232
0.0622089
0.0621946
0.0621802
0.0621658
0.0621513
0.0621368
0.0621223
0.0621078
0.0620932
0.0620786
0.0620639
0.0620492
0.0620345
0.0620197
0.062005
0.0619901
0.0619753
0.0619604
0.0619455
0.0619305
0.0619155
0.0619005
0.0618855
0.0618704
0.0618553
0.0618401
0.0618249
0.0618097
0.0617945
0.0617792
0.0617639
0.0617486
0.0617332
0.0617178
0.0617024
0.0616869
0.0616714
0.0616559
0.0616404
0.0616248
0.0616092
0.0615936
0.0615779
0.0615622
0.0615464
0.0615307
0.0615148
0.061499
0.0614831
0.0614671
0.061451
0.0614349
0.0614186
0.0614023
0.0613859
0.0613693
0.0613526
0.0613359
0.061319
0.0613021
0.0612851
0.061268
0.0612509
0.0612338
0.0612167
0.0611995
0.0611823
0.0611651
0.0611478
0.0611306
0.0611133
0.0610959
0.0610788
0.0610589
0.0633881
0.0633759
0.0633647
0.0633545
0.0633441
0.0633331
0.0633222
0.0633113
0.0633004
0.0632894
0.0632784
0.0632674
0.0632563
0.0632451
0.063234
0.0632227
0.0632115
0.0632002
0.0631888
0.0631774
0.063166
0.0631545
0.063143
0.0631314
0.0631198
0.0631082
0.0630965
0.0630848
0.063073
0.0630612
0.0630493
0.0630375
0.0630255
0.0630136
0.0630015
0.0629895
0.0629774
0.0629652
0.0629531
0.0629408
0.0629286
0.0629163
0.062904
0.0628916
0.0628792
0.0628667
0.0628542
0.0628416
0.0628291
0.0628164
0.0628038
0.0627911
0.0627783
0.0627656
0.0627528
0.0627399
0.062727
0.0627141
0.0627011
0.0626881
0.062675
0.0626619
0.0626488
0.0626356
0.0626224
0.0626092
0.0625959
0.0625826
0.0625692
0.0625558
0.0625424
0.0625289
0.0625154
0.0625019
0.0624883
0.0624747
0.062461
0.0624473
0.0624336
0.0624198
0.062406
0.0623922
0.0623783
0.0623644
0.0623504
0.0623364
0.0623224
0.0623083
0.0622942
0.0622801
0.0622659
0.0622517
0.0622375
0.0622232
0.0622089
0.0621946
0.0621802
0.0621658
0.0621513
0.0621369
0.0621223
0.0621078
0.0620932
0.0620786
0.0620639
0.0620492
0.0620345
0.0620198
0.062005
0.0619901
0.0619753
0.0619604
0.0619455
0.0619305
0.0619155
0.0619005
0.0618855
0.0618704
0.0618553
0.0618401
0.0618249
0.0618097
0.0617945
0.0617792
0.0617639
0.0617486
0.0617332
0.0617178
0.0617024
0.0616869
0.0616714
0.0616559
0.0616404
0.0616248
0.0616092
0.0615935
0.0615779
0.0615622
0.0615464
0.0615306
0.0615148
0.0614989
0.061483
0.061467
0.061451
0.0614348
0.0614186
0.0614022
0.0613858
0.0613692
0.0613525
0.0613358
0.0613189
0.061302
0.061285
0.0612679
0.0612509
0.0612337
0.0612166
0.0611994
0.0611822
0.0611651
0.0611477
0.0611306
0.0611132
0.061096
0.0610787
0.0610617
0.0633881
0.0633759
0.0633647
0.0633545
0.0633441
0.0633331
0.0633222
0.0633113
0.0633004
0.0632895
0.0632784
0.0632674
0.0632563
0.0632451
0.063234
0.0632227
0.0632115
0.0632002
0.0631888
0.0631774
0.063166
0.0631545
0.063143
0.0631314
0.0631198
0.0631082
0.0630965
0.0630848
0.063073
0.0630612
0.0630494
0.0630375
0.0630255
0.0630136
0.0630015
0.0629895
0.0629774
0.0629653
0.0629531
0.0629409
0.0629286
0.0629163
0.062904
0.0628916
0.0628792
0.0628667
0.0628542
0.0628417
0.0628291
0.0628165
0.0628038
0.0627911
0.0627784
0.0627656
0.0627528
0.0627399
0.062727
0.0627141
0.0627011
0.0626881
0.062675
0.0626619
0.0626488
0.0626356
0.0626224
0.0626092
0.0625959
0.0625826
0.0625692
0.0625558
0.0625424
0.0625289
0.0625154
0.0625019
0.0624883
0.0624747
0.062461
0.0624473
0.0624336
0.0624198
0.062406
0.0623922
0.0623783
0.0623644
0.0623504
0.0623364
0.0623224
0.0623083
0.0622943
0.0622801
0.062266
0.0622517
0.0622375
0.0622232
0.0622089
0.0621946
0.0621802
0.0621658
0.0621513
0.0621369
0.0621223
0.0621078
0.0620932
0.0620786
0.0620639
0.0620492
0.0620345
0.0620198
0.062005
0.0619901
0.0619753
0.0619604
0.0619455
0.0619305
0.0619155
0.0619005
0.0618855
0.0618704
0.0618553
0.0618401
0.0618249
0.0618097
0.0617945
0.0617792
0.0617639
0.0617486
0.0617332
0.0617178
0.0617024
0.0616869
0.0616714
0.0616559
0.0616404
0.0616248
0.0616092
0.0615935
0.0615779
0.0615622
0.0615464
0.0615306
0.0615148
0.0614989
0.061483
0.061467
0.0614509
0.0614348
0.0614185
0.0614022
0.0613857
0.0613691
0.0613525
0.0613357
0.0613188
0.0613019
0.0612849
0.0612678
0.0612508
0.0612336
0.0612165
0.0611993
0.0611821
0.061165
0.0611477
0.0611305
0.0611132
0.061096
0.0610787
0.0610619
0.0610438
0.0633881
0.0633759
0.0633647
0.0633545
0.0633441
0.0633331
0.0633222
0.0633113
0.0633004
0.0632895
0.0632784
0.0632674
0.0632563
0.0632452
0.063234
0.0632227
0.0632115
0.0632002
0.0631888
0.0631774
0.063166
0.0631545
0.063143
0.0631314
0.0631198
0.0631082
0.0630965
0.0630848
0.063073
0.0630612
0.0630494
0.0630375
0.0630255
0.0630136
0.0630015
0.0629895
0.0629774
0.0629653
0.0629531
0.0629409
0.0629286
0.0629163
0.062904
0.0628916
0.0628792
0.0628667
0.0628542
0.0628417
0.0628291
0.0628165
0.0628038
0.0627911
0.0627784
0.0627656
0.0627528
0.0627399
0.062727
0.0627141
0.0627011
0.0626881
0.062675
0.0626619
0.0626488
0.0626357
0.0626224
0.0626092
0.0625959
0.0625826
0.0625692
0.0625558
0.0625424
0.0625289
0.0625154
0.0625019
0.0624883
0.0624747
0.062461
0.0624473
0.0624336
0.0624198
0.062406
0.0623922
0.0623783
0.0623644
0.0623504
0.0623364
0.0623224
0.0623084
0.0622943
0.0622801
0.062266
0.0622518
0.0622375
0.0622232
0.0622089
0.0621946
0.0621802
0.0621658
0.0621513
0.0621369
0.0621223
0.0621078
0.0620932
0.0620786
0.0620639
0.0620492
0.0620345
0.0620198
0.062005
0.0619901
0.0619753
0.0619604
0.0619455
0.0619305
0.0619155
0.0619005
0.0618855
0.0618704
0.0618553
0.0618401
0.0618249
0.0618097
0.0617945
0.0617792
0.0617639
0.0617486
0.0617332
0.0617178
0.0617024
0.0616869
0.0616714
0.0616559
0.0616404
0.0616248
0.0616092
0.0615935
0.0615778
0.0615621
0.0615464
0.0615306
0.0615148
0.0614989
0.061483
0.061467
0.0614509
0.0614347
0.0614185
0.0614021
0.0613857
0.0613691
0.0613524
0.0613356
0.0613187
0.0613018
0.0612848
0.0612677
0.0612507
0.0612336
0.0612164
0.0611993
0.0611821
0.0611649
0.0611476
0.0611305
0.0611132
0.0610959
0.0610786
0.0610615
0.0610443
0.0610257
0.0633881
0.0633759
0.0633647
0.0633545
0.0633441
0.0633331
0.0633222
0.0633113
0.0633004
0.0632895
0.0632784
0.0632674
0.0632563
0.0632452
0.063234
0.0632228
0.0632115
0.0632002
0.0631888
0.0631774
0.063166
0.0631545
0.063143
0.0631314
0.0631198
0.0631082
0.0630965
0.0630848
0.063073
0.0630612
0.0630494
0.0630375
0.0630255
0.0630136
0.0630016
0.0629895
0.0629774
0.0629653
0.0629531
0.0629409
0.0629286
0.0629163
0.062904
0.0628916
0.0628792
0.0628667
0.0628542
0.0628417
0.0628291
0.0628165
0.0628038
0.0627911
0.0627784
0.0627656
0.0627528
0.0627399
0.062727
0.0627141
0.0627011
0.0626881
0.062675
0.062662
0.0626488
0.0626357
0.0626225
0.0626092
0.0625959
0.0625826
0.0625692
0.0625559
0.0625424
0.0625289
0.0625154
0.0625019
0.0624883
0.0624747
0.062461
0.0624473
0.0624336
0.0624198
0.062406
0.0623922
0.0623783
0.0623644
0.0623504
0.0623364
0.0623224
0.0623084
0.0622943
0.0622801
0.062266
0.0622518
0.0622375
0.0622232
0.0622089
0.0621946
0.0621802
0.0621658
0.0621513
0.0621369
0.0621223
0.0621078
0.0620932
0.0620786
0.0620639
0.0620492
0.0620345
0.0620198
0.062005
0.0619901
0.0619753
0.0619604
0.0619455
0.0619305
0.0619155
0.0619005
0.0618855
0.0618704
0.0618553
0.0618401
0.0618249
0.0618097
0.0617945
0.0617792
0.0617639
0.0617486
0.0617332
0.0617178
0.0617024
0.0616869
0.0616714
0.0616559
0.0616403
0.0616248
0.0616092
0.0615935
0.0615778
0.0615621
0.0615464
0.0615306
0.0615148
0.0614989
0.0614829
0.0614669
0.0614509
0.0614347
0.0614185
0.0614021
0.0613856
0.061369
0.0613523
0.0613355
0.0613186
0.0613017
0.0612847
0.0612677
0.0612506
0.0612335
0.0612164
0.0611992
0.061182
0.0611649
0.0611476
0.0611304
0.0611131
0.0610959
0.0610786
0.0610613
0.0610439
0.0610262
0.0610064
0.0633881
0.0633759
0.0633647
0.0633545
0.0633441
0.0633332
0.0633222
0.0633114
0.0633004
0.0632895
0.0632785
0.0632674
0.0632563
0.0632452
0.063234
0.0632228
0.0632115
0.0632002
0.0631888
0.0631774
0.063166
0.0631545
0.063143
0.0631315
0.0631199
0.0631082
0.0630965
0.0630848
0.063073
0.0630612
0.0630494
0.0630375
0.0630255
0.0630136
0.0630016
0.0629895
0.0629774
0.0629653
0.0629531
0.0629409
0.0629286
0.0629163
0.062904
0.0628916
0.0628792
0.0628667
0.0628542
0.0628417
0.0628291
0.0628165
0.0628038
0.0627911
0.0627784
0.0627656
0.0627528
0.0627399
0.062727
0.0627141
0.0627011
0.0626881
0.062675
0.062662
0.0626488
0.0626357
0.0626225
0.0626092
0.0625959
0.0625826
0.0625693
0.0625559
0.0625424
0.062529
0.0625154
0.0625019
0.0624883
0.0624747
0.062461
0.0624473
0.0624336
0.0624198
0.062406
0.0623922
0.0623783
0.0623644
0.0623504
0.0623364
0.0623224
0.0623084
0.0622943
0.0622801
0.062266
0.0622518
0.0622375
0.0622233
0.0622089
0.0621946
0.0621802
0.0621658
0.0621514
0.0621369
0.0621223
0.0621078
0.0620932
0.0620786
0.0620639
0.0620492
0.0620345
0.0620198
0.062005
0.0619902
0.0619753
0.0619604
0.0619455
0.0619305
0.0619155
0.0619005
0.0618855
0.0618704
0.0618553
0.0618401
0.0618249
0.0618097
0.0617945
0.0617792
0.0617639
0.0617486
0.0617332
0.0617178
0.0617024
0.0616869
0.0616714
0.0616559
0.0616403
0.0616248
0.0616091
0.0615935
0.0615778
0.0615621
0.0615464
0.0615306
0.0615147
0.0614989
0.0614829
0.0614669
0.0614509
0.0614347
0.0614184
0.0614021
0.0613856
0.061369
0.0613523
0.0613354
0.0613185
0.0613016
0.0612846
0.0612676
0.0612505
0.0612334
0.0612163
0.0611991
0.0611819
0.0611648
0.0611475
0.0611303
0.0611131
0.0610958
0.0610786
0.0610612
0.061044
0.0610263
0.061009
0.0633881
0.0633759
0.0633647
0.0633545
0.0633441
0.0633332
0.0633222
0.0633114
0.0633004
0.0632895
0.0632785
0.0632674
0.0632563
0.0632452
0.063234
0.0632228
0.0632115
0.0632002
0.0631888
0.0631774
0.063166
0.0631545
0.063143
0.0631315
0.0631199
0.0631082
0.0630965
0.0630848
0.063073
0.0630612
0.0630494
0.0630375
0.0630256
0.0630136
0.0630016
0.0629895
0.0629774
0.0629653
0.0629531
0.0629409
0.0629286
0.0629163
0.062904
0.0628916
0.0628792
0.0628667
0.0628542
0.0628417
0.0628291
0.0628165
0.0628038
0.0627911
0.0627784
0.0627656
0.0627528
0.0627399
0.062727
0.0627141
0.0627011
0.0626881
0.0626751
0.062662
0.0626488
0.0626357
0.0626225
0.0626092
0.0625959
0.0625826
0.0625693
0.0625559
0.0625424
0.062529
0.0625154
0.0625019
0.0624883
0.0624747
0.062461
0.0624473
0.0624336
0.0624198
0.062406
0.0623922
0.0623783
0.0623644
0.0623504
0.0623365
0.0623224
0.0623084
0.0622943
0.0622801
0.062266
0.0622518
0.0622375
0.0622233
0.0622089
0.0621946
0.0621802
0.0621658
0.0621514
0.0621369
0.0621224
0.0621078
0.0620932
0.0620786
0.0620639
0.0620492
0.0620345
0.0620198
0.062005
0.0619902
0.0619753
0.0619604
0.0619455
0.0619305
0.0619155
0.0619005
0.0618855
0.0618704
0.0618553
0.0618401
0.0618249
0.0618097
0.0617945
0.0617792
0.0617639
0.0617486
0.0617332
0.0617178
0.0617024
0.0616869
0.0616714
0.0616559
0.0616403
0.0616247
0.0616091
0.0615935
0.0615778
0.0615621
0.0615463
0.0615306
0.0615147
0.0614988
0.0614829
0.0614669
0.0614508
0.0614347
0.0614184
0.061402
0.0613855
0.0613689
0.0613522
0.0613354
0.0613185
0.0613015
0.0612845
0.0612675
0.0612504
0.0612333
0.0612162
0.0611991
0.0611819
0.0611647
0.0611475
0.0611303
0.061113
0.0610957
0.0610785
0.0610611
0.0610439
0.0610263
0.0610093
0.0609915
0.0633882
0.0633759
0.0633647
0.0633545
0.0633441
0.0633332
0.0633222
0.0633114
0.0633004
0.0632895
0.0632785
0.0632674
0.0632563
0.0632452
0.063234
0.0632228
0.0632115
0.0632002
0.0631888
0.0631775
0.063166
0.0631545
0.063143
0.0631315
0.0631199
0.0631082
0.0630965
0.0630848
0.063073
0.0630612
0.0630494
0.0630375
0.0630256
0.0630136
0.0630016
0.0629895
0.0629774
0.0629653
0.0629531
0.0629409
0.0629286
0.0629163
0.062904
0.0628916
0.0628792
0.0628667
0.0628542
0.0628417
0.0628291
0.0628165
0.0628038
0.0627911
0.0627784
0.0627656
0.0627528
0.0627399
0.062727
0.0627141
0.0627011
0.0626881
0.0626751
0.062662
0.0626488
0.0626357
0.0626225
0.0626092
0.0625959
0.0625826
0.0625693
0.0625559
0.0625424
0.062529
0.0625155
0.0625019
0.0624883
0.0624747
0.062461
0.0624473
0.0624336
0.0624198
0.062406
0.0623922
0.0623783
0.0623644
0.0623504
0.0623365
0.0623224
0.0623084
0.0622943
0.0622801
0.062266
0.0622518
0.0622375
0.0622233
0.0622089
0.0621946
0.0621802
0.0621658
0.0621514
0.0621369
0.0621224
0.0621078
0.0620932
0.0620786
0.0620639
0.0620493
0.0620345
0.0620198
0.062005
0.0619902
0.0619753
0.0619604
0.0619455
0.0619305
0.0619155
0.0619005
0.0618855
0.0618704
0.0618553
0.0618401
0.0618249
0.0618097
0.0617945
0.0617792
0.0617639
0.0617485
0.0617332
0.0617178
0.0617023
0.0616869
0.0616714
0.0616559
0.0616403
0.0616247
0.0616091
0.0615935
0.0615778
0.0615621
0.0615463
0.0615305
0.0615147
0.0614988
0.0614829
0.0614669
0.0614508
0.0614347
0.0614184
0.061402
0.0613855
0.0613689
0.0613522
0.0613353
0.0613184
0.0613014
0.0612844
0.0612674
0.0612503
0.0612332
0.0612161
0.061199
0.0611818
0.0611646
0.0611474
0.0611302
0.061113
0.0610957
0.0610784
0.0610611
0.0610438
0.0610264
0.061009
0.0609918
0.0609719
0.0633882
0.0633759
0.0633647
0.0633545
0.0633441
0.0633332
0.0633222
0.0633114
0.0633005
0.0632895
0.0632785
0.0632674
0.0632563
0.0632452
0.063234
0.0632228
0.0632115
0.0632002
0.0631889
0.0631775
0.063166
0.0631546
0.063143
0.0631315
0.0631199
0.0631082
0.0630965
0.0630848
0.0630731
0.0630612
0.0630494
0.0630375
0.0630256
0.0630136
0.0630016
0.0629895
0.0629774
0.0629653
0.0629531
0.0629409
0.0629286
0.0629163
0.062904
0.0628916
0.0628792
0.0628667
0.0628542
0.0628417
0.0628291
0.0628165
0.0628038
0.0627911
0.0627784
0.0627656
0.0627528
0.0627399
0.062727
0.0627141
0.0627011
0.0626881
0.0626751
0.062662
0.0626488
0.0626357
0.0626225
0.0626092
0.0625959
0.0625826
0.0625693
0.0625559
0.0625424
0.062529
0.0625155
0.0625019
0.0624883
0.0624747
0.062461
0.0624474
0.0624336
0.0624198
0.062406
0.0623922
0.0623783
0.0623644
0.0623505
0.0623365
0.0623224
0.0623084
0.0622943
0.0622801
0.062266
0.0622518
0.0622375
0.0622233
0.062209
0.0621946
0.0621802
0.0621658
0.0621514
0.0621369
0.0621224
0.0621078
0.0620932
0.0620786
0.0620639
0.0620493
0.0620345
0.0620198
0.062005
0.0619902
0.0619753
0.0619604
0.0619455
0.0619305
0.0619155
0.0619005
0.0618855
0.0618704
0.0618553
0.0618401
0.0618249
0.0618097
0.0617945
0.0617792
0.0617639
0.0617485
0.0617332
0.0617178
0.0617023
0.0616869
0.0616714
0.0616559
0.0616403
0.0616247
0.0616091
0.0615935
0.0615778
0.0615621
0.0615463
0.0615305
0.0615147
0.0614988
0.0614829
0.0614669
0.0614508
0.0614347
0.0614184
0.061402
0.0613855
0.0613689
0.0613521
0.0613352
0.0613183
0.0613013
0.0612843
0.0612673
0.0612503
0.0612332
0.061216
0.0611989
0.0611817
0.0611646
0.0611473
0.0611301
0.0611129
0.0610956
0.0610784
0.061061
0.0610438
0.0610263
0.061009
0.0609917
0.0609745
0.0633882
0.0633759
0.0633647
0.0633545
0.0633441
0.0633332
0.0633222
0.0633114
0.0633005
0.0632895
0.0632785
0.0632674
0.0632563
0.0632452
0.063234
0.0632228
0.0632115
0.0632002
0.0631889
0.0631775
0.063166
0.0631546
0.063143
0.0631315
0.0631199
0.0631082
0.0630966
0.0630848
0.0630731
0.0630612
0.0630494
0.0630375
0.0630256
0.0630136
0.0630016
0.0629895
0.0629774
0.0629653
0.0629531
0.0629409
0.0629286
0.0629163
0.062904
0.0628916
0.0628792
0.0628667
0.0628542
0.0628417
0.0628291
0.0628165
0.0628038
0.0627911
0.0627784
0.0627656
0.0627528
0.0627399
0.062727
0.0627141
0.0627011
0.0626881
0.0626751
0.062662
0.0626489
0.0626357
0.0626225
0.0626092
0.062596
0.0625826
0.0625693
0.0625559
0.0625424
0.062529
0.0625155
0.0625019
0.0624883
0.0624747
0.0624611
0.0624474
0.0624336
0.0624199
0.062406
0.0623922
0.0623783
0.0623644
0.0623505
0.0623365
0.0623224
0.0623084
0.0622943
0.0622802
0.062266
0.0622518
0.0622375
0.0622233
0.062209
0.0621946
0.0621802
0.0621658
0.0621514
0.0621369
0.0621224
0.0621078
0.0620932
0.0620786
0.0620639
0.0620493
0.0620345
0.0620198
0.062005
0.0619902
0.0619753
0.0619604
0.0619455
0.0619305
0.0619155
0.0619005
0.0618855
0.0618704
0.0618553
0.0618401
0.0618249
0.0618097
0.0617945
0.0617792
0.0617639
0.0617485
0.0617332
0.0617178
0.0617023
0.0616869
0.0616714
0.0616559
0.0616403
0.0616247
0.0616091
0.0615935
0.0615778
0.0615621
0.0615463
0.0615305
0.0615147
0.0614988
0.0614829
0.0614669
0.0614509
0.0614347
0.0614185
0.0614021
0.0613855
0.0613689
0.0613521
0.0613352
0.0613182
0.0613013
0.0612843
0.0612672
0.0612502
0.0612331
0.061216
0.0611988
0.0611817
0.0611645
0.0611473
0.0611301
0.0611128
0.0610955
0.0610783
0.0610609
0.0610437
0.0610263
0.061009
0.0609916
0.0609747
0.0609566
0.0633882
0.0633759
0.0633647
0.0633545
0.0633441
0.0633332
0.0633222
0.0633114
0.0633005
0.0632895
0.0632785
0.0632674
0.0632563
0.0632452
0.063234
0.0632228
0.0632115
0.0632002
0.0631889
0.0631775
0.063166
0.0631546
0.063143
0.0631315
0.0631199
0.0631082
0.0630966
0.0630848
0.0630731
0.0630613
0.0630494
0.0630375
0.0630256
0.0630136
0.0630016
0.0629895
0.0629774
0.0629653
0.0629531
0.0629409
0.0629286
0.0629163
0.062904
0.0628916
0.0628792
0.0628667
0.0628542
0.0628417
0.0628291
0.0628165
0.0628038
0.0627911
0.0627784
0.0627656
0.0627528
0.0627399
0.0627271
0.0627141
0.0627011
0.0626881
0.0626751
0.062662
0.0626489
0.0626357
0.0626225
0.0626092
0.062596
0.0625826
0.0625693
0.0625559
0.0625424
0.062529
0.0625155
0.0625019
0.0624883
0.0624747
0.0624611
0.0624474
0.0624336
0.0624199
0.0624061
0.0623922
0.0623783
0.0623644
0.0623505
0.0623365
0.0623224
0.0623084
0.0622943
0.0622802
0.062266
0.0622518
0.0622375
0.0622233
0.062209
0.0621946
0.0621802
0.0621658
0.0621514
0.0621369
0.0621224
0.0621078
0.0620932
0.0620786
0.062064
0.0620493
0.0620345
0.0620198
0.062005
0.0619902
0.0619753
0.0619604
0.0619455
0.0619305
0.0619155
0.0619005
0.0618855
0.0618704
0.0618553
0.0618401
0.0618249
0.0618097
0.0617945
0.0617792
0.0617639
0.0617485
0.0617332
0.0617178
0.0617023
0.0616869
0.0616714
0.0616559
0.0616403
0.0616247
0.0616091
0.0615934
0.0615778
0.061562
0.0615463
0.0615305
0.0615147
0.0614988
0.0614829
0.0614669
0.0614509
0.0614347
0.0614185
0.0614021
0.0613856
0.0613689
0.0613521
0.0613351
0.0613182
0.0613012
0.0612842
0.0612671
0.0612501
0.061233
0.0612159
0.0611988
0.0611816
0.0611644
0.0611472
0.06113
0.0611128
0.0610955
0.0610783
0.0610609
0.0610436
0.0610262
0.0610089
0.0609915
0.0609743
0.0609571
0.0609383
0.0633882
0.0633759
0.0633647
0.0633545
0.0633441
0.0633332
0.0633222
0.0633114
0.0633005
0.0632895
0.0632785
0.0632674
0.0632563
0.0632452
0.063234
0.0632228
0.0632115
0.0632002
0.0631889
0.0631775
0.063166
0.0631546
0.0631431
0.0631315
0.0631199
0.0631082
0.0630966
0.0630848
0.0630731
0.0630613
0.0630494
0.0630375
0.0630256
0.0630136
0.0630016
0.0629895
0.0629774
0.0629653
0.0629531
0.0629409
0.0629286
0.0629163
0.062904
0.0628916
0.0628792
0.0628667
0.0628542
0.0628417
0.0628291
0.0628165
0.0628038
0.0627911
0.0627784
0.0627656
0.0627528
0.06274
0.0627271
0.0627141
0.0627011
0.0626881
0.0626751
0.062662
0.0626489
0.0626357
0.0626225
0.0626092
0.062596
0.0625826
0.0625693
0.0625559
0.0625425
0.062529
0.0625155
0.0625019
0.0624883
0.0624747
0.0624611
0.0624474
0.0624336
0.0624199
0.0624061
0.0623922
0.0623783
0.0623644
0.0623505
0.0623365
0.0623225
0.0623084
0.0622943
0.0622802
0.062266
0.0622518
0.0622376
0.0622233
0.062209
0.0621946
0.0621802
0.0621658
0.0621514
0.0621369
0.0621224
0.0621078
0.0620932
0.0620786
0.062064
0.0620493
0.0620345
0.0620198
0.062005
0.0619902
0.0619753
0.0619604
0.0619455
0.0619305
0.0619155
0.0619005
0.0618855
0.0618704
0.0618553
0.0618401
0.0618249
0.0618097
0.0617945
0.0617792
0.0617639
0.0617485
0.0617332
0.0617178
0.0617023
0.0616869
0.0616714
0.0616558
0.0616403
0.0616247
0.0616091
0.0615934
0.0615778
0.061562
0.0615463
0.0615305
0.0615147
0.0614988
0.0614829
0.061467
0.0614509
0.0614348
0.0614185
0.0614021
0.0613856
0.0613689
0.061352
0.0613351
0.0613181
0.0613011
0.0612841
0.0612671
0.06125
0.0612329
0.0612158
0.0611987
0.0611815
0.0611644
0.0611472
0.0611299
0.0611127
0.0610954
0.0610782
0.0610608
0.0610436
0.0610262
0.0610088
0.0609915
0.0609741
0.0609566
0.0609387
0.060919
0.0633882
0.0633759
0.0633647
0.0633545
0.0633441
0.0633332
0.0633223
0.0633114
0.0633005
0.0632895
0.0632785
0.0632674
0.0632563
0.0632452
0.063234
0.0632228
0.0632115
0.0632002
0.0631889
0.0631775
0.0631661
0.0631546
0.0631431
0.0631315
0.0631199
0.0631083
0.0630966
0.0630848
0.0630731
0.0630613
0.0630494
0.0630375
0.0630256
0.0630136
0.0630016
0.0629895
0.0629774
0.0629653
0.0629531
0.0629409
0.0629287
0.0629164
0.062904
0.0628916
0.0628792
0.0628668
0.0628543
0.0628417
0.0628291
0.0628165
0.0628039
0.0627912
0.0627784
0.0627656
0.0627528
0.06274
0.0627271
0.0627141
0.0627012
0.0626881
0.0626751
0.062662
0.0626489
0.0626357
0.0626225
0.0626093
0.062596
0.0625826
0.0625693
0.0625559
0.0625425
0.062529
0.0625155
0.0625019
0.0624883
0.0624747
0.0624611
0.0624474
0.0624336
0.0624199
0.0624061
0.0623922
0.0623783
0.0623644
0.0623505
0.0623365
0.0623225
0.0623084
0.0622943
0.0622802
0.062266
0.0622518
0.0622376
0.0622233
0.062209
0.0621946
0.0621802
0.0621658
0.0621514
0.0621369
0.0621224
0.0621078
0.0620932
0.0620786
0.062064
0.0620493
0.0620345
0.0620198
0.062005
0.0619902
0.0619753
0.0619604
0.0619455
0.0619305
0.0619156
0.0619005
0.0618855
0.0618704
0.0618553
0.0618401
0.0618249
0.0618097
0.0617945
0.0617792
0.0617639
0.0617485
0.0617332
0.0617178
0.0617023
0.0616869
0.0616714
0.0616558
0.0616403
0.0616247
0.0616091
0.0615934
0.0615777
0.061562
0.0615463
0.0615305
0.0615147
0.0614988
0.0614829
0.061467
0.0614509
0.0614348
0.0614186
0.0614022
0.0613856
0.0613689
0.061352
0.061335
0.061318
0.061301
0.061284
0.061267
0.0612499
0.0612328
0.0612157
0.0611986
0.0611815
0.0611643
0.0611471
0.0611299
0.0611126
0.0610954
0.0610781
0.0610608
0.0610435
0.0610261
0.0610088
0.0609914
0.0609739
0.0609567
0.0609388
0.0609216
0.0633882
0.0633759
0.0633647
0.0633545
0.0633441
0.0633332
0.0633223
0.0633114
0.0633005
0.0632895
0.0632785
0.0632674
0.0632563
0.0632452
0.063234
0.0632228
0.0632115
0.0632002
0.0631889
0.0631775
0.0631661
0.0631546
0.0631431
0.0631315
0.0631199
0.0631083
0.0630966
0.0630849
0.0630731
0.0630613
0.0630494
0.0630375
0.0630256
0.0630136
0.0630016
0.0629896
0.0629775
0.0629653
0.0629531
0.0629409
0.0629287
0.0629164
0.062904
0.0628916
0.0628792
0.0628668
0.0628543
0.0628417
0.0628291
0.0628165
0.0628039
0.0627912
0.0627784
0.0627656
0.0627528
0.06274
0.0627271
0.0627141
0.0627012
0.0626881
0.0626751
0.062662
0.0626489
0.0626357
0.0626225
0.0626093
0.062596
0.0625827
0.0625693
0.0625559
0.0625425
0.062529
0.0625155
0.0625019
0.0624884
0.0624747
0.0624611
0.0624474
0.0624336
0.0624199
0.0624061
0.0623922
0.0623783
0.0623644
0.0623505
0.0623365
0.0623225
0.0623084
0.0622943
0.0622802
0.062266
0.0622518
0.0622376
0.0622233
0.062209
0.0621946
0.0621803
0.0621658
0.0621514
0.0621369
0.0621224
0.0621078
0.0620932
0.0620786
0.062064
0.0620493
0.0620345
0.0620198
0.062005
0.0619902
0.0619753
0.0619604
0.0619455
0.0619305
0.0619156
0.0619005
0.0618855
0.0618704
0.0618553
0.0618401
0.0618249
0.0618097
0.0617945
0.0617792
0.0617639
0.0617485
0.0617332
0.0617178
0.0617023
0.0616869
0.0616714
0.0616558
0.0616403
0.0616247
0.0616091
0.0615934
0.0615777
0.061562
0.0615463
0.0615305
0.0615147
0.0614989
0.0614829
0.061467
0.061451
0.0614349
0.0614187
0.0614023
0.0613857
0.061369
0.061352
0.0613349
0.0613179
0.0613009
0.0612839
0.0612669
0.0612498
0.0612328
0.0612157
0.0611985
0.0611814
0.0611642
0.061147
0.0611298
0.0611126
0.0610953
0.0610781
0.0610607
0.0610434
0.0610261
0.0610087
0.0609914
0.0609738
0.0609566
0.0609388
0.0609217
0.0609039
0.0633882
0.0633759
0.0633647
0.0633545
0.0633441
0.0633332
0.0633223
0.0633114
0.0633005
0.0632895
0.0632785
0.0632674
0.0632564
0.0632452
0.063234
0.0632228
0.0632116
0.0632002
0.0631889
0.0631775
0.0631661
0.0631546
0.0631431
0.0631315
0.0631199
0.0631083
0.0630966
0.0630849
0.0630731
0.0630613
0.0630494
0.0630375
0.0630256
0.0630136
0.0630016
0.0629896
0.0629775
0.0629653
0.0629531
0.0629409
0.0629287
0.0629164
0.062904
0.0628916
0.0628792
0.0628668
0.0628543
0.0628417
0.0628291
0.0628165
0.0628039
0.0627912
0.0627784
0.0627656
0.0627528
0.06274
0.0627271
0.0627141
0.0627012
0.0626882
0.0626751
0.062662
0.0626489
0.0626357
0.0626225
0.0626093
0.062596
0.0625827
0.0625693
0.0625559
0.0625425
0.062529
0.0625155
0.0625019
0.0624884
0.0624747
0.0624611
0.0624474
0.0624337
0.0624199
0.0624061
0.0623922
0.0623784
0.0623644
0.0623505
0.0623365
0.0623225
0.0623084
0.0622943
0.0622802
0.062266
0.0622518
0.0622376
0.0622233
0.062209
0.0621946
0.0621803
0.0621658
0.0621514
0.0621369
0.0621224
0.0621078
0.0620932
0.0620786
0.062064
0.0620493
0.0620346
0.0620198
0.062005
0.0619902
0.0619753
0.0619604
0.0619455
0.0619305
0.0619156
0.0619005
0.0618855
0.0618704
0.0618553
0.0618401
0.0618249
0.0618097
0.0617945
0.0617792
0.0617639
0.0617485
0.0617332
0.0617177
0.0617023
0.0616868
0.0616713
0.0616558
0.0616403
0.0616247
0.0616091
0.0615934
0.0615777
0.061562
0.0615463
0.0615305
0.0615147
0.0614989
0.061483
0.0614671
0.061451
0.061435
0.0614188
0.0614024
0.0613858
0.061369
0.061352
0.0613349
0.0613179
0.0613009
0.0612838
0.0612668
0.0612497
0.0612327
0.0612156
0.0611985
0.0611813
0.0611642
0.061147
0.0611297
0.0611125
0.0610952
0.061078
0.0610607
0.0610434
0.061026
0.0610086
0.0609913
0.0609738
0.0609565
0.0609388
0.0609214
0.0609042
0.0608855
0.0633882
0.0633759
0.0633647
0.0633545
0.0633441
0.0633332
0.0633223
0.0633114
0.0633005
0.0632895
0.0632785
0.0632675
0.0632564
0.0632452
0.063234
0.0632228
0.0632116
0.0632002
0.0631889
0.0631775
0.0631661
0.0631546
0.0631431
0.0631315
0.0631199
0.0631083
0.0630966
0.0630849
0.0630731
0.0630613
0.0630494
0.0630375
0.0630256
0.0630136
0.0630016
0.0629896
0.0629775
0.0629653
0.0629532
0.0629409
0.0629287
0.0629164
0.062904
0.0628917
0.0628792
0.0628668
0.0628543
0.0628417
0.0628291
0.0628165
0.0628039
0.0627912
0.0627784
0.0627657
0.0627528
0.06274
0.0627271
0.0627141
0.0627012
0.0626882
0.0626751
0.062662
0.0626489
0.0626357
0.0626225
0.0626093
0.062596
0.0625827
0.0625693
0.0625559
0.0625425
0.062529
0.0625155
0.0625019
0.0624884
0.0624747
0.0624611
0.0624474
0.0624337
0.0624199
0.0624061
0.0623922
0.0623784
0.0623644
0.0623505
0.0623365
0.0623225
0.0623084
0.0622943
0.0622802
0.062266
0.0622518
0.0622376
0.0622233
0.062209
0.0621946
0.0621803
0.0621658
0.0621514
0.0621369
0.0621224
0.0621078
0.0620933
0.0620786
0.062064
0.0620493
0.0620346
0.0620198
0.062005
0.0619902
0.0619753
0.0619604
0.0619455
0.0619305
0.0619156
0.0619005
0.0618855
0.0618704
0.0618553
0.0618401
0.0618249
0.0618097
0.0617945
0.0617792
0.0617639
0.0617485
0.0617332
0.0617177
0.0617023
0.0616868
0.0616713
0.0616558
0.0616403
0.0616247
0.061609
0.0615934
0.0615777
0.061562
0.0615463
0.0615305
0.0615147
0.0614989
0.061483
0.0614671
0.0614511
0.0614351
0.0614189
0.0614025
0.0613859
0.0613691
0.061352
0.0613348
0.0613178
0.0613008
0.0612838
0.0612667
0.0612497
0.0612326
0.0612155
0.0611984
0.0611812
0.0611641
0.0611469
0.0611297
0.0611125
0.0610952
0.0610779
0.0610606
0.0610433
0.0610259
0.0610085
0.0609912
0.0609737
0.0609564
0.0609388
0.0609212
0.0609037
0.0608859
0.0608661
0.0633882
0.0633759
0.0633647
0.0633545
0.0633441
0.0633332
0.0633223
0.0633114
0.0633005
0.0632895
0.0632785
0.0632675
0.0632564
0.0632452
0.063234
0.0632228
0.0632116
0.0632003
0.0631889
0.0631775
0.0631661
0.0631546
0.0631431
0.0631315
0.0631199
0.0631083
0.0630966
0.0630849
0.0630731
0.0630613
0.0630494
0.0630375
0.0630256
0.0630136
0.0630016
0.0629896
0.0629775
0.0629653
0.0629532
0.0629409
0.0629287
0.0629164
0.062904
0.0628917
0.0628792
0.0628668
0.0628543
0.0628417
0.0628292
0.0628165
0.0628039
0.0627912
0.0627784
0.0627657
0.0627528
0.06274
0.0627271
0.0627142
0.0627012
0.0626882
0.0626751
0.062662
0.0626489
0.0626357
0.0626225
0.0626093
0.062596
0.0625827
0.0625693
0.0625559
0.0625425
0.062529
0.0625155
0.062502
0.0624884
0.0624747
0.0624611
0.0624474
0.0624337
0.0624199
0.0624061
0.0623922
0.0623784
0.0623644
0.0623505
0.0623365
0.0623225
0.0623084
0.0622943
0.0622802
0.062266
0.0622518
0.0622376
0.0622233
0.062209
0.0621946
0.0621803
0.0621659
0.0621514
0.0621369
0.0621224
0.0621078
0.0620933
0.0620786
0.062064
0.0620493
0.0620346
0.0620198
0.062005
0.0619902
0.0619753
0.0619604
0.0619455
0.0619306
0.0619156
0.0619005
0.0618855
0.0618704
0.0618553
0.0618401
0.0618249
0.0618097
0.0617945
0.0617792
0.0617639
0.0617485
0.0617331
0.0617177
0.0617023
0.0616868
0.0616713
0.0616558
0.0616402
0.0616247
0.061609
0.0615934
0.0615777
0.061562
0.0615463
0.0615305
0.0615147
0.0614989
0.061483
0.0614672
0.0614512
0.0614352
0.0614191
0.0614026
0.0613861
0.0613692
0.061352
0.0613347
0.0613177
0.0613007
0.0612837
0.0612666
0.0612496
0.0612325
0.0612154
0.0611983
0.0611812
0.061164
0.0611468
0.0611296
0.0611124
0.0610951
0.0610779
0.0610605
0.0610432
0.0610259
0.0610085
0.0609911
0.0609736
0.0609562
0.0609387
0.0609211
0.0609037
0.0608859
0.0608684
0.0633882
0.0633759
0.0633647
0.0633545
0.0633441
0.0633332
0.0633223
0.0633114
0.0633005
0.0632895
0.0632785
0.0632675
0.0632564
0.0632452
0.0632341
0.0632228
0.0632116
0.0632003
0.0631889
0.0631775
0.0631661
0.0631546
0.0631431
0.0631315
0.0631199
0.0631083
0.0630966
0.0630849
0.0630731
0.0630613
0.0630494
0.0630376
0.0630256
0.0630137
0.0630016
0.0629896
0.0629775
0.0629653
0.0629532
0.0629409
0.0629287
0.0629164
0.062904
0.0628917
0.0628792
0.0628668
0.0628543
0.0628417
0.0628292
0.0628165
0.0628039
0.0627912
0.0627784
0.0627657
0.0627528
0.06274
0.0627271
0.0627142
0.0627012
0.0626882
0.0626751
0.062662
0.0626489
0.0626357
0.0626225
0.0626093
0.062596
0.0625827
0.0625693
0.0625559
0.0625425
0.062529
0.0625155
0.062502
0.0624884
0.0624748
0.0624611
0.0624474
0.0624337
0.0624199
0.0624061
0.0623922
0.0623784
0.0623645
0.0623505
0.0623365
0.0623225
0.0623084
0.0622943
0.0622802
0.062266
0.0622518
0.0622376
0.0622233
0.062209
0.0621947
0.0621803
0.0621659
0.0621514
0.0621369
0.0621224
0.0621078
0.0620933
0.0620786
0.062064
0.0620493
0.0620346
0.0620198
0.062005
0.0619902
0.0619753
0.0619604
0.0619455
0.0619306
0.0619156
0.0619005
0.0618855
0.0618704
0.0618553
0.0618401
0.0618249
0.0618097
0.0617945
0.0617792
0.0617639
0.0617485
0.0617331
0.0617177
0.0617023
0.0616868
0.0616713
0.0616558
0.0616402
0.0616247
0.061609
0.0615934
0.0615777
0.061562
0.0615463
0.0615305
0.0615147
0.0614989
0.061483
0.0614672
0.0614512
0.0614353
0.0614192
0.0614027
0.0613862
0.0613693
0.0613519
0.0613346
0.0613176
0.0613006
0.0612836
0.0612666
0.0612495
0.0612324
0.0612153
0.0611982
0.0611811
0.0611639
0.0611468
0.0611296
0.0611123
0.0610951
0.0610778
0.0610605
0.0610431
0.0610258
0.0610084
0.060991
0.0609736
0.0609561
0.0609387
0.060921
0.0609036
0.0608859
0.0608687
0.0608507
0.0633882
0.0633759
0.0633647
0.0633545
0.0633441
0.0633332
0.0633223
0.0633114
0.0633005
0.0632895
0.0632785
0.0632675
0.0632564
0.0632452
0.0632341
0.0632228
0.0632116
0.0632003
0.0631889
0.0631775
0.0631661
0.0631546
0.0631431
0.0631315
0.0631199
0.0631083
0.0630966
0.0630849
0.0630731
0.0630613
0.0630495
0.0630376
0.0630256
0.0630137
0.0630016
0.0629896
0.0629775
0.0629654
0.0629532
0.062941
0.0629287
0.0629164
0.0629041
0.0628917
0.0628793
0.0628668
0.0628543
0.0628417
0.0628292
0.0628165
0.0628039
0.0627912
0.0627784
0.0627657
0.0627529
0.06274
0.0627271
0.0627142
0.0627012
0.0626882
0.0626751
0.062662
0.0626489
0.0626357
0.0626225
0.0626093
0.062596
0.0625827
0.0625693
0.0625559
0.0625425
0.062529
0.0625155
0.062502
0.0624884
0.0624748
0.0624611
0.0624474
0.0624337
0.0624199
0.0624061
0.0623923
0.0623784
0.0623645
0.0623505
0.0623365
0.0623225
0.0623084
0.0622943
0.0622802
0.062266
0.0622518
0.0622376
0.0622233
0.062209
0.0621947
0.0621803
0.0621659
0.0621514
0.0621369
0.0621224
0.0621079
0.0620933
0.0620786
0.062064
0.0620493
0.0620346
0.0620198
0.062005
0.0619902
0.0619753
0.0619604
0.0619455
0.0619306
0.0619156
0.0619005
0.0618855
0.0618704
0.0618553
0.0618401
0.0618249
0.0618097
0.0617945
0.0617792
0.0617639
0.0617485
0.0617331
0.0617177
0.0617023
0.0616868
0.0616713
0.0616558
0.0616402
0.0616246
0.061609
0.0615934
0.0615777
0.061562
0.0615463
0.0615305
0.0615147
0.0614989
0.0614831
0.0614673
0.0614513
0.0614354
0.0614195
0.061403
0.0613865
0.0613695
0.0613519
0.0613345
0.0613175
0.0613005
0.0612835
0.0612664
0.0612494
0.0612323
0.0612152
0.0611981
0.061181
0.0611639
0.0611467
0.0611295
0.0611123
0.061095
0.0610777
0.0610604
0.0610431
0.0610257
0.0610083
0.060991
0.0609735
0.060956
0.0609386
0.0609209
0.0609035
0.0608858
0.0608681
0.0608505
0.0608307
0.0633882
0.0633759
0.0633647
0.0633545
0.0633441
0.0633332
0.0633223
0.0633114
0.0633005
0.0632895
0.0632785
0.0632675
0.0632564
0.0632452
0.0632341
0.0632228
0.0632116
0.0632003
0.0631889
0.0631775
0.0631661
0.0631546
0.0631431
0.0631315
0.0631199
0.0631083
0.0630966
0.0630849
0.0630731
0.0630613
0.0630495
0.0630376
0.0630256
0.0630137
0.0630016
0.0629896
0.0629775
0.0629654
0.0629532
0.062941
0.0629287
0.0629164
0.0629041
0.0628917
0.0628793
0.0628668
0.0628543
0.0628418
0.0628292
0.0628166
0.0628039
0.0627912
0.0627785
0.0627657
0.0627529
0.06274
0.0627271
0.0627142
0.0627012
0.0626882
0.0626751
0.062662
0.0626489
0.0626357
0.0626225
0.0626093
0.062596
0.0625827
0.0625693
0.0625559
0.0625425
0.062529
0.0625155
0.062502
0.0624884
0.0624748
0.0624611
0.0624474
0.0624337
0.0624199
0.0624061
0.0623923
0.0623784
0.0623645
0.0623505
0.0623365
0.0623225
0.0623084
0.0622943
0.0622802
0.062266
0.0622518
0.0622376
0.0622233
0.062209
0.0621947
0.0621803
0.0621659
0.0621514
0.0621369
0.0621224
0.0621079
0.0620933
0.0620786
0.062064
0.0620493
0.0620346
0.0620198
0.062005
0.0619902
0.0619753
0.0619604
0.0619455
0.0619306
0.0619156
0.0619005
0.0618855
0.0618704
0.0618553
0.0618401
0.0618249
0.0618097
0.0617945
0.0617792
0.0617639
0.0617485
0.0617331
0.0617177
0.0617023
0.0616868
0.0616713
0.0616558
0.0616402
0.0616246
0.061609
0.0615934
0.0615777
0.061562
0.0615463
0.0615305
0.0615147
0.0614989
0.0614831
0.0614673
0.0614514
0.0614356
0.0614196
0.0614031
0.0613867
0.0613696
0.0613518
0.0613344
0.0613174
0.0613004
0.0612834
0.0612664
0.0612493
0.0612323
0.0612152
0.0611981
0.061181
0.0611638
0.0611466
0.0611294
0.0611122
0.0610949
0.0610777
0.0610604
0.061043
0.0610257
0.0610083
0.0609909
0.0609734
0.060956
0.0609385
0.0609208
0.0609034
0.0608858
0.0608683
0.0608505
0.0608332
0.0633882
0.0633759
0.0633646
0.0633545
0.0633441
0.0633332
0.0633223
0.0633114
0.0633005
0.0632895
0.0632785
0.0632675
0.0632564
0.0632453
0.0632341
0.0632229
0.0632116
0.0632003
0.0631889
0.0631775
0.0631661
0.0631546
0.0631431
0.0631316
0.06312
0.0631083
0.0630966
0.0630849
0.0630731
0.0630613
0.0630495
0.0630376
0.0630256
0.0630137
0.0630017
0.0629896
0.0629775
0.0629654
0.0629532
0.062941
0.0629287
0.0629164
0.0629041
0.0628917
0.0628793
0.0628668
0.0628543
0.0628418
0.0628292
0.0628166
0.0628039
0.0627912
0.0627785
0.0627657
0.0627529
0.06274
0.0627271
0.0627142
0.0627012
0.0626882
0.0626751
0.062662
0.0626489
0.0626357
0.0626225
0.0626093
0.062596
0.0625827
0.0625693
0.0625559
0.0625425
0.062529
0.0625155
0.062502
0.0624884
0.0624748
0.0624611
0.0624474
0.0624337
0.0624199
0.0624061
0.0623923
0.0623784
0.0623645
0.0623505
0.0623365
0.0623225
0.0623084
0.0622943
0.0622802
0.062266
0.0622518
0.0622376
0.0622233
0.062209
0.0621947
0.0621803
0.0621659
0.0621514
0.0621369
0.0621224
0.0621079
0.0620933
0.0620787
0.062064
0.0620493
0.0620346
0.0620198
0.062005
0.0619902
0.0619753
0.0619604
0.0619455
0.0619306
0.0619156
0.0619005
0.0618855
0.0618704
0.0618553
0.0618401
0.0618249
0.0618097
0.0617945
0.0617792
0.0617639
0.0617485
0.0617331
0.0617177
0.0617023
0.0616868
0.0616713
0.0616558
0.0616402
0.0616246
0.061609
0.0615934
0.0615777
0.061562
0.0615462
0.0615305
0.0615147
0.061499
0.0614831
0.0614674
0.0614515
0.0614358
0.06142
0.0614035
0.0613872
0.0613698
0.0613516
0.0613342
0.0613173
0.0613003
0.0612833
0.0612663
0.0612492
0.0612322
0.0612151
0.061198
0.0611809
0.0611637
0.0611466
0.0611293
0.0611121
0.0610949
0.0610776
0.0610603
0.0610429
0.0610256
0.0610082
0.0609908
0.0609733
0.0609558
0.0609384
0.0609207
0.0609033
0.0608856
0.0608681
0.0608502
0.0608332
0.0608146
0.0633882
0.0633759
0.0633646
0.0633545
0.0633441
0.0633332
0.0633223
0.0633114
0.0633005
0.0632895
0.0632785
0.0632675
0.0632564
0.0632453
0.0632341
0.0632229
0.0632116
0.0632003
0.0631889
0.0631775
0.0631661
0.0631546
0.0631431
0.0631316
0.06312
0.0631083
0.0630966
0.0630849
0.0630731
0.0630613
0.0630495
0.0630376
0.0630257
0.0630137
0.0630017
0.0629896
0.0629775
0.0629654
0.0629532
0.062941
0.0629287
0.0629164
0.0629041
0.0628917
0.0628793
0.0628668
0.0628543
0.0628418
0.0628292
0.0628166
0.0628039
0.0627912
0.0627785
0.0627657
0.0627529
0.06274
0.0627271
0.0627142
0.0627012
0.0626882
0.0626751
0.0626621
0.0626489
0.0626358
0.0626226
0.0626093
0.062596
0.0625827
0.0625693
0.0625559
0.0625425
0.062529
0.0625155
0.062502
0.0624884
0.0624748
0.0624611
0.0624474
0.0624337
0.0624199
0.0624061
0.0623923
0.0623784
0.0623645
0.0623505
0.0623365
0.0623225
0.0623085
0.0622944
0.0622802
0.0622661
0.0622518
0.0622376
0.0622233
0.062209
0.0621947
0.0621803
0.0621659
0.0621514
0.0621369
0.0621224
0.0621079
0.0620933
0.0620787
0.062064
0.0620493
0.0620346
0.0620198
0.062005
0.0619902
0.0619753
0.0619605
0.0619455
0.0619306
0.0619156
0.0619005
0.0618855
0.0618704
0.0618553
0.0618401
0.0618249
0.0618097
0.0617945
0.0617792
0.0617639
0.0617485
0.0617331
0.0617177
0.0617023
0.0616868
0.0616713
0.0616558
0.0616402
0.0616246
0.061609
0.0615934
0.0615777
0.061562
0.0615462
0.0615305
0.0615147
0.061499
0.0614831
0.0614675
0.0614515
0.0614359
0.0614201
0.0614038
0.0613875
0.0613698
0.0613516
0.061334
0.0613172
0.0613003
0.0612832
0.0612662
0.0612492
0.0612321
0.061215
0.0611979
0.0611808
0.0611637
0.0611465
0.0611293
0.0611121
0.0610948
0.0610776
0.0610602
0.0610429
0.0610256
0.0610082
0.0609908
0.0609733
0.0609558
0.0609384
0.0609207
0.0609033
0.0608855
0.0608679
0.06085
0.0608326
0.0608146
0.0607954
0.0633882
0.0633759
0.0633646
0.0633545
0.0633441
0.0633332
0.0633223
0.0633114
0.0633005
0.0632895
0.0632785
0.0632675
0.0632564
0.0632453
0.0632341
0.0632229
0.0632116
0.0632003
0.0631889
0.0631776
0.0631661
0.0631546
0.0631431
0.0631316
0.06312
0.0631083
0.0630966
0.0630849
0.0630731
0.0630613
0.0630495
0.0630376
0.0630257
0.0630137
0.0630017
0.0629896
0.0629775
0.0629654
0.0629532
0.062941
0.0629287
0.0629164
0.0629041
0.0628917
0.0628793
0.0628668
0.0628543
0.0628418
0.0628292
0.0628166
0.0628039
0.0627912
0.0627785
0.0627657
0.0627529
0.06274
0.0627271
0.0627142
0.0627012
0.0626882
0.0626752
0.0626621
0.0626489
0.0626358
0.0626226
0.0626093
0.062596
0.0625827
0.0625694
0.062556
0.0625425
0.0625291
0.0625155
0.062502
0.0624884
0.0624748
0.0624611
0.0624474
0.0624337
0.0624199
0.0624061
0.0623923
0.0623784
0.0623645
0.0623505
0.0623365
0.0623225
0.0623085
0.0622944
0.0622802
0.0622661
0.0622519
0.0622376
0.0622233
0.062209
0.0621947
0.0621803
0.0621659
0.0621514
0.062137
0.0621224
0.0621079
0.0620933
0.0620787
0.062064
0.0620493
0.0620346
0.0620198
0.062005
0.0619902
0.0619754
0.0619605
0.0619455
0.0619306
0.0619156
0.0619006
0.0618855
0.0618704
0.0618553
0.0618401
0.0618249
0.0618097
0.0617945
0.0617792
0.0617639
0.0617485
0.0617331
0.0617177
0.0617023
0.0616868
0.0616713
0.0616558
0.0616402
0.0616246
0.061609
0.0615933
0.0615777
0.061562
0.0615462
0.0615305
0.0615147
0.061499
0.0614831
0.0614676
0.0614516
0.0614362
0.0614206
0.0614045
0.0613884
0.0613699
0.0613511
0.0613338
0.0613171
0.0613001
0.061283
0.0612661
0.0612491
0.061232
0.0612149
0.0611978
0.0611807
0.0611636
0.0611464
0.0611292
0.061112
0.0610947
0.0610775
0.0610601
0.0610428
0.0610254
0.061008
0.0609906
0.0609732
0.0609557
0.0609382
0.0609205
0.060903
0.0608853
0.0608679
0.06085
0.0608326
0.0608141
0.0607955
0.0607754
0.0633883
0.0633758
0.0633646
0.0633545
0.0633441
0.0633332
0.0633223
0.0633114
0.0633005
0.0632896
0.0632786
0.0632675
0.0632564
0.0632453
0.0632341
0.0632229
0.0632116
0.0632003
0.063189
0.0631776
0.0631661
0.0631547
0.0631431
0.0631316
0.06312
0.0631083
0.0630967
0.0630849
0.0630732
0.0630614
0.0630495
0.0630376
0.0630257
0.0630137
0.0630017
0.0629896
0.0629775
0.0629654
0.0629532
0.062941
0.0629287
0.0629164
0.0629041
0.0628917
0.0628793
0.0628668
0.0628543
0.0628418
0.0628292
0.0628166
0.0628039
0.0627912
0.0627785
0.0627657
0.0627529
0.06274
0.0627271
0.0627142
0.0627012
0.0626882
0.0626752
0.0626621
0.062649
0.0626358
0.0626226
0.0626093
0.0625961
0.0625827
0.0625694
0.062556
0.0625425
0.0625291
0.0625156
0.062502
0.0624884
0.0624748
0.0624611
0.0624475
0.0624337
0.06242
0.0624061
0.0623923
0.0623784
0.0623645
0.0623506
0.0623366
0.0623225
0.0623085
0.0622944
0.0622802
0.0622661
0.0622519
0.0622376
0.0622234
0.062209
0.0621947
0.0621803
0.0621659
0.0621515
0.062137
0.0621224
0.0621079
0.0620933
0.0620787
0.062064
0.0620493
0.0620346
0.0620198
0.0620051
0.0619902
0.0619754
0.0619605
0.0619455
0.0619306
0.0619156
0.0619006
0.0618855
0.0618704
0.0618553
0.0618401
0.061825
0.0618097
0.0617945
0.0617792
0.0617639
0.0617485
0.0617331
0.0617177
0.0617023
0.0616868
0.0616713
0.0616558
0.0616402
0.0616246
0.061609
0.0615934
0.0615777
0.061562
0.0615463
0.0615305
0.0615147
0.061499
0.0614831
0.0614676
0.0614516
0.0614363
0.0614207
0.0614049
0.0613889
0.0613701
0.0613512
0.0613335
0.0613169
0.0613001
0.0612831
0.0612661
0.061249
0.061232
0.0612149
0.0611978
0.0611807
0.0611636
0.0611464
0.0611292
0.061112
0.0610947
0.0610774
0.0610601
0.0610428
0.0610254
0.061008
0.0609906
0.0609732
0.0609557
0.0609382
0.0609206
0.0609031
0.0608853
0.0608678
0.0608498
0.0608322
0.0608138
0.0607951
0.0607761
)
;

boundaryField
{
    inlet
    {
        type            calculated;
        value           nonuniform List<scalar> 0();
    }
    outlet
    {
        type            calculated;
        value           nonuniform List<scalar> 0();
    }
    lowerWall
    {
        type            calculated;
        value           uniform 0;
    }
    upperWall
    {
        type            calculated;
        value           nonuniform List<scalar> 0();
    }
    frontAndBack
    {
        type            calculated;
        value           uniform 0;
    }
    procBoundary2to5
    {
        type            processor;
        value           nonuniform List<scalar> 
148
(
0.0633882
0.0633758
0.0633646
0.0633545
0.0633441
0.0633332
0.0633223
0.0633114
0.0633005
0.0632895
0.0632785
0.0632675
0.0632564
0.0632453
0.0632341
0.0632229
0.0632116
0.0632003
0.063189
0.0631776
0.0631661
0.0631547
0.0631431
0.0631316
0.06312
0.0631083
0.0630966
0.0630849
0.0630732
0.0630613
0.0630495
0.0630376
0.0630257
0.0630137
0.0630017
0.0629896
0.0629775
0.0629654
0.0629532
0.062941
0.0629287
0.0629164
0.0629041
0.0628917
0.0628793
0.0628668
0.0628543
0.0628418
0.0628292
0.0628166
0.0628039
0.0627912
0.0627785
0.0627657
0.0627529
0.06274
0.0627271
0.0627142
0.0627012
0.0626882
0.0626752
0.0626621
0.0626489
0.0626358
0.0626226
0.0626093
0.062596
0.0625827
0.0625694
0.062556
0.0625425
0.0625291
0.0625156
0.062502
0.0624884
0.0624748
0.0624611
0.0624474
0.0624337
0.0624199
0.0624061
0.0623923
0.0623784
0.0623645
0.0623505
0.0623366
0.0623225
0.0623085
0.0622944
0.0622802
0.0622661
0.0622519
0.0622376
0.0622234
0.062209
0.0621947
0.0621803
0.0621659
0.0621514
0.062137
0.0621224
0.0621079
0.0620933
0.0620787
0.062064
0.0620493
0.0620346
0.0620198
0.062005
0.0619902
0.0619754
0.0619605
0.0619455
0.0619306
0.0619156
0.0619006
0.0618855
0.0618704
0.0618553
0.0618401
0.0618249
0.0618097
0.0617945
0.0617792
0.0617639
0.0617485
0.0617331
0.0617177
0.0617023
0.0616868
0.0616713
0.0616558
0.0616402
0.0616246
0.061609
0.0615933
0.0615777
0.061562
0.0615462
0.0615305
0.0615147
0.061499
0.0614831
0.0614676
0.0614516
0.0614366
0.0614212
0.0614066
)
;
    }
    procBoundary2to7
    {
        type            processor;
        value           nonuniform List<scalar> 
50
(
0.0277874
0.0511105
0.0599335
0.062583
0.0632354
0.0633707
0.0633949
0.0633987
0.0633992
0.0633992
0.0633992
0.0633992
0.0633992
0.0633992
0.0633992
0.0633992
0.0633992
0.0633992
0.0633992
0.0633992
0.0633992
0.0633992
0.0633992
0.0633992
0.0633992
0.0633992
0.0633992
0.0633992
0.0633992
0.0633992
0.0633992
0.0633992
0.0633992
0.0633992
0.0633993
0.0633993
0.0633993
0.0633993
0.0633993
0.0633993
0.0633993
0.0633993
0.0633993
0.0633993
0.0633993
0.0633993
0.0633993
0.0633993
0.0633994
0.0633994
)
;
    }
    procBoundary2to8
    {
        type            processor;
        value           nonuniform List<scalar> 
85
(
0.0275544
0.0275544
0.0503739
0.0584261
0.0584261
0.0606797
0.0606797
0.0611916
0.0611916
0.0612784
0.0612991
0.0612991
0.0612828
0.0612828
0.0612648
0.0612648
0.0612466
0.0612493
0.0612493
0.0612304
0.0612304
0.0612118
0.0612147
0.0612147
0.0611958
0.0611958
0.0611779
0.0611779
0.0611598
0.0611624
0.0611624
0.0611437
0.0611437
0.0611252
0.0611279
0.0611279
0.061109
0.061109
0.0610912
0.0610912
0.0610732
0.0610756
0.0610756
0.061057
0.061057
0.0610384
0.0610411
0.0610411
0.0610223
0.0610223
0.0610043
0.0610043
0.0609862
0.0609887
0.0609887
0.0609698
0.0609698
0.0609513
0.060954
0.060954
0.060935
0.060935
0.0609169
0.0609169
0.0608987
0.0609012
0.0609012
0.0608823
0.0608823
0.0608638
0.0608638
0.0608455
0.0608478
0.0608478
0.0608287
0.0608287
0.0608097
0.060812
0.060812
0.0607925
0.0607925
0.0607736
0.0607736
0.0607546
0.060756
)
;
    }
    procBoundary2to11
    {
        type            processor;
        value           nonuniform List<scalar> 
36
(
0.0613897
0.061369
0.0613506
0.0613334
0.0613168
0.0612998
0.0612828
0.0612659
0.0612489
0.0612318
0.0612148
0.0611977
0.0611806
0.0611635
0.0611463
0.0611291
0.0611119
0.0610946
0.0610774
0.0610601
0.0610427
0.0610254
0.061008
0.0609905
0.0609731
0.0609556
0.0609381
0.0609205
0.0609029
0.0608852
0.0608676
0.0608497
0.060832
0.0608138
0.0607951
0.0607764
)
;
    }
}


// ************************************************************************* //
