/*--------------------------------*- C++ -*----------------------------------*\
| =========                 |                                                 |
| \\      /  F ield         | OpenFOAM: The Open Source CFD Toolbox           |
|  \\    /   O peration     | Version:  2512                                  |
|   \\  /    A nd           | Website:  www.openfoam.com                      |
|    \\/     M anipulation  |                                                 |
\*---------------------------------------------------------------------------*/
FoamFile
{
    version     2.0;
    format      ascii;
    arch        "LSB;label=32;scalar=64";
    note        "nPoints:17138  nCells:8333  nFaces:33567  nInternalFaces:16431";
    class       labelList;
    location    "constant/polyMesh";
    object      neighbour;
}
// * * * * * * * * * * * * * * * * * * * * * * * * * * * * * * * * * * * * * //


16431
(
1
148
2
149
3
150
4
151
5
152
6
153
7
154
8
155
9
156
10
157
11
158
12
159
13
160
14
161
15
162
16
163
17
164
18
165
19
166
20
167
21
168
22
169
23
170
24
171
25
172
26
173
27
174
28
175
29
176
30
177
31
178
32
179
33
180
34
181
35
182
36
183
37
184
38
185
39
186
40
187
41
188
42
189
43
190
44
191
45
192
46
193
47
194
48
195
49
196
50
197
51
198
52
199
53
200
54
201
55
202
56
203
57
204
58
205
59
206
60
207
61
208
62
209
63
210
64
211
65
212
66
213
67
214
68
215
69
216
70
217
71
218
72
219
73
220
74
221
75
222
76
223
77
224
78
225
79
226
80
227
81
228
82
229
83
230
84
231
85
232
86
233
87
234
88
235
89
236
90
237
91
238
92
239
93
240
94
241
95
242
96
243
97
244
98
245
99
246
100
247
101
248
102
249
103
250
104
251
105
252
106
253
107
254
108
255
109
256
110
257
111
258
112
259
113
260
114
261
115
262
116
263
117
264
118
265
119
266
120
267
121
268
122
269
123
270
124
271
125
272
126
273
127
274
128
275
129
276
130
277
131
278
132
279
133
280
134
281
135
282
136
283
137
284
138
285
139
286
140
287
141
288
142
289
143
290
144
291
145
292
146
293
147
294
295
149
297
150
298
151
299
152
300
153
301
154
302
155
303
156
304
157
305
158
306
159
307
160
308
161
309
162
310
163
311
164
312
165
313
166
314
167
315
168
316
169
317
170
318
171
319
172
320
173
321
174
322
175
323
176
324
177
325
178
326
179
327
180
328
181
329
182
330
183
331
184
332
185
333
186
334
187
335
188
336
189
337
190
338
191
339
192
340
193
341
194
342
195
343
196
344
197
345
198
346
199
347
200
348
201
349
202
350
203
351
204
352
205
353
206
354
207
355
208
356
209
357
210
358
211
359
212
360
213
361
214
362
215
363
216
364
217
365
218
366
219
367
220
368
221
369
222
370
223
371
224
372
225
373
226
374
227
375
228
376
229
377
230
378
231
379
232
380
233
381
234
382
235
383
236
384
237
385
238
386
239
387
240
388
241
389
242
390
243
391
244
392
245
393
246
394
247
395
248
396
249
397
250
398
251
399
252
400
253
401
254
402
255
403
256
404
257
405
258
406
259
407
260
408
261
409
262
410
263
411
264
412
265
413
266
414
267
415
268
416
269
417
270
418
271
419
272
420
273
421
274
422
275
423
276
424
277
425
278
426
279
427
280
428
281
429
282
430
283
431
284
432
285
433
286
434
287
435
288
436
289
437
290
438
291
439
292
440
293
441
294
442
295
443
296
444
445
298
447
299
448
300
449
301
450
302
451
303
452
304
453
305
454
306
455
307
456
308
457
309
458
310
459
311
460
312
461
313
462
314
463
315
464
316
465
317
466
318
467
319
468
320
469
321
470
322
471
323
472
324
473
325
474
326
475
327
476
328
477
329
478
330
479
331
480
332
481
333
482
334
483
335
484
336
485
337
486
338
487
339
488
340
489
341
490
342
491
343
492
344
493
345
494
346
495
347
496
348
497
349
498
350
499
351
500
352
501
353
502
354
503
355
504
356
505
357
506
358
507
359
508
360
509
361
510
362
511
363
512
364
513
365
514
366
515
367
516
368
517
369
518
370
519
371
520
372
521
373
522
374
523
375
524
376
525
377
526
378
527
379
528
380
529
381
530
382
531
383
532
384
533
385
534
386
535
387
536
388
537
389
538
390
539
391
540
392
541
393
542
394
543
395
544
396
545
397
546
398
547
399
548
400
549
401
550
402
551
403
552
404
553
405
554
406
555
407
556
408
557
409
558
410
559
411
560
412
561
413
562
414
563
415
564
416
565
417
566
418
567
419
568
420
569
421
570
422
571
423
572
424
573
425
574
426
575
427
576
428
577
429
578
430
579
431
580
432
581
433
582
434
583
435
584
436
585
437
586
438
587
439
588
440
589
441
590
442
591
443
592
444
593
445
594
446
595
596
448
598
449
599
450
600
451
601
452
602
453
603
454
604
455
605
456
606
457
607
458
608
459
609
460
610
461
611
462
612
463
613
464
614
465
615
466
616
467
617
468
618
469
619
470
620
471
621
472
622
473
623
474
624
475
625
476
626
477
627
478
628
479
629
480
630
481
631
482
632
483
633
484
634
485
635
486
636
487
637
488
638
489
639
490
640
491
641
492
642
493
643
494
644
495
645
496
646
497
647
498
648
499
649
500
650
501
651
502
652
503
653
504
654
505
655
506
656
507
657
508
658
509
659
510
660
511
661
512
662
513
663
514
664
515
665
516
666
517
667
518
668
519
669
520
670
521
671
522
672
523
673
524
674
525
675
526
676
527
677
528
678
529
679
530
680
531
681
532
682
533
683
534
684
535
685
536
686
537
687
538
688
539
689
540
690
541
691
542
692
543
693
544
694
545
695
546
696
547
697
548
698
549
699
550
700
551
701
552
702
553
703
554
704
555
705
556
706
557
707
558
708
559
709
560
710
561
711
562
712
563
713
564
714
565
715
566
716
567
717
568
718
569
719
570
720
571
721
572
722
573
723
574
724
575
725
576
726
577
727
578
728
579
729
580
730
581
731
582
732
583
733
584
734
585
735
586
736
587
737
588
738
589
739
590
740
591
741
592
742
593
743
594
744
595
745
596
746
597
747
748
599
749
600
750
601
751
602
752
603
753
604
754
605
755
606
756
607
757
608
758
609
759
610
760
611
761
612
762
613
763
614
764
615
765
616
766
617
767
618
768
619
769
620
770
621
771
622
772
623
773
624
774
625
775
626
776
627
777
628
778
629
779
630
780
631
781
632
782
633
783
634
784
635
785
636
786
637
787
638
788
639
789
640
790
641
791
642
792
643
793
644
794
645
795
646
796
647
797
648
798
649
799
650
800
651
801
652
802
653
803
654
804
655
805
656
806
657
807
658
808
659
809
660
810
661
811
662
812
663
813
664
814
665
815
666
816
667
817
668
818
669
819
670
820
671
821
672
822
673
823
674
824
675
825
676
826
677
827
678
828
679
829
680
830
681
831
682
832
683
833
684
834
685
835
686
836
687
837
688
838
689
839
690
840
691
841
692
842
693
843
694
844
695
845
696
846
697
847
698
848
699
849
700
850
701
851
702
852
703
853
704
854
705
855
706
856
707
857
708
858
709
859
710
860
711
861
712
862
713
863
714
864
715
865
716
866
717
867
718
868
719
869
720
870
721
871
722
872
723
873
724
874
725
875
726
876
727
877
728
878
729
879
730
880
731
881
732
882
733
883
734
884
735
885
736
886
737
887
738
888
739
889
740
890
741
891
742
892
743
893
744
894
745
895
746
896
747
897
748
898
899
750
901
751
902
752
903
753
904
754
905
755
906
756
907
757
908
758
909
759
910
760
911
761
912
762
913
763
914
764
915
765
916
766
917
767
918
768
919
769
920
770
921
771
922
772
923
773
924
774
925
775
926
776
927
777
928
778
929
779
930
780
931
781
932
782
933
783
934
784
935
785
936
786
937
787
938
788
939
789
940
790
941
791
942
792
943
793
944
794
945
795
946
796
947
797
948
798
949
799
950
800
951
801
952
802
953
803
954
804
955
805
956
806
957
807
958
808
959
809
960
810
961
811
962
812
963
813
964
814
965
815
966
816
967
817
968
818
969
819
970
820
971
821
972
822
973
823
974
824
975
825
976
826
977
827
978
828
979
829
980
830
981
831
982
832
983
833
984
834
985
835
986
836
987
837
988
838
989
839
990
840
991
841
992
842
993
843
994
844
995
845
996
846
997
847
998
848
999
849
1000
850
1001
851
1002
852
1003
853
1004
854
1005
855
1006
856
1007
857
1008
858
1009
859
1010
860
1011
861
1012
862
1013
863
1014
864
1015
865
1016
866
1017
867
1018
868
1019
869
1020
870
1021
871
1022
872
1023
873
1024
874
1025
875
1026
876
1027
877
1028
878
1029
879
1030
880
1031
881
1032
882
1033
883
1034
884
1035
885
1036
886
1037
887
1038
888
1039
889
1040
890
1041
891
1042
892
1043
893
1044
894
1045
895
1046
896
1047
897
1048
898
1049
899
1050
900
1051
1052
902
1054
903
1055
904
1056
905
1057
906
1058
907
1059
908
1060
909
1061
910
1062
911
1063
912
1064
913
1065
914
1066
915
1067
916
1068
917
1069
918
1070
919
1071
920
1072
921
1073
922
1074
923
1075
924
1076
925
1077
926
1078
927
1079
928
1080
929
1081
930
1082
931
1083
932
1084
933
1085
934
1086
935
1087
936
1088
937
1089
938
1090
939
1091
940
1092
941
1093
942
1094
943
1095
944
1096
945
1097
946
1098
947
1099
948
1100
949
1101
950
1102
951
1103
952
1104
953
1105
954
1106
955
1107
956
1108
957
1109
958
1110
959
1111
960
1112
961
1113
962
1114
963
1115
964
1116
965
1117
966
1118
967
1119
968
1120
969
1121
970
1122
971
1123
972
1124
973
1125
974
1126
975
1127
976
1128
977
1129
978
1130
979
1131
980
1132
981
1133
982
1134
983
1135
984
1136
985
1137
986
1138
987
1139
988
1140
989
1141
990
1142
991
1143
992
1144
993
1145
994
1146
995
1147
996
1148
997
1149
998
1150
999
1151
1000
1152
1001
1153
1002
1154
1003
1155
1004
1156
1005
1157
1006
1158
1007
1159
1008
1160
1009
1161
1010
1162
1011
1163
1012
1164
1013
1165
1014
1166
1015
1167
1016
1168
1017
1169
1018
1170
1019
1171
1020
1172
1021
1173
1022
1174
1023
1175
1024
1176
1025
1177
1026
1178
1027
1179
1028
1180
1029
1181
1030
1182
1031
1183
1032
1184
1033
1185
1034
1186
1035
1187
1036
1188
1037
1189
1038
1190
1039
1191
1040
1192
1041
1193
1042
1194
1043
1195
1044
1196
1045
1197
1046
1198
1047
1199
1048
1200
1049
1201
1050
1202
1051
1203
1052
1204
1053
1205
1206
1055
1207
1056
1208
1057
1209
1058
1210
1059
1211
1060
1212
1061
1213
1062
1214
1063
1215
1064
1216
1065
1217
1066
1218
1067
1219
1068
1220
1069
1221
1070
1222
1071
1223
1072
1224
1073
1225
1074
1226
1075
1227
1076
1228
1077
1229
1078
1230
1079
1231
1080
1232
1081
1233
1082
1234
1083
1235
1084
1236
1085
1237
1086
1238
1087
1239
1088
1240
1089
1241
1090
1242
1091
1243
1092
1244
1093
1245
1094
1246
1095
1247
1096
1248
1097
1249
1098
1250
1099
1251
1100
1252
1101
1253
1102
1254
1103
1255
1104
1256
1105
1257
1106
1258
1107
1259
1108
1260
1109
1261
1110
1262
1111
1263
1112
1264
1113
1265
1114
1266
1115
1267
1116
1268
1117
1269
1118
1270
1119
1271
1120
1272
1121
1273
1122
1274
1123
1275
1124
1276
1125
1277
1126
1278
1127
1279
1128
1280
1129
1281
1130
1282
1131
1283
1132
1284
1133
1285
1134
1286
1135
1287
1136
1288
1137
1289
1138
1290
1139
1291
1140
1292
1141
1293
1142
1294
1143
1295
1144
1296
1145
1297
1146
1298
1147
1299
1148
1300
1149
1301
1150
1302
1151
1303
1152
1304
1153
1305
1154
1306
1155
1307
1156
1308
1157
1309
1158
1310
1159
1311
1160
1312
1161
1313
1162
1314
1163
1315
1164
1316
1165
1317
1166
1318
1167
1319
1168
1320
1169
1321
1170
1322
1171
1323
1172
1324
1173
1325
1174
1326
1175
1327
1176
1328
1177
1329
1178
1330
1179
1331
1180
1332
1181
1333
1182
1334
1183
1335
1184
1336
1185
1337
1186
1338
1187
1339
1188
1340
1189
1341
1190
1342
1191
1343
1192
1344
1193
1345
1194
1346
1195
1347
1196
1348
1197
1349
1198
1350
1199
1351
1200
1352
1201
1353
1202
1354
1203
1355
1204
1356
1205
1357
1206
1358
1359
1208
1361
1209
1362
1210
1363
1211
1364
1212
1365
1213
1366
1214
1367
1215
1368
1216
1369
1217
1370
1218
1371
1219
1372
1220
1373
1221
1374
1222
1375
1223
1376
1224
1377
1225
1378
1226
1379
1227
1380
1228
1381
1229
1382
1230
1383
1231
1384
1232
1385
1233
1386
1234
1387
1235
1388
1236
1389
1237
1390
1238
1391
1239
1392
1240
1393
1241
1394
1242
1395
1243
1396
1244
1397
1245
1398
1246
1399
1247
1400
1248
1401
1249
1402
1250
1403
1251
1404
1252
1405
1253
1406
1254
1407
1255
1408
1256
1409
1257
1410
1258
1411
1259
1412
1260
1413
1261
1414
1262
1415
1263
1416
1264
1417
1265
1418
1266
1419
1267
1420
1268
1421
1269
1422
1270
1423
1271
1424
1272
1425
1273
1426
1274
1427
1275
1428
1276
1429
1277
1430
1278
1431
1279
1432
1280
1433
1281
1434
1282
1435
1283
1436
1284
1437
1285
1438
1286
1439
1287
1440
1288
1441
1289
1442
1290
1443
1291
1444
1292
1445
1293
1446
1294
1447
1295
1448
1296
1449
1297
1450
1298
1451
1299
1452
1300
1453
1301
1454
1302
1455
1303
1456
1304
1457
1305
1458
1306
1459
1307
1460
1308
1461
1309
1462
1310
1463
1311
1464
1312
1465
1313
1466
1314
1467
1315
1468
1316
1469
1317
1470
1318
1471
1319
1472
1320
1473
1321
1474
1322
1475
1323
1476
1324
1477
1325
1478
1326
1479
1327
1480
1328
1481
1329
1482
1330
1483
1331
1484
1332
1485
1333
1486
1334
1487
1335
1488
1336
1489
1337
1490
1338
1491
1339
1492
1340
1493
1341
1494
1342
1495
1343
1496
1344
1497
1345
1498
1346
1499
1347
1500
1348
1501
1349
1502
1350
1503
1351
1504
1352
1505
1353
1506
1354
1507
1355
1508
1356
1509
1357
1510
1358
1511
1359
1512
1360
1513
1514
1362
1516
1363
1517
1364
1518
1365
1519
1366
1520
1367
1521
1368
1522
1369
1523
1370
1524
1371
1525
1372
1526
1373
1527
1374
1528
1375
1529
1376
1530
1377
1531
1378
1532
1379
1533
1380
1534
1381
1535
1382
1536
1383
1537
1384
1538
1385
1539
1386
1540
1387
1541
1388
1542
1389
1543
1390
1544
1391
1545
1392
1546
1393
1547
1394
1548
1395
1549
1396
1550
1397
1551
1398
1552
1399
1553
1400
1554
1401
1555
1402
1556
1403
1557
1404
1558
1405
1559
1406
1560
1407
1561
1408
1562
1409
1563
1410
1564
1411
1565
1412
1566
1413
1567
1414
1568
1415
1569
1416
1570
1417
1571
1418
1572
1419
1573
1420
1574
1421
1575
1422
1576
1423
1577
1424
1578
1425
1579
1426
1580
1427
1581
1428
1582
1429
1583
1430
1584
1431
1585
1432
1586
1433
1587
1434
1588
1435
1589
1436
1590
1437
1591
1438
1592
1439
1593
1440
1594
1441
1595
1442
1596
1443
1597
1444
1598
1445
1599
1446
1600
1447
1601
1448
1602
1449
1603
1450
1604
1451
1605
1452
1606
1453
1607
1454
1608
1455
1609
1456
1610
1457
1611
1458
1612
1459
1613
1460
1614
1461
1615
1462
1616
1463
1617
1464
1618
1465
1619
1466
1620
1467
1621
1468
1622
1469
1623
1470
1624
1471
1625
1472
1626
1473
1627
1474
1628
1475
1629
1476
1630
1477
1631
1478
1632
1479
1633
1480
1634
1481
1635
1482
1636
1483
1637
1484
1638
1485
1639
1486
1640
1487
1641
1488
1642
1489
1643
1490
1644
1491
1645
1492
1646
1493
1647
1494
1648
1495
1649
1496
1650
1497
1651
1498
1652
1499
1653
1500
1654
1501
1655
1502
1656
1503
1657
1504
1658
1505
1659
1506
1660
1507
1661
1508
1662
1509
1663
1510
1664
1511
1665
1512
1666
1513
1667
1514
1668
1515
1669
1670
1517
1672
1518
1673
1519
1674
1520
1675
1521
1676
1522
1677
1523
1678
1524
1679
1525
1680
1526
1681
1527
1682
1528
1683
1529
1684
1530
1685
1531
1686
1532
1687
1533
1688
1534
1689
1535
1690
1536
1691
1537
1692
1538
1693
1539
1694
1540
1695
1541
1696
1542
1697
1543
1698
1544
1699
1545
1700
1546
1701
1547
1702
1548
1703
1549
1704
1550
1705
1551
1706
1552
1707
1553
1708
1554
1709
1555
1710
1556
1711
1557
1712
1558
1713
1559
1714
1560
1715
1561
1716
1562
1717
1563
1718
1564
1719
1565
1720
1566
1721
1567
1722
1568
1723
1569
1724
1570
1725
1571
1726
1572
1727
1573
1728
1574
1729
1575
1730
1576
1731
1577
1732
1578
1733
1579
1734
1580
1735
1581
1736
1582
1737
1583
1738
1584
1739
1585
1740
1586
1741
1587
1742
1588
1743
1589
1744
1590
1745
1591
1746
1592
1747
1593
1748
1594
1749
1595
1750
1596
1751
1597
1752
1598
1753
1599
1754
1600
1755
1601
1756
1602
1757
1603
1758
1604
1759
1605
1760
1606
1761
1607
1762
1608
1763
1609
1764
1610
1765
1611
1766
1612
1767
1613
1768
1614
1769
1615
1770
1616
1771
1617
1772
1618
1773
1619
1774
1620
1775
1621
1776
1622
1777
1623
1778
1624
1779
1625
1780
1626
1781
1627
1782
1628
1783
1629
1784
1630
1785
1631
1786
1632
1787
1633
1788
1634
1789
1635
1790
1636
1791
1637
1792
1638
1793
1639
1794
1640
1795
1641
1796
1642
1797
1643
1798
1644
1799
1645
1800
1646
1801
1647
1802
1648
1803
1649
1804
1650
1805
1651
1806
1652
1807
1653
1808
1654
1809
1655
1810
1656
1811
1657
1812
1658
1813
1659
1814
1660
1815
1661
1816
1662
1817
1663
1818
1664
1819
1665
1820
1666
1821
1667
1822
1668
1823
1669
1824
1670
1825
1671
1826
1827
1673
1828
1674
1829
1675
1830
1676
1831
1677
1832
1678
1833
1679
1834
1680
1835
1681
1836
1682
1837
1683
1838
1684
1839
1685
1840
1686
1841
1687
1842
1688
1843
1689
1844
1690
1845
1691
1846
1692
1847
1693
1848
1694
1849
1695
1850
1696
1851
1697
1852
1698
1853
1699
1854
1700
1855
1701
1856
1702
1857
1703
1858
1704
1859
1705
1860
1706
1861
1707
1862
1708
1863
1709
1864
1710
1865
1711
1866
1712
1867
1713
1868
1714
1869
1715
1870
1716
1871
1717
1872
1718
1873
1719
1874
1720
1875
1721
1876
1722
1877
1723
1878
1724
1879
1725
1880
1726
1881
1727
1882
1728
1883
1729
1884
1730
1885
1731
1886
1732
1887
1733
1888
1734
1889
1735
1890
1736
1891
1737
1892
1738
1893
1739
1894
1740
1895
1741
1896
1742
1897
1743
1898
1744
1899
1745
1900
1746
1901
1747
1902
1748
1903
1749
1904
1750
1905
1751
1906
1752
1907
1753
1908
1754
1909
1755
1910
1756
1911
1757
1912
1758
1913
1759
1914
1760
1915
1761
1916
1762
1917
1763
1918
1764
1919
1765
1920
1766
1921
1767
1922
1768
1923
1769
1924
1770
1925
1771
1926
1772
1927
1773
1928
1774
1929
1775
1930
1776
1931
1777
1932
1778
1933
1779
1934
1780
1935
1781
1936
1782
1937
1783
1938
1784
1939
1785
1940
1786
1941
1787
1942
1788
1943
1789
1944
1790
1945
1791
1946
1792
1947
1793
1948
1794
1949
1795
1950
1796
1951
1797
1952
1798
1953
1799
1954
1800
1955
1801
1956
1802
1957
1803
1958
1804
1959
1805
1960
1806
1961
1807
1962
1808
1963
1809
1964
1810
1965
1811
1966
1812
1967
1813
1968
1814
1969
1815
1970
1816
1971
1817
1972
1818
1973
1819
1974
1820
1975
1821
1976
1822
1977
1823
1978
1824
1979
1825
1980
1826
1981
1827
1982
1983
1829
1985
1830
1986
1831
1987
1832
1988
1833
1989
1834
1990
1835
1991
1836
1992
1837
1993
1838
1994
1839
1995
1840
1996
1841
1997
1842
1998
1843
1999
1844
2000
1845
2001
1846
2002
1847
2003
1848
2004
1849
2005
1850
2006
1851
2007
1852
2008
1853
2009
1854
2010
1855
2011
1856
2012
1857
2013
1858
2014
1859
2015
1860
2016
1861
2017
1862
2018
1863
2019
1864
2020
1865
2021
1866
2022
1867
2023
1868
2024
1869
2025
1870
2026
1871
2027
1872
2028
1873
2029
1874
2030
1875
2031
1876
2032
1877
2033
1878
2034
1879
2035
1880
2036
1881
2037
1882
2038
1883
2039
1884
2040
1885
2041
1886
2042
1887
2043
1888
2044
1889
2045
1890
2046
1891
2047
1892
2048
1893
2049
1894
2050
1895
2051
1896
2052
1897
2053
1898
2054
1899
2055
1900
2056
1901
2057
1902
2058
1903
2059
1904
2060
1905
2061
1906
2062
1907
2063
1908
2064
1909
2065
1910
2066
1911
2067
1912
2068
1913
2069
1914
2070
1915
2071
1916
2072
1917
2073
1918
2074
1919
2075
1920
2076
1921
2077
1922
2078
1923
2079
1924
2080
1925
2081
1926
2082
1927
2083
1928
2084
1929
2085
1930
2086
1931
2087
1932
2088
1933
2089
1934
2090
1935
2091
1936
2092
1937
2093
1938
2094
1939
2095
1940
2096
1941
2097
1942
2098
1943
2099
1944
2100
1945
2101
1946
2102
1947
2103
1948
2104
1949
2105
1950
2106
1951
2107
1952
2108
1953
2109
1954
2110
1955
2111
1956
2112
1957
2113
1958
2114
1959
2115
1960
2116
1961
2117
1962
2118
1963
2119
1964
2120
1965
2121
1966
2122
1967
2123
1968
2124
1969
2125
1970
2126
1971
2127
1972
2128
1973
2129
1974
2130
1975
2131
1976
2132
1977
2133
1978
2134
1979
2135
1980
2136
1981
2137
1982
2138
1983
2139
1984
2140
2141
1986
2143
1987
2144
1988
2145
1989
2146
1990
2147
1991
2148
1992
2149
1993
2150
1994
2151
1995
2152
1996
2153
1997
2154
1998
2155
1999
2156
2000
2157
2001
2158
2002
2159
2003
2160
2004
2161
2005
2162
2006
2163
2007
2164
2008
2165
2009
2166
2010
2167
2011
2168
2012
2169
2013
2170
2014
2171
2015
2172
2016
2173
2017
2174
2018
2175
2019
2176
2020
2177
2021
2178
2022
2179
2023
2180
2024
2181
2025
2182
2026
2183
2027
2184
2028
2185
2029
2186
2030
2187
2031
2188
2032
2189
2033
2190
2034
2191
2035
2192
2036
2193
2037
2194
2038
2195
2039
2196
2040
2197
2041
2198
2042
2199
2043
2200
2044
2201
2045
2202
2046
2203
2047
2204
2048
2205
2049
2206
2050
2207
2051
2208
2052
2209
2053
2210
2054
2211
2055
2212
2056
2213
2057
2214
2058
2215
2059
2216
2060
2217
2061
2218
2062
2219
2063
2220
2064
2221
2065
2222
2066
2223
2067
2224
2068
2225
2069
2226
2070
2227
2071
2228
2072
2229
2073
2230
2074
2231
2075
2232
2076
2233
2077
2234
2078
2235
2079
2236
2080
2237
2081
2238
2082
2239
2083
2240
2084
2241
2085
2242
2086
2243
2087
2244
2088
2245
2089
2246
2090
2247
2091
2248
2092
2249
2093
2250
2094
2251
2095
2252
2096
2253
2097
2254
2098
2255
2099
2256
2100
2257
2101
2258
2102
2259
2103
2260
2104
2261
2105
2262
2106
2263
2107
2264
2108
2265
2109
2266
2110
2267
2111
2268
2112
2269
2113
2270
2114
2271
2115
2272
2116
2273
2117
2274
2118
2275
2119
2276
2120
2277
2121
2278
2122
2279
2123
2280
2124
2281
2125
2282
2126
2283
2127
2284
2128
2285
2129
2286
2130
2287
2131
2288
2132
2289
2133
2290
2134
2291
2135
2292
2136
2293
2137
2294
2138
2295
2139
2296
2140
2297
2141
2298
2142
2299
2300
2144
2301
2145
2302
2146
2303
2147
2304
2148
2305
2149
2306
2150
2307
2151
2308
2152
2309
2153
2310
2154
2311
2155
2312
2156
2313
2157
2314
2158
2315
2159
2316
2160
2317
2161
2318
2162
2319
2163
2320
2164
2321
2165
2322
2166
2323
2167
2324
2168
2325
2169
2326
2170
2327
2171
2328
2172
2329
2173
2330
2174
2331
2175
2332
2176
2333
2177
2334
2178
2335
2179
2336
2180
2337
2181
2338
2182
2339
2183
2340
2184
2341
2185
2342
2186
2343
2187
2344
2188
2345
2189
2346
2190
2347
2191
2348
2192
2349
2193
2350
2194
2351
2195
2352
2196
2353
2197
2354
2198
2355
2199
2356
2200
2357
2201
2358
2202
2359
2203
2360
2204
2361
2205
2362
2206
2363
2207
2364
2208
2365
2209
2366
2210
2367
2211
2368
2212
2369
2213
2370
2214
2371
2215
2372
2216
2373
2217
2374
2218
2375
2219
2376
2220
2377
2221
2378
2222
2379
2223
2380
2224
2381
2225
2382
2226
2383
2227
2384
2228
2385
2229
2386
2230
2387
2231
2388
2232
2389
2233
2390
2234
2391
2235
2392
2236
2393
2237
2394
2238
2395
2239
2396
2240
2397
2241
2398
2242
2399
2243
2400
2244
2401
2245
2402
2246
2403
2247
2404
2248
2405
2249
2406
2250
2407
2251
2408
2252
2409
2253
2410
2254
2411
2255
2412
2256
2413
2257
2414
2258
2415
2259
2416
2260
2417
2261
2418
2262
2419
2263
2420
2264
2421
2265
2422
2266
2423
2267
2424
2268
2425
2269
2426
2270
2427
2271
2428
2272
2429
2273
2430
2274
2431
2275
2432
2276
2433
2277
2434
2278
2435
2279
2436
2280
2437
2281
2438
2282
2439
2283
2440
2284
2441
2285
2442
2286
2443
2287
2444
2288
2445
2289
2446
2290
2447
2291
2448
2292
2449
2293
2450
2294
2451
2295
2452
2296
2453
2297
2454
2298
2455
2299
2456
2300
2457
2458
2302
2461
2303
2462
2304
2463
2305
2464
2306
2465
2307
2466
2308
2467
2309
2468
2310
2469
2311
2470
2312
2471
2313
2472
2314
2473
2315
2474
2316
2475
2317
2476
2318
2477
2319
2478
2320
2479
2321
2480
2322
2481
2323
2482
2324
2483
2325
2484
2326
2485
2327
2486
2328
2487
2329
2488
2330
2489
2331
2490
2332
2491
2333
2492
2334
2493
2335
2494
2336
2495
2337
2496
2338
2497
2339
2498
2340
2499
2341
2500
2342
2501
2343
2502
2344
2503
2345
2504
2346
2505
2347
2506
2348
2507
2349
2508
2350
2509
2351
2510
2352
2511
2353
2512
2354
2513
2355
2514
2356
2515
2357
2516
2358
2517
2359
2518
2360
2519
2361
2520
2362
2521
2363
2522
2364
2523
2365
2524
2366
2525
2367
2526
2368
2527
2369
2528
2370
2529
2371
2530
2372
2531
2373
2532
2374
2533
2375
2534
2376
2535
2377
2536
2378
2537
2379
2538
2380
2539
2381
2540
2382
2541
2383
2542
2384
2543
2385
2544
2386
2545
2387
2546
2388
2547
2389
2548
2390
2549
2391
2550
2392
2551
2393
2552
2394
2553
2395
2554
2396
2555
2397
2556
2398
2557
2399
2558
2400
2559
2401
2560
2402
2561
2403
2562
2404
2563
2405
2564
2406
2565
2407
2566
2408
2567
2409
2568
2410
2569
2411
2570
2412
2571
2413
2572
2414
2573
2415
2574
2416
2575
2417
2576
2418
2577
2419
2578
2420
2579
2421
2580
2422
2581
2423
2582
2424
2583
2425
2584
2426
2585
2427
2586
2428
2587
2429
2588
2430
2589
2431
2590
2432
2591
2433
2592
2434
2593
2435
2594
2436
2595
2437
2596
2438
2597
2439
2598
2440
2599
2441
2600
2442
2601
2443
2602
2444
2603
2445
2604
2446
2605
2447
2606
2448
2607
2449
2608
2450
2609
2451
2610
2452
2611
2453
2612
2454
2613
2455
2614
2456
2615
2457
2616
2458
2617
2459
2618
2619
2461
2621
2462
2622
2463
2623
2464
2624
2465
2625
2466
2626
2467
2627
2468
2628
2469
2629
2470
2630
2471
2631
2472
2632
2473
2633
2474
2634
2475
2635
2476
2636
2477
2637
2478
2638
2479
2639
2480
2640
2481
2641
2482
2642
2483
2643
2484
2644
2485
2645
2486
2646
2487
2647
2488
2648
2489
2649
2490
2650
2491
2651
2492
2652
2493
2653
2494
2654
2495
2655
2496
2656
2497
2657
2498
2658
2499
2659
2500
2660
2501
2661
2502
2662
2503
2663
2504
2664
2505
2665
2506
2666
2507
2667
2508
2668
2509
2669
2510
2670
2511
2671
2512
2672
2513
2673
2514
2674
2515
2675
2516
2676
2517
2677
2518
2678
2519
2679
2520
2680
2521
2681
2522
2682
2523
2683
2524
2684
2525
2685
2526
2686
2527
2687
2528
2688
2529
2689
2530
2690
2531
2691
2532
2692
2533
2693
2534
2694
2535
2695
2536
2696
2537
2697
2538
2698
2539
2699
2540
2700
2541
2701
2542
2702
2543
2703
2544
2704
2545
2705
2546
2706
2547
2707
2548
2708
2549
2709
2550
2710
2551
2711
2552
2712
2553
2713
2554
2714
2555
2715
2556
2716
2557
2717
2558
2718
2559
2719
2560
2720
2561
2721
2562
2722
2563
2723
2564
2724
2565
2725
2566
2726
2567
2727
2568
2728
2569
2729
2570
2730
2571
2731
2572
2732
2573
2733
2574
2734
2575
2735
2576
2736
2577
2737
2578
2738
2579
2739
2580
2740
2581
2741
2582
2742
2583
2743
2584
2744
2585
2745
2586
2746
2587
2747
2588
2748
2589
2749
2590
2750
2591
2751
2592
2752
2593
2753
2594
2754
2595
2755
2596
2756
2597
2757
2598
2758
2599
2759
2600
2760
2601
2761
2602
2762
2603
2763
2604
2764
2605
2765
2606
2766
2607
2767
2608
2768
2609
2769
2610
2770
2611
2771
2612
2772
2613
2773
2614
2774
2615
2775
2616
2776
2617
2777
2618
2778
2619
2779
2620
2780
2781
2622
2783
2623
2784
2624
2785
2625
2786
2626
2787
2627
2788
2628
2789
2629
2790
2630
2791
2631
2792
2632
2793
2633
2794
2634
2795
2635
2796
2636
2797
2637
2798
2638
2799
2639
2800
2640
2801
2641
2802
2642
2803
2643
2804
2644
2805
2645
2806
2646
2807
2647
2808
2648
2809
2649
2810
2650
2811
2651
2812
2652
2813
2653
2814
2654
2815
2655
2816
2656
2817
2657
2818
2658
2819
2659
2820
2660
2821
2661
2822
2662
2823
2663
2824
2664
2825
2665
2826
2666
2827
2667
2828
2668
2829
2669
2830
2670
2831
2671
2832
2672
2833
2673
2834
2674
2835
2675
2836
2676
2837
2677
2838
2678
2839
2679
2840
2680
2841
2681
2842
2682
2843
2683
2844
2684
2845
2685
2846
2686
2847
2687
2848
2688
2849
2689
2850
2690
2851
2691
2852
2692
2853
2693
2854
2694
2855
2695
2856
2696
2857
2697
2858
2698
2859
2699
2860
2700
2861
2701
2862
2702
2863
2703
2864
2704
2865
2705
2866
2706
2867
2707
2868
2708
2869
2709
2870
2710
2871
2711
2872
2712
2873
2713
2874
2714
2875
2715
2876
2716
2877
2717
2878
2718
2879
2719
2880
2720
2881
2721
2882
2722
2883
2723
2884
2724
2885
2725
2886
2726
2887
2727
2888
2728
2889
2729
2890
2730
2891
2731
2892
2732
2893
2733
2894
2734
2895
2735
2896
2736
2897
2737
2898
2738
2899
2739
2900
2740
2901
2741
2902
2742
2903
2743
2904
2744
2905
2745
2906
2746
2907
2747
2908
2748
2909
2749
2910
2750
2911
2751
2912
2752
2913
2753
2914
2754
2915
2755
2916
2756
2917
2757
2918
2758
2919
2759
2920
2760
2921
2761
2922
2762
2923
2763
2924
2764
2925
2765
2926
2766
2927
2767
2928
2768
2929
2769
2930
2770
2931
2771
2932
2772
2933
2773
2934
2774
2935
2775
2936
2776
2937
2777
2938
2778
2939
2779
2940
2780
2941
2781
2942
2782
2943
2944
2784
2945
2785
2946
2786
2947
2787
2948
2788
2949
2789
2950
2790
2951
2791
2952
2792
2953
2793
2954
2794
2955
2795
2956
2796
2957
2797
2958
2798
2959
2799
2960
2800
2961
2801
2962
2802
2963
2803
2964
2804
2965
2805
2966
2806
2967
2807
2968
2808
2969
2809
2970
2810
2971
2811
2972
2812
2973
2813
2974
2814
2975
2815
2976
2816
2977
2817
2978
2818
2979
2819
2980
2820
2981
2821
2982
2822
2983
2823
2984
2824
2985
2825
2986
2826
2987
2827
2988
2828
2989
2829
2990
2830
2991
2831
2992
2832
2993
2833
2994
2834
2995
2835
2996
2836
2997
2837
2998
2838
2999
2839
3000
2840
3001
2841
3002
2842
3003
2843
3004
2844
3005
2845
3006
2846
3007
2847
3008
2848
3009
2849
3010
2850
3011
2851
3012
2852
3013
2853
3014
2854
3015
2855
3016
2856
3017
2857
3018
2858
3019
2859
3020
2860
3021
2861
3022
2862
3023
2863
3024
2864
3025
2865
3026
2866
3027
2867
3028
2868
3029
2869
3030
2870
3031
2871
3032
2872
3033
2873
3034
2874
3035
2875
3036
2876
3037
2877
3038
2878
3039
2879
3040
2880
3041
2881
3042
2882
3043
2883
3044
2884
3045
2885
3046
2886
3047
2887
3048
2888
3049
2889
3050
2890
3051
2891
3052
2892
3053
2893
3054
2894
3055
2895
3056
2896
3057
2897
3058
2898
3059
2899
3060
2900
3061
2901
3062
2902
3063
2903
3064
2904
3065
2905
3066
2906
3067
2907
3068
2908
3069
2909
3070
2910
3071
2911
3072
2912
3073
2913
3074
2914
3075
2915
3076
2916
3077
2917
3078
2918
3079
2919
3080
2920
3081
2921
3082
2922
3083
2923
3084
2924
3085
2925
3086
2926
3087
2927
3088
2928
3089
2929
3090
2930
3091
2931
3092
2932
3093
2933
3094
2934
3095
2935
3096
2936
3097
2937
3098
2938
3099
2939
3100
2940
3101
2941
3102
2942
3103
2943
3104
2944
3105
3106
2946
3108
2947
3109
2948
3110
2949
3111
2950
3112
2951
3113
2952
3114
2953
3115
2954
3116
2955
3117
2956
3118
2957
3119
2958
3120
2959
3121
2960
3122
2961
3123
2962
3124
2963
3125
2964
3126
2965
3127
2966
3128
2967
3129
2968
3130
2969
3131
2970
3132
2971
3133
2972
3134
2973
3135
2974
3136
2975
3137
2976
3138
2977
3139
2978
3140
2979
3141
2980
3142
2981
3143
2982
3144
2983
3145
2984
3146
2985
3147
2986
3148
2987
3149
2988
3150
2989
3151
2990
3152
2991
3153
2992
3154
2993
3155
2994
3156
2995
3157
2996
3158
2997
3159
2998
3160
2999
3161
3000
3162
3001
3163
3002
3164
3003
3165
3004
3166
3005
3167
3006
3168
3007
3169
3008
3170
3009
3171
3010
3172
3011
3173
3012
3174
3013
3175
3014
3176
3015
3177
3016
3178
3017
3179
3018
3180
3019
3181
3020
3182
3021
3183
3022
3184
3023
3185
3024
3186
3025
3187
3026
3188
3027
3189
3028
3190
3029
3191
3030
3192
3031
3193
3032
3194
3033
3195
3034
3196
3035
3197
3036
3198
3037
3199
3038
3200
3039
3201
3040
3202
3041
3203
3042
3204
3043
3205
3044
3206
3045
3207
3046
3208
3047
3209
3048
3210
3049
3211
3050
3212
3051
3213
3052
3214
3053
3215
3054
3216
3055
3217
3056
3218
3057
3219
3058
3220
3059
3221
3060
3222
3061
3223
3062
3224
3063
3225
3064
3226
3065
3227
3066
3228
3067
3229
3068
3230
3069
3231
3070
3232
3071
3233
3072
3234
3073
3235
3074
3236
3075
3237
3076
3238
3077
3239
3078
3240
3079
3241
3080
3242
3081
3243
3082
3244
3083
3245
3084
3246
3085
3247
3086
3248
3087
3249
3088
3250
3089
3251
3090
3252
3091
3253
3092
3254
3093
3255
3094
3256
3095
3257
3096
3258
3097
3259
3098
3260
3099
3261
3100
3262
3101
3263
3102
3264
3103
3265
3104
3266
3105
3267
3106
3268
3107
3269
3270
3109
3272
3110
3273
3111
3274
3112
3275
3113
3276
3114
3277
3115
3278
3116
3279
3117
3280
3118
3281
3119
3282
3120
3283
3121
3284
3122
3285
3123
3286
3124
3287
3125
3288
3126
3289
3127
3290
3128
3291
3129
3292
3130
3293
3131
3294
3132
3295
3133
3296
3134
3297
3135
3298
3136
3299
3137
3300
3138
3301
3139
3302
3140
3303
3141
3304
3142
3305
3143
3306
3144
3307
3145
3308
3146
3309
3147
3310
3148
3311
3149
3312
3150
3313
3151
3314
3152
3315
3153
3316
3154
3317
3155
3318
3156
3319
3157
3320
3158
3321
3159
3322
3160
3323
3161
3324
3162
3325
3163
3326
3164
3327
3165
3328
3166
3329
3167
3330
3168
3331
3169
3332
3170
3333
3171
3334
3172
3335
3173
3336
3174
3337
3175
3338
3176
3339
3177
3340
3178
3341
3179
3342
3180
3343
3181
3344
3182
3345
3183
3346
3184
3347
3185
3348
3186
3349
3187
3350
3188
3351
3189
3352
3190
3353
3191
3354
3192
3355
3193
3356
3194
3357
3195
3358
3196
3359
3197
3360
3198
3361
3199
3362
3200
3363
3201
3364
3202
3365
3203
3366
3204
3367
3205
3368
3206
3369
3207
3370
3208
3371
3209
3372
3210
3373
3211
3374
3212
3375
3213
3376
3214
3377
3215
3378
3216
3379
3217
3380
3218
3381
3219
3382
3220
3383
3221
3384
3222
3385
3223
3386
3224
3387
3225
3388
3226
3389
3227
3390
3228
3391
3229
3392
3230
3393
3231
3394
3232
3395
3233
3396
3234
3397
3235
3398
3236
3399
3237
3400
3238
3401
3239
3402
3240
3403
3241
3404
3242
3405
3243
3406
3244
3407
3245
3408
3246
3409
3247
3410
3248
3411
3249
3412
3250
3413
3251
3414
3252
3415
3253
3416
3254
3417
3255
3418
3256
3419
3257
3420
3258
3421
3259
3422
3260
3423
3261
3424
3262
3425
3263
3426
3264
3427
3265
3428
3266
3429
3267
3430
3268
3431
3269
3432
3270
3433
3271
3434
3435
3273
3436
3274
3437
3275
3438
3276
3439
3277
3440
3278
3441
3279
3442
3280
3443
3281
3444
3282
3445
3283
3446
3284
3447
3285
3448
3286
3449
3287
3450
3288
3451
3289
3452
3290
3453
3291
3454
3292
3455
3293
3456
3294
3457
3295
3458
3296
3459
3297
3460
3298
3461
3299
3462
3300
3463
3301
3464
3302
3465
3303
3466
3304
3467
3305
3468
3306
3469
3307
3470
3308
3471
3309
3472
3310
3473
3311
3474
3312
3475
3313
3476
3314
3477
3315
3478
3316
3479
3317
3480
3318
3481
3319
3482
3320
3483
3321
3484
3322
3485
3323
3486
3324
3487
3325
3488
3326
3489
3327
3490
3328
3491
3329
3492
3330
3493
3331
3494
3332
3495
3333
3496
3334
3497
3335
3498
3336
3499
3337
3500
3338
3501
3339
3502
3340
3503
3341
3504
3342
3505
3343
3506
3344
3507
3345
3508
3346
3509
3347
3510
3348
3511
3349
3512
3350
3513
3351
3514
3352
3515
3353
3516
3354
3517
3355
3518
3356
3519
3357
3520
3358
3521
3359
3522
3360
3523
3361
3524
3362
3525
3363
3526
3364
3527
3365
3528
3366
3529
3367
3530
3368
3531
3369
3532
3370
3533
3371
3534
3372
3535
3373
3536
3374
3537
3375
3538
3376
3539
3377
3540
3378
3541
3379
3542
3380
3543
3381
3544
3382
3545
3383
3546
3384
3547
3385
3548
3386
3549
3387
3550
3388
3551
3389
3552
3390
3553
3391
3554
3392
3555
3393
3556
3394
3557
3395
3558
3396
3559
3397
3560
3398
3561
3399
3562
3400
3563
3401
3564
3402
3565
3403
3566
3404
3567
3405
3568
3406
3569
3407
3570
3408
3571
3409
3572
3410
3573
3411
3574
3412
3575
3413
3576
3414
3577
3415
3578
3416
3579
3417
3580
3418
3581
3419
3582
3420
3583
3421
3584
3422
3585
3423
3586
3424
3587
3425
3588
3426
3589
3427
3590
3428
3591
3429
3592
3430
3593
3431
3594
3432
3595
3433
3596
3434
3597
3435
3598
3599
3437
3601
3438
3602
3439
3603
3440
3604
3441
3605
3442
3606
3443
3607
3444
3608
3445
3609
3446
3610
3447
3611
3448
3612
3449
3613
3450
3614
3451
3615
3452
3616
3453
3617
3454
3618
3455
3619
3456
3620
3457
3621
3458
3622
3459
3623
3460
3624
3461
3625
3462
3626
3463
3627
3464
3628
3465
3629
3466
3630
3467
3631
3468
3632
3469
3633
3470
3634
3471
3635
3472
3636
3473
3637
3474
3638
3475
3639
3476
3640
3477
3641
3478
3642
3479
3643
3480
3644
3481
3645
3482
3646
3483
3647
3484
3648
3485
3649
3486
3650
3487
3651
3488
3652
3489
3653
3490
3654
3491
3655
3492
3656
3493
3657
3494
3658
3495
3659
3496
3660
3497
3661
3498
3662
3499
3663
3500
3664
3501
3665
3502
3666
3503
3667
3504
3668
3505
3669
3506
3670
3507
3671
3508
3672
3509
3673
3510
3674
3511
3675
3512
3676
3513
3677
3514
3678
3515
3679
3516
3680
3517
3681
3518
3682
3519
3683
3520
3684
3521
3685
3522
3686
3523
3687
3524
3688
3525
3689
3526
3690
3527
3691
3528
3692
3529
3693
3530
3694
3531
3695
3532
3696
3533
3697
3534
3698
3535
3699
3536
3700
3537
3701
3538
3702
3539
3703
3540
3704
3541
3705
3542
3706
3543
3707
3544
3708
3545
3709
3546
3710
3547
3711
3548
3712
3549
3713
3550
3714
3551
3715
3552
3716
3553
3717
3554
3718
3555
3719
3556
3720
3557
3721
3558
3722
3559
3723
3560
3724
3561
3725
3562
3726
3563
3727
3564
3728
3565
3729
3566
3730
3567
3731
3568
3732
3569
3733
3570
3734
3571
3735
3572
3736
3573
3737
3574
3738
3575
3739
3576
3740
3577
3741
3578
3742
3579
3743
3580
3744
3581
3745
3582
3746
3583
3747
3584
3748
3585
3749
3586
3750
3587
3751
3588
3752
3589
3753
3590
3754
3591
3755
3592
3756
3593
3757
3594
3758
3595
3759
3596
3760
3597
3761
3598
3762
3599
3763
3600
3764
3765
3602
3767
3603
3768
3604
3769
3605
3770
3606
3771
3607
3772
3608
3773
3609
3774
3610
3775
3611
3776
3612
3777
3613
3778
3614
3779
3615
3780
3616
3781
3617
3782
3618
3783
3619
3784
3620
3785
3621
3786
3622
3787
3623
3788
3624
3789
3625
3790
3626
3791
3627
3792
3628
3793
3629
3794
3630
3795
3631
3796
3632
3797
3633
3798
3634
3799
3635
3800
3636
3801
3637
3802
3638
3803
3639
3804
3640
3805
3641
3806
3642
3807
3643
3808
3644
3809
3645
3810
3646
3811
3647
3812
3648
3813
3649
3814
3650
3815
3651
3816
3652
3817
3653
3818
3654
3819
3655
3820
3656
3821
3657
3822
3658
3823
3659
3824
3660
3825
3661
3826
3662
3827
3663
3828
3664
3829
3665
3830
3666
3831
3667
3832
3668
3833
3669
3834
3670
3835
3671
3836
3672
3837
3673
3838
3674
3839
3675
3840
3676
3841
3677
3842
3678
3843
3679
3844
3680
3845
3681
3846
3682
3847
3683
3848
3684
3849
3685
3850
3686
3851
3687
3852
3688
3853
3689
3854
3690
3855
3691
3856
3692
3857
3693
3858
3694
3859
3695
3860
3696
3861
3697
3862
3698
3863
3699
3864
3700
3865
3701
3866
3702
3867
3703
3868
3704
3869
3705
3870
3706
3871
3707
3872
3708
3873
3709
3874
3710
3875
3711
3876
3712
3877
3713
3878
3714
3879
3715
3880
3716
3881
3717
3882
3718
3883
3719
3884
3720
3885
3721
3886
3722
3887
3723
3888
3724
3889
3725
3890
3726
3891
3727
3892
3728
3893
3729
3894
3730
3895
3731
3896
3732
3897
3733
3898
3734
3899
3735
3900
3736
3901
3737
3902
3738
3903
3739
3904
3740
3905
3741
3906
3742
3907
3743
3908
3744
3909
3745
3910
3746
3911
3747
3912
3748
3913
3749
3914
3750
3915
3751
3916
3752
3917
3753
3918
3754
3919
3755
3920
3756
3921
3757
3922
3758
3923
3759
3924
3760
3925
3761
3926
3762
3927
3763
3928
3764
3929
3765
3930
3766
3931
3932
3768
3934
3769
3935
3770
3936
3771
3937
3772
3938
3773
3939
3774
3940
3775
3941
3776
3942
3777
3943
3778
3944
3779
3945
3780
3946
3781
3947
3782
3948
3783
3949
3784
3950
3785
3951
3786
3952
3787
3953
3788
3954
3789
3955
3790
3956
3791
3957
3792
3958
3793
3959
3794
3960
3795
3961
3796
3962
3797
3963
3798
3964
3799
3965
3800
3966
3801
3967
3802
3968
3803
3969
3804
3970
3805
3971
3806
3972
3807
3973
3808
3974
3809
3975
3810
3976
3811
3977
3812
3978
3813
3979
3814
3980
3815
3981
3816
3982
3817
3983
3818
3984
3819
3985
3820
3986
3821
3987
3822
3988
3823
3989
3824
3990
3825
3991
3826
3992
3827
3993
3828
3994
3829
3995
3830
3996
3831
3997
3832
3998
3833
3999
3834
4000
3835
4001
3836
4002
3837
4003
3838
4004
3839
4005
3840
4006
3841
4007
3842
4008
3843
4009
3844
4010
3845
4011
3846
4012
3847
4013
3848
4014
3849
4015
3850
4016
3851
4017
3852
4018
3853
4019
3854
4020
3855
4021
3856
4022
3857
4023
3858
4024
3859
4025
3860
4026
3861
4027
3862
4028
3863
4029
3864
4030
3865
4031
3866
4032
3867
4033
3868
4034
3869
4035
3870
4036
3871
4037
3872
4038
3873
4039
3874
4040
3875
4041
3876
4042
3877
4043
3878
4044
3879
4045
3880
4046
3881
4047
3882
4048
3883
4049
3884
4050
3885
4051
3886
4052
3887
4053
3888
4054
3889
4055
3890
4056
3891
4057
3892
4058
3893
4059
3894
4060
3895
4061
3896
4062
3897
4063
3898
4064
3899
4065
3900
4066
3901
4067
3902
4068
3903
4069
3904
4070
3905
4071
3906
4072
3907
4073
3908
4074
3909
4075
3910
4076
3911
4077
3912
4078
3913
4079
3914
4080
3915
4081
3916
4082
3917
4083
3918
4084
3919
4085
3920
4086
3921
4087
3922
4088
3923
4089
3924
4090
3925
4091
3926
4092
3927
4093
3928
4094
3929
4095
3930
4096
3931
4097
3932
4098
3933
4099
4100
3935
4101
3936
4102
3937
4103
3938
4104
3939
4105
3940
4106
3941
4107
3942
4108
3943
4109
3944
4110
3945
4111
3946
4112
3947
4113
3948
4114
3949
4115
3950
4116
3951
4117
3952
4118
3953
4119
3954
4120
3955
4121
3956
4122
3957
4123
3958
4124
3959
4125
3960
4126
3961
4127
3962
4128
3963
4129
3964
4130
3965
4131
3966
4132
3967
4133
3968
4134
3969
4135
3970
4136
3971
4137
3972
4138
3973
4139
3974
4140
3975
4141
3976
4142
3977
4143
3978
4144
3979
4145
3980
4146
3981
4147
3982
4148
3983
4149
3984
4150
3985
4151
3986
4152
3987
4153
3988
4154
3989
4155
3990
4156
3991
4157
3992
4158
3993
4159
3994
4160
3995
4161
3996
4162
3997
4163
3998
4164
3999
4165
4000
4166
4001
4167
4002
4168
4003
4169
4004
4170
4005
4171
4006
4172
4007
4173
4008
4174
4009
4175
4010
4176
4011
4177
4012
4178
4013
4179
4014
4180
4015
4181
4016
4182
4017
4183
4018
4184
4019
4185
4020
4186
4021
4187
4022
4188
4023
4189
4024
4190
4025
4191
4026
4192
4027
4193
4028
4194
4029
4195
4030
4196
4031
4197
4032
4198
4033
4199
4034
4200
4035
4201
4036
4202
4037
4203
4038
4204
4039
4205
4040
4206
4041
4207
4042
4208
4043
4209
4044
4210
4045
4211
4046
4212
4047
4213
4048
4214
4049
4215
4050
4216
4051
4217
4052
4218
4053
4219
4054
4220
4055
4221
4056
4222
4057
4223
4058
4224
4059
4225
4060
4226
4061
4227
4062
4228
4063
4229
4064
4230
4065
4231
4066
4232
4067
4233
4068
4234
4069
4235
4070
4236
4071
4237
4072
4238
4073
4239
4074
4240
4075
4241
4076
4242
4077
4243
4078
4244
4079
4245
4080
4246
4081
4247
4082
4248
4083
4249
4084
4250
4085
4251
4086
4252
4087
4253
4088
4254
4089
4255
4090
4256
4091
4257
4092
4258
4093
4259
4094
4260
4095
4261
4096
4262
4097
4263
4098
4264
4099
4265
4100
4266
4267
4102
4269
4103
4270
4104
4271
4105
4272
4106
4273
4107
4274
4108
4275
4109
4276
4110
4277
4111
4278
4112
4279
4113
4280
4114
4281
4115
4282
4116
4283
4117
4284
4118
4285
4119
4286
4120
4287
4121
4288
4122
4289
4123
4290
4124
4291
4125
4292
4126
4293
4127
4294
4128
4295
4129
4296
4130
4297
4131
4298
4132
4299
4133
4300
4134
4301
4135
4302
4136
4303
4137
4304
4138
4305
4139
4306
4140
4307
4141
4308
4142
4309
4143
4310
4144
4311
4145
4312
4146
4313
4147
4314
4148
4315
4149
4316
4150
4317
4151
4318
4152
4319
4153
4320
4154
4321
4155
4322
4156
4323
4157
4324
4158
4325
4159
4326
4160
4327
4161
4328
4162
4329
4163
4330
4164
4331
4165
4332
4166
4333
4167
4334
4168
4335
4169
4336
4170
4337
4171
4338
4172
4339
4173
4340
4174
4341
4175
4342
4176
4343
4177
4344
4178
4345
4179
4346
4180
4347
4181
4348
4182
4349
4183
4350
4184
4351
4185
4352
4186
4353
4187
4354
4188
4355
4189
4356
4190
4357
4191
4358
4192
4359
4193
4360
4194
4361
4195
4362
4196
4363
4197
4364
4198
4365
4199
4366
4200
4367
4201
4368
4202
4369
4203
4370
4204
4371
4205
4372
4206
4373
4207
4374
4208
4375
4209
4376
4210
4377
4211
4378
4212
4379
4213
4380
4214
4381
4215
4382
4216
4383
4217
4384
4218
4385
4219
4386
4220
4387
4221
4388
4222
4389
4223
4390
4224
4391
4225
4392
4226
4393
4227
4394
4228
4395
4229
4396
4230
4397
4231
4398
4232
4399
4233
4400
4234
4401
4235
4402
4236
4403
4237
4404
4238
4405
4239
4406
4240
4407
4241
4408
4242
4409
4243
4410
4244
4411
4245
4412
4246
4413
4247
4414
4248
4415
4249
4416
4250
4417
4251
4418
4252
4419
4253
4420
4254
4421
4255
4422
4256
4423
4257
4424
4258
4425
4259
4426
4260
4427
4261
4428
4262
4429
4263
4430
4264
4431
4265
4432
4266
4433
4267
4434
4268
4435
4436
4270
4438
4271
4439
4272
4440
4273
4441
4274
4442
4275
4443
4276
4444
4277
4445
4278
4446
4279
4447
4280
4448
4281
4449
4282
4450
4283
4451
4284
4452
4285
4453
4286
4454
4287
4455
4288
4456
4289
4457
4290
4458
4291
4459
4292
4460
4293
4461
4294
4462
4295
4463
4296
4464
4297
4465
4298
4466
4299
4467
4300
4468
4301
4469
4302
4470
4303
4471
4304
4472
4305
4473
4306
4474
4307
4475
4308
4476
4309
4477
4310
4478
4311
4479
4312
4480
4313
4481
4314
4482
4315
4483
4316
4484
4317
4485
4318
4486
4319
4487
4320
4488
4321
4489
4322
4490
4323
4491
4324
4492
4325
4493
4326
4494
4327
4495
4328
4496
4329
4497
4330
4498
4331
4499
4332
4500
4333
4501
4334
4502
4335
4503
4336
4504
4337
4505
4338
4506
4339
4507
4340
4508
4341
4509
4342
4510
4343
4511
4344
4512
4345
4513
4346
4514
4347
4515
4348
4516
4349
4517
4350
4518
4351
4519
4352
4520
4353
4521
4354
4522
4355
4523
4356
4524
4357
4525
4358
4526
4359
4527
4360
4528
4361
4529
4362
4530
4363
4531
4364
4532
4365
4533
4366
4534
4367
4535
4368
4536
4369
4537
4370
4538
4371
4539
4372
4540
4373
4541
4374
4542
4375
4543
4376
4544
4377
4545
4378
4546
4379
4547
4380
4548
4381
4549
4382
4550
4383
4551
4384
4552
4385
4553
4386
4554
4387
4555
4388
4556
4389
4557
4390
4558
4391
4559
4392
4560
4393
4561
4394
4562
4395
4563
4396
4564
4397
4565
4398
4566
4399
4567
4400
4568
4401
4569
4402
4570
4403
4571
4404
4572
4405
4573
4406
4574
4407
4575
4408
4576
4409
4577
4410
4578
4411
4579
4412
4580
4413
4581
4414
4582
4415
4583
4416
4584
4417
4585
4418
4586
4419
4587
4420
4588
4421
4589
4422
4590
4423
4591
4424
4592
4425
4593
4426
4594
4427
4595
4428
4596
4429
4597
4430
4598
4431
4599
4432
4600
4433
4601
4434
4602
4435
4603
4436
4604
4437
4605
4606
4439
4607
4440
4608
4441
4609
4442
4610
4443
4611
4444
4612
4445
4613
4446
4614
4447
4615
4448
4616
4449
4617
4450
4618
4451
4619
4452
4620
4453
4621
4454
4622
4455
4623
4456
4624
4457
4625
4458
4626
4459
4627
4460
4628
4461
4629
4462
4630
4463
4631
4464
4632
4465
4633
4466
4634
4467
4635
4468
4636
4469
4637
4470
4638
4471
4639
4472
4640
4473
4641
4474
4642
4475
4643
4476
4644
4477
4645
4478
4646
4479
4647
4480
4648
4481
4649
4482
4650
4483
4651
4484
4652
4485
4653
4486
4654
4487
4655
4488
4656
4489
4657
4490
4658
4491
4659
4492
4660
4493
4661
4494
4662
4495
4663
4496
4664
4497
4665
4498
4666
4499
4667
4500
4668
4501
4669
4502
4670
4503
4671
4504
4672
4505
4673
4506
4674
4507
4675
4508
4676
4509
4677
4510
4678
4511
4679
4512
4680
4513
4681
4514
4682
4515
4683
4516
4684
4517
4685
4518
4686
4519
4687
4520
4688
4521
4689
4522
4690
4523
4691
4524
4692
4525
4693
4526
4694
4527
4695
4528
4696
4529
4697
4530
4698
4531
4699
4532
4700
4533
4701
4534
4702
4535
4703
4536
4704
4537
4705
4538
4706
4539
4707
4540
4708
4541
4709
4542
4710
4543
4711
4544
4712
4545
4713
4546
4714
4547
4715
4548
4716
4549
4717
4550
4718
4551
4719
4552
4720
4553
4721
4554
4722
4555
4723
4556
4724
4557
4725
4558
4726
4559
4727
4560
4728
4561
4729
4562
4730
4563
4731
4564
4732
4565
4733
4566
4734
4567
4735
4568
4736
4569
4737
4570
4738
4571
4739
4572
4740
4573
4741
4574
4742
4575
4743
4576
4744
4577
4745
4578
4746
4579
4747
4580
4748
4581
4749
4582
4750
4583
4751
4584
4752
4585
4753
4586
4754
4587
4755
4588
4756
4589
4757
4590
4758
4591
4759
4592
4760
4593
4761
4594
4762
4595
4763
4596
4764
4597
4765
4598
4766
4599
4767
4600
4768
4601
4769
4602
4770
4603
4771
4604
4772
4605
4773
4606
4774
4775
4608
4777
4609
4778
4610
4779
4611
4780
4612
4781
4613
4782
4614
4783
4615
4784
4616
4785
4617
4786
4618
4787
4619
4788
4620
4789
4621
4790
4622
4791
4623
4792
4624
4793
4625
4794
4626
4795
4627
4796
4628
4797
4629
4798
4630
4799
4631
4800
4632
4801
4633
4802
4634
4803
4635
4804
4636
4805
4637
4806
4638
4807
4639
4808
4640
4809
4641
4810
4642
4811
4643
4812
4644
4813
4645
4814
4646
4815
4647
4816
4648
4817
4649
4818
4650
4819
4651
4820
4652
4821
4653
4822
4654
4823
4655
4824
4656
4825
4657
4826
4658
4827
4659
4828
4660
4829
4661
4830
4662
4831
4663
4832
4664
4833
4665
4834
4666
4835
4667
4836
4668
4837
4669
4838
4670
4839
4671
4840
4672
4841
4673
4842
4674
4843
4675
4844
4676
4845
4677
4846
4678
4847
4679
4848
4680
4849
4681
4850
4682
4851
4683
4852
4684
4853
4685
4854
4686
4855
4687
4856
4688
4857
4689
4858
4690
4859
4691
4860
4692
4861
4693
4862
4694
4863
4695
4864
4696
4865
4697
4866
4698
4867
4699
4868
4700
4869
4701
4870
4702
4871
4703
4872
4704
4873
4705
4874
4706
4875
4707
4876
4708
4877
4709
4878
4710
4879
4711
4880
4712
4881
4713
4882
4714
4883
4715
4884
4716
4885
4717
4886
4718
4887
4719
4888
4720
4889
4721
4890
4722
4891
4723
4892
4724
4893
4725
4894
4726
4895
4727
4896
4728
4897
4729
4898
4730
4899
4731
4900
4732
4901
4733
4902
4734
4903
4735
4904
4736
4905
4737
4906
4738
4907
4739
4908
4740
4909
4741
4910
4742
4911
4743
4912
4744
4913
4745
4914
4746
4915
4747
4916
4748
4917
4749
4918
4750
4919
4751
4920
4752
4921
4753
4922
4754
4923
4755
4924
4756
4925
4757
4926
4758
4927
4759
4928
4760
4929
4761
4930
4762
4931
4763
4932
4764
4933
4765
4934
4766
4935
4767
4936
4768
4937
4769
4938
4770
4939
4771
4940
4772
4941
4773
4942
4774
4943
4775
4944
4776
4945
4946
4778
4948
4779
4949
4780
4950
4781
4951
4782
4952
4783
4953
4784
4954
4785
4955
4786
4956
4787
4957
4788
4958
4789
4959
4790
4960
4791
4961
4792
4962
4793
4963
4794
4964
4795
4965
4796
4966
4797
4967
4798
4968
4799
4969
4800
4970
4801
4971
4802
4972
4803
4973
4804
4974
4805
4975
4806
4976
4807
4977
4808
4978
4809
4979
4810
4980
4811
4981
4812
4982
4813
4983
4814
4984
4815
4985
4816
4986
4817
4987
4818
4988
4819
4989
4820
4990
4821
4991
4822
4992
4823
4993
4824
4994
4825
4995
4826
4996
4827
4997
4828
4998
4829
4999
4830
5000
4831
5001
4832
5002
4833
5003
4834
5004
4835
5005
4836
5006
4837
5007
4838
5008
4839
5009
4840
5010
4841
5011
4842
5012
4843
5013
4844
5014
4845
5015
4846
5016
4847
5017
4848
5018
4849
5019
4850
5020
4851
5021
4852
5022
4853
5023
4854
5024
4855
5025
4856
5026
4857
5027
4858
5028
4859
5029
4860
5030
4861
5031
4862
5032
4863
5033
4864
5034
4865
5035
4866
5036
4867
5037
4868
5038
4869
5039
4870
5040
4871
5041
4872
5042
4873
5043
4874
5044
4875
5045
4876
5046
4877
5047
4878
5048
4879
5049
4880
5050
4881
5051
4882
5052
4883
5053
4884
5054
4885
5055
4886
5056
4887
5057
4888
5058
4889
5059
4890
5060
4891
5061
4892
5062
4893
5063
4894
5064
4895
5065
4896
5066
4897
5067
4898
5068
4899
5069
4900
5070
4901
5071
4902
5072
4903
5073
4904
5074
4905
5075
4906
5076
4907
5077
4908
5078
4909
5079
4910
5080
4911
5081
4912
5082
4913
5083
4914
5084
4915
5085
4916
5086
4917
5087
4918
5088
4919
5089
4920
5090
4921
5091
4922
5092
4923
5093
4924
5094
4925
5095
4926
5096
4927
5097
4928
5098
4929
5099
4930
5100
4931
5101
4932
5102
4933
5103
4934
5104
4935
5105
4936
5106
4937
5107
4938
5108
4939
5109
4940
5110
4941
5111
4942
5112
4943
5113
4944
5114
4945
5115
4946
5116
4947
5117
5118
4949
5120
4950
5121
4951
5122
4952
5123
4953
5124
4954
5125
4955
5126
4956
5127
4957
5128
4958
5129
4959
5130
4960
5131
4961
5132
4962
5133
4963
5134
4964
5135
4965
5136
4966
5137
4967
5138
4968
5139
4969
5140
4970
5141
4971
5142
4972
5143
4973
5144
4974
5145
4975
5146
4976
5147
4977
5148
4978
5149
4979
5150
4980
5151
4981
5152
4982
5153
4983
5154
4984
5155
4985
5156
4986
5157
4987
5158
4988
5159
4989
5160
4990
5161
4991
5162
4992
5163
4993
5164
4994
5165
4995
5166
4996
5167
4997
5168
4998
5169
4999
5170
5000
5171
5001
5172
5002
5173
5003
5174
5004
5175
5005
5176
5006
5177
5007
5178
5008
5179
5009
5180
5010
5181
5011
5182
5012
5183
5013
5184
5014
5185
5015
5186
5016
5187
5017
5188
5018
5189
5019
5190
5020
5191
5021
5192
5022
5193
5023
5194
5024
5195
5025
5196
5026
5197
5027
5198
5028
5199
5029
5200
5030
5201
5031
5202
5032
5203
5033
5204
5034
5205
5035
5206
5036
5207
5037
5208
5038
5209
5039
5210
5040
5211
5041
5212
5042
5213
5043
5214
5044
5215
5045
5216
5046
5217
5047
5218
5048
5219
5049
5220
5050
5221
5051
5222
5052
5223
5053
5224
5054
5225
5055
5226
5056
5227
5057
5228
5058
5229
5059
5230
5060
5231
5061
5232
5062
5233
5063
5234
5064
5235
5065
5236
5066
5237
5067
5238
5068
5239
5069
5240
5070
5241
5071
5242
5072
5243
5073
5244
5074
5245
5075
5246
5076
5247
5077
5248
5078
5249
5079
5250
5080
5251
5081
5252
5082
5253
5083
5254
5084
5255
5085
5256
5086
5257
5087
5258
5088
5259
5089
5260
5090
5261
5091
5262
5092
5263
5093
5264
5094
5265
5095
5266
5096
5267
5097
5268
5098
5269
5099
5270
5100
5271
5101
5272
5102
5273
5103
5274
5104
5275
5105
5276
5106
5277
5107
5278
5108
5279
5109
5280
5110
5281
5111
5282
5112
5283
5113
5284
5114
5285
5115
5286
5116
5287
5117
5288
5118
5289
5119
5290
5291
5121
5292
5122
5293
5123
5294
5124
5295
5125
5296
5126
5297
5127
5298
5128
5299
5129
5300
5130
5301
5131
5302
5132
5303
5133
5304
5134
5305
5135
5306
5136
5307
5137
5308
5138
5309
5139
5310
5140
5311
5141
5312
5142
5313
5143
5314
5144
5315
5145
5316
5146
5317
5147
5318
5148
5319
5149
5320
5150
5321
5151
5322
5152
5323
5153
5324
5154
5325
5155
5326
5156
5327
5157
5328
5158
5329
5159
5330
5160
5331
5161
5332
5162
5333
5163
5334
5164
5335
5165
5336
5166
5337
5167
5338
5168
5339
5169
5340
5170
5341
5171
5342
5172
5343
5173
5344
5174
5345
5175
5346
5176
5347
5177
5348
5178
5349
5179
5350
5180
5351
5181
5352
5182
5353
5183
5354
5184
5355
5185
5356
5186
5357
5187
5358
5188
5359
5189
5360
5190
5361
5191
5362
5192
5363
5193
5364
5194
5365
5195
5366
5196
5367
5197
5368
5198
5369
5199
5370
5200
5371
5201
5372
5202
5373
5203
5374
5204
5375
5205
5376
5206
5377
5207
5378
5208
5379
5209
5380
5210
5381
5211
5382
5212
5383
5213
5384
5214
5385
5215
5386
5216
5387
5217
5388
5218
5389
5219
5390
5220
5391
5221
5392
5222
5393
5223
5394
5224
5395
5225
5396
5226
5397
5227
5398
5228
5399
5229
5400
5230
5401
5231
5402
5232
5403
5233
5404
5234
5405
5235
5406
5236
5407
5237
5408
5238
5409
5239
5410
5240
5411
5241
5412
5242
5413
5243
5414
5244
5415
5245
5416
5246
5417
5247
5418
5248
5419
5249
5420
5250
5421
5251
5422
5252
5423
5253
5424
5254
5425
5255
5426
5256
5427
5257
5428
5258
5429
5259
5430
5260
5431
5261
5432
5262
5433
5263
5434
5264
5435
5265
5436
5266
5437
5267
5438
5268
5439
5269
5440
5270
5441
5271
5442
5272
5443
5273
5444
5274
5445
5275
5446
5276
5447
5277
5448
5278
5449
5279
5450
5280
5451
5281
5452
5282
5453
5283
5454
5284
5455
5285
5456
5286
5457
5287
5458
5288
5459
5289
5460
5290
5461
5291
5462
5463
5293
5465
5294
5466
5295
5467
5296
5468
5297
5469
5298
5470
5299
5471
5300
5472
5301
5473
5302
5474
5303
5475
5304
5476
5305
5477
5306
5478
5307
5479
5308
5480
5309
5481
5310
5482
5311
5483
5312
5484
5313
5485
5314
5486
5315
5487
5316
5488
5317
5489
5318
5490
5319
5491
5320
5492
5321
5493
5322
5494
5323
5495
5324
5496
5325
5497
5326
5498
5327
5499
5328
5500
5329
5501
5330
5502
5331
5503
5332
5504
5333
5505
5334
5506
5335
5507
5336
5508
5337
5509
5338
5510
5339
5511
5340
5512
5341
5513
5342
5514
5343
5515
5344
5516
5345
5517
5346
5518
5347
5519
5348
5520
5349
5521
5350
5522
5351
5523
5352
5524
5353
5525
5354
5526
5355
5527
5356
5528
5357
5529
5358
5530
5359
5531
5360
5532
5361
5533
5362
5534
5363
5535
5364
5536
5365
5537
5366
5538
5367
5539
5368
5540
5369
5541
5370
5542
5371
5543
5372
5544
5373
5545
5374
5546
5375
5547
5376
5548
5377
5549
5378
5550
5379
5551
5380
5552
5381
5553
5382
5554
5383
5555
5384
5556
5385
5557
5386
5558
5387
5559
5388
5560
5389
5561
5390
5562
5391
5563
5392
5564
5393
5565
5394
5566
5395
5567
5396
5568
5397
5569
5398
5570
5399
5571
5400
5572
5401
5573
5402
5574
5403
5575
5404
5576
5405
5577
5406
5578
5407
5579
5408
5580
5409
5581
5410
5582
5411
5583
5412
5584
5413
5585
5414
5586
5415
5587
5416
5588
5417
5589
5418
5590
5419
5591
5420
5592
5421
5593
5422
5594
5423
5595
5424
5596
5425
5597
5426
5598
5427
5599
5428
5600
5429
5601
5430
5602
5431
5603
5432
5604
5433
5605
5434
5606
5435
5607
5436
5608
5437
5609
5438
5610
5439
5611
5440
5612
5441
5613
5442
5614
5443
5615
5444
5616
5445
5617
5446
5618
5447
5619
5448
5620
5449
5621
5450
5622
5451
5623
5452
5624
5453
5625
5454
5626
5455
5627
5456
5628
5457
5629
5458
5630
5459
5631
5460
5632
5461
5633
5462
5634
5463
5635
5464
5636
5637
5466
5639
5467
5640
5468
5641
5469
5642
5470
5643
5471
5644
5472
5645
5473
5646
5474
5647
5475
5648
5476
5649
5477
5650
5478
5651
5479
5652
5480
5653
5481
5654
5482
5655
5483
5656
5484
5657
5485
5658
5486
5659
5487
5660
5488
5661
5489
5662
5490
5663
5491
5664
5492
5665
5493
5666
5494
5667
5495
5668
5496
5669
5497
5670
5498
5671
5499
5672
5500
5673
5501
5674
5502
5675
5503
5676
5504
5677
5505
5678
5506
5679
5507
5680
5508
5681
5509
5682
5510
5683
5511
5684
5512
5685
5513
5686
5514
5687
5515
5688
5516
5689
5517
5690
5518
5691
5519
5692
5520
5693
5521
5694
5522
5695
5523
5696
5524
5697
5525
5698
5526
5699
5527
5700
5528
5701
5529
5702
5530
5703
5531
5704
5532
5705
5533
5706
5534
5707
5535
5708
5536
5709
5537
5710
5538
5711
5539
5712
5540
5713
5541
5714
5542
5715
5543
5716
5544
5717
5545
5718
5546
5719
5547
5720
5548
5721
5549
5722
5550
5723
5551
5724
5552
5725
5553
5726
5554
5727
5555
5728
5556
5729
5557
5730
5558
5731
5559
5732
5560
5733
5561
5734
5562
5735
5563
5736
5564
5737
5565
5738
5566
5739
5567
5740
5568
5741
5569
5742
5570
5743
5571
5744
5572
5745
5573
5746
5574
5747
5575
5748
5576
5749
5577
5750
5578
5751
5579
5752
5580
5753
5581
5754
5582
5755
5583
5756
5584
5757
5585
5758
5586
5759
5587
5760
5588
5761
5589
5762
5590
5763
5591
5764
5592
5765
5593
5766
5594
5767
5595
5768
5596
5769
5597
5770
5598
5771
5599
5772
5600
5773
5601
5774
5602
5775
5603
5776
5604
5777
5605
5778
5606
5779
5607
5780
5608
5781
5609
5782
5610
5783
5611
5784
5612
5785
5613
5786
5614
5787
5615
5788
5616
5789
5617
5790
5618
5791
5619
5792
5620
5793
5621
5794
5622
5795
5623
5796
5624
5797
5625
5798
5626
5799
5627
5800
5628
5801
5629
5802
5630
5803
5631
5804
5632
5805
5633
5806
5634
5807
5635
5808
5636
5809
5637
5810
5638
5811
5812
5640
5814
5641
5815
5642
5816
5643
5817
5644
5818
5645
5819
5646
5820
5647
5821
5648
5822
5649
5823
5650
5824
5651
5825
5652
5826
5653
5827
5654
5828
5655
5829
5656
5830
5657
5831
5658
5832
5659
5833
5660
5834
5661
5835
5662
5836
5663
5837
5664
5838
5665
5839
5666
5840
5667
5841
5668
5842
5669
5843
5670
5844
5671
5845
5672
5846
5673
5847
5674
5848
5675
5849
5676
5850
5677
5851
5678
5852
5679
5853
5680
5854
5681
5855
5682
5856
5683
5857
5684
5858
5685
5859
5686
5860
5687
5861
5688
5862
5689
5863
5690
5864
5691
5865
5692
5866
5693
5867
5694
5868
5695
5869
5696
5870
5697
5871
5698
5872
5699
5873
5700
5874
5701
5875
5702
5876
5703
5877
5704
5878
5705
5879
5706
5880
5707
5881
5708
5882
5709
5883
5710
5884
5711
5885
5712
5886
5713
5887
5714
5888
5715
5889
5716
5890
5717
5891
5718
5892
5719
5893
5720
5894
5721
5895
5722
5896
5723
5897
5724
5898
5725
5899
5726
5900
5727
5901
5728
5902
5729
5903
5730
5904
5731
5905
5732
5906
5733
5907
5734
5908
5735
5909
5736
5910
5737
5911
5738
5912
5739
5913
5740
5914
5741
5915
5742
5916
5743
5917
5744
5918
5745
5919
5746
5920
5747
5921
5748
5922
5749
5923
5750
5924
5751
5925
5752
5926
5753
5927
5754
5928
5755
5929
5756
5930
5757
5931
5758
5932
5759
5933
5760
5934
5761
5935
5762
5936
5763
5937
5764
5938
5765
5939
5766
5940
5767
5941
5768
5942
5769
5943
5770
5944
5771
5945
5772
5946
5773
5947
5774
5948
5775
5949
5776
5950
5777
5951
5778
5952
5779
5953
5780
5954
5781
5955
5782
5956
5783
5957
5784
5958
5785
5959
5786
5960
5787
5961
5788
5962
5789
5963
5790
5964
5791
5965
5792
5966
5793
5967
5794
5968
5795
5969
5796
5970
5797
5971
5798
5972
5799
5973
5800
5974
5801
5975
5802
5976
5803
5977
5804
5978
5805
5979
5806
5980
5807
5981
5808
5982
5809
5983
5810
5984
5811
5985
5812
5986
5813
5987
5988
5815
5989
5816
5990
5817
5991
5818
5992
5819
5993
5820
5994
5821
5995
5822
5996
5823
5997
5824
5998
5825
5999
5826
6000
5827
6001
5828
6002
5829
6003
5830
6004
5831
6005
5832
6006
5833
6007
5834
6008
5835
6009
5836
6010
5837
6011
5838
6012
5839
6013
5840
6014
5841
6015
5842
6016
5843
6017
5844
6018
5845
6019
5846
6020
5847
6021
5848
6022
5849
6023
5850
6024
5851
6025
5852
6026
5853
6027
5854
6028
5855
6029
5856
6030
5857
6031
5858
6032
5859
6033
5860
6034
5861
6035
5862
6036
5863
6037
5864
6038
5865
6039
5866
6040
5867
6041
5868
6042
5869
6043
5870
6044
5871
6045
5872
6046
5873
6047
5874
6048
5875
6049
5876
6050
5877
6051
5878
6052
5879
6053
5880
6054
5881
6055
5882
6056
5883
6057
5884
6058
5885
6059
5886
6060
5887
6061
5888
6062
5889
6063
5890
6064
5891
6065
5892
6066
5893
6067
5894
6068
5895
6069
5896
6070
5897
6071
5898
6072
5899
6073
5900
6074
5901
6075
5902
6076
5903
6077
5904
6078
5905
6079
5906
6080
5907
6081
5908
6082
5909
6083
5910
6084
5911
6085
5912
6086
5913
6087
5914
6088
5915
6089
5916
6090
5917
6091
5918
6092
5919
6093
5920
6094
5921
6095
5922
6096
5923
6097
5924
6098
5925
6099
5926
6100
5927
6101
5928
6102
5929
6103
5930
6104
5931
6105
5932
6106
5933
6107
5934
6108
5935
6109
5936
6110
5937
6111
5938
6112
5939
6113
5940
6114
5941
6115
5942
6116
5943
6117
5944
6118
5945
6119
5946
6120
5947
6121
5948
6122
5949
6123
5950
6124
5951
6125
5952
6126
5953
6127
5954
6128
5955
6129
5956
6130
5957
6131
5958
6132
5959
6133
5960
6134
5961
6135
5962
6136
5963
6137
5964
6138
5965
6139
5966
6140
5967
6141
5968
6142
5969
6143
5970
6144
5971
6145
5972
6146
5973
6147
5974
6148
5975
6149
5976
6150
5977
6151
5978
6152
5979
6153
5980
6154
5981
6155
5982
6156
5983
6157
5984
6158
5985
6159
5986
6160
5987
6161
5988
6162
6163
5990
6165
5991
6166
5992
6167
5993
6168
5994
6169
5995
6170
5996
6171
5997
6172
5998
6173
5999
6174
6000
6175
6001
6176
6002
6177
6003
6178
6004
6179
6005
6180
6006
6181
6007
6182
6008
6183
6009
6184
6010
6185
6011
6186
6012
6187
6013
6188
6014
6189
6015
6190
6016
6191
6017
6192
6018
6193
6019
6194
6020
6195
6021
6196
6022
6197
6023
6198
6024
6199
6025
6200
6026
6201
6027
6202
6028
6203
6029
6204
6030
6205
6031
6206
6032
6207
6033
6208
6034
6209
6035
6210
6036
6211
6037
6212
6038
6213
6039
6214
6040
6215
6041
6216
6042
6217
6043
6218
6044
6219
6045
6220
6046
6221
6047
6222
6048
6223
6049
6224
6050
6225
6051
6226
6052
6227
6053
6228
6054
6229
6055
6230
6056
6231
6057
6232
6058
6233
6059
6234
6060
6235
6061
6236
6062
6237
6063
6238
6064
6239
6065
6240
6066
6241
6067
6242
6068
6243
6069
6244
6070
6245
6071
6246
6072
6247
6073
6248
6074
6249
6075
6250
6076
6251
6077
6252
6078
6253
6079
6254
6080
6255
6081
6256
6082
6257
6083
6258
6084
6259
6085
6260
6086
6261
6087
6262
6088
6263
6089
6264
6090
6265
6091
6266
6092
6267
6093
6268
6094
6269
6095
6270
6096
6271
6097
6272
6098
6273
6099
6274
6100
6275
6101
6276
6102
6277
6103
6278
6104
6279
6105
6280
6106
6281
6107
6282
6108
6283
6109
6284
6110
6285
6111
6286
6112
6287
6113
6288
6114
6289
6115
6290
6116
6291
6117
6292
6118
6293
6119
6294
6120
6295
6121
6296
6122
6297
6123
6298
6124
6299
6125
6300
6126
6301
6127
6302
6128
6303
6129
6304
6130
6305
6131
6306
6132
6307
6133
6308
6134
6309
6135
6310
6136
6311
6137
6312
6138
6313
6139
6314
6140
6315
6141
6316
6142
6317
6143
6318
6144
6319
6145
6320
6146
6321
6147
6322
6148
6323
6149
6324
6150
6325
6151
6326
6152
6327
6153
6328
6154
6329
6155
6330
6156
6331
6157
6332
6158
6333
6159
6334
6160
6335
6161
6336
6162
6337
6163
6338
6164
6339
6340
6166
6342
6167
6343
6168
6344
6169
6345
6170
6346
6171
6347
6172
6348
6173
6349
6174
6350
6175
6351
6176
6352
6177
6353
6178
6354
6179
6355
6180
6356
6181
6357
6182
6358
6183
6359
6184
6360
6185
6361
6186
6362
6187
6363
6188
6364
6189
6365
6190
6366
6191
6367
6192
6368
6193
6369
6194
6370
6195
6371
6196
6372
6197
6373
6198
6374
6199
6375
6200
6376
6201
6377
6202
6378
6203
6379
6204
6380
6205
6381
6206
6382
6207
6383
6208
6384
6209
6385
6210
6386
6211
6387
6212
6388
6213
6389
6214
6390
6215
6391
6216
6392
6217
6393
6218
6394
6219
6395
6220
6396
6221
6397
6222
6398
6223
6399
6224
6400
6225
6401
6226
6402
6227
6403
6228
6404
6229
6405
6230
6406
6231
6407
6232
6408
6233
6409
6234
6410
6235
6411
6236
6412
6237
6413
6238
6414
6239
6415
6240
6416
6241
6417
6242
6418
6243
6419
6244
6420
6245
6421
6246
6422
6247
6423
6248
6424
6249
6425
6250
6426
6251
6427
6252
6428
6253
6429
6254
6430
6255
6431
6256
6432
6257
6433
6258
6434
6259
6435
6260
6436
6261
6437
6262
6438
6263
6439
6264
6440
6265
6441
6266
6442
6267
6443
6268
6444
6269
6445
6270
6446
6271
6447
6272
6448
6273
6449
6274
6450
6275
6451
6276
6452
6277
6453
6278
6454
6279
6455
6280
6456
6281
6457
6282
6458
6283
6459
6284
6460
6285
6461
6286
6462
6287
6463
6288
6464
6289
6465
6290
6466
6291
6467
6292
6468
6293
6469
6294
6470
6295
6471
6296
6472
6297
6473
6298
6474
6299
6475
6300
6476
6301
6477
6302
6478
6303
6479
6304
6480
6305
6481
6306
6482
6307
6483
6308
6484
6309
6485
6310
6486
6311
6487
6312
6488
6313
6489
6314
6490
6315
6491
6316
6492
6317
6493
6318
6494
6319
6495
6320
6496
6321
6497
6322
6498
6323
6499
6324
6500
6325
6501
6326
6502
6327
6503
6328
6504
6329
6505
6330
6506
6331
6507
6332
6508
6333
6509
6334
6510
6335
6511
6336
6512
6337
6513
6338
6514
6339
6515
6340
6516
6341
6517
6518
6343
6519
6344
6520
6345
6521
6346
6522
6347
6523
6348
6524
6349
6525
6350
6526
6351
6527
6352
6528
6353
6529
6354
6530
6355
6531
6356
6532
6357
6533
6358
6534
6359
6535
6360
6536
6361
6537
6362
6538
6363
6539
6364
6540
6365
6541
6366
6542
6367
6543
6368
6544
6369
6545
6370
6546
6371
6547
6372
6548
6373
6549
6374
6550
6375
6551
6376
6552
6377
6553
6378
6554
6379
6555
6380
6556
6381
6557
6382
6558
6383
6559
6384
6560
6385
6561
6386
6562
6387
6563
6388
6564
6389
6565
6390
6566
6391
6567
6392
6568
6393
6569
6394
6570
6395
6571
6396
6572
6397
6573
6398
6574
6399
6575
6400
6576
6401
6577
6402
6578
6403
6579
6404
6580
6405
6581
6406
6582
6407
6583
6408
6584
6409
6585
6410
6586
6411
6587
6412
6588
6413
6589
6414
6590
6415
6591
6416
6592
6417
6593
6418
6594
6419
6595
6420
6596
6421
6597
6422
6598
6423
6599
6424
6600
6425
6601
6426
6602
6427
6603
6428
6604
6429
6605
6430
6606
6431
6607
6432
6608
6433
6609
6434
6610
6435
6611
6436
6612
6437
6613
6438
6614
6439
6615
6440
6616
6441
6617
6442
6618
6443
6619
6444
6620
6445
6621
6446
6622
6447
6623
6448
6624
6449
6625
6450
6626
6451
6627
6452
6628
6453
6629
6454
6630
6455
6631
6456
6632
6457
6633
6458
6634
6459
6635
6460
6636
6461
6637
6462
6638
6463
6639
6464
6640
6465
6641
6466
6642
6467
6643
6468
6644
6469
6645
6470
6646
6471
6647
6472
6648
6473
6649
6474
6650
6475
6651
6476
6652
6477
6653
6478
6654
6479
6655
6480
6656
6481
6657
6482
6658
6483
6659
6484
6660
6485
6661
6486
6662
6487
6663
6488
6664
6489
6665
6490
6666
6491
6667
6492
6668
6493
6669
6494
6670
6495
6671
6496
6672
6497
6673
6498
6674
6499
6675
6500
6676
6501
6677
6502
6678
6503
6679
6504
6680
6505
6681
6506
6682
6507
6683
6508
6684
6509
6685
6510
6686
6511
6687
6512
6688
6513
6689
6514
6690
6515
6691
6516
6692
6517
6693
6518
6694
6695
6520
6697
6521
6698
6522
6699
6523
6700
6524
6701
6525
6702
6526
6703
6527
6704
6528
6705
6529
6706
6530
6707
6531
6708
6532
6709
6533
6710
6534
6711
6535
6712
6536
6713
6537
6714
6538
6715
6539
6716
6540
6717
6541
6718
6542
6719
6543
6720
6544
6721
6545
6722
6546
6723
6547
6724
6548
6725
6549
6726
6550
6727
6551
6728
6552
6729
6553
6730
6554
6731
6555
6732
6556
6733
6557
6734
6558
6735
6559
6736
6560
6737
6561
6738
6562
6739
6563
6740
6564
6741
6565
6742
6566
6743
6567
6744
6568
6745
6569
6746
6570
6747
6571
6748
6572
6749
6573
6750
6574
6751
6575
6752
6576
6753
6577
6754
6578
6755
6579
6756
6580
6757
6581
6758
6582
6759
6583
6760
6584
6761
6585
6762
6586
6763
6587
6764
6588
6765
6589
6766
6590
6767
6591
6768
6592
6769
6593
6770
6594
6771
6595
6772
6596
6773
6597
6774
6598
6775
6599
6776
6600
6777
6601
6778
6602
6779
6603
6780
6604
6781
6605
6782
6606
6783
6607
6784
6608
6785
6609
6786
6610
6787
6611
6788
6612
6789
6613
6790
6614
6791
6615
6792
6616
6793
6617
6794
6618
6795
6619
6796
6620
6797
6621
6798
6622
6799
6623
6800
6624
6801
6625
6802
6626
6803
6627
6804
6628
6805
6629
6806
6630
6807
6631
6808
6632
6809
6633
6810
6634
6811
6635
6812
6636
6813
6637
6814
6638
6815
6639
6816
6640
6817
6641
6818
6642
6819
6643
6820
6644
6821
6645
6822
6646
6823
6647
6824
6648
6825
6649
6826
6650
6827
6651
6828
6652
6829
6653
6830
6654
6831
6655
6832
6656
6833
6657
6834
6658
6835
6659
6836
6660
6837
6661
6838
6662
6839
6663
6840
6664
6841
6665
6842
6666
6843
6667
6844
6668
6845
6669
6846
6670
6847
6671
6848
6672
6849
6673
6850
6674
6851
6675
6852
6676
6853
6677
6854
6678
6855
6679
6856
6680
6857
6681
6858
6682
6859
6683
6860
6684
6861
6685
6862
6686
6863
6687
6864
6688
6865
6689
6866
6690
6867
6691
6868
6692
6869
6693
6870
6694
6871
6695
6872
6696
6873
6874
6698
6876
6699
6877
6700
6878
6701
6879
6702
6880
6703
6881
6704
6882
6705
6883
6706
6884
6707
6885
6708
6886
6709
6887
6710
6888
6711
6889
6712
6890
6713
6891
6714
6892
6715
6893
6716
6894
6717
6895
6718
6896
6719
6897
6720
6898
6721
6899
6722
6900
6723
6901
6724
6902
6725
6903
6726
6904
6727
6905
6728
6906
6729
6907
6730
6908
6731
6909
6732
6910
6733
6911
6734
6912
6735
6913
6736
6914
6737
6915
6738
6916
6739
6917
6740
6918
6741
6919
6742
6920
6743
6921
6744
6922
6745
6923
6746
6924
6747
6925
6748
6926
6749
6927
6750
6928
6751
6929
6752
6930
6753
6931
6754
6932
6755
6933
6756
6934
6757
6935
6758
6936
6759
6937
6760
6938
6761
6939
6762
6940
6763
6941
6764
6942
6765
6943
6766
6944
6767
6945
6768
6946
6769
6947
6770
6948
6771
6949
6772
6950
6773
6951
6774
6952
6775
6953
6776
6954
6777
6955
6778
6956
6779
6957
6780
6958
6781
6959
6782
6960
6783
6961
6784
6962
6785
6963
6786
6964
6787
6965
6788
6966
6789
6967
6790
6968
6791
6969
6792
6970
6793
6971
6794
6972
6795
6973
6796
6974
6797
6975
6798
6976
6799
6977
6800
6978
6801
6979
6802
6980
6803
6981
6804
6982
6805
6983
6806
6984
6807
6985
6808
6986
6809
6987
6810
6988
6811
6989
6812
6990
6813
6991
6814
6992
6815
6993
6816
6994
6817
6995
6818
6996
6819
6997
6820
6998
6821
6999
6822
7000
6823
7001
6824
7002
6825
7003
6826
7004
6827
7005
6828
7006
6829
7007
6830
7008
6831
7009
6832
7010
6833
7011
6834
7012
6835
7013
6836
7014
6837
7015
6838
7016
6839
7017
6840
7018
6841
7019
6842
7020
6843
7021
6844
7022
6845
7023
6846
7024
6847
7025
6848
7026
6849
7027
6850
7028
6851
7029
6852
7030
6853
7031
6854
7032
6855
7033
6856
7034
6857
7035
6858
7036
6859
7037
6860
7038
6861
7039
6862
7040
6863
7041
6864
7042
6865
7043
6866
7044
6867
7045
6868
7046
6869
7047
6870
7048
6871
7049
6872
7050
6873
7051
6874
7052
6875
7053
7054
6877
7056
6878
7057
6879
7058
6880
7059
6881
7060
6882
7061
6883
7062
6884
7063
6885
7064
6886
7065
6887
7066
6888
7067
6889
7068
6890
7069
6891
7070
6892
7071
6893
7072
6894
7073
6895
7074
6896
7075
6897
7076
6898
7077
6899
7078
6900
7079
6901
7080
6902
7081
6903
7082
6904
7083
6905
7084
6906
7085
6907
7086
6908
7087
6909
7088
6910
7089
6911
7090
6912
7091
6913
7092
6914
7093
6915
7094
6916
7095
6917
7096
6918
7097
6919
7098
6920
7099
6921
7100
6922
7101
6923
7102
6924
7103
6925
7104
6926
7105
6927
7106
6928
7107
6929
7108
6930
7109
6931
7110
6932
7111
6933
7112
6934
7113
6935
7114
6936
7115
6937
7116
6938
7117
6939
7118
6940
7119
6941
7120
6942
7121
6943
7122
6944
7123
6945
7124
6946
7125
6947
7126
6948
7127
6949
7128
6950
7129
6951
7130
6952
7131
6953
7132
6954
7133
6955
7134
6956
7135
6957
7136
6958
7137
6959
7138
6960
7139
6961
7140
6962
7141
6963
7142
6964
7143
6965
7144
6966
7145
6967
7146
6968
7147
6969
7148
6970
7149
6971
7150
6972
7151
6973
7152
6974
7153
6975
7154
6976
7155
6977
7156
6978
7157
6979
7158
6980
7159
6981
7160
6982
7161
6983
7162
6984
7163
6985
7164
6986
7165
6987
7166
6988
7167
6989
7168
6990
7169
6991
7170
6992
7171
6993
7172
6994
7173
6995
7174
6996
7175
6997
7176
6998
7177
6999
7178
7000
7179
7001
7180
7002
7181
7003
7182
7004
7183
7005
7184
7006
7185
7007
7186
7008
7187
7009
7188
7010
7189
7011
7190
7012
7191
7013
7192
7014
7193
7015
7194
7016
7195
7017
7196
7018
7197
7019
7198
7020
7199
7021
7200
7022
7201
7023
7202
7024
7203
7025
7204
7026
7205
7027
7206
7028
7207
7029
7208
7030
7209
7031
7210
7032
7211
7033
7212
7034
7213
7035
7214
7036
7215
7037
7216
7038
7217
7039
7218
7040
7219
7041
7220
7042
7221
7043
7222
7044
7223
7045
7224
7046
7225
7047
7226
7048
7227
7049
7228
7050
7229
7051
7230
7052
7231
7053
7232
7054
7233
7055
7234
7235
7057
7236
7058
7237
7059
7238
7060
7239
7061
7240
7062
7241
7063
7242
7064
7243
7065
7244
7066
7245
7067
7246
7068
7247
7069
7248
7070
7249
7071
7250
7072
7251
7073
7252
7074
7253
7075
7254
7076
7255
7077
7256
7078
7257
7079
7258
7080
7259
7081
7260
7082
7261
7083
7262
7084
7263
7085
7264
7086
7265
7087
7266
7088
7267
7089
7268
7090
7269
7091
7270
7092
7271
7093
7272
7094
7273
7095
7274
7096
7275
7097
7276
7098
7277
7099
7278
7100
7279
7101
7280
7102
7281
7103
7282
7104
7283
7105
7284
7106
7285
7107
7286
7108
7287
7109
7288
7110
7289
7111
7290
7112
7291
7113
7292
7114
7293
7115
7294
7116
7295
7117
7296
7118
7297
7119
7298
7120
7299
7121
7300
7122
7301
7123
7302
7124
7303
7125
7304
7126
7305
7127
7306
7128
7307
7129
7308
7130
7309
7131
7310
7132
7311
7133
7312
7134
7313
7135
7314
7136
7315
7137
7316
7138
7317
7139
7318
7140
7319
7141
7320
7142
7321
7143
7322
7144
7323
7145
7324
7146
7325
7147
7326
7148
7327
7149
7328
7150
7329
7151
7330
7152
7331
7153
7332
7154
7333
7155
7334
7156
7335
7157
7336
7158
7337
7159
7338
7160
7339
7161
7340
7162
7341
7163
7342
7164
7343
7165
7344
7166
7345
7167
7346
7168
7347
7169
7348
7170
7349
7171
7350
7172
7351
7173
7352
7174
7353
7175
7354
7176
7355
7177
7356
7178
7357
7179
7358
7180
7359
7181
7360
7182
7361
7183
7362
7184
7363
7185
7364
7186
7365
7187
7366
7188
7367
7189
7368
7190
7369
7191
7370
7192
7371
7193
7372
7194
7373
7195
7374
7196
7375
7197
7376
7198
7377
7199
7378
7200
7379
7201
7380
7202
7381
7203
7382
7204
7383
7205
7384
7206
7385
7207
7386
7208
7387
7209
7388
7210
7389
7211
7390
7212
7391
7213
7392
7214
7393
7215
7394
7216
7395
7217
7396
7218
7397
7219
7398
7220
7399
7221
7400
7222
7401
7223
7402
7224
7403
7225
7404
7226
7405
7227
7406
7228
7407
7229
7408
7230
7409
7231
7410
7232
7411
7233
7412
7234
7413
7235
7414
7415
7237
7417
7238
7418
7239
7419
7240
7420
7241
7421
7242
7422
7243
7423
7244
7424
7245
7425
7246
7426
7247
7427
7248
7428
7249
7429
7250
7430
7251
7431
7252
7432
7253
7433
7254
7434
7255
7435
7256
7436
7257
7437
7258
7438
7259
7439
7260
7440
7261
7441
7262
7442
7263
7443
7264
7444
7265
7445
7266
7446
7267
7447
7268
7448
7269
7449
7270
7450
7271
7451
7272
7452
7273
7453
7274
7454
7275
7455
7276
7456
7277
7457
7278
7458
7279
7459
7280
7460
7281
7461
7282
7462
7283
7463
7284
7464
7285
7465
7286
7466
7287
7467
7288
7468
7289
7469
7290
7470
7291
7471
7292
7472
7293
7473
7294
7474
7295
7475
7296
7476
7297
7477
7298
7478
7299
7479
7300
7480
7301
7481
7302
7482
7303
7483
7304
7484
7305
7485
7306
7486
7307
7487
7308
7488
7309
7489
7310
7490
7311
7491
7312
7492
7313
7493
7314
7494
7315
7495
7316
7496
7317
7497
7318
7498
7319
7499
7320
7500
7321
7501
7322
7502
7323
7503
7324
7504
7325
7505
7326
7506
7327
7507
7328
7508
7329
7509
7330
7510
7331
7511
7332
7512
7333
7513
7334
7514
7335
7515
7336
7516
7337
7517
7338
7518
7339
7519
7340
7520
7341
7521
7342
7522
7343
7523
7344
7524
7345
7525
7346
7526
7347
7527
7348
7528
7349
7529
7350
7530
7351
7531
7352
7532
7353
7533
7354
7534
7355
7535
7356
7536
7357
7537
7358
7538
7359
7539
7360
7540
7361
7541
7362
7542
7363
7543
7364
7544
7365
7545
7366
7546
7367
7547
7368
7548
7369
7549
7370
7550
7371
7551
7372
7552
7373
7553
7374
7554
7375
7555
7376
7556
7377
7557
7378
7558
7379
7559
7380
7560
7381
7561
7382
7562
7383
7563
7384
7564
7385
7565
7386
7566
7387
7567
7388
7568
7389
7569
7390
7570
7391
7571
7392
7572
7393
7573
7394
7574
7395
7575
7396
7576
7397
7577
7398
7578
7399
7579
7400
7580
7401
7581
7402
7582
7403
7583
7404
7584
7405
7585
7406
7586
7407
7587
7408
7588
7409
7589
7410
7590
7411
7591
7412
7592
7413
7593
7414
7594
7415
7595
7416
7596
7597
7418
7599
7419
7600
7420
7601
7421
7602
7422
7603
7423
7604
7424
7605
7425
7606
7426
7607
7427
7608
7428
7609
7429
7610
7430
7611
7431
7612
7432
7613
7433
7614
7434
7615
7435
7616
7436
7617
7437
7618
7438
7619
7439
7620
7440
7621
7441
7622
7442
7623
7443
7624
7444
7625
7445
7626
7446
7627
7447
7628
7448
7629
7449
7630
7450
7631
7451
7632
7452
7633
7453
7634
7454
7635
7455
7636
7456
7637
7457
7638
7458
7639
7459
7640
7460
7641
7461
7642
7462
7643
7463
7644
7464
7645
7465
7646
7466
7647
7467
7648
7468
7649
7469
7650
7470
7651
7471
7652
7472
7653
7473
7654
7474
7655
7475
7656
7476
7657
7477
7658
7478
7659
7479
7660
7480
7661
7481
7662
7482
7663
7483
7664
7484
7665
7485
7666
7486
7667
7487
7668
7488
7669
7489
7670
7490
7671
7491
7672
7492
7673
7493
7674
7494
7675
7495
7676
7496
7677
7497
7678
7498
7679
7499
7680
7500
7681
7501
7682
7502
7683
7503
7684
7504
7685
7505
7686
7506
7687
7507
7688
7508
7689
7509
7690
7510
7691
7511
7692
7512
7693
7513
7694
7514
7695
7515
7696
7516
7697
7517
7698
7518
7699
7519
7700
7520
7701
7521
7702
7522
7703
7523
7704
7524
7705
7525
7706
7526
7707
7527
7708
7528
7709
7529
7710
7530
7711
7531
7712
7532
7713
7533
7714
7534
7715
7535
7716
7536
7717
7537
7718
7538
7719
7539
7720
7540
7721
7541
7722
7542
7723
7543
7724
7544
7725
7545
7726
7546
7727
7547
7728
7548
7729
7549
7730
7550
7731
7551
7732
7552
7733
7553
7734
7554
7735
7555
7736
7556
7737
7557
7738
7558
7739
7559
7740
7560
7741
7561
7742
7562
7743
7563
7744
7564
7745
7565
7746
7566
7747
7567
7748
7568
7749
7569
7750
7570
7751
7571
7752
7572
7753
7573
7754
7574
7755
7575
7756
7576
7757
7577
7758
7578
7759
7579
7760
7580
7761
7581
7762
7582
7763
7583
7764
7584
7765
7585
7766
7586
7767
7587
7768
7588
7769
7589
7770
7590
7771
7591
7772
7592
7773
7593
7774
7594
7775
7595
7776
7596
7777
7597
7778
7598
7779
7780
7600
7781
7601
7782
7602
7783
7603
7784
7604
7785
7605
7786
7606
7787
7607
7788
7608
7789
7609
7790
7610
7791
7611
7792
7612
7793
7613
7794
7614
7795
7615
7796
7616
7797
7617
7798
7618
7799
7619
7800
7620
7801
7621
7802
7622
7803
7623
7804
7624
7805
7625
7806
7626
7807
7627
7808
7628
7809
7629
7810
7630
7811
7631
7812
7632
7813
7633
7814
7634
7815
7635
7816
7636
7817
7637
7818
7638
7819
7639
7820
7640
7821
7641
7822
7642
7823
7643
7824
7644
7825
7645
7826
7646
7827
7647
7828
7648
7829
7649
7830
7650
7831
7651
7832
7652
7833
7653
7834
7654
7835
7655
7836
7656
7837
7657
7838
7658
7839
7659
7840
7660
7841
7661
7842
7662
7843
7663
7844
7664
7845
7665
7846
7666
7847
7667
7848
7668
7849
7669
7850
7670
7851
7671
7852
7672
7853
7673
7854
7674
7855
7675
7856
7676
7857
7677
7858
7678
7859
7679
7860
7680
7861
7681
7862
7682
7863
7683
7864
7684
7865
7685
7866
7686
7867
7687
7868
7688
7869
7689
7870
7690
7871
7691
7872
7692
7873
7693
7874
7694
7875
7695
7876
7696
7877
7697
7878
7698
7879
7699
7880
7700
7881
7701
7882
7702
7883
7703
7884
7704
7885
7705
7886
7706
7887
7707
7888
7708
7889
7709
7890
7710
7891
7711
7892
7712
7893
7713
7894
7714
7895
7715
7896
7716
7897
7717
7898
7718
7899
7719
7900
7720
7901
7721
7902
7722
7903
7723
7904
7724
7905
7725
7906
7726
7907
7727
7908
7728
7909
7729
7910
7730
7911
7731
7912
7732
7913
7733
7914
7734
7915
7735
7916
7736
7917
7737
7918
7738
7919
7739
7920
7740
7921
7741
7922
7742
7923
7743
7924
7744
7925
7745
7926
7746
7927
7747
7928
7748
7929
7749
7930
7750
7931
7751
7932
7752
7933
7753
7934
7754
7935
7755
7936
7756
7937
7757
7938
7758
7939
7759
7940
7760
7941
7761
7942
7762
7943
7763
7944
7764
7945
7765
7946
7766
7947
7767
7948
7768
7949
7769
7950
7770
7951
7771
7952
7772
7953
7773
7954
7774
7955
7775
7956
7776
7957
7777
7958
7778
7959
7779
7960
7780
7961
7962
7782
7964
7783
7965
7784
7966
7785
7967
7786
7968
7787
7969
7788
7970
7789
7971
7790
7972
7791
7973
7792
7974
7793
7975
7794
7976
7795
7977
7796
7978
7797
7979
7798
7980
7799
7981
7800
7982
7801
7983
7802
7984
7803
7985
7804
7986
7805
7987
7806
7988
7807
7989
7808
7990
7809
7991
7810
7992
7811
7993
7812
7994
7813
7995
7814
7996
7815
7997
7816
7998
7817
7999
7818
8000
7819
8001
7820
8002
7821
8003
7822
8004
7823
8005
7824
8006
7825
8007
7826
8008
7827
8009
7828
8010
7829
8011
7830
8012
7831
8013
7832
8014
7833
8015
7834
8016
7835
8017
7836
8018
7837
8019
7838
8020
7839
8021
7840
8022
7841
8023
7842
8024
7843
8025
7844
8026
7845
8027
7846
8028
7847
8029
7848
8030
7849
8031
7850
8032
7851
8033
7852
8034
7853
8035
7854
8036
7855
8037
7856
8038
7857
8039
7858
8040
7859
8041
7860
8042
7861
8043
7862
8044
7863
8045
7864
8046
7865
8047
7866
8048
7867
8049
7868
8050
7869
8051
7870
8052
7871
8053
7872
8054
7873
8055
7874
8056
7875
8057
7876
8058
7877
8059
7878
8060
7879
8061
7880
8062
7881
8063
7882
8064
7883
8065
7884
8066
7885
8067
7886
8068
7887
8069
7888
8070
7889
8071
7890
8072
7891
8073
7892
8074
7893
8075
7894
8076
7895
8077
7896
8078
7897
8079
7898
8080
7899
8081
7900
8082
7901
8083
7902
8084
7903
8085
7904
8086
7905
8087
7906
8088
7907
8089
7908
8090
7909
8091
7910
8092
7911
8093
7912
8094
7913
8095
7914
8096
7915
8097
7916
8098
7917
8099
7918
8100
7919
8101
7920
8102
7921
8103
7922
8104
7923
8105
7924
8106
7925
8107
7926
8108
7927
8109
7928
8110
7929
8111
7930
8112
7931
8113
7932
8114
7933
8115
7934
8116
7935
8117
7936
8118
7937
8119
7938
8120
7939
8121
7940
8122
7941
8123
7942
8124
7943
8125
7944
8126
7945
8127
7946
8128
7947
8129
7948
8130
7949
8131
7950
8132
7951
8133
7952
8134
7953
8135
7954
8136
7955
8137
7956
8138
7957
8139
7958
8140
7959
8141
7960
8142
7961
8143
7962
8144
7963
8145
8146
7965
8148
7966
8149
7967
8150
7968
8151
7969
8152
7970
8153
7971
8154
7972
8155
7973
8156
7974
8157
7975
8158
7976
8159
7977
8160
7978
8161
7979
8162
7980
8163
7981
8164
7982
8165
7983
8166
7984
8167
7985
8168
7986
8169
7987
8170
7988
8171
7989
8172
7990
8173
7991
8174
7992
8175
7993
8176
7994
8177
7995
8178
7996
8179
7997
8180
7998
8181
7999
8182
8000
8183
8001
8184
8002
8185
8003
8186
8004
8187
8005
8188
8006
8189
8007
8190
8008
8191
8009
8192
8010
8193
8011
8194
8012
8195
8013
8196
8014
8197
8015
8198
8016
8199
8017
8200
8018
8201
8019
8202
8020
8203
8021
8204
8022
8205
8023
8206
8024
8207
8025
8208
8026
8209
8027
8210
8028
8211
8029
8212
8030
8213
8031
8214
8032
8215
8033
8216
8034
8217
8035
8218
8036
8219
8037
8220
8038
8221
8039
8222
8040
8223
8041
8224
8042
8225
8043
8226
8044
8227
8045
8228
8046
8229
8047
8230
8048
8231
8049
8232
8050
8233
8051
8234
8052
8235
8053
8236
8054
8237
8055
8238
8056
8239
8057
8240
8058
8241
8059
8242
8060
8243
8061
8244
8062
8245
8063
8246
8064
8247
8065
8248
8066
8249
8067
8250
8068
8251
8069
8252
8070
8253
8071
8254
8072
8255
8073
8256
8074
8257
8075
8258
8076
8259
8077
8260
8078
8261
8079
8262
8080
8263
8081
8264
8082
8265
8083
8266
8084
8267
8085
8268
8086
8269
8087
8270
8088
8271
8089
8272
8090
8273
8091
8274
8092
8275
8093
8276
8094
8277
8095
8278
8096
8279
8097
8280
8098
8281
8099
8282
8100
8283
8101
8284
8102
8285
8103
8286
8104
8287
8105
8288
8106
8289
8107
8290
8108
8291
8109
8292
8110
8293
8111
8294
8112
8295
8113
8296
8114
8297
8115
8298
8116
8299
8117
8300
8118
8301
8119
8302
8120
8303
8121
8304
8122
8305
8123
8306
8124
8307
8125
8308
8126
8309
8127
8310
8128
8311
8129
8312
8130
8313
8131
8314
8132
8315
8133
8316
8134
8317
8135
8318
8136
8319
8137
8320
8138
8321
8139
8322
8140
8323
8141
8324
8142
8325
8143
8326
8144
8327
8145
8328
8146
8329
8147
8330
8331
8149
8150
8151
8152
8153
8154
8155
8156
8157
8158
8159
8160
8161
8162
8163
8164
8165
8166
8167
8168
8169
8170
8171
8172
8173
8174
8175
8176
8177
8178
8179
8180
8181
8182
8183
8184
8185
8186
8187
8188
8189
8190
8191
8192
8193
8194
8195
8196
8197
8198
8199
8200
8201
8202
8203
8204
8205
8206
8207
8208
8209
8210
8211
8212
8213
8214
8215
8216
8217
8218
8219
8220
8221
8222
8223
8224
8225
8226
8227
8228
8229
8230
8231
8232
8233
8234
8235
8236
8237
8238
8239
8240
8241
8242
8243
8244
8245
8246
8247
8248
8249
8250
8251
8252
8253
8254
8255
8256
8257
8258
8259
8260
8261
8262
8263
8264
8265
8266
8267
8268
8269
8270
8271
8272
8273
8274
8275
8276
8277
8278
8279
8280
8281
8282
8283
8284
8285
8286
8287
8288
8289
8290
8291
8292
8293
8294
8295
8296
8297
8298
8299
8300
8301
8302
8303
8304
8305
8306
8307
8308
8309
8310
8311
8312
8313
8314
8315
8316
8317
8318
8319
8320
8321
8322
8323
8324
8325
8326
8327
8328
8329
8330
8331
8332
)


// ************************************************************************* //
