/*--------------------------------*- C++ -*----------------------------------*\
| =========                 |                                                 |
| \\      /  F ield         | OpenFOAM: The Open Source CFD Toolbox           |
|  \\    /   O peration     | Version:  2512                                  |
|   \\  /    A nd           | Website:  www.openfoam.com                      |
|    \\/     M anipulation  |                                                 |
\*---------------------------------------------------------------------------*/
FoamFile
{
    version     2.0;
    format      ascii;
    arch        "LSB;label=32;scalar=64";
    note        "nPoints:17138  nCells:8333  nFaces:33567  nInternalFaces:16431";
    class       labelList;
    location    "constant/polyMesh";
    object      neighbour;
}
// * * * * * * * * * * * * * * * * * * * * * * * * * * * * * * * * * * * * * //


16431
(
1
2
185
3
186
4
187
5
188
6
189
7
190
8
191
9
192
10
193
11
194
12
195
13
196
14
197
15
198
16
199
17
200
18
201
19
202
20
203
21
204
22
205
23
206
24
207
25
208
26
209
27
210
28
211
29
212
30
213
31
214
32
215
33
216
34
217
35
218
36
219
37
220
38
221
39
222
40
223
41
224
42
225
43
226
44
227
45
228
46
229
47
230
48
231
49
232
50
233
51
234
52
235
53
236
54
237
55
238
56
239
57
240
58
241
59
242
60
243
61
244
62
245
63
246
64
247
65
248
66
249
67
250
68
251
69
252
70
253
71
254
72
255
73
256
74
257
75
258
76
259
77
260
78
261
79
262
80
263
81
264
82
265
83
266
84
267
85
268
86
269
87
270
88
271
89
272
90
273
91
274
92
275
93
276
94
277
95
278
96
279
97
280
98
281
99
282
100
283
101
284
102
285
103
286
104
287
105
288
106
289
107
290
108
291
109
292
110
293
111
294
112
295
113
296
114
297
115
298
116
299
117
300
118
301
119
302
120
303
121
304
122
305
123
306
124
307
125
308
126
309
127
310
128
311
129
312
130
313
131
314
132
315
133
316
134
317
135
318
136
319
137
320
138
321
139
322
140
323
141
324
142
325
143
326
144
327
145
328
146
329
147
330
148
331
149
332
150
333
151
334
152
335
153
336
154
337
155
338
156
339
157
340
158
341
159
342
160
343
161
344
162
345
163
346
164
347
165
348
166
349
167
350
168
351
169
352
170
353
171
354
172
355
173
356
174
357
175
358
176
359
177
360
178
361
179
362
180
363
181
364
182
365
183
366
184
367
368
186
187
369
188
370
189
371
190
372
191
373
192
374
193
375
194
376
195
377
196
378
197
379
198
380
199
381
200
382
201
383
202
384
203
385
204
386
205
387
206
388
207
389
208
390
209
391
210
392
211
393
212
394
213
395
214
396
215
397
216
398
217
399
218
400
219
401
220
402
221
403
222
404
223
405
224
406
225
407
226
408
227
409
228
410
229
411
230
412
231
413
232
414
233
415
234
416
235
417
236
418
237
419
238
420
239
421
240
422
241
423
242
424
243
425
244
426
245
427
246
428
247
429
248
430
249
431
250
432
251
433
252
434
253
435
254
436
255
437
256
438
257
439
258
440
259
441
260
442
261
443
262
444
263
445
264
446
265
447
266
448
267
449
268
450
269
451
270
452
271
453
272
454
273
455
274
456
275
457
276
458
277
459
278
460
279
461
280
462
281
463
282
464
283
465
284
466
285
467
286
468
287
469
288
470
289
471
290
472
291
473
292
474
293
475
294
476
295
477
296
478
297
479
298
480
299
481
300
482
301
483
302
484
303
485
304
486
305
487
306
488
307
489
308
490
309
491
310
492
311
493
312
494
313
495
314
496
315
497
316
498
317
499
318
500
319
501
320
502
321
503
322
504
323
505
324
506
325
507
326
508
327
509
328
510
329
511
330
512
331
513
332
514
333
515
334
516
335
517
336
518
337
519
338
520
339
521
340
522
341
523
342
524
343
525
344
526
345
527
346
528
347
529
348
530
349
531
350
532
351
533
352
534
353
535
354
536
355
537
356
538
357
539
358
540
359
541
360
542
361
543
362
544
363
545
364
546
365
547
366
548
367
549
368
550
551
370
371
552
372
553
373
554
374
555
375
556
376
557
377
558
378
559
379
560
380
561
381
562
382
563
383
564
384
565
385
566
386
567
387
568
388
569
389
570
390
571
391
572
392
573
393
574
394
575
395
576
396
577
397
578
398
579
399
580
400
581
401
582
402
583
403
584
404
585
405
586
406
587
407
588
408
589
409
590
410
591
411
592
412
593
413
594
414
595
415
596
416
597
417
598
418
599
419
600
420
601
421
602
422
603
423
604
424
605
425
606
426
607
427
608
428
609
429
610
430
611
431
612
432
613
433
614
434
615
435
616
436
617
437
618
438
619
439
620
440
621
441
622
442
623
443
624
444
625
445
626
446
627
447
628
448
629
449
630
450
631
451
632
452
633
453
634
454
635
455
636
456
637
457
638
458
639
459
640
460
641
461
642
462
643
463
644
464
645
465
646
466
647
467
648
468
649
469
650
470
651
471
652
472
653
473
654
474
655
475
656
476
657
477
658
478
659
479
660
480
661
481
662
482
663
483
664
484
665
485
666
486
667
487
668
488
669
489
670
490
671
491
672
492
673
493
674
494
675
495
676
496
677
497
678
498
679
499
680
500
681
501
682
502
683
503
684
504
685
505
686
506
687
507
688
508
689
509
690
510
691
511
692
512
693
513
694
514
695
515
696
516
697
517
698
518
699
519
700
520
701
521
702
522
703
523
704
524
705
525
706
526
707
527
708
528
709
529
710
530
711
531
712
532
713
533
714
534
715
535
716
536
717
537
718
538
719
539
720
540
721
541
722
542
723
543
724
544
725
545
726
546
727
547
728
548
729
549
730
550
731
551
732
733
553
734
554
735
555
736
556
737
557
738
558
739
559
740
560
741
561
742
562
743
563
744
564
745
565
746
566
747
567
748
568
749
569
750
570
751
571
752
572
753
573
754
574
755
575
756
576
757
577
758
578
759
579
760
580
761
581
762
582
763
583
764
584
765
585
766
586
767
587
768
588
769
589
770
590
771
591
772
592
773
593
774
594
775
595
776
596
777
597
778
598
779
599
780
600
781
601
782
602
783
603
784
604
785
605
786
606
787
607
788
608
789
609
790
610
791
611
792
612
793
613
794
614
795
615
796
616
797
617
798
618
799
619
800
620
801
621
802
622
803
623
804
624
805
625
806
626
807
627
808
628
809
629
810
630
811
631
812
632
813
633
814
634
815
635
816
636
817
637
818
638
819
639
820
640
821
641
822
642
823
643
824
644
825
645
826
646
827
647
828
648
829
649
830
650
831
651
832
652
833
653
834
654
835
655
836
656
837
657
838
658
839
659
840
660
841
661
842
662
843
663
844
664
845
665
846
666
847
667
848
668
849
669
850
670
851
671
852
672
853
673
854
674
855
675
856
676
857
677
858
678
859
679
860
680
861
681
862
682
863
683
864
684
865
685
866
686
867
687
868
688
869
689
870
690
871
691
872
692
873
693
874
694
875
695
876
696
877
697
878
698
879
699
880
700
881
701
882
702
883
703
884
704
885
705
886
706
887
707
888
708
889
709
890
710
891
711
892
712
893
713
894
714
895
715
896
716
897
717
898
718
899
719
900
720
901
721
902
722
903
723
904
724
905
725
906
726
907
727
908
728
909
729
910
730
911
731
912
732
913
733
914
915
735
736
916
737
917
738
918
739
919
740
920
741
921
742
922
743
923
744
924
745
925
746
926
747
927
748
928
749
929
750
930
751
931
752
932
753
933
754
934
755
935
756
936
757
937
758
938
759
939
760
940
761
941
762
942
763
943
764
944
765
945
766
946
767
947
768
948
769
949
770
950
771
951
772
952
773
953
774
954
775
955
776
956
777
957
778
958
779
959
780
960
781
961
782
962
783
963
784
964
785
965
786
966
787
967
788
968
789
969
790
970
791
971
792
972
793
973
794
974
795
975
796
976
797
977
798
978
799
979
800
980
801
981
802
982
803
983
804
984
805
985
806
986
807
987
808
988
809
989
810
990
811
991
812
992
813
993
814
994
815
995
816
996
817
997
818
998
819
999
820
1000
821
1001
822
1002
823
1003
824
1004
825
1005
826
1006
827
1007
828
1008
829
1009
830
1010
831
1011
832
1012
833
1013
834
1014
835
1015
836
1016
837
1017
838
1018
839
1019
840
1020
841
1021
842
1022
843
1023
844
1024
845
1025
846
1026
847
1027
848
1028
849
1029
850
1030
851
1031
852
1032
853
1033
854
1034
855
1035
856
1036
857
1037
858
1038
859
1039
860
1040
861
1041
862
1042
863
1043
864
1044
865
1045
866
1046
867
1047
868
1048
869
1049
870
1050
871
1051
872
1052
873
1053
874
1054
875
1055
876
1056
877
1057
878
1058
879
1059
880
1060
881
1061
882
1062
883
1063
884
1064
885
1065
886
1066
887
1067
888
1068
889
1069
890
1070
891
1071
892
1072
893
1073
894
1074
895
1075
896
1076
897
1077
898
1078
899
1079
900
1080
901
1081
902
1082
903
1083
904
1084
905
1085
906
1086
907
1087
908
1088
909
1089
910
1090
911
1091
912
1092
913
1093
914
1094
915
1095
1096
917
918
1097
919
1098
920
1099
921
1100
922
1101
923
1102
924
1103
925
1104
926
1105
927
1106
928
1107
929
1108
930
1109
931
1110
932
1111
933
1112
934
1113
935
1114
936
1115
937
1116
938
1117
939
1118
940
1119
941
1120
942
1121
943
1122
944
1123
945
1124
946
1125
947
1126
948
1127
949
1128
950
1129
951
1130
952
1131
953
1132
954
1133
955
1134
956
1135
957
1136
958
1137
959
1138
960
1139
961
1140
962
1141
963
1142
964
1143
965
1144
966
1145
967
1146
968
1147
969
1148
970
1149
971
1150
972
1151
973
1152
974
1153
975
1154
976
1155
977
1156
978
1157
979
1158
980
1159
981
1160
982
1161
983
1162
984
1163
985
1164
986
1165
987
1166
988
1167
989
1168
990
1169
991
1170
992
1171
993
1172
994
1173
995
1174
996
1175
997
1176
998
1177
999
1178
1000
1179
1001
1180
1002
1181
1003
1182
1004
1183
1005
1184
1006
1185
1007
1186
1008
1187
1009
1188
1010
1189
1011
1190
1012
1191
1013
1192
1014
1193
1015
1194
1016
1195
1017
1196
1018
1197
1019
1198
1020
1199
1021
1200
1022
1201
1023
1202
1024
1203
1025
1204
1026
1205
1027
1206
1028
1207
1029
1208
1030
1209
1031
1210
1032
1211
1033
1212
1034
1213
1035
1214
1036
1215
1037
1216
1038
1217
1039
1218
1040
1219
1041
1220
1042
1221
1043
1222
1044
1223
1045
1224
1046
1225
1047
1226
1048
1227
1049
1228
1050
1229
1051
1230
1052
1231
1053
1232
1054
1233
1055
1234
1056
1235
1057
1236
1058
1237
1059
1238
1060
1239
1061
1240
1062
1241
1063
1242
1064
1243
1065
1244
1066
1245
1067
1246
1068
1247
1069
1248
1070
1249
1071
1250
1072
1251
1073
1252
1074
1253
1075
1254
1076
1255
1077
1256
1078
1257
1079
1258
1080
1259
1081
1260
1082
1261
1083
1262
1084
1263
1085
1264
1086
1265
1087
1266
1088
1267
1089
1268
1090
1269
1091
1270
1092
1271
1093
1272
1094
1273
1095
1274
1096
1275
1276
1098
1277
1099
1278
1100
1279
1101
1280
1102
1281
1103
1282
1104
1283
1105
1284
1106
1285
1107
1286
1108
1287
1109
1288
1110
1289
1111
1290
1112
1291
1113
1292
1114
1293
1115
1294
1116
1295
1117
1296
1118
1297
1119
1298
1120
1299
1121
1300
1122
1301
1123
1302
1124
1303
1125
1304
1126
1305
1127
1306
1128
1307
1129
1308
1130
1309
1131
1310
1132
1311
1133
1312
1134
1313
1135
1314
1136
1315
1137
1316
1138
1317
1139
1318
1140
1319
1141
1320
1142
1321
1143
1322
1144
1323
1145
1324
1146
1325
1147
1326
1148
1327
1149
1328
1150
1329
1151
1330
1152
1331
1153
1332
1154
1333
1155
1334
1156
1335
1157
1336
1158
1337
1159
1338
1160
1339
1161
1340
1162
1341
1163
1342
1164
1343
1165
1344
1166
1345
1167
1346
1168
1347
1169
1348
1170
1349
1171
1350
1172
1351
1173
1352
1174
1353
1175
1354
1176
1355
1177
1356
1178
1357
1179
1358
1180
1359
1181
1360
1182
1361
1183
1362
1184
1363
1185
1364
1186
1365
1187
1366
1188
1367
1189
1368
1190
1369
1191
1370
1192
1371
1193
1372
1194
1373
1195
1374
1196
1375
1197
1376
1198
1377
1199
1378
1200
1379
1201
1380
1202
1381
1203
1382
1204
1383
1205
1384
1206
1385
1207
1386
1208
1387
1209
1388
1210
1389
1211
1390
1212
1391
1213
1392
1214
1393
1215
1394
1216
1395
1217
1396
1218
1397
1219
1398
1220
1399
1221
1400
1222
1401
1223
1402
1224
1403
1225
1404
1226
1405
1227
1406
1228
1407
1229
1408
1230
1409
1231
1410
1232
1411
1233
1412
1234
1413
1235
1414
1236
1415
1237
1416
1238
1417
1239
1418
1240
1419
1241
1420
1242
1421
1243
1422
1244
1423
1245
1424
1246
1425
1247
1426
1248
1427
1249
1428
1250
1429
1251
1430
1252
1431
1253
1432
1254
1433
1255
1434
1256
1435
1257
1436
1258
1437
1259
1438
1260
1439
1261
1440
1262
1441
1263
1442
1264
1443
1265
1444
1266
1445
1267
1446
1268
1447
1269
1448
1270
1449
1271
1450
1272
1451
1273
1452
1274
1453
1275
1454
1276
1455
1456
1278
1279
1457
1280
1458
1281
1459
1282
1460
1283
1461
1284
1462
1285
1463
1286
1464
1287
1465
1288
1466
1289
1467
1290
1468
1291
1469
1292
1470
1293
1471
1294
1472
1295
1473
1296
1474
1297
1475
1298
1476
1299
1477
1300
1478
1301
1479
1302
1480
1303
1481
1304
1482
1305
1483
1306
1484
1307
1485
1308
1486
1309
1487
1310
1488
1311
1489
1312
1490
1313
1491
1314
1492
1315
1493
1316
1494
1317
1495
1318
1496
1319
1497
1320
1498
1321
1499
1322
1500
1323
1501
1324
1502
1325
1503
1326
1504
1327
1505
1328
1506
1329
1507
1330
1508
1331
1509
1332
1510
1333
1511
1334
1512
1335
1513
1336
1514
1337
1515
1338
1516
1339
1517
1340
1518
1341
1519
1342
1520
1343
1521
1344
1522
1345
1523
1346
1524
1347
1525
1348
1526
1349
1527
1350
1528
1351
1529
1352
1530
1353
1531
1354
1532
1355
1533
1356
1534
1357
1535
1358
1536
1359
1537
1360
1538
1361
1539
1362
1540
1363
1541
1364
1542
1365
1543
1366
1544
1367
1545
1368
1546
1369
1547
1370
1548
1371
1549
1372
1550
1373
1551
1374
1552
1375
1553
1376
1554
1377
1555
1378
1556
1379
1557
1380
1558
1381
1559
1382
1560
1383
1561
1384
1562
1385
1563
1386
1564
1387
1565
1388
1566
1389
1567
1390
1568
1391
1569
1392
1570
1393
1571
1394
1572
1395
1573
1396
1574
1397
1575
1398
1576
1399
1577
1400
1578
1401
1579
1402
1580
1403
1581
1404
1582
1405
1583
1406
1584
1407
1585
1408
1586
1409
1587
1410
1588
1411
1589
1412
1590
1413
1591
1414
1592
1415
1593
1416
1594
1417
1595
1418
1596
1419
1597
1420
1598
1421
1599
1422
1600
1423
1601
1424
1602
1425
1603
1426
1604
1427
1605
1428
1606
1429
1607
1430
1608
1431
1609
1432
1610
1433
1611
1434
1612
1435
1613
1436
1614
1437
1615
1438
1616
1439
1617
1440
1618
1441
1619
1442
1620
1443
1621
1444
1622
1445
1623
1446
1624
1447
1625
1448
1626
1449
1627
1450
1628
1451
1629
1452
1630
1453
1631
1454
1632
1455
1633
1456
1634
1635
1458
1459
1636
1460
1637
1461
1638
1462
1639
1463
1640
1464
1641
1465
1642
1466
1643
1467
1644
1468
1645
1469
1646
1470
1647
1471
1648
1472
1649
1473
1650
1474
1651
1475
1652
1476
1653
1477
1654
1478
1655
1479
1656
1480
1657
1481
1658
1482
1659
1483
1660
1484
1661
1485
1662
1486
1663
1487
1664
1488
1665
1489
1666
1490
1667
1491
1668
1492
1669
1493
1670
1494
1671
1495
1672
1496
1673
1497
1674
1498
1675
1499
1676
1500
1677
1501
1678
1502
1679
1503
1680
1504
1681
1505
1682
1506
1683
1507
1684
1508
1685
1509
1686
1510
1687
1511
1688
1512
1689
1513
1690
1514
1691
1515
1692
1516
1693
1517
1694
1518
1695
1519
1696
1520
1697
1521
1698
1522
1699
1523
1700
1524
1701
1525
1702
1526
1703
1527
1704
1528
1705
1529
1706
1530
1707
1531
1708
1532
1709
1533
1710
1534
1711
1535
1712
1536
1713
1537
1714
1538
1715
1539
1716
1540
1717
1541
1718
1542
1719
1543
1720
1544
1721
1545
1722
1546
1723
1547
1724
1548
1725
1549
1726
1550
1727
1551
1728
1552
1729
1553
1730
1554
1731
1555
1732
1556
1733
1557
1734
1558
1735
1559
1736
1560
1737
1561
1738
1562
1739
1563
1740
1564
1741
1565
1742
1566
1743
1567
1744
1568
1745
1569
1746
1570
1747
1571
1748
1572
1749
1573
1750
1574
1751
1575
1752
1576
1753
1577
1754
1578
1755
1579
1756
1580
1757
1581
1758
1582
1759
1583
1760
1584
1761
1585
1762
1586
1763
1587
1764
1588
1765
1589
1766
1590
1767
1591
1768
1592
1769
1593
1770
1594
1771
1595
1772
1596
1773
1597
1774
1598
1775
1599
1776
1600
1777
1601
1778
1602
1779
1603
1780
1604
1781
1605
1782
1606
1783
1607
1784
1608
1785
1609
1786
1610
1787
1611
1788
1612
1789
1613
1790
1614
1791
1615
1792
1616
1793
1617
1794
1618
1795
1619
1796
1620
1797
1621
1798
1622
1799
1623
1800
1624
1801
1625
1802
1626
1803
1627
1804
1628
1805
1629
1806
1630
1807
1631
1808
1632
1809
1633
1810
1634
1811
1635
1812
1813
1637
1638
1814
1639
1815
1640
1816
1641
1817
1642
1818
1643
1819
1644
1820
1645
1821
1646
1822
1647
1823
1648
1824
1649
1825
1650
1826
1651
1827
1652
1828
1653
1829
1654
1830
1655
1831
1656
1832
1657
1833
1658
1834
1659
1835
1660
1836
1661
1837
1662
1838
1663
1839
1664
1840
1665
1841
1666
1842
1667
1843
1668
1844
1669
1845
1670
1846
1671
1847
1672
1848
1673
1849
1674
1850
1675
1851
1676
1852
1677
1853
1678
1854
1679
1855
1680
1856
1681
1857
1682
1858
1683
1859
1684
1860
1685
1861
1686
1862
1687
1863
1688
1864
1689
1865
1690
1866
1691
1867
1692
1868
1693
1869
1694
1870
1695
1871
1696
1872
1697
1873
1698
1874
1699
1875
1700
1876
1701
1877
1702
1878
1703
1879
1704
1880
1705
1881
1706
1882
1707
1883
1708
1884
1709
1885
1710
1886
1711
1887
1712
1888
1713
1889
1714
1890
1715
1891
1716
1892
1717
1893
1718
1894
1719
1895
1720
1896
1721
1897
1722
1898
1723
1899
1724
1900
1725
1901
1726
1902
1727
1903
1728
1904
1729
1905
1730
1906
1731
1907
1732
1908
1733
1909
1734
1910
1735
1911
1736
1912
1737
1913
1738
1914
1739
1915
1740
1916
1741
1917
1742
1918
1743
1919
1744
1920
1745
1921
1746
1922
1747
1923
1748
1924
1749
1925
1750
1926
1751
1927
1752
1928
1753
1929
1754
1930
1755
1931
1756
1932
1757
1933
1758
1934
1759
1935
1760
1936
1761
1937
1762
1938
1763
1939
1764
1940
1765
1941
1766
1942
1767
1943
1768
1944
1769
1945
1770
1946
1771
1947
1772
1948
1773
1949
1774
1950
1775
1951
1776
1952
1777
1953
1778
1954
1779
1955
1780
1956
1781
1957
1782
1958
1783
1959
1784
1960
1785
1961
1786
1962
1787
1963
1788
1964
1789
1965
1790
1966
1791
1967
1792
1968
1793
1969
1794
1970
1795
1971
1796
1972
1797
1973
1798
1974
1799
1975
1800
1976
1801
1977
1802
1978
1803
1979
1804
1980
1805
1981
1806
1982
1807
1983
1808
1984
1809
1985
1810
1986
1811
1987
1812
1988
1813
1989
1990
1815
1991
1816
1992
1817
1993
1818
1994
1819
1995
1820
1996
1821
1997
1822
1998
1823
1999
1824
2000
1825
2001
1826
2002
1827
2003
1828
2004
1829
2005
1830
2006
1831
2007
1832
2008
1833
2009
1834
2010
1835
2011
1836
2012
1837
2013
1838
2014
1839
2015
1840
2016
1841
2017
1842
2018
1843
2019
1844
2020
1845
2021
1846
2022
1847
2023
1848
2024
1849
2025
1850
2026
1851
2027
1852
2028
1853
2029
1854
2030
1855
2031
1856
2032
1857
2033
1858
2034
1859
2035
1860
2036
1861
2037
1862
2038
1863
2039
1864
2040
1865
2041
1866
2042
1867
2043
1868
2044
1869
2045
1870
2046
1871
2047
1872
2048
1873
2049
1874
2050
1875
2051
1876
2052
1877
2053
1878
2054
1879
2055
1880
2056
1881
2057
1882
2058
1883
2059
1884
2060
1885
2061
1886
2062
1887
2063
1888
2064
1889
2065
1890
2066
1891
2067
1892
2068
1893
2069
1894
2070
1895
2071
1896
2072
1897
2073
1898
2074
1899
2075
1900
2076
1901
2077
1902
2078
1903
2079
1904
2080
1905
2081
1906
2082
1907
2083
1908
2084
1909
2085
1910
2086
1911
2087
1912
2088
1913
2089
1914
2090
1915
2091
1916
2092
1917
2093
1918
2094
1919
2095
1920
2096
1921
2097
1922
2098
1923
2099
1924
2100
1925
2101
1926
2102
1927
2103
1928
2104
1929
2105
1930
2106
1931
2107
1932
2108
1933
2109
1934
2110
1935
2111
1936
2112
1937
2113
1938
2114
1939
2115
1940
2116
1941
2117
1942
2118
1943
2119
1944
2120
1945
2121
1946
2122
1947
2123
1948
2124
1949
2125
1950
2126
1951
2127
1952
2128
1953
2129
1954
2130
1955
2131
1956
2132
1957
2133
1958
2134
1959
2135
1960
2136
1961
2137
1962
2138
1963
2139
1964
2140
1965
2141
1966
2142
1967
2143
1968
2144
1969
2145
1970
2146
1971
2147
1972
2148
1973
2149
1974
2150
1975
2151
1976
2152
1977
2153
1978
2154
1979
2155
1980
2156
1981
2157
1982
2158
1983
2159
1984
2160
1985
2161
1986
2162
1987
2163
1988
2164
1989
2165
1990
2166
2167
1992
1993
2168
1994
2169
1995
2170
1996
2171
1997
2172
1998
2173
1999
2174
2000
2175
2001
2176
2002
2177
2003
2178
2004
2179
2005
2180
2006
2181
2007
2182
2008
2183
2009
2184
2010
2185
2011
2186
2012
2187
2013
2188
2014
2189
2015
2190
2016
2191
2017
2192
2018
2193
2019
2194
2020
2195
2021
2196
2022
2197
2023
2198
2024
2199
2025
2200
2026
2201
2027
2202
2028
2203
2029
2204
2030
2205
2031
2206
2032
2207
2033
2208
2034
2209
2035
2210
2036
2211
2037
2212
2038
2213
2039
2214
2040
2215
2041
2216
2042
2217
2043
2218
2044
2219
2045
2220
2046
2221
2047
2222
2048
2223
2049
2224
2050
2225
2051
2226
2052
2227
2053
2228
2054
2229
2055
2230
2056
2231
2057
2232
2058
2233
2059
2234
2060
2235
2061
2236
2062
2237
2063
2238
2064
2239
2065
2240
2066
2241
2067
2242
2068
2243
2069
2244
2070
2245
2071
2246
2072
2247
2073
2248
2074
2249
2075
2250
2076
2251
2077
2252
2078
2253
2079
2254
2080
2255
2081
2256
2082
2257
2083
2258
2084
2259
2085
2260
2086
2261
2087
2262
2088
2263
2089
2264
2090
2265
2091
2266
2092
2267
2093
2268
2094
2269
2095
2270
2096
2271
2097
2272
2098
2273
2099
2274
2100
2275
2101
2276
2102
2277
2103
2278
2104
2279
2105
2280
2106
2281
2107
2282
2108
2283
2109
2284
2110
2285
2111
2286
2112
2287
2113
2288
2114
2289
2115
2290
2116
2291
2117
2292
2118
2293
2119
2294
2120
2295
2121
2296
2122
2297
2123
2298
2124
2299
2125
2300
2126
2301
2127
2302
2128
2303
2129
2304
2130
2305
2131
2306
2132
2307
2133
2308
2134
2309
2135
2310
2136
2311
2137
2312
2138
2313
2139
2314
2140
2315
2141
2316
2142
2317
2143
2318
2144
2319
2145
2320
2146
2321
2147
2322
2148
2323
2149
2324
2150
2325
2151
2326
2152
2327
2153
2328
2154
2329
2155
2330
2156
2331
2157
2332
2158
2333
2159
2334
2160
2335
2161
2336
2162
2337
2163
2338
2164
2339
2165
2340
2166
2341
2167
2342
2343
2169
2170
2344
2171
2345
2172
2346
2173
2347
2174
2348
2175
2349
2176
2350
2177
2351
2178
2352
2179
2353
2180
2354
2181
2355
2182
2356
2183
2357
2184
2358
2185
2359
2186
2360
2187
2361
2188
2362
2189
2363
2190
2364
2191
2365
2192
2366
2193
2367
2194
2368
2195
2369
2196
2370
2197
2371
2198
2372
2199
2373
2200
2374
2201
2375
2202
2376
2203
2377
2204
2378
2205
2379
2206
2380
2207
2381
2208
2382
2209
2383
2210
2384
2211
2385
2212
2386
2213
2387
2214
2388
2215
2389
2216
2390
2217
2391
2218
2392
2219
2393
2220
2394
2221
2395
2222
2396
2223
2397
2224
2398
2225
2399
2226
2400
2227
2401
2228
2402
2229
2403
2230
2404
2231
2405
2232
2406
2233
2407
2234
2408
2235
2409
2236
2410
2237
2411
2238
2412
2239
2413
2240
2414
2241
2415
2242
2416
2243
2417
2244
2418
2245
2419
2246
2420
2247
2421
2248
2422
2249
2423
2250
2424
2251
2425
2252
2426
2253
2427
2254
2428
2255
2429
2256
2430
2257
2431
2258
2432
2259
2433
2260
2434
2261
2435
2262
2436
2263
2437
2264
2438
2265
2439
2266
2440
2267
2441
2268
2442
2269
2443
2270
2444
2271
2445
2272
2446
2273
2447
2274
2448
2275
2449
2276
2450
2277
2451
2278
2452
2279
2453
2280
2454
2281
2455
2282
2456
2283
2457
2284
2458
2285
2459
2286
2460
2287
2461
2288
2462
2289
2463
2290
2464
2291
2465
2292
2466
2293
2467
2294
2468
2295
2469
2296
2470
2297
2471
2298
2472
2299
2473
2300
2474
2301
2475
2302
2476
2303
2477
2304
2478
2305
2479
2306
2480
2307
2481
2308
2482
2309
2483
2310
2484
2311
2485
2312
2486
2313
2487
2314
2488
2315
2489
2316
2490
2317
2491
2318
2492
2319
2493
2320
2494
2321
2495
2322
2496
2323
2497
2324
2498
2325
2499
2326
2500
2327
2501
2328
2502
2329
2503
2330
2504
2331
2505
2332
2506
2333
2507
2334
2508
2335
2509
2336
2510
2337
2511
2338
2512
2339
2513
2340
2514
2341
2515
2342
2516
2343
2517
2518
2345
2519
2346
2520
2347
2521
2348
2522
2349
2523
2350
2524
2351
2525
2352
2526
2353
2527
2354
2528
2355
2529
2356
2530
2357
2531
2358
2532
2359
2533
2360
2534
2361
2535
2362
2536
2363
2537
2364
2538
2365
2539
2366
2540
2367
2541
2368
2542
2369
2543
2370
2544
2371
2545
2372
2546
2373
2547
2374
2548
2375
2549
2376
2550
2377
2551
2378
2552
2379
2553
2380
2554
2381
2555
2382
2556
2383
2557
2384
2558
2385
2559
2386
2560
2387
2561
2388
2562
2389
2563
2390
2564
2391
2565
2392
2566
2393
2567
2394
2568
2395
2569
2396
2570
2397
2571
2398
2572
2399
2573
2400
2574
2401
2575
2402
2576
2403
2577
2404
2578
2405
2579
2406
2580
2407
2581
2408
2582
2409
2583
2410
2584
2411
2585
2412
2586
2413
2587
2414
2588
2415
2589
2416
2590
2417
2591
2418
2592
2419
2593
2420
2594
2421
2595
2422
2596
2423
2597
2424
2598
2425
2599
2426
2600
2427
2601
2428
2602
2429
2603
2430
2604
2431
2605
2432
2606
2433
2607
2434
2608
2435
2609
2436
2610
2437
2611
2438
2612
2439
2613
2440
2614
2441
2615
2442
2616
2443
2617
2444
2618
2445
2619
2446
2620
2447
2621
2448
2622
2449
2623
2450
2624
2451
2625
2452
2626
2453
2627
2454
2628
2455
2629
2456
2630
2457
2631
2458
2632
2459
2633
2460
2634
2461
2635
2462
2636
2463
2637
2464
2638
2465
2639
2466
2640
2467
2641
2468
2642
2469
2643
2470
2644
2471
2645
2472
2646
2473
2647
2474
2648
2475
2649
2476
2650
2477
2651
2478
2652
2479
2653
2480
2654
2481
2655
2482
2656
2483
2657
2484
2658
2485
2659
2486
2660
2487
2661
2488
2662
2489
2663
2490
2664
2491
2665
2492
2666
2493
2667
2494
2668
2495
2669
2496
2670
2497
2671
2498
2672
2499
2673
2500
2674
2501
2675
2502
2676
2503
2677
2504
2678
2505
2679
2506
2680
2507
2681
2508
2682
2509
2683
2510
2684
2511
2685
2512
2686
2513
2687
2514
2688
2515
2689
2516
2690
2517
2691
2518
2692
2693
2520
2521
2694
2522
2695
2523
2696
2524
2697
2525
2698
2526
2699
2527
2700
2528
2701
2529
2702
2530
2703
2531
2704
2532
2705
2533
2706
2534
2707
2535
2708
2536
2709
2537
2710
2538
2711
2539
2712
2540
2713
2541
2714
2542
2715
2543
2716
2544
2717
2545
2718
2546
2719
2547
2720
2548
2721
2549
2722
2550
2723
2551
2724
2552
2725
2553
2726
2554
2727
2555
2728
2556
2729
2557
2730
2558
2731
2559
2732
2560
2733
2561
2734
2562
2735
2563
2736
2564
2737
2565
2738
2566
2739
2567
2740
2568
2741
2569
2742
2570
2743
2571
2744
2572
2745
2573
2746
2574
2747
2575
2748
2576
2749
2577
2750
2578
2751
2579
2752
2580
2753
2581
2754
2582
2755
2583
2756
2584
2757
2585
2758
2586
2759
2587
2760
2588
2761
2589
2762
2590
2763
2591
2764
2592
2765
2593
2766
2594
2767
2595
2768
2596
2769
2597
2770
2598
2771
2599
2772
2600
2773
2601
2774
2602
2775
2603
2776
2604
2777
2605
2778
2606
2779
2607
2780
2608
2781
2609
2782
2610
2783
2611
2784
2612
2785
2613
2786
2614
2787
2615
2788
2616
2789
2617
2790
2618
2791
2619
2792
2620
2793
2621
2794
2622
2795
2623
2796
2624
2797
2625
2798
2626
2799
2627
2800
2628
2801
2629
2802
2630
2803
2631
2804
2632
2805
2633
2806
2634
2807
2635
2808
2636
2809
2637
2810
2638
2811
2639
2812
2640
2813
2641
2814
2642
2815
2643
2816
2644
2817
2645
2818
2646
2819
2647
2820
2648
2821
2649
2822
2650
2823
2651
2824
2652
2825
2653
2826
2654
2827
2655
2828
2656
2829
2657
2830
2658
2831
2659
2832
2660
2833
2661
2834
2662
2835
2663
2836
2664
2837
2665
2838
2666
2839
2667
2840
2668
2841
2669
2842
2670
2843
2671
2844
2672
2845
2673
2846
2674
2847
2675
2848
2676
2849
2677
2850
2678
2851
2679
2852
2680
2853
2681
2854
2682
2855
2683
2856
2684
2857
2685
2858
2686
2859
2687
2860
2688
2861
2689
2862
2690
2863
2691
2864
2692
2865
2693
2866
2867
2695
2696
2868
2697
2869
2698
2870
2699
2871
2700
2872
2701
2873
2702
2874
2703
2875
2704
2876
2705
2877
2706
2878
2707
2879
2708
2880
2709
2881
2710
2882
2711
2883
2712
2884
2713
2885
2714
2886
2715
2887
2716
2888
2717
2889
2718
2890
2719
2891
2720
2892
2721
2893
2722
2894
2723
2895
2724
2896
2725
2897
2726
2898
2727
2899
2728
2900
2729
2901
2730
2902
2731
2903
2732
2904
2733
2905
2734
2906
2735
2907
2736
2908
2737
2909
2738
2910
2739
2911
2740
2912
2741
2913
2742
2914
2743
2915
2744
2916
2745
2917
2746
2918
2747
2919
2748
2920
2749
2921
2750
2922
2751
2923
2752
2924
2753
2925
2754
2926
2755
2927
2756
2928
2757
2929
2758
2930
2759
2931
2760
2932
2761
2933
2762
2934
2763
2935
2764
2936
2765
2937
2766
2938
2767
2939
2768
2940
2769
2941
2770
2942
2771
2943
2772
2944
2773
2945
2774
2946
2775
2947
2776
2948
2777
2949
2778
2950
2779
2951
2780
2952
2781
2953
2782
2954
2783
2955
2784
2956
2785
2957
2786
2958
2787
2959
2788
2960
2789
2961
2790
2962
2791
2963
2792
2964
2793
2965
2794
2966
2795
2967
2796
2968
2797
2969
2798
2970
2799
2971
2800
2972
2801
2973
2802
2974
2803
2975
2804
2976
2805
2977
2806
2978
2807
2979
2808
2980
2809
2981
2810
2982
2811
2983
2812
2984
2813
2985
2814
2986
2815
2987
2816
2988
2817
2989
2818
2990
2819
2991
2820
2992
2821
2993
2822
2994
2823
2995
2824
2996
2825
2997
2826
2998
2827
2999
2828
3000
2829
3001
2830
3002
2831
3003
2832
3004
2833
3005
2834
3006
2835
3007
2836
3008
2837
3009
2838
3010
2839
3011
2840
3012
2841
3013
2842
3014
2843
3015
2844
3016
2845
3017
2846
3018
2847
3019
2848
3020
2849
3021
2850
3022
2851
3023
2852
3024
2853
3025
2854
3026
2855
3027
2856
3028
2857
3029
2858
3030
2859
3031
2860
3032
2861
3033
2862
3034
2863
3035
2864
3036
2865
3037
2866
3038
2867
3039
3040
2869
2870
3041
2871
3042
2872
3043
2873
3044
2874
3045
2875
3046
2876
3047
2877
3048
2878
3049
2879
3050
2880
3051
2881
3052
2882
3053
2883
3054
2884
3055
2885
3056
2886
3057
2887
3058
2888
3059
2889
3060
2890
3061
2891
3062
2892
3063
2893
3064
2894
3065
2895
3066
2896
3067
2897
3068
2898
3069
2899
3070
2900
3071
2901
3072
2902
3073
2903
3074
2904
3075
2905
3076
2906
3077
2907
3078
2908
3079
2909
3080
2910
3081
2911
3082
2912
3083
2913
3084
2914
3085
2915
3086
2916
3087
2917
3088
2918
3089
2919
3090
2920
3091
2921
3092
2922
3093
2923
3094
2924
3095
2925
3096
2926
3097
2927
3098
2928
3099
2929
3100
2930
3101
2931
3102
2932
3103
2933
3104
2934
3105
2935
3106
2936
3107
2937
3108
2938
3109
2939
3110
2940
3111
2941
3112
2942
3113
2943
3114
2944
3115
2945
3116
2946
3117
2947
3118
2948
3119
2949
3120
2950
3121
2951
3122
2952
3123
2953
3124
2954
3125
2955
3126
2956
3127
2957
3128
2958
3129
2959
3130
2960
3131
2961
3132
2962
3133
2963
3134
2964
3135
2965
3136
2966
3137
2967
3138
2968
3139
2969
3140
2970
3141
2971
3142
2972
3143
2973
3144
2974
3145
2975
3146
2976
3147
2977
3148
2978
3149
2979
3150
2980
3151
2981
3152
2982
3153
2983
3154
2984
3155
2985
3156
2986
3157
2987
3158
2988
3159
2989
3160
2990
3161
2991
3162
2992
3163
2993
3164
2994
3165
2995
3166
2996
3167
2997
3168
2998
3169
2999
3170
3000
3171
3001
3172
3002
3173
3003
3174
3004
3175
3005
3176
3006
3177
3007
3178
3008
3179
3009
3180
3010
3181
3011
3182
3012
3183
3013
3184
3014
3185
3015
3186
3016
3187
3017
3188
3018
3189
3019
3190
3020
3191
3021
3192
3022
3193
3023
3194
3024
3195
3025
3196
3026
3197
3027
3198
3028
3199
3029
3200
3030
3201
3031
3202
3032
3203
3033
3204
3034
3205
3035
3206
3036
3207
3037
3208
3038
3209
3039
3210
3040
3211
3212
3042
3213
3043
3214
3044
3215
3045
3216
3046
3217
3047
3218
3048
3219
3049
3220
3050
3221
3051
3222
3052
3223
3053
3224
3054
3225
3055
3226
3056
3227
3057
3228
3058
3229
3059
3230
3060
3231
3061
3232
3062
3233
3063
3234
3064
3235
3065
3236
3066
3237
3067
3238
3068
3239
3069
3240
3070
3241
3071
3242
3072
3243
3073
3244
3074
3245
3075
3246
3076
3247
3077
3248
3078
3249
3079
3250
3080
3251
3081
3252
3082
3253
3083
3254
3084
3255
3085
3256
3086
3257
3087
3258
3088
3259
3089
3260
3090
3261
3091
3262
3092
3263
3093
3264
3094
3265
3095
3266
3096
3267
3097
3268
3098
3269
3099
3270
3100
3271
3101
3272
3102
3273
3103
3274
3104
3275
3105
3276
3106
3277
3107
3278
3108
3279
3109
3280
3110
3281
3111
3282
3112
3283
3113
3284
3114
3285
3115
3286
3116
3287
3117
3288
3118
3289
3119
3290
3120
3291
3121
3292
3122
3293
3123
3294
3124
3295
3125
3296
3126
3297
3127
3298
3128
3299
3129
3300
3130
3301
3131
3302
3132
3303
3133
3304
3134
3305
3135
3306
3136
3307
3137
3308
3138
3309
3139
3310
3140
3311
3141
3312
3142
3313
3143
3314
3144
3315
3145
3316
3146
3317
3147
3318
3148
3319
3149
3320
3150
3321
3151
3322
3152
3323
3153
3324
3154
3325
3155
3326
3156
3327
3157
3328
3158
3329
3159
3330
3160
3331
3161
3332
3162
3333
3163
3334
3164
3335
3165
3336
3166
3337
3167
3338
3168
3339
3169
3340
3170
3341
3171
3342
3172
3343
3173
3344
3174
3345
3175
3346
3176
3347
3177
3348
3178
3349
3179
3350
3180
3351
3181
3352
3182
3353
3183
3354
3184
3355
3185
3356
3186
3357
3187
3358
3188
3359
3189
3360
3190
3361
3191
3362
3192
3363
3193
3364
3194
3365
3195
3366
3196
3367
3197
3368
3198
3369
3199
3370
3200
3371
3201
3372
3202
3373
3203
3374
3204
3375
3205
3376
3206
3377
3207
3378
3208
3379
3209
3380
3210
3381
3211
3382
3212
3383
3384
3214
3215
3385
3216
3386
3217
3387
3218
3388
3219
3389
3220
3390
3221
3391
3222
3392
3223
3393
3224
3394
3225
3395
3226
3396
3227
3397
3228
3398
3229
3399
3230
3400
3231
3401
3232
3402
3233
3403
3234
3404
3235
3405
3236
3406
3237
3407
3238
3408
3239
3409
3240
3410
3241
3411
3242
3412
3243
3413
3244
3414
3245
3415
3246
3416
3247
3417
3248
3418
3249
3419
3250
3420
3251
3421
3252
3422
3253
3423
3254
3424
3255
3425
3256
3426
3257
3427
3258
3428
3259
3429
3260
3430
3261
3431
3262
3432
3263
3433
3264
3434
3265
3435
3266
3436
3267
3437
3268
3438
3269
3439
3270
3440
3271
3441
3272
3442
3273
3443
3274
3444
3275
3445
3276
3446
3277
3447
3278
3448
3279
3449
3280
3450
3281
3451
3282
3452
3283
3453
3284
3454
3285
3455
3286
3456
3287
3457
3288
3458
3289
3459
3290
3460
3291
3461
3292
3462
3293
3463
3294
3464
3295
3465
3296
3466
3297
3467
3298
3468
3299
3469
3300
3470
3301
3471
3302
3472
3303
3473
3304
3474
3305
3475
3306
3476
3307
3477
3308
3478
3309
3479
3310
3480
3311
3481
3312
3482
3313
3483
3314
3484
3315
3485
3316
3486
3317
3487
3318
3488
3319
3489
3320
3490
3321
3491
3322
3492
3323
3493
3324
3494
3325
3495
3326
3496
3327
3497
3328
3498
3329
3499
3330
3500
3331
3501
3332
3502
3333
3503
3334
3504
3335
3505
3336
3506
3337
3507
3338
3508
3339
3509
3340
3510
3341
3511
3342
3512
3343
3513
3344
3514
3345
3515
3346
3516
3347
3517
3348
3518
3349
3519
3350
3520
3351
3521
3352
3522
3353
3523
3354
3524
3355
3525
3356
3526
3357
3527
3358
3528
3359
3529
3360
3530
3361
3531
3362
3532
3363
3533
3364
3534
3365
3535
3366
3536
3367
3537
3368
3538
3369
3539
3370
3540
3371
3541
3372
3542
3373
3543
3374
3544
3375
3545
3376
3546
3377
3547
3378
3548
3379
3549
3380
3550
3381
3551
3382
3552
3383
3553
3384
3554
3555
3386
3387
3556
3388
3557
3389
3558
3390
3559
3391
3560
3392
3561
3393
3562
3394
3563
3395
3564
3396
3565
3397
3566
3398
3567
3399
3568
3400
3569
3401
3570
3402
3571
3403
3572
3404
3573
3405
3574
3406
3575
3407
3576
3408
3577
3409
3578
3410
3579
3411
3580
3412
3581
3413
3582
3414
3583
3415
3584
3416
3585
3417
3586
3418
3587
3419
3588
3420
3589
3421
3590
3422
3591
3423
3592
3424
3593
3425
3594
3426
3595
3427
3596
3428
3597
3429
3598
3430
3599
3431
3600
3432
3601
3433
3602
3434
3603
3435
3604
3436
3605
3437
3606
3438
3607
3439
3608
3440
3609
3441
3610
3442
3611
3443
3612
3444
3613
3445
3614
3446
3615
3447
3616
3448
3617
3449
3618
3450
3619
3451
3620
3452
3621
3453
3622
3454
3623
3455
3624
3456
3625
3457
3626
3458
3627
3459
3628
3460
3629
3461
3630
3462
3631
3463
3632
3464
3633
3465
3634
3466
3635
3467
3636
3468
3637
3469
3638
3470
3639
3471
3640
3472
3641
3473
3642
3474
3643
3475
3644
3476
3645
3477
3646
3478
3647
3479
3648
3480
3649
3481
3650
3482
3651
3483
3652
3484
3653
3485
3654
3486
3655
3487
3656
3488
3657
3489
3658
3490
3659
3491
3660
3492
3661
3493
3662
3494
3663
3495
3664
3496
3665
3497
3666
3498
3667
3499
3668
3500
3669
3501
3670
3502
3671
3503
3672
3504
3673
3505
3674
3506
3675
3507
3676
3508
3677
3509
3678
3510
3679
3511
3680
3512
3681
3513
3682
3514
3683
3515
3684
3516
3685
3517
3686
3518
3687
3519
3688
3520
3689
3521
3690
3522
3691
3523
3692
3524
3693
3525
3694
3526
3695
3527
3696
3528
3697
3529
3698
3530
3699
3531
3700
3532
3701
3533
3702
3534
3703
3535
3704
3536
3705
3537
3706
3538
3707
3539
3708
3540
3709
3541
3710
3542
3711
3543
3712
3544
3713
3545
3714
3546
3715
3547
3716
3548
3717
3549
3718
3550
3719
3551
3720
3552
3721
3553
3722
3554
3723
3555
3724
3725
3557
3726
3558
3727
3559
3728
3560
3729
3561
3730
3562
3731
3563
3732
3564
3733
3565
3734
3566
3735
3567
3736
3568
3737
3569
3738
3570
3739
3571
3740
3572
3741
3573
3742
3574
3743
3575
3744
3576
3745
3577
3746
3578
3747
3579
3748
3580
3749
3581
3750
3582
3751
3583
3752
3584
3753
3585
3754
3586
3755
3587
3756
3588
3757
3589
3758
3590
3759
3591
3760
3592
3761
3593
3762
3594
3763
3595
3764
3596
3765
3597
3766
3598
3767
3599
3768
3600
3769
3601
3770
3602
3771
3603
3772
3604
3773
3605
3774
3606
3775
3607
3776
3608
3777
3609
3778
3610
3779
3611
3780
3612
3781
3613
3782
3614
3783
3615
3784
3616
3785
3617
3786
3618
3787
3619
3788
3620
3789
3621
3790
3622
3791
3623
3792
3624
3793
3625
3794
3626
3795
3627
3796
3628
3797
3629
3798
3630
3799
3631
3800
3632
3801
3633
3802
3634
3803
3635
3804
3636
3805
3637
3806
3638
3807
3639
3808
3640
3809
3641
3810
3642
3811
3643
3812
3644
3813
3645
3814
3646
3815
3647
3816
3648
3817
3649
3818
3650
3819
3651
3820
3652
3821
3653
3822
3654
3823
3655
3824
3656
3825
3657
3826
3658
3827
3659
3828
3660
3829
3661
3830
3662
3831
3663
3832
3664
3833
3665
3834
3666
3835
3667
3836
3668
3837
3669
3838
3670
3839
3671
3840
3672
3841
3673
3842
3674
3843
3675
3844
3676
3845
3677
3846
3678
3847
3679
3848
3680
3849
3681
3850
3682
3851
3683
3852
3684
3853
3685
3854
3686
3855
3687
3856
3688
3857
3689
3858
3690
3859
3691
3860
3692
3861
3693
3862
3694
3863
3695
3864
3696
3865
3697
3866
3698
3867
3699
3868
3700
3869
3701
3870
3702
3871
3703
3872
3704
3873
3705
3874
3706
3875
3707
3876
3708
3877
3709
3878
3710
3879
3711
3880
3712
3881
3713
3882
3714
3883
3715
3884
3716
3885
3717
3886
3718
3887
3719
3888
3720
3889
3721
3890
3722
3891
3723
3892
3724
3893
3725
3894
3895
3727
3728
3896
3729
3897
3730
3898
3731
3899
3732
3900
3733
3901
3734
3902
3735
3903
3736
3904
3737
3905
3738
3906
3739
3907
3740
3908
3741
3909
3742
3910
3743
3911
3744
3912
3745
3913
3746
3914
3747
3915
3748
3916
3749
3917
3750
3918
3751
3919
3752
3920
3753
3921
3754
3922
3755
3923
3756
3924
3757
3925
3758
3926
3759
3927
3760
3928
3761
3929
3762
3930
3763
3931
3764
3932
3765
3933
3766
3934
3767
3935
3768
3936
3769
3937
3770
3938
3771
3939
3772
3940
3773
3941
3774
3942
3775
3943
3776
3944
3777
3945
3778
3946
3779
3947
3780
3948
3781
3949
3782
3950
3783
3951
3784
3952
3785
3953
3786
3954
3787
3955
3788
3956
3789
3957
3790
3958
3791
3959
3792
3960
3793
3961
3794
3962
3795
3963
3796
3964
3797
3965
3798
3966
3799
3967
3800
3968
3801
3969
3802
3970
3803
3971
3804
3972
3805
3973
3806
3974
3807
3975
3808
3976
3809
3977
3810
3978
3811
3979
3812
3980
3813
3981
3814
3982
3815
3983
3816
3984
3817
3985
3818
3986
3819
3987
3820
3988
3821
3989
3822
3990
3823
3991
3824
3992
3825
3993
3826
3994
3827
3995
3828
3996
3829
3997
3830
3998
3831
3999
3832
4000
3833
4001
3834
4002
3835
4003
3836
4004
3837
4005
3838
4006
3839
4007
3840
4008
3841
4009
3842
4010
3843
4011
3844
4012
3845
4013
3846
4014
3847
4015
3848
4016
3849
4017
3850
4018
3851
4019
3852
4020
3853
4021
3854
4022
3855
4023
3856
4024
3857
4025
3858
4026
3859
4027
3860
4028
3861
4029
3862
4030
3863
4031
3864
4032
3865
4033
3866
4034
3867
4035
3868
4036
3869
4037
3870
4038
3871
4039
3872
4040
3873
4041
3874
4042
3875
4043
3876
4044
3877
4045
3878
4046
3879
4047
3880
4048
3881
4049
3882
4050
3883
4051
3884
4052
3885
4053
3886
4054
3887
4055
3888
4056
3889
4057
3890
4058
3891
4059
3892
4060
3893
4061
3894
4062
3895
4063
4064
3897
3898
4065
3899
4066
3900
4067
3901
4068
3902
4069
3903
4070
3904
4071
3905
4072
3906
4073
3907
4074
3908
4075
3909
4076
3910
4077
3911
4078
3912
4079
3913
4080
3914
4081
3915
4082
3916
4083
3917
4084
3918
4085
3919
4086
3920
4087
3921
4088
3922
4089
3923
4090
3924
4091
3925
4092
3926
4093
3927
4094
3928
4095
3929
4096
3930
4097
3931
4098
3932
4099
3933
4100
3934
4101
3935
4102
3936
4103
3937
4104
3938
4105
3939
4106
3940
4107
3941
4108
3942
4109
3943
4110
3944
4111
3945
4112
3946
4113
3947
4114
3948
4115
3949
4116
3950
4117
3951
4118
3952
4119
3953
4120
3954
4121
3955
4122
3956
4123
3957
4124
3958
4125
3959
4126
3960
4127
3961
4128
3962
4129
3963
4130
3964
4131
3965
4132
3966
4133
3967
4134
3968
4135
3969
4136
3970
4137
3971
4138
3972
4139
3973
4140
3974
4141
3975
4142
3976
4143
3977
4144
3978
4145
3979
4146
3980
4147
3981
4148
3982
4149
3983
4150
3984
4151
3985
4152
3986
4153
3987
4154
3988
4155
3989
4156
3990
4157
3991
4158
3992
4159
3993
4160
3994
4161
3995
4162
3996
4163
3997
4164
3998
4165
3999
4166
4000
4167
4001
4168
4002
4169
4003
4170
4004
4171
4005
4172
4006
4173
4007
4174
4008
4175
4009
4176
4010
4177
4011
4178
4012
4179
4013
4180
4014
4181
4015
4182
4016
4183
4017
4184
4018
4185
4019
4186
4020
4187
4021
4188
4022
4189
4023
4190
4024
4191
4025
4192
4026
4193
4027
4194
4028
4195
4029
4196
4030
4197
4031
4198
4032
4199
4033
4200
4034
4201
4035
4202
4036
4203
4037
4204
4038
4205
4039
4206
4040
4207
4041
4208
4042
4209
4043
4210
4044
4211
4045
4212
4046
4213
4047
4214
4048
4215
4049
4216
4050
4217
4051
4218
4052
4219
4053
4220
4054
4221
4055
4222
4056
4223
4057
4224
4058
4225
4059
4226
4060
4227
4061
4228
4062
4229
4063
4230
4064
4231
4232
4066
4067
4233
4068
4234
4069
4235
4070
4236
4071
4237
4072
4238
4073
4239
4074
4240
4075
4241
4076
4242
4077
4243
4078
4244
4079
4245
4080
4246
4081
4247
4082
4248
4083
4249
4084
4250
4085
4251
4086
4252
4087
4253
4088
4254
4089
4255
4090
4256
4091
4257
4092
4258
4093
4259
4094
4260
4095
4261
4096
4262
4097
4263
4098
4264
4099
4265
4100
4266
4101
4267
4102
4268
4103
4269
4104
4270
4105
4271
4106
4272
4107
4273
4108
4274
4109
4275
4110
4276
4111
4277
4112
4278
4113
4279
4114
4280
4115
4281
4116
4282
4117
4283
4118
4284
4119
4285
4120
4286
4121
4287
4122
4288
4123
4289
4124
4290
4125
4291
4126
4292
4127
4293
4128
4294
4129
4295
4130
4296
4131
4297
4132
4298
4133
4299
4134
4300
4135
4301
4136
4302
4137
4303
4138
4304
4139
4305
4140
4306
4141
4307
4142
4308
4143
4309
4144
4310
4145
4311
4146
4312
4147
4313
4148
4314
4149
4315
4150
4316
4151
4317
4152
4318
4153
4319
4154
4320
4155
4321
4156
4322
4157
4323
4158
4324
4159
4325
4160
4326
4161
4327
4162
4328
4163
4329
4164
4330
4165
4331
4166
4332
4167
4333
4168
4334
4169
4335
4170
4336
4171
4337
4172
4338
4173
4339
4174
4340
4175
4341
4176
4342
4177
4343
4178
4344
4179
4345
4180
4346
4181
4347
4182
4348
4183
4349
4184
4350
4185
4351
4186
4352
4187
4353
4188
4354
4189
4355
4190
4356
4191
4357
4192
4358
4193
4359
4194
4360
4195
4361
4196
4362
4197
4363
4198
4364
4199
4365
4200
4366
4201
4367
4202
4368
4203
4369
4204
4370
4205
4371
4206
4372
4207
4373
4208
4374
4209
4375
4210
4376
4211
4377
4212
4378
4213
4379
4214
4380
4215
4381
4216
4382
4217
4383
4218
4384
4219
4385
4220
4386
4221
4387
4222
4388
4223
4389
4224
4390
4225
4391
4226
4392
4227
4393
4228
4394
4229
4395
4230
4396
4231
4397
4232
4398
4399
4234
4400
4235
4401
4236
4402
4237
4403
4238
4404
4239
4405
4240
4406
4241
4407
4242
4408
4243
4409
4244
4410
4245
4411
4246
4412
4247
4413
4248
4414
4249
4415
4250
4416
4251
4417
4252
4418
4253
4419
4254
4420
4255
4421
4256
4422
4257
4423
4258
4424
4259
4425
4260
4426
4261
4427
4262
4428
4263
4429
4264
4430
4265
4431
4266
4432
4267
4433
4268
4434
4269
4435
4270
4436
4271
4437
4272
4438
4273
4439
4274
4440
4275
4441
4276
4442
4277
4443
4278
4444
4279
4445
4280
4446
4281
4447
4282
4448
4283
4449
4284
4450
4285
4451
4286
4452
4287
4453
4288
4454
4289
4455
4290
4456
4291
4457
4292
4458
4293
4459
4294
4460
4295
4461
4296
4462
4297
4463
4298
4464
4299
4465
4300
4466
4301
4467
4302
4468
4303
4469
4304
4470
4305
4471
4306
4472
4307
4473
4308
4474
4309
4475
4310
4476
4311
4477
4312
4478
4313
4479
4314
4480
4315
4481
4316
4482
4317
4483
4318
4484
4319
4485
4320
4486
4321
4487
4322
4488
4323
4489
4324
4490
4325
4491
4326
4492
4327
4493
4328
4494
4329
4495
4330
4496
4331
4497
4332
4498
4333
4499
4334
4500
4335
4501
4336
4502
4337
4503
4338
4504
4339
4505
4340
4506
4341
4507
4342
4508
4343
4509
4344
4510
4345
4511
4346
4512
4347
4513
4348
4514
4349
4515
4350
4516
4351
4517
4352
4518
4353
4519
4354
4520
4355
4521
4356
4522
4357
4523
4358
4524
4359
4525
4360
4526
4361
4527
4362
4528
4363
4529
4364
4530
4365
4531
4366
4532
4367
4533
4368
4534
4369
4535
4370
4536
4371
4537
4372
4538
4373
4539
4374
4540
4375
4541
4376
4542
4377
4543
4378
4544
4379
4545
4380
4546
4381
4547
4382
4548
4383
4549
4384
4550
4385
4551
4386
4552
4387
4553
4388
4554
4389
4555
4390
4556
4391
4557
4392
4558
4393
4559
4394
4560
4395
4561
4396
4562
4397
4563
4398
4564
4399
4565
4566
4401
4402
4567
4403
4568
4404
4569
4405
4570
4406
4571
4407
4572
4408
4573
4409
4574
4410
4575
4411
4576
4412
4577
4413
4578
4414
4579
4415
4580
4416
4581
4417
4582
4418
4583
4419
4584
4420
4585
4421
4586
4422
4587
4423
4588
4424
4589
4425
4590
4426
4591
4427
4592
4428
4593
4429
4594
4430
4595
4431
4596
4432
4597
4433
4598
4434
4599
4435
4600
4436
4601
4437
4602
4438
4603
4439
4604
4440
4605
4441
4606
4442
4607
4443
4608
4444
4609
4445
4610
4446
4611
4447
4612
4448
4613
4449
4614
4450
4615
4451
4616
4452
4617
4453
4618
4454
4619
4455
4620
4456
4621
4457
4622
4458
4623
4459
4624
4460
4625
4461
4626
4462
4627
4463
4628
4464
4629
4465
4630
4466
4631
4467
4632
4468
4633
4469
4634
4470
4635
4471
4636
4472
4637
4473
4638
4474
4639
4475
4640
4476
4641
4477
4642
4478
4643
4479
4644
4480
4645
4481
4646
4482
4647
4483
4648
4484
4649
4485
4650
4486
4651
4487
4652
4488
4653
4489
4654
4490
4655
4491
4656
4492
4657
4493
4658
4494
4659
4495
4660
4496
4661
4497
4662
4498
4663
4499
4664
4500
4665
4501
4666
4502
4667
4503
4668
4504
4669
4505
4670
4506
4671
4507
4672
4508
4673
4509
4674
4510
4675
4511
4676
4512
4677
4513
4678
4514
4679
4515
4680
4516
4681
4517
4682
4518
4683
4519
4684
4520
4685
4521
4686
4522
4687
4523
4688
4524
4689
4525
4690
4526
4691
4527
4692
4528
4693
4529
4694
4530
4695
4531
4696
4532
4697
4533
4698
4534
4699
4535
4700
4536
4701
4537
4702
4538
4703
4539
4704
4540
4705
4541
4706
4542
4707
4543
4708
4544
4709
4545
4710
4546
4711
4547
4712
4548
4713
4549
4714
4550
4715
4551
4716
4552
4717
4553
4718
4554
4719
4555
4720
4556
4721
4557
4722
4558
4723
4559
4724
4560
4725
4561
4726
4562
4727
4563
4728
4564
4729
4565
4730
4566
4731
4732
4568
4569
4733
4570
4734
4571
4735
4572
4736
4573
4737
4574
4738
4575
4739
4576
4740
4577
4741
4578
4742
4579
4743
4580
4744
4581
4745
4582
4746
4583
4747
4584
4748
4585
4749
4586
4750
4587
4751
4588
4752
4589
4753
4590
4754
4591
4755
4592
4756
4593
4757
4594
4758
4595
4759
4596
4760
4597
4761
4598
4762
4599
4763
4600
4764
4601
4765
4602
4766
4603
4767
4604
4768
4605
4769
4606
4770
4607
4771
4608
4772
4609
4773
4610
4774
4611
4775
4612
4776
4613
4777
4614
4778
4615
4779
4616
4780
4617
4781
4618
4782
4619
4783
4620
4784
4621
4785
4622
4786
4623
4787
4624
4788
4625
4789
4626
4790
4627
4791
4628
4792
4629
4793
4630
4794
4631
4795
4632
4796
4633
4797
4634
4798
4635
4799
4636
4800
4637
4801
4638
4802
4639
4803
4640
4804
4641
4805
4642
4806
4643
4807
4644
4808
4645
4809
4646
4810
4647
4811
4648
4812
4649
4813
4650
4814
4651
4815
4652
4816
4653
4817
4654
4818
4655
4819
4656
4820
4657
4821
4658
4822
4659
4823
4660
4824
4661
4825
4662
4826
4663
4827
4664
4828
4665
4829
4666
4830
4667
4831
4668
4832
4669
4833
4670
4834
4671
4835
4672
4836
4673
4837
4674
4838
4675
4839
4676
4840
4677
4841
4678
4842
4679
4843
4680
4844
4681
4845
4682
4846
4683
4847
4684
4848
4685
4849
4686
4850
4687
4851
4688
4852
4689
4853
4690
4854
4691
4855
4692
4856
4693
4857
4694
4858
4695
4859
4696
4860
4697
4861
4698
4862
4699
4863
4700
4864
4701
4865
4702
4866
4703
4867
4704
4868
4705
4869
4706
4870
4707
4871
4708
4872
4709
4873
4710
4874
4711
4875
4712
4876
4713
4877
4714
4878
4715
4879
4716
4880
4717
4881
4718
4882
4719
4883
4720
4884
4721
4885
4722
4886
4723
4887
4724
4888
4725
4889
4726
4890
4727
4891
4728
4892
4729
4893
4730
4894
4731
4895
4732
4896
4897
4734
4735
4898
4736
4899
4737
4900
4738
4901
4739
4902
4740
4903
4741
4904
4742
4905
4743
4906
4744
4907
4745
4908
4746
4909
4747
4910
4748
4911
4749
4912
4750
4913
4751
4914
4752
4915
4753
4916
4754
4917
4755
4918
4756
4919
4757
4920
4758
4921
4759
4922
4760
4923
4761
4924
4762
4925
4763
4926
4764
4927
4765
4928
4766
4929
4767
4930
4768
4931
4769
4932
4770
4933
4771
4934
4772
4935
4773
4936
4774
4937
4775
4938
4776
4939
4777
4940
4778
4941
4779
4942
4780
4943
4781
4944
4782
4945
4783
4946
4784
4947
4785
4948
4786
4949
4787
4950
4788
4951
4789
4952
4790
4953
4791
4954
4792
4955
4793
4956
4794
4957
4795
4958
4796
4959
4797
4960
4798
4961
4799
4962
4800
4963
4801
4964
4802
4965
4803
4966
4804
4967
4805
4968
4806
4969
4807
4970
4808
4971
4809
4972
4810
4973
4811
4974
4812
4975
4813
4976
4814
4977
4815
4978
4816
4979
4817
4980
4818
4981
4819
4982
4820
4983
4821
4984
4822
4985
4823
4986
4824
4987
4825
4988
4826
4989
4827
4990
4828
4991
4829
4992
4830
4993
4831
4994
4832
4995
4833
4996
4834
4997
4835
4998
4836
4999
4837
5000
4838
5001
4839
5002
4840
5003
4841
5004
4842
5005
4843
5006
4844
5007
4845
5008
4846
5009
4847
5010
4848
5011
4849
5012
4850
5013
4851
5014
4852
5015
4853
5016
4854
5017
4855
5018
4856
5019
4857
5020
4858
5021
4859
5022
4860
5023
4861
5024
4862
5025
4863
5026
4864
5027
4865
5028
4866
5029
4867
5030
4868
5031
4869
5032
4870
5033
4871
5034
4872
5035
4873
5036
4874
5037
4875
5038
4876
5039
4877
5040
4878
5041
4879
5042
4880
5043
4881
5044
4882
5045
4883
5046
4884
5047
4885
5048
4886
5049
4887
5050
4888
5051
4889
5052
4890
5053
4891
5054
4892
5055
4893
5056
4894
5057
4895
5058
4896
5059
4897
5060
5061
4899
5062
4900
5063
4901
5064
4902
5065
4903
5066
4904
5067
4905
5068
4906
5069
4907
5070
4908
5071
4909
5072
4910
5073
4911
5074
4912
5075
4913
5076
4914
5077
4915
5078
4916
5079
4917
5080
4918
5081
4919
5082
4920
5083
4921
5084
4922
5085
4923
5086
4924
5087
4925
5088
4926
5089
4927
5090
4928
5091
4929
5092
4930
5093
4931
5094
4932
5095
4933
5096
4934
5097
4935
5098
4936
5099
4937
5100
4938
5101
4939
5102
4940
5103
4941
5104
4942
5105
4943
5106
4944
5107
4945
5108
4946
5109
4947
5110
4948
5111
4949
5112
4950
5113
4951
5114
4952
5115
4953
5116
4954
5117
4955
5118
4956
5119
4957
5120
4958
5121
4959
5122
4960
5123
4961
5124
4962
5125
4963
5126
4964
5127
4965
5128
4966
5129
4967
5130
4968
5131
4969
5132
4970
5133
4971
5134
4972
5135
4973
5136
4974
5137
4975
5138
4976
5139
4977
5140
4978
5141
4979
5142
4980
5143
4981
5144
4982
5145
4983
5146
4984
5147
4985
5148
4986
5149
4987
5150
4988
5151
4989
5152
4990
5153
4991
5154
4992
5155
4993
5156
4994
5157
4995
5158
4996
5159
4997
5160
4998
5161
4999
5162
5000
5163
5001
5164
5002
5165
5003
5166
5004
5167
5005
5168
5006
5169
5007
5170
5008
5171
5009
5172
5010
5173
5011
5174
5012
5175
5013
5176
5014
5177
5015
5178
5016
5179
5017
5180
5018
5181
5019
5182
5020
5183
5021
5184
5022
5185
5023
5186
5024
5187
5025
5188
5026
5189
5027
5190
5028
5191
5029
5192
5030
5193
5031
5194
5032
5195
5033
5196
5034
5197
5035
5198
5036
5199
5037
5200
5038
5201
5039
5202
5040
5203
5041
5204
5042
5205
5043
5206
5044
5207
5045
5208
5046
5209
5047
5210
5048
5211
5049
5212
5050
5213
5051
5214
5052
5215
5053
5216
5054
5217
5055
5218
5056
5219
5057
5220
5058
5221
5059
5222
5060
5223
5061
5224
5225
5063
5064
5226
5065
5227
5066
5228
5067
5229
5068
5230
5069
5231
5070
5232
5071
5233
5072
5234
5073
5235
5074
5236
5075
5237
5076
5238
5077
5239
5078
5240
5079
5241
5080
5242
5081
5243
5082
5244
5083
5245
5084
5246
5085
5247
5086
5248
5087
5249
5088
5250
5089
5251
5090
5252
5091
5253
5092
5254
5093
5255
5094
5256
5095
5257
5096
5258
5097
5259
5098
5260
5099
5261
5100
5262
5101
5263
5102
5264
5103
5265
5104
5266
5105
5267
5106
5268
5107
5269
5108
5270
5109
5271
5110
5272
5111
5273
5112
5274
5113
5275
5114
5276
5115
5277
5116
5278
5117
5279
5118
5280
5119
5281
5120
5282
5121
5283
5122
5284
5123
5285
5124
5286
5125
5287
5126
5288
5127
5289
5128
5290
5129
5291
5130
5292
5131
5293
5132
5294
5133
5295
5134
5296
5135
5297
5136
5298
5137
5299
5138
5300
5139
5301
5140
5302
5141
5303
5142
5304
5143
5305
5144
5306
5145
5307
5146
5308
5147
5309
5148
5310
5149
5311
5150
5312
5151
5313
5152
5314
5153
5315
5154
5316
5155
5317
5156
5318
5157
5319
5158
5320
5159
5321
5160
5322
5161
5323
5162
5324
5163
5325
5164
5326
5165
5327
5166
5328
5167
5329
5168
5330
5169
5331
5170
5332
5171
5333
5172
5334
5173
5335
5174
5336
5175
5337
5176
5338
5177
5339
5178
5340
5179
5341
5180
5342
5181
5343
5182
5344
5183
5345
5184
5346
5185
5347
5186
5348
5187
5349
5188
5350
5189
5351
5190
5352
5191
5353
5192
5354
5193
5355
5194
5356
5195
5357
5196
5358
5197
5359
5198
5360
5199
5361
5200
5362
5201
5363
5202
5364
5203
5365
5204
5366
5205
5367
5206
5368
5207
5369
5208
5370
5209
5371
5210
5372
5211
5373
5212
5374
5213
5375
5214
5376
5215
5377
5216
5378
5217
5379
5218
5380
5219
5381
5220
5382
5221
5383
5222
5384
5223
5385
5224
5386
5225
5387
5388
5227
5228
5389
5229
5390
5230
5391
5231
5392
5232
5393
5233
5394
5234
5395
5235
5396
5236
5397
5237
5398
5238
5399
5239
5400
5240
5401
5241
5402
5242
5403
5243
5404
5244
5405
5245
5406
5246
5407
5247
5408
5248
5409
5249
5410
5250
5411
5251
5412
5252
5413
5253
5414
5254
5415
5255
5416
5256
5417
5257
5418
5258
5419
5259
5420
5260
5421
5261
5422
5262
5423
5263
5424
5264
5425
5265
5426
5266
5427
5267
5428
5268
5429
5269
5430
5270
5431
5271
5432
5272
5433
5273
5434
5274
5435
5275
5436
5276
5437
5277
5438
5278
5439
5279
5440
5280
5441
5281
5442
5282
5443
5283
5444
5284
5445
5285
5446
5286
5447
5287
5448
5288
5449
5289
5450
5290
5451
5291
5452
5292
5453
5293
5454
5294
5455
5295
5456
5296
5457
5297
5458
5298
5459
5299
5460
5300
5461
5301
5462
5302
5463
5303
5464
5304
5465
5305
5466
5306
5467
5307
5468
5308
5469
5309
5470
5310
5471
5311
5472
5312
5473
5313
5474
5314
5475
5315
5476
5316
5477
5317
5478
5318
5479
5319
5480
5320
5481
5321
5482
5322
5483
5323
5484
5324
5485
5325
5486
5326
5487
5327
5488
5328
5489
5329
5490
5330
5491
5331
5492
5332
5493
5333
5494
5334
5495
5335
5496
5336
5497
5337
5498
5338
5499
5339
5500
5340
5501
5341
5502
5342
5503
5343
5504
5344
5505
5345
5506
5346
5507
5347
5508
5348
5509
5349
5510
5350
5511
5351
5512
5352
5513
5353
5514
5354
5515
5355
5516
5356
5517
5357
5518
5358
5519
5359
5520
5360
5521
5361
5522
5362
5523
5363
5524
5364
5525
5365
5526
5366
5527
5367
5528
5368
5529
5369
5530
5370
5531
5371
5532
5372
5533
5373
5534
5374
5535
5375
5536
5376
5537
5377
5538
5378
5539
5379
5540
5380
5541
5381
5542
5382
5543
5383
5544
5384
5545
5385
5546
5386
5547
5387
5548
5388
5549
5550
5390
5551
5391
5552
5392
5553
5393
5554
5394
5555
5395
5556
5396
5557
5397
5558
5398
5559
5399
5560
5400
5561
5401
5562
5402
5563
5403
5564
5404
5565
5405
5566
5406
5567
5407
5568
5408
5569
5409
5570
5410
5571
5411
5572
5412
5573
5413
5574
5414
5575
5415
5576
5416
5577
5417
5578
5418
5579
5419
5580
5420
5581
5421
5582
5422
5583
5423
5584
5424
5585
5425
5586
5426
5587
5427
5588
5428
5589
5429
5590
5430
5591
5431
5592
5432
5593
5433
5594
5434
5595
5435
5596
5436
5597
5437
5598
5438
5599
5439
5600
5440
5601
5441
5602
5442
5603
5443
5604
5444
5605
5445
5606
5446
5607
5447
5608
5448
5609
5449
5610
5450
5611
5451
5612
5452
5613
5453
5614
5454
5615
5455
5616
5456
5617
5457
5618
5458
5619
5459
5620
5460
5621
5461
5622
5462
5623
5463
5624
5464
5625
5465
5626
5466
5627
5467
5628
5468
5629
5469
5630
5470
5631
5471
5632
5472
5633
5473
5634
5474
5635
5475
5636
5476
5637
5477
5638
5478
5639
5479
5640
5480
5641
5481
5642
5482
5643
5483
5644
5484
5645
5485
5646
5486
5647
5487
5648
5488
5649
5489
5650
5490
5651
5491
5652
5492
5653
5493
5654
5494
5655
5495
5656
5496
5657
5497
5658
5498
5659
5499
5660
5500
5661
5501
5662
5502
5663
5503
5664
5504
5665
5505
5666
5506
5667
5507
5668
5508
5669
5509
5670
5510
5671
5511
5672
5512
5673
5513
5674
5514
5675
5515
5676
5516
5677
5517
5678
5518
5679
5519
5680
5520
5681
5521
5682
5522
5683
5523
5684
5524
5685
5525
5686
5526
5687
5527
5688
5528
5689
5529
5690
5530
5691
5531
5692
5532
5693
5533
5694
5534
5695
5535
5696
5536
5697
5537
5698
5538
5699
5539
5700
5540
5701
5541
5702
5542
5703
5543
5704
5544
5705
5545
5706
5546
5707
5547
5708
5548
5709
5549
5710
5550
5711
5712
5552
5553
5713
5554
5714
5555
5715
5556
5716
5557
5717
5558
5718
5559
5719
5560
5720
5561
5721
5562
5722
5563
5723
5564
5724
5565
5725
5566
5726
5567
5727
5568
5728
5569
5729
5570
5730
5571
5731
5572
5732
5573
5733
5574
5734
5575
5735
5576
5736
5577
5737
5578
5738
5579
5739
5580
5740
5581
5741
5582
5742
5583
5743
5584
5744
5585
5745
5586
5746
5587
5747
5588
5748
5589
5749
5590
5750
5591
5751
5592
5752
5593
5753
5594
5754
5595
5755
5596
5756
5597
5757
5598
5758
5599
5759
5600
5760
5601
5761
5602
5762
5603
5763
5604
5764
5605
5765
5606
5766
5607
5767
5608
5768
5609
5769
5610
5770
5611
5771
5612
5772
5613
5773
5614
5774
5615
5775
5616
5776
5617
5777
5618
5778
5619
5779
5620
5780
5621
5781
5622
5782
5623
5783
5624
5784
5625
5785
5626
5786
5627
5787
5628
5788
5629
5789
5630
5790
5631
5791
5632
5792
5633
5793
5634
5794
5635
5795
5636
5796
5637
5797
5638
5798
5639
5799
5640
5800
5641
5801
5642
5802
5643
5803
5644
5804
5645
5805
5646
5806
5647
5807
5648
5808
5649
5809
5650
5810
5651
5811
5652
5812
5653
5813
5654
5814
5655
5815
5656
5816
5657
5817
5658
5818
5659
5819
5660
5820
5661
5821
5662
5822
5663
5823
5664
5824
5665
5825
5666
5826
5667
5827
5668
5828
5669
5829
5670
5830
5671
5831
5672
5832
5673
5833
5674
5834
5675
5835
5676
5836
5677
5837
5678
5838
5679
5839
5680
5840
5681
5841
5682
5842
5683
5843
5684
5844
5685
5845
5686
5846
5687
5847
5688
5848
5689
5849
5690
5850
5691
5851
5692
5852
5693
5853
5694
5854
5695
5855
5696
5856
5697
5857
5698
5858
5699
5859
5700
5860
5701
5861
5702
5862
5703
5863
5704
5864
5705
5865
5706
5866
5707
5867
5708
5868
5709
5869
5710
5870
5711
5871
5712
5872
5714
5715
5873
5716
5874
5717
5875
5718
5876
5719
5877
5720
5878
5721
5879
5722
5880
5723
5881
5724
5882
5725
5883
5726
5884
5727
5885
5728
5886
5729
5887
5730
5888
5731
5889
5732
5890
5733
5891
5734
5892
5735
5893
5736
5894
5737
5895
5738
5896
5739
5897
5740
5898
5741
5899
5742
5900
5743
5901
5744
5902
5745
5903
5746
5904
5747
5905
5748
5906
5749
5907
5750
5908
5751
5909
5752
5910
5753
5911
5754
5912
5755
5913
5756
5914
5757
5915
5758
5916
5759
5917
5760
5918
5761
5919
5762
5920
5763
5921
5764
5922
5765
5923
5766
5924
5767
5925
5768
5926
5769
5927
5770
5928
5771
5929
5772
5930
5773
5931
5774
5932
5775
5933
5776
5934
5777
5935
5778
5936
5779
5937
5780
5938
5781
5939
5782
5940
5783
5941
5784
5942
5785
5943
5786
5944
5787
5945
5788
5946
5789
5947
5790
5948
5791
5949
5792
5950
5793
5951
5794
5952
5795
5953
5796
5954
5797
5955
5798
5956
5799
5957
5800
5958
5801
5959
5802
5960
5803
5961
5804
5962
5805
5963
5806
5964
5807
5965
5808
5966
5809
5967
5810
5968
5811
5969
5812
5970
5813
5971
5814
5972
5815
5973
5816
5974
5817
5975
5818
5976
5819
5977
5820
5978
5821
5979
5822
5980
5823
5981
5824
5982
5825
5983
5826
5984
5827
5985
5828
5986
5829
5987
5830
5988
5831
5989
5832
5990
5833
5991
5834
5992
5835
5993
5836
5994
5837
5995
5838
5996
5839
5997
5840
5998
5841
5999
5842
6000
5843
6001
5844
6002
5845
6003
5846
6004
5847
6005
5848
6006
5849
6007
5850
6008
5851
6009
5852
6010
5853
6011
5854
6012
5855
6013
5856
6014
5857
6015
5858
6016
5859
6017
5860
6018
5861
6019
5862
6020
5863
6021
5864
6022
5865
6023
5866
6024
5867
6025
5868
6026
5869
6027
5870
6028
5871
6029
5872
6030
6031
5874
5875
6032
5876
6033
5877
6034
5878
6035
5879
6036
5880
6037
5881
6038
5882
6039
5883
6040
5884
6041
5885
6042
5886
6043
5887
6044
5888
6045
5889
6046
5890
6047
5891
6048
5892
6049
5893
6050
5894
6051
5895
6052
5896
6053
5897
6054
5898
6055
5899
6056
5900
6057
5901
6058
5902
6059
5903
6060
5904
6061
5905
6062
5906
6063
5907
6064
5908
6065
5909
6066
5910
6067
5911
6068
5912
6069
5913
6070
5914
6071
5915
6072
5916
6073
5917
6074
5918
6075
5919
6076
5920
6077
5921
6078
5922
6079
5923
6080
5924
6081
5925
6082
5926
6083
5927
6084
5928
6085
5929
6086
5930
6087
5931
6088
5932
6089
5933
6090
5934
6091
5935
6092
5936
6093
5937
6094
5938
6095
5939
6096
5940
6097
5941
6098
5942
6099
5943
6100
5944
6101
5945
6102
5946
6103
5947
6104
5948
6105
5949
6106
5950
6107
5951
6108
5952
6109
5953
6110
5954
6111
5955
6112
5956
6113
5957
6114
5958
6115
5959
6116
5960
6117
5961
6118
5962
6119
5963
6120
5964
6121
5965
6122
5966
6123
5967
6124
5968
6125
5969
6126
5970
6127
5971
6128
5972
6129
5973
6130
5974
6131
5975
6132
5976
6133
5977
6134
5978
6135
5979
6136
5980
6137
5981
6138
5982
6139
5983
6140
5984
6141
5985
6142
5986
6143
5987
6144
5988
6145
5989
6146
5990
6147
5991
6148
5992
6149
5993
6150
5994
6151
5995
6152
5996
6153
5997
6154
5998
6155
5999
6156
6000
6157
6001
6158
6002
6159
6003
6160
6004
6161
6005
6162
6006
6163
6007
6164
6008
6165
6009
6166
6010
6167
6011
6168
6012
6169
6013
6170
6014
6171
6015
6172
6016
6173
6017
6174
6018
6175
6019
6176
6020
6177
6021
6178
6022
6179
6023
6180
6024
6181
6025
6182
6026
6183
6027
6184
6028
6185
6029
6186
6030
6187
6031
6188
6189
6033
6190
6034
6191
6035
6192
6036
6193
6037
6194
6038
6195
6039
6196
6040
6197
6041
6198
6042
6199
6043
6200
6044
6201
6045
6202
6046
6203
6047
6204
6048
6205
6049
6206
6050
6207
6051
6208
6052
6209
6053
6210
6054
6211
6055
6212
6056
6213
6057
6214
6058
6215
6059
6216
6060
6217
6061
6218
6062
6219
6063
6220
6064
6221
6065
6222
6066
6223
6067
6224
6068
6225
6069
6226
6070
6227
6071
6228
6072
6229
6073
6230
6074
6231
6075
6232
6076
6233
6077
6234
6078
6235
6079
6236
6080
6237
6081
6238
6082
6239
6083
6240
6084
6241
6085
6242
6086
6243
6087
6244
6088
6245
6089
6246
6090
6247
6091
6248
6092
6249
6093
6250
6094
6251
6095
6252
6096
6253
6097
6254
6098
6255
6099
6256
6100
6257
6101
6258
6102
6259
6103
6260
6104
6261
6105
6262
6106
6263
6107
6264
6108
6265
6109
6266
6110
6267
6111
6268
6112
6269
6113
6270
6114
6271
6115
6272
6116
6273
6117
6274
6118
6275
6119
6276
6120
6277
6121
6278
6122
6279
6123
6280
6124
6281
6125
6282
6126
6283
6127
6284
6128
6285
6129
6286
6130
6287
6131
6288
6132
6289
6133
6290
6134
6291
6135
6292
6136
6293
6137
6294
6138
6295
6139
6296
6140
6297
6141
6298
6142
6299
6143
6300
6144
6301
6145
6302
6146
6303
6147
6304
6148
6305
6149
6306
6150
6307
6151
6308
6152
6309
6153
6310
6154
6311
6155
6312
6156
6313
6157
6314
6158
6315
6159
6316
6160
6317
6161
6318
6162
6319
6163
6320
6164
6321
6165
6322
6166
6323
6167
6324
6168
6325
6169
6326
6170
6327
6171
6328
6172
6329
6173
6330
6174
6331
6175
6332
6176
6333
6177
6334
6178
6335
6179
6336
6180
6337
6181
6338
6182
6339
6183
6340
6184
6341
6185
6342
6186
6343
6187
6344
6188
6345
6189
6346
6347
6191
6192
6348
6193
6349
6194
6350
6195
6351
6196
6352
6197
6353
6198
6354
6199
6355
6200
6356
6201
6357
6202
6358
6203
6359
6204
6360
6205
6361
6206
6362
6207
6363
6208
6364
6209
6365
6210
6366
6211
6367
6212
6368
6213
6369
6214
6370
6215
6371
6216
6372
6217
6373
6218
6374
6219
6375
6220
6376
6221
6377
6222
6378
6223
6379
6224
6380
6225
6381
6226
6382
6227
6383
6228
6384
6229
6385
6230
6386
6231
6387
6232
6388
6233
6389
6234
6390
6235
6391
6236
6392
6237
6393
6238
6394
6239
6395
6240
6396
6241
6397
6242
6398
6243
6399
6244
6400
6245
6401
6246
6402
6247
6403
6248
6404
6249
6405
6250
6406
6251
6407
6252
6408
6253
6409
6254
6410
6255
6411
6256
6412
6257
6413
6258
6414
6259
6415
6260
6416
6261
6417
6262
6418
6263
6419
6264
6420
6265
6421
6266
6422
6267
6423
6268
6424
6269
6425
6270
6426
6271
6427
6272
6428
6273
6429
6274
6430
6275
6431
6276
6432
6277
6433
6278
6434
6279
6435
6280
6436
6281
6437
6282
6438
6283
6439
6284
6440
6285
6441
6286
6442
6287
6443
6288
6444
6289
6445
6290
6446
6291
6447
6292
6448
6293
6449
6294
6450
6295
6451
6296
6452
6297
6453
6298
6454
6299
6455
6300
6456
6301
6457
6302
6458
6303
6459
6304
6460
6305
6461
6306
6462
6307
6463
6308
6464
6309
6465
6310
6466
6311
6467
6312
6468
6313
6469
6314
6470
6315
6471
6316
6472
6317
6473
6318
6474
6319
6475
6320
6476
6321
6477
6322
6478
6323
6479
6324
6480
6325
6481
6326
6482
6327
6483
6328
6484
6329
6485
6330
6486
6331
6487
6332
6488
6333
6489
6334
6490
6335
6491
6336
6492
6337
6493
6338
6494
6339
6495
6340
6496
6341
6497
6342
6498
6343
6499
6344
6500
6345
6501
6346
6502
6347
6503
6504
6349
6350
6505
6351
6506
6352
6507
6353
6508
6354
6509
6355
6510
6356
6511
6357
6512
6358
6513
6359
6514
6360
6515
6361
6516
6362
6517
6363
6518
6364
6519
6365
6520
6366
6521
6367
6522
6368
6523
6369
6524
6370
6525
6371
6526
6372
6527
6373
6528
6374
6529
6375
6530
6376
6531
6377
6532
6378
6533
6379
6534
6380
6535
6381
6536
6382
6537
6383
6538
6384
6539
6385
6540
6386
6541
6387
6542
6388
6543
6389
6544
6390
6545
6391
6546
6392
6547
6393
6548
6394
6549
6395
6550
6396
6551
6397
6552
6398
6553
6399
6554
6400
6555
6401
6556
6402
6557
6403
6558
6404
6559
6405
6560
6406
6561
6407
6562
6408
6563
6409
6564
6410
6565
6411
6566
6412
6567
6413
6568
6414
6569
6415
6570
6416
6571
6417
6572
6418
6573
6419
6574
6420
6575
6421
6576
6422
6577
6423
6578
6424
6579
6425
6580
6426
6581
6427
6582
6428
6583
6429
6584
6430
6585
6431
6586
6432
6587
6433
6588
6434
6589
6435
6590
6436
6591
6437
6592
6438
6593
6439
6594
6440
6595
6441
6596
6442
6597
6443
6598
6444
6599
6445
6600
6446
6601
6447
6602
6448
6603
6449
6604
6450
6605
6451
6606
6452
6607
6453
6608
6454
6609
6455
6610
6456
6611
6457
6612
6458
6613
6459
6614
6460
6615
6461
6616
6462
6617
6463
6618
6464
6619
6465
6620
6466
6621
6467
6622
6468
6623
6469
6624
6470
6625
6471
6626
6472
6627
6473
6628
6474
6629
6475
6630
6476
6631
6477
6632
6478
6633
6479
6634
6480
6635
6481
6636
6482
6637
6483
6638
6484
6639
6485
6640
6486
6641
6487
6642
6488
6643
6489
6644
6490
6645
6491
6646
6492
6647
6493
6648
6494
6649
6495
6650
6496
6651
6497
6652
6498
6653
6499
6654
6500
6655
6501
6656
6502
6657
6503
6658
6504
6659
6660
6506
6661
6507
6662
6508
6663
6509
6664
6510
6665
6511
6666
6512
6667
6513
6668
6514
6669
6515
6670
6516
6671
6517
6672
6518
6673
6519
6674
6520
6675
6521
6676
6522
6677
6523
6678
6524
6679
6525
6680
6526
6681
6527
6682
6528
6683
6529
6684
6530
6685
6531
6686
6532
6687
6533
6688
6534
6689
6535
6690
6536
6691
6537
6692
6538
6693
6539
6694
6540
6695
6541
6696
6542
6697
6543
6698
6544
6699
6545
6700
6546
6701
6547
6702
6548
6703
6549
6704
6550
6705
6551
6706
6552
6707
6553
6708
6554
6709
6555
6710
6556
6711
6557
6712
6558
6713
6559
6714
6560
6715
6561
6716
6562
6717
6563
6718
6564
6719
6565
6720
6566
6721
6567
6722
6568
6723
6569
6724
6570
6725
6571
6726
6572
6727
6573
6728
6574
6729
6575
6730
6576
6731
6577
6732
6578
6733
6579
6734
6580
6735
6581
6736
6582
6737
6583
6738
6584
6739
6585
6740
6586
6741
6587
6742
6588
6743
6589
6744
6590
6745
6591
6746
6592
6747
6593
6748
6594
6749
6595
6750
6596
6751
6597
6752
6598
6753
6599
6754
6600
6755
6601
6756
6602
6757
6603
6758
6604
6759
6605
6760
6606
6761
6607
6762
6608
6763
6609
6764
6610
6765
6611
6766
6612
6767
6613
6768
6614
6769
6615
6770
6616
6771
6617
6772
6618
6773
6619
6774
6620
6775
6621
6776
6622
6777
6623
6778
6624
6779
6625
6780
6626
6781
6627
6782
6628
6783
6629
6784
6630
6785
6631
6786
6632
6787
6633
6788
6634
6789
6635
6790
6636
6791
6637
6792
6638
6793
6639
6794
6640
6795
6641
6796
6642
6797
6643
6798
6644
6799
6645
6800
6646
6801
6647
6802
6648
6803
6649
6804
6650
6805
6651
6806
6652
6807
6653
6808
6654
6809
6655
6810
6656
6811
6657
6812
6658
6813
6659
6814
6660
6815
6816
6662
6663
6817
6664
6818
6665
6819
6666
6820
6667
6821
6668
6822
6669
6823
6670
6824
6671
6825
6672
6826
6673
6827
6674
6828
6675
6829
6676
6830
6677
6831
6678
6832
6679
6833
6680
6834
6681
6835
6682
6836
6683
6837
6684
6838
6685
6839
6686
6840
6687
6841
6688
6842
6689
6843
6690
6844
6691
6845
6692
6846
6693
6847
6694
6848
6695
6849
6696
6850
6697
6851
6698
6852
6699
6853
6700
6854
6701
6855
6702
6856
6703
6857
6704
6858
6705
6859
6706
6860
6707
6861
6708
6862
6709
6863
6710
6864
6711
6865
6712
6866
6713
6867
6714
6868
6715
6869
6716
6870
6717
6871
6718
6872
6719
6873
6720
6874
6721
6875
6722
6876
6723
6877
6724
6878
6725
6879
6726
6880
6727
6881
6728
6882
6729
6883
6730
6884
6731
6885
6732
6886
6733
6887
6734
6888
6735
6889
6736
6890
6737
6891
6738
6892
6739
6893
6740
6894
6741
6895
6742
6896
6743
6897
6744
6898
6745
6899
6746
6900
6747
6901
6748
6902
6749
6903
6750
6904
6751
6905
6752
6906
6753
6907
6754
6908
6755
6909
6756
6910
6757
6911
6758
6912
6759
6913
6760
6914
6761
6915
6762
6916
6763
6917
6764
6918
6765
6919
6766
6920
6767
6921
6768
6922
6769
6923
6770
6924
6771
6925
6772
6926
6773
6927
6774
6928
6775
6929
6776
6930
6777
6931
6778
6932
6779
6933
6780
6934
6781
6935
6782
6936
6783
6937
6784
6938
6785
6939
6786
6940
6787
6941
6788
6942
6789
6943
6790
6944
6791
6945
6792
6946
6793
6947
6794
6948
6795
6949
6796
6950
6797
6951
6798
6952
6799
6953
6800
6954
6801
6955
6802
6956
6803
6957
6804
6958
6805
6959
6806
6960
6807
6961
6808
6962
6809
6963
6810
6964
6811
6965
6812
6966
6813
6967
6814
6968
6815
6969
6816
6970
6971
6818
6819
6972
6820
6973
6821
6974
6822
6975
6823
6976
6824
6977
6825
6978
6826
6979
6827
6980
6828
6981
6829
6982
6830
6983
6831
6984
6832
6985
6833
6986
6834
6987
6835
6988
6836
6989
6837
6990
6838
6991
6839
6992
6840
6993
6841
6994
6842
6995
6843
6996
6844
6997
6845
6998
6846
6999
6847
7000
6848
7001
6849
7002
6850
7003
6851
7004
6852
7005
6853
7006
6854
7007
6855
7008
6856
7009
6857
7010
6858
7011
6859
7012
6860
7013
6861
7014
6862
7015
6863
7016
6864
7017
6865
7018
6866
7019
6867
7020
6868
7021
6869
7022
6870
7023
6871
7024
6872
7025
6873
7026
6874
7027
6875
7028
6876
7029
6877
7030
6878
7031
6879
7032
6880
7033
6881
7034
6882
7035
6883
7036
6884
7037
6885
7038
6886
7039
6887
7040
6888
7041
6889
7042
6890
7043
6891
7044
6892
7045
6893
7046
6894
7047
6895
7048
6896
7049
6897
7050
6898
7051
6899
7052
6900
7053
6901
7054
6902
7055
6903
7056
6904
7057
6905
7058
6906
7059
6907
7060
6908
7061
6909
7062
6910
7063
6911
7064
6912
7065
6913
7066
6914
7067
6915
7068
6916
7069
6917
7070
6918
7071
6919
7072
6920
7073
6921
7074
6922
7075
6923
7076
6924
7077
6925
7078
6926
7079
6927
7080
6928
7081
6929
7082
6930
7083
6931
7084
6932
7085
6933
7086
6934
7087
6935
7088
6936
7089
6937
7090
6938
7091
6939
7092
6940
7093
6941
7094
6942
7095
6943
7096
6944
7097
6945
7098
6946
7099
6947
7100
6948
7101
6949
7102
6950
7103
6951
7104
6952
7105
6953
7106
6954
7107
6955
7108
6956
7109
6957
7110
6958
7111
6959
7112
6960
7113
6961
7114
6962
7115
6963
7116
6964
7117
6965
7118
6966
7119
6967
7120
6968
7121
6969
7122
6970
7123
6971
7124
7125
6973
6974
7126
6975
7127
6976
7128
6977
7129
6978
7130
6979
7131
6980
7132
6981
7133
6982
7134
6983
7135
6984
7136
6985
7137
6986
7138
6987
7139
6988
7140
6989
7141
6990
7142
6991
7143
6992
7144
6993
7145
6994
7146
6995
7147
6996
7148
6997
7149
6998
7150
6999
7151
7000
7152
7001
7153
7002
7154
7003
7155
7004
7156
7005
7157
7006
7158
7007
7159
7008
7160
7009
7161
7010
7162
7011
7163
7012
7164
7013
7165
7014
7166
7015
7167
7016
7168
7017
7169
7018
7170
7019
7171
7020
7172
7021
7173
7022
7174
7023
7175
7024
7176
7025
7177
7026
7178
7027
7179
7028
7180
7029
7181
7030
7182
7031
7183
7032
7184
7033
7185
7034
7186
7035
7187
7036
7188
7037
7189
7038
7190
7039
7191
7040
7192
7041
7193
7042
7194
7043
7195
7044
7196
7045
7197
7046
7198
7047
7199
7048
7200
7049
7201
7050
7202
7051
7203
7052
7204
7053
7205
7054
7206
7055
7207
7056
7208
7057
7209
7058
7210
7059
7211
7060
7212
7061
7213
7062
7214
7063
7215
7064
7216
7065
7217
7066
7218
7067
7219
7068
7220
7069
7221
7070
7222
7071
7223
7072
7224
7073
7225
7074
7226
7075
7227
7076
7228
7077
7229
7078
7230
7079
7231
7080
7232
7081
7233
7082
7234
7083
7235
7084
7236
7085
7237
7086
7238
7087
7239
7088
7240
7089
7241
7090
7242
7091
7243
7092
7244
7093
7245
7094
7246
7095
7247
7096
7248
7097
7249
7098
7250
7099
7251
7100
7252
7101
7253
7102
7254
7103
7255
7104
7256
7105
7257
7106
7258
7107
7259
7108
7260
7109
7261
7110
7262
7111
7263
7112
7264
7113
7265
7114
7266
7115
7267
7116
7268
7117
7269
7118
7270
7119
7271
7120
7272
7121
7273
7122
7274
7123
7275
7124
7276
7125
7277
7278
7127
7279
7128
7280
7129
7281
7130
7282
7131
7283
7132
7284
7133
7285
7134
7286
7135
7287
7136
7288
7137
7289
7138
7290
7139
7291
7140
7292
7141
7293
7142
7294
7143
7295
7144
7296
7145
7297
7146
7298
7147
7299
7148
7300
7149
7301
7150
7302
7151
7303
7152
7304
7153
7305
7154
7306
7155
7307
7156
7308
7157
7309
7158
7310
7159
7311
7160
7312
7161
7313
7162
7314
7163
7315
7164
7316
7165
7317
7166
7318
7167
7319
7168
7320
7169
7321
7170
7322
7171
7323
7172
7324
7173
7325
7174
7326
7175
7327
7176
7328
7177
7329
7178
7330
7179
7331
7180
7332
7181
7333
7182
7334
7183
7335
7184
7336
7185
7337
7186
7338
7187
7339
7188
7340
7189
7341
7190
7342
7191
7343
7192
7344
7193
7345
7194
7346
7195
7347
7196
7348
7197
7349
7198
7350
7199
7351
7200
7352
7201
7353
7202
7354
7203
7355
7204
7356
7205
7357
7206
7358
7207
7359
7208
7360
7209
7361
7210
7362
7211
7363
7212
7364
7213
7365
7214
7366
7215
7367
7216
7368
7217
7369
7218
7370
7219
7371
7220
7372
7221
7373
7222
7374
7223
7375
7224
7376
7225
7377
7226
7378
7227
7379
7228
7380
7229
7381
7230
7382
7231
7383
7232
7384
7233
7385
7234
7386
7235
7387
7236
7388
7237
7389
7238
7390
7239
7391
7240
7392
7241
7393
7242
7394
7243
7395
7244
7396
7245
7397
7246
7398
7247
7399
7248
7400
7249
7401
7250
7402
7251
7403
7252
7404
7253
7405
7254
7406
7255
7407
7256
7408
7257
7409
7258
7410
7259
7411
7260
7412
7261
7413
7262
7414
7263
7415
7264
7416
7265
7417
7266
7418
7267
7419
7268
7420
7269
7421
7270
7422
7271
7423
7272
7424
7273
7425
7274
7426
7275
7427
7276
7428
7277
7429
7278
7430
7431
7280
7281
7432
7282
7433
7283
7434
7284
7435
7285
7436
7286
7437
7287
7438
7288
7439
7289
7440
7290
7441
7291
7442
7292
7443
7293
7444
7294
7445
7295
7446
7296
7447
7297
7448
7298
7449
7299
7450
7300
7451
7301
7452
7302
7453
7303
7454
7304
7455
7305
7456
7306
7457
7307
7458
7308
7459
7309
7460
7310
7461
7311
7462
7312
7463
7313
7464
7314
7465
7315
7466
7316
7467
7317
7468
7318
7469
7319
7470
7320
7471
7321
7472
7322
7473
7323
7474
7324
7475
7325
7476
7326
7477
7327
7478
7328
7479
7329
7480
7330
7481
7331
7482
7332
7483
7333
7484
7334
7485
7335
7486
7336
7487
7337
7488
7338
7489
7339
7490
7340
7491
7341
7492
7342
7493
7343
7494
7344
7495
7345
7496
7346
7497
7347
7498
7348
7499
7349
7500
7350
7501
7351
7502
7352
7503
7353
7504
7354
7505
7355
7506
7356
7507
7357
7508
7358
7509
7359
7510
7360
7511
7361
7512
7362
7513
7363
7514
7364
7515
7365
7516
7366
7517
7367
7518
7368
7519
7369
7520
7370
7521
7371
7522
7372
7523
7373
7524
7374
7525
7375
7526
7376
7527
7377
7528
7378
7529
7379
7530
7380
7531
7381
7532
7382
7533
7383
7534
7384
7535
7385
7536
7386
7537
7387
7538
7388
7539
7389
7540
7390
7541
7391
7542
7392
7543
7393
7544
7394
7545
7395
7546
7396
7547
7397
7548
7398
7549
7399
7550
7400
7551
7401
7552
7402
7553
7403
7554
7404
7555
7405
7556
7406
7557
7407
7558
7408
7559
7409
7560
7410
7561
7411
7562
7412
7563
7413
7564
7414
7565
7415
7566
7416
7567
7417
7568
7418
7569
7419
7570
7420
7571
7421
7572
7422
7573
7423
7574
7424
7575
7425
7576
7426
7577
7427
7578
7428
7579
7429
7580
7430
7581
7431
7582
7583
7433
7434
7584
7435
7585
7436
7586
7437
7587
7438
7588
7439
7589
7440
7590
7441
7591
7442
7592
7443
7593
7444
7594
7445
7595
7446
7596
7447
7597
7448
7598
7449
7599
7450
7600
7451
7601
7452
7602
7453
7603
7454
7604
7455
7605
7456
7606
7457
7607
7458
7608
7459
7609
7460
7610
7461
7611
7462
7612
7463
7613
7464
7614
7465
7615
7466
7616
7467
7617
7468
7618
7469
7619
7470
7620
7471
7621
7472
7622
7473
7623
7474
7624
7475
7625
7476
7626
7477
7627
7478
7628
7479
7629
7480
7630
7481
7631
7482
7632
7483
7633
7484
7634
7485
7635
7486
7636
7487
7637
7488
7638
7489
7639
7490
7640
7491
7641
7492
7642
7493
7643
7494
7644
7495
7645
7496
7646
7497
7647
7498
7648
7499
7649
7500
7650
7501
7651
7502
7652
7503
7653
7504
7654
7505
7655
7506
7656
7507
7657
7508
7658
7509
7659
7510
7660
7511
7661
7512
7662
7513
7663
7514
7664
7515
7665
7516
7666
7517
7667
7518
7668
7519
7669
7520
7670
7521
7671
7522
7672
7523
7673
7524
7674
7525
7675
7526
7676
7527
7677
7528
7678
7529
7679
7530
7680
7531
7681
7532
7682
7533
7683
7534
7684
7535
7685
7536
7686
7537
7687
7538
7688
7539
7689
7540
7690
7541
7691
7542
7692
7543
7693
7544
7694
7545
7695
7546
7696
7547
7697
7548
7698
7549
7699
7550
7700
7551
7701
7552
7702
7553
7703
7554
7704
7555
7705
7556
7706
7557
7707
7558
7708
7559
7709
7560
7710
7561
7711
7562
7712
7563
7713
7564
7714
7565
7715
7566
7716
7567
7717
7568
7718
7569
7719
7570
7720
7571
7721
7572
7722
7573
7723
7574
7724
7575
7725
7576
7726
7577
7727
7578
7728
7579
7729
7580
7730
7581
7731
7582
7732
7583
7733
7734
7585
7735
7586
7736
7587
7737
7588
7738
7589
7739
7590
7740
7591
7741
7592
7742
7593
7743
7594
7744
7595
7745
7596
7746
7597
7747
7598
7748
7599
7749
7600
7750
7601
7751
7602
7752
7603
7753
7604
7754
7605
7755
7606
7756
7607
7757
7608
7758
7609
7759
7610
7760
7611
7761
7612
7762
7613
7763
7614
7764
7615
7765
7616
7766
7617
7767
7618
7768
7619
7769
7620
7770
7621
7771
7622
7772
7623
7773
7624
7774
7625
7775
7626
7776
7627
7777
7628
7778
7629
7779
7630
7780
7631
7781
7632
7782
7633
7783
7634
7784
7635
7785
7636
7786
7637
7787
7638
7788
7639
7789
7640
7790
7641
7791
7642
7792
7643
7793
7644
7794
7645
7795
7646
7796
7647
7797
7648
7798
7649
7799
7650
7800
7651
7801
7652
7802
7653
7803
7654
7804
7655
7805
7656
7806
7657
7807
7658
7808
7659
7809
7660
7810
7661
7811
7662
7812
7663
7813
7664
7814
7665
7815
7666
7816
7667
7817
7668
7818
7669
7819
7670
7820
7671
7821
7672
7822
7673
7823
7674
7824
7675
7825
7676
7826
7677
7827
7678
7828
7679
7829
7680
7830
7681
7831
7682
7832
7683
7833
7684
7834
7685
7835
7686
7836
7687
7837
7688
7838
7689
7839
7690
7840
7691
7841
7692
7842
7693
7843
7694
7844
7695
7845
7696
7846
7697
7847
7698
7848
7699
7849
7700
7850
7701
7851
7702
7852
7703
7853
7704
7854
7705
7855
7706
7856
7707
7857
7708
7858
7709
7859
7710
7860
7711
7861
7712
7862
7713
7863
7714
7864
7715
7865
7716
7866
7717
7867
7718
7868
7719
7869
7720
7870
7721
7871
7722
7872
7723
7873
7724
7874
7725
7875
7726
7876
7727
7877
7728
7878
7729
7879
7730
7880
7731
7881
7732
7882
7733
7883
7734
7884
7885
7736
7737
7886
7738
7887
7739
7888
7740
7889
7741
7890
7742
7891
7743
7892
7744
7893
7745
7894
7746
7895
7747
7896
7748
7897
7749
7898
7750
7899
7751
7900
7752
7901
7753
7902
7754
7903
7755
7904
7756
7905
7757
7906
7758
7907
7759
7908
7760
7909
7761
7910
7762
7911
7763
7912
7764
7913
7765
7914
7766
7915
7767
7916
7768
7917
7769
7918
7770
7919
7771
7920
7772
7921
7773
7922
7774
7923
7775
7924
7776
7925
7777
7926
7778
7927
7779
7928
7780
7929
7781
7930
7782
7931
7783
7932
7784
7933
7785
7934
7786
7935
7787
7936
7788
7937
7789
7938
7790
7939
7791
7940
7792
7941
7793
7942
7794
7943
7795
7944
7796
7945
7797
7946
7798
7947
7799
7948
7800
7949
7801
7950
7802
7951
7803
7952
7804
7953
7805
7954
7806
7955
7807
7956
7808
7957
7809
7958
7810
7959
7811
7960
7812
7961
7813
7962
7814
7963
7815
7964
7816
7965
7817
7966
7818
7967
7819
7968
7820
7969
7821
7970
7822
7971
7823
7972
7824
7973
7825
7974
7826
7975
7827
7976
7828
7977
7829
7978
7830
7979
7831
7980
7832
7981
7833
7982
7834
7983
7835
7984
7836
7985
7837
7986
7838
7987
7839
7988
7840
7989
7841
7990
7842
7991
7843
7992
7844
7993
7845
7994
7846
7995
7847
7996
7848
7997
7849
7998
7850
7999
7851
8000
7852
8001
7853
8002
7854
8003
7855
8004
7856
8005
7857
8006
7858
8007
7859
8008
7860
8009
7861
8010
7862
8011
7863
8012
7864
8013
7865
8014
7866
8015
7867
8016
7868
8017
7869
8018
7870
8019
7871
8020
7872
8021
7873
8022
7874
8023
7875
8024
7876
8025
7877
8026
7878
8027
7879
8028
7880
8029
7881
8030
7882
8031
7883
8032
7884
8033
7885
8034
8035
7887
7888
8036
7889
8037
7890
8038
7891
8039
7892
8040
7893
8041
7894
8042
7895
8043
7896
8044
7897
8045
7898
8046
7899
8047
7900
8048
7901
8049
7902
8050
7903
8051
7904
8052
7905
8053
7906
8054
7907
8055
7908
8056
7909
8057
7910
8058
7911
8059
7912
8060
7913
8061
7914
8062
7915
8063
7916
8064
7917
8065
7918
8066
7919
8067
7920
8068
7921
8069
7922
8070
7923
8071
7924
8072
7925
8073
7926
8074
7927
8075
7928
8076
7929
8077
7930
8078
7931
8079
7932
8080
7933
8081
7934
8082
7935
8083
7936
8084
7937
8085
7938
8086
7939
8087
7940
8088
7941
8089
7942
8090
7943
8091
7944
8092
7945
8093
7946
8094
7947
8095
7948
8096
7949
8097
7950
8098
7951
8099
7952
8100
7953
8101
7954
8102
7955
8103
7956
8104
7957
8105
7958
8106
7959
8107
7960
8108
7961
8109
7962
8110
7963
8111
7964
8112
7965
8113
7966
8114
7967
8115
7968
8116
7969
8117
7970
8118
7971
8119
7972
8120
7973
8121
7974
8122
7975
8123
7976
8124
7977
8125
7978
8126
7979
8127
7980
8128
7981
8129
7982
8130
7983
8131
7984
8132
7985
8133
7986
8134
7987
8135
7988
8136
7989
8137
7990
8138
7991
8139
7992
8140
7993
8141
7994
8142
7995
8143
7996
8144
7997
8145
7998
8146
7999
8147
8000
8148
8001
8149
8002
8150
8003
8151
8004
8152
8005
8153
8006
8154
8007
8155
8008
8156
8009
8157
8010
8158
8011
8159
8012
8160
8013
8161
8014
8162
8015
8163
8016
8164
8017
8165
8018
8166
8019
8167
8020
8168
8021
8169
8022
8170
8023
8171
8024
8172
8025
8173
8026
8174
8027
8175
8028
8176
8029
8177
8030
8178
8031
8179
8032
8180
8033
8181
8034
8182
8035
8183
8184
8037
8038
8185
8039
8186
8040
8187
8041
8188
8042
8189
8043
8190
8044
8191
8045
8192
8046
8193
8047
8194
8048
8195
8049
8196
8050
8197
8051
8198
8052
8199
8053
8200
8054
8201
8055
8202
8056
8203
8057
8204
8058
8205
8059
8206
8060
8207
8061
8208
8062
8209
8063
8210
8064
8211
8065
8212
8066
8213
8067
8214
8068
8215
8069
8216
8070
8217
8071
8218
8072
8219
8073
8220
8074
8221
8075
8222
8076
8223
8077
8224
8078
8225
8079
8226
8080
8227
8081
8228
8082
8229
8083
8230
8084
8231
8085
8232
8086
8233
8087
8234
8088
8235
8089
8236
8090
8237
8091
8238
8092
8239
8093
8240
8094
8241
8095
8242
8096
8243
8097
8244
8098
8245
8099
8246
8100
8247
8101
8248
8102
8249
8103
8250
8104
8251
8105
8252
8106
8253
8107
8254
8108
8255
8109
8256
8110
8257
8111
8258
8112
8259
8113
8260
8114
8261
8115
8262
8116
8263
8117
8264
8118
8265
8119
8266
8120
8267
8121
8268
8122
8269
8123
8270
8124
8271
8125
8272
8126
8273
8127
8274
8128
8275
8129
8276
8130
8277
8131
8278
8132
8279
8133
8280
8134
8281
8135
8282
8136
8283
8137
8284
8138
8285
8139
8286
8140
8287
8141
8288
8142
8289
8143
8290
8144
8291
8145
8292
8146
8293
8147
8294
8148
8295
8149
8296
8150
8297
8151
8298
8152
8299
8153
8300
8154
8301
8155
8302
8156
8303
8157
8304
8158
8305
8159
8306
8160
8307
8161
8308
8162
8309
8163
8310
8164
8311
8165
8312
8166
8313
8167
8314
8168
8315
8169
8316
8170
8317
8171
8318
8172
8319
8173
8320
8174
8321
8175
8322
8176
8323
8177
8324
8178
8325
8179
8326
8180
8327
8181
8328
8182
8329
8183
8330
8184
8331
8332
8186
8187
8188
8189
8190
8191
8192
8193
8194
8195
8196
8197
8198
8199
8200
8201
8202
8203
8204
8205
8206
8207
8208
8209
8210
8211
8212
8213
8214
8215
8216
8217
8218
8219
8220
8221
8222
8223
8224
8225
8226
8227
8228
8229
8230
8231
8232
8233
8234
8235
8236
8237
8238
8239
8240
8241
8242
8243
8244
8245
8246
8247
8248
8249
8250
8251
8252
8253
8254
8255
8256
8257
8258
8259
8260
8261
8262
8263
8264
8265
8266
8267
8268
8269
8270
8271
8272
8273
8274
8275
8276
8277
8278
8279
8280
8281
8282
8283
8284
8285
8286
8287
8288
8289
8290
8291
8292
8293
8294
8295
8296
8297
8298
8299
8300
8301
8302
8303
8304
8305
8306
8307
8308
8309
8310
8311
8312
8313
8314
8315
8316
8317
8318
8319
8320
8321
8322
8323
8324
8325
8326
8327
8328
8329
8330
8331
8332
)


// ************************************************************************* //
