/*--------------------------------*- C++ -*----------------------------------*\
| =========                 |                                                 |
| \\      /  F ield         | OpenFOAM: The Open Source CFD Toolbox           |
|  \\    /   O peration     | Version:  2512                                  |
|   \\  /    A nd           | Website:  www.openfoam.com                      |
|    \\/     M anipulation  |                                                 |
\*---------------------------------------------------------------------------*/
FoamFile
{
    version     2.0;
    format      ascii;
    arch        "LSB;label=32;scalar=64";
    class       volScalarField;
    location    "0.1";
    object      p;
}
// * * * * * * * * * * * * * * * * * * * * * * * * * * * * * * * * * * * * * //

dimensions      [1 -1 -2 0 0 0 0];

internalField   nonuniform List<scalar> 
8333
(
-18.9756
-19.2058
-19.437
-19.6702
-19.9049
-20.1413
-20.3792
-20.6186
-20.8596
-21.1022
-21.3462
-21.5919
-21.839
-22.0877
-22.3379
-22.5896
-22.8428
-23.0976
-23.3539
-23.6117
-23.871
-24.1318
-24.3941
-24.6579
-24.9232
-25.1901
-25.4584
-25.7282
-25.9995
-26.2723
-26.5466
-26.8224
-27.0997
-27.3784
-27.6586
-27.9403
-28.2235
-28.5081
-28.7942
-29.0818
-29.3708
-29.6613
-29.9532
-30.2466
-30.5414
-30.8378
-31.1355
-31.4347
-31.7354
-32.0375
-32.341
-32.646
-32.9524
-33.2603
-33.5697
-33.8804
-34.1926
-34.5063
-34.8214
-35.1379
-35.4559
-35.7753
-36.0961
-36.4184
-36.7422
-37.0673
-37.3939
-37.7219
-38.0514
-38.3823
-38.7147
-39.0484
-39.3836
-39.7203
-40.0583
-40.3978
-40.7388
-41.0811
-41.4249
-41.7701
-42.1168
-42.4648
-42.8143
-43.1653
-43.5176
-43.8714
-44.2266
-44.5832
-44.9413
-45.3008
-45.6617
-46.024
-46.3878
-46.7529
-47.1195
-47.4875
-47.857
-48.2278
-48.6001
-48.9738
-49.3489
-49.7254
-50.1033
-50.4827
-50.8634
-51.2456
-51.6292
-52.0142
-52.4006
-52.7884
-53.1777
-53.5683
-53.9604
-54.3538
-54.7487
-55.145
-55.5427
-55.9417
-56.3422
-56.7441
-57.1474
-57.5521
-57.9582
-58.3657
-58.7746
-59.1849
-59.5966
-60.0097
-60.4242
-60.8401
-61.2574
-61.6761
-62.0961
-62.5176
-62.9405
-63.3647
-63.7903
-64.2174
-64.6458
-65.0756
-65.5068
-65.9393
-66.3733
-66.8086
-67.2453
-67.6834
-68.1229
-68.5637
-69.006
-69.4496
-69.8946
-70.3409
-70.7887
-71.2378
-71.6883
-72.1401
-72.5933
-73.0479
-73.5039
-73.9612
-74.4199
-74.8799
-75.3414
-75.8041
-76.2683
-76.7338
-77.2006
-77.6688
-78.1384
-78.6093
-79.0816
-79.5553
-80.0302
-80.5066
-80.9843
-81.4633
-81.9437
-82.4254
-82.9085
-83.3929
-83.8787
-84.3658
-84.8543
-85.3441
-85.8352
-23.4457
-23.6778
-23.9108
-24.1455
-24.3819
-24.6198
-24.8592
-25.1002
-25.3427
-25.5868
-25.8324
-26.0796
-26.3283
-26.5785
-26.8302
-27.0834
-27.3382
-27.5945
-27.8523
-28.1116
-28.3724
-28.6347
-28.8985
-29.1638
-29.4307
-29.699
-29.9688
-30.2401
-30.5129
-30.7872
-31.063
-31.3403
-31.619
-31.8992
-32.1809
-32.4641
-32.7487
-33.0348
-33.3224
-33.6114
-33.9019
-34.1938
-34.4872
-34.7821
-35.0784
-35.3761
-35.6753
-35.976
-36.2781
-36.5816
-36.8866
-37.1931
-37.501
-37.8103
-38.1211
-38.4333
-38.7469
-39.062
-39.3786
-39.6965
-40.0159
-40.3368
-40.6591
-40.9828
-41.308
-41.6346
-41.9626
-42.2921
-42.623
-42.9553
-43.2891
-43.6243
-43.9609
-44.299
-44.6385
-44.9794
-45.3218
-45.6656
-46.0108
-46.3574
-46.7055
-47.055
-47.4059
-47.7583
-48.1121
-48.4673
-48.8239
-49.182
-49.5415
-49.9024
-50.2647
-50.6284
-50.9936
-51.3602
-51.7282
-52.0976
-52.4685
-52.8408
-53.2144
-53.5895
-53.9661
-54.344
-54.7233
-55.1041
-55.4863
-55.8699
-56.2549
-56.6413
-57.0291
-57.4184
-57.809
-58.2011
-58.5945
-58.9894
-59.3857
-59.7834
-60.1824
-60.5829
-60.9848
-61.3881
-61.7928
-62.1989
-62.6065
-63.0154
-63.4257
-63.8374
-64.2505
-64.665
-65.0808
-65.4981
-65.9168
-66.3369
-66.7583
-67.1812
-67.6054
-68.0311
-68.4581
-68.8865
-69.3163
-69.7475
-70.1801
-70.614
-71.0494
-71.4861
-71.9242
-72.3636
-72.8045
-73.2467
-73.6903
-74.1353
-74.5817
-75.0294
-75.4785
-75.929
-76.3809
-76.8341
-77.2887
-77.7446
-78.202
-78.6607
-79.1207
-79.5821
-80.0449
-80.5091
-80.9746
-81.4414
-81.9096
-82.3792
-82.8501
-83.3224
-83.796
-84.271
-84.7474
-85.2251
-85.7041
-86.1845
-86.6662
-87.1493
-87.6337
-88.1195
-88.6066
-89.0951
-89.5849
-90.0761
-27.9158
-28.1494
-28.3841
-28.6204
-28.8583
-29.0978
-29.3388
-29.5813
-29.8254
-30.071
-30.3182
-30.5669
-30.8171
-31.0688
-31.322
-31.5768
-31.8331
-32.0908
-32.3501
-32.611
-32.8733
-33.1371
-33.4024
-33.6692
-33.9376
-34.2074
-34.4787
-34.7515
-35.0258
-35.3016
-35.5788
-35.8576
-36.1378
-36.4195
-36.7027
-36.9873
-37.2734
-37.5609
-37.85
-38.1405
-38.4324
-38.7258
-39.0206
-39.3169
-39.6147
-39.9139
-40.2146
-40.5167
-40.8202
-41.1252
-41.4316
-41.7395
-42.0489
-42.3596
-42.6718
-42.9855
-43.3006
-43.6171
-43.9351
-44.2545
-44.5753
-44.8976
-45.2214
-45.5465
-45.8731
-46.2011
-46.5306
-46.8615
-47.1938
-47.5276
-47.8628
-48.1995
-48.5375
-48.877
-49.2179
-49.5603
-49.9041
-50.2493
-50.596
-50.944
-51.2935
-51.6445
-51.9968
-52.3506
-52.7058
-53.0624
-53.4205
-53.78
-54.1409
-54.5032
-54.8669
-55.2321
-55.5987
-55.9667
-56.3361
-56.707
-57.0793
-57.4529
-57.828
-58.2046
-58.5825
-58.9618
-59.3426
-59.7248
-60.1084
-60.4934
-60.8798
-61.2676
-61.6568
-62.0475
-62.4395
-62.833
-63.2279
-63.6242
-64.0218
-64.4209
-64.8214
-65.2233
-65.6266
-66.0313
-66.4374
-66.8449
-67.2538
-67.6641
-68.0758
-68.4889
-68.9034
-69.3193
-69.7366
-70.1553
-70.5753
-70.9968
-71.4196
-71.8439
-72.2695
-72.6965
-73.125
-73.5548
-73.9859
-74.4185
-74.8525
-75.2878
-75.7245
-76.1626
-76.6021
-77.0429
-77.4852
-77.9288
-78.3738
-78.8201
-79.2679
-79.717
-80.1674
-80.6193
-81.0725
-81.5271
-81.9831
-82.4404
-82.8991
-83.3591
-83.8205
-84.2833
-84.7474
-85.2129
-85.6798
-86.148
-86.6176
-87.0885
-87.5608
-88.0344
-88.5094
-88.9858
-89.4634
-89.9425
-90.4229
-90.9046
-91.3877
-91.8721
-92.3579
-92.845
-93.3334
-93.8232
-94.3144
-32.3873
-32.622
-32.8584
-33.0963
-33.3357
-33.5767
-33.8193
-34.0634
-34.309
-34.5561
-34.8048
-35.055
-35.3067
-35.56
-35.8147
-36.071
-36.3288
-36.5881
-36.8489
-37.1112
-37.375
-37.6404
-37.9072
-38.1755
-38.4453
-38.7167
-38.9895
-39.2638
-39.5395
-39.8168
-40.0955
-40.3758
-40.6574
-40.9406
-41.2252
-41.5113
-41.7989
-42.0879
-42.3784
-42.6704
-42.9638
-43.2586
-43.5549
-43.8527
-44.1519
-44.4525
-44.7546
-45.0582
-45.3632
-45.6696
-45.9775
-46.2868
-46.5976
-46.9098
-47.2234
-47.5385
-47.8551
-48.173
-48.4925
-48.8133
-49.1356
-49.4593
-49.7845
-50.1111
-50.4391
-50.7686
-51.0995
-51.4318
-51.7656
-52.1008
-52.4374
-52.7755
-53.115
-53.4559
-53.7983
-54.1421
-54.4873
-54.8339
-55.182
-55.5315
-55.8824
-56.2348
-56.5886
-56.9438
-57.3004
-57.6585
-58.0179
-58.3788
-58.7412
-59.1049
-59.4701
-59.8367
-60.2047
-60.5741
-60.945
-61.3172
-61.6909
-62.066
-62.4425
-62.8205
-63.1998
-63.5806
-63.9627
-64.3463
-64.7313
-65.1178
-65.5056
-65.8948
-66.2855
-66.6775
-67.071
-67.4658
-67.8621
-68.2598
-68.6589
-69.0594
-69.4613
-69.8646
-70.2693
-70.6754
-71.0829
-71.4918
-71.9021
-72.3138
-72.7269
-73.1414
-73.5573
-73.9745
-74.3932
-74.8133
-75.2348
-75.6576
-76.0819
-76.5075
-76.9345
-77.3629
-77.7927
-78.2239
-78.6565
-79.0904
-79.5257
-79.9625
-80.4006
-80.84
-81.2809
-81.7231
-82.1667
-82.6117
-83.0581
-83.5058
-83.9549
-84.4054
-84.8573
-85.3105
-85.7651
-86.221
-86.6783
-87.137
-87.5971
-88.0585
-88.5213
-88.9854
-89.4509
-89.9178
-90.386
-90.8556
-91.3265
-91.7988
-92.2724
-92.7474
-93.2237
-93.7014
-94.1804
-94.6608
-95.1426
-95.6256
-96.1101
-96.5958
-97.0829
-97.5714
-98.0612
-98.5524
-36.6247
-36.86
-37.0963
-37.3342
-37.5736
-37.8146
-38.0572
-38.3013
-38.5469
-38.794
-39.0427
-39.2929
-39.5446
-39.7979
-40.0526
-40.3089
-40.5667
-40.826
-41.0868
-41.3491
-41.613
-41.8783
-42.1451
-42.4135
-42.6833
-42.9546
-43.2274
-43.5017
-43.7775
-44.0547
-44.3335
-44.6137
-44.8954
-45.1786
-45.4632
-45.7493
-46.0369
-46.3259
-46.6164
-46.9083
-47.2017
-47.4966
-47.7929
-48.0906
-48.3898
-48.6905
-48.9926
-49.2961
-49.6011
-49.9076
-50.2154
-50.5248
-50.8355
-51.1478
-51.4614
-51.7765
-52.093
-52.411
-52.7304
-53.0513
-53.3735
-53.6973
-54.0224
-54.349
-54.6771
-55.0065
-55.3374
-55.6698
-56.0035
-56.3387
-56.6754
-57.0134
-57.3529
-57.6939
-58.0362
-58.38
-58.7252
-59.0719
-59.4199
-59.7694
-60.1204
-60.4727
-60.8265
-61.1817
-61.5384
-61.8964
-62.2559
-62.6168
-62.9791
-63.3429
-63.708
-64.0746
-64.4426
-64.8121
-65.1829
-65.5552
-65.9289
-66.304
-66.6805
-67.0584
-67.4378
-67.8185
-68.2007
-68.5843
-68.9693
-69.3557
-69.7435
-70.1328
-70.5234
-70.9155
-71.3089
-71.7038
-72.1001
-72.4978
-72.8968
-73.2973
-73.6992
-74.1025
-74.5072
-74.9133
-75.3208
-75.7297
-76.14
-76.5517
-76.9648
-77.3793
-77.7952
-78.2125
-78.6312
-79.0512
-79.4727
-79.8956
-80.3198
-80.7454
-81.1725
-81.6009
-82.0307
-82.4618
-82.8944
-83.3284
-83.7637
-84.2004
-84.6385
-85.078
-85.5188
-85.9611
-86.4047
-86.8497
-87.296
-87.7438
-88.1929
-88.6434
-89.0952
-89.5484
-90.003
-90.459
-90.9163
-91.375
-91.835
-92.2964
-92.7592
-93.2234
-93.6889
-94.1557
-94.6239
-95.0935
-95.5644
-96.0367
-96.5103
-96.9853
-97.4617
-97.9394
-98.4184
-98.8988
-99.3805
-99.8636
-100.348
-100.834
-101.321
-101.809
-102.299
-102.79
-41.0973
-41.3342
-41.572
-41.8115
-42.0525
-42.2951
-42.5392
-42.7848
-43.032
-43.2806
-43.5308
-43.7826
-44.0358
-44.2906
-44.5468
-44.8046
-45.0639
-45.3248
-45.5871
-45.8509
-46.1162
-46.3831
-46.6514
-46.9212
-47.1925
-47.4653
-47.7396
-48.0154
-48.2927
-48.5714
-48.8516
-49.1333
-49.4165
-49.7011
-49.9872
-50.2748
-50.5638
-50.8543
-51.1463
-51.4396
-51.7345
-52.0308
-52.3286
-52.6278
-52.9284
-53.2305
-53.5341
-53.8391
-54.1455
-54.4534
-54.7627
-55.0735
-55.3857
-55.6994
-56.0144
-56.331
-56.649
-56.9684
-57.2892
-57.6115
-57.9352
-58.2604
-58.587
-58.915
-59.2445
-59.5754
-59.9077
-60.2415
-60.5767
-60.9133
-61.2514
-61.5909
-61.9318
-62.2742
-62.618
-62.9632
-63.3098
-63.6579
-64.0074
-64.3583
-64.7107
-65.0645
-65.4197
-65.7763
-66.1344
-66.4938
-66.8547
-67.2171
-67.5808
-67.946
-68.3126
-68.6806
-69.05
-69.4209
-69.7931
-70.1668
-70.5419
-70.9184
-71.2964
-71.6757
-72.0565
-72.4386
-72.8222
-73.2072
-73.5937
-73.9815
-74.3707
-74.7614
-75.1534
-75.5469
-75.9417
-76.338
-76.7357
-77.1348
-77.5353
-77.9372
-78.3405
-78.7452
-79.1513
-79.5588
-79.9677
-80.378
-80.7897
-81.2028
-81.6173
-82.0332
-82.4504
-82.8691
-83.2892
-83.7107
-84.1335
-84.5577
-84.9834
-85.4104
-85.8388
-86.2686
-86.6998
-87.1324
-87.5663
-88.0016
-88.4384
-88.8765
-89.3159
-89.7568
-90.199
-90.6426
-91.0876
-91.534
-91.9817
-92.4308
-92.8813
-93.3331
-93.7864
-94.241
-94.6969
-95.1542
-95.6129
-96.073
-96.5344
-96.9972
-97.4613
-97.9268
-98.3937
-98.8619
-99.3314
-99.8024
-100.275
-100.748
-101.223
-101.7
-102.177
-102.656
-103.137
-103.618
-104.102
-104.586
-105.072
-105.559
-106.047
-106.537
-107.028
-45.5721
-45.8099
-46.0494
-46.2904
-46.533
-46.7771
-47.0227
-47.2698
-47.5185
-47.7687
-48.0205
-48.2737
-48.5285
-48.7847
-49.0425
-49.3018
-49.5627
-49.825
-50.0888
-50.3541
-50.621
-50.8893
-51.1591
-51.4304
-51.7033
-51.9775
-52.2533
-52.5306
-52.8093
-53.0896
-53.3713
-53.6544
-53.9391
-54.2252
-54.5127
-54.8018
-55.0922
-55.3842
-55.6776
-55.9724
-56.2687
-56.5665
-56.8657
-57.1664
-57.4685
-57.772
-58.077
-58.3835
-58.6913
-59.0007
-59.3114
-59.6236
-59.9373
-60.2524
-60.5689
-60.8869
-61.2063
-61.5272
-61.8494
-62.1732
-62.4983
-62.8249
-63.153
-63.4824
-63.8133
-64.1457
-64.4794
-64.8146
-65.1513
-65.4893
-65.8288
-66.1698
-66.5121
-66.8559
-67.2011
-67.5478
-67.8958
-68.2453
-68.5963
-68.9486
-69.3024
-69.6576
-70.0142
-70.3723
-70.7318
-71.0927
-71.455
-71.8188
-72.1839
-72.5505
-72.9185
-73.288
-73.6588
-74.0311
-74.4048
-74.7799
-75.1564
-75.5343
-75.9137
-76.2944
-76.6766
-77.0602
-77.4452
-77.8316
-78.2194
-78.6087
-78.9993
-79.3914
-79.7848
-80.1797
-80.576
-80.9736
-81.3727
-81.7732
-82.1751
-82.5784
-82.9831
-83.3892
-83.7967
-84.2056
-84.6159
-85.0276
-85.4407
-85.8552
-86.2711
-86.6884
-87.1071
-87.5271
-87.9486
-88.3714
-88.7957
-89.2213
-89.6483
-90.0768
-90.5065
-90.9377
-91.3703
-91.8042
-92.2396
-92.6763
-93.1144
-93.5539
-93.9947
-94.437
-94.8806
-95.3256
-95.7719
-96.2196
-96.6688
-97.1192
-97.5711
-98.0243
-98.4789
-98.9348
-99.3922
-99.8509
-100.311
-100.772
-101.235
-101.699
-102.165
-102.632
-103.1
-103.569
-104.04
-104.513
-104.986
-105.461
-105.938
-106.415
-106.894
-107.375
-107.856
-108.339
-108.824
-109.31
-109.797
-110.285
-110.775
-111.266
-49.8095
-50.0479
-50.2872
-50.5283
-50.7709
-51.015
-51.2606
-51.5077
-51.7564
-52.0066
-52.2583
-52.5116
-52.7664
-53.0226
-53.2804
-53.5397
-53.8005
-54.0629
-54.3267
-54.592
-54.8589
-55.1272
-55.397
-55.6683
-55.9412
-56.2155
-56.4912
-56.7685
-57.0473
-57.3275
-57.6092
-57.8923
-58.177
-58.4631
-58.7507
-59.0397
-59.3302
-59.6221
-59.9155
-60.2104
-60.5067
-60.8044
-61.1036
-61.4043
-61.7064
-62.01
-62.315
-62.6214
-62.9293
-63.2386
-63.5494
-63.8616
-64.1752
-64.4903
-64.8069
-65.1248
-65.4442
-65.7651
-66.0874
-66.4111
-66.7363
-67.0629
-67.3909
-67.7204
-68.0513
-68.3836
-68.7174
-69.0526
-69.3892
-69.7273
-70.0668
-70.4077
-70.7501
-71.0938
-71.4391
-71.7857
-72.1338
-72.4833
-72.8342
-73.1866
-73.5403
-73.8956
-74.2522
-74.6102
-74.9697
-75.3306
-75.6929
-76.0567
-76.4219
-76.7885
-77.1565
-77.5259
-77.8967
-78.269
-78.6427
-79.0178
-79.3943
-79.7722
-80.1516
-80.5323
-80.9145
-81.2981
-81.6831
-82.0695
-82.4574
-82.8466
-83.2372
-83.6293
-84.0228
-84.4176
-84.8139
-85.2116
-85.6107
-86.0112
-86.4131
-86.8163
-87.221
-87.6272
-88.0347
-88.4436
-88.8539
-89.2656
-89.6787
-90.0931
-90.509
-90.9263
-91.345
-91.7651
-92.1865
-92.6094
-93.0336
-93.4593
-93.8863
-94.3147
-94.7445
-95.1757
-95.6082
-96.0422
-96.4775
-96.9142
-97.3523
-97.7918
-98.2327
-98.6749
-99.1185
-99.5635
-100.01
-100.458
-100.907
-101.357
-101.809
-102.262
-102.717
-103.173
-103.63
-104.089
-104.549
-105.01
-105.473
-105.937
-106.403
-106.87
-107.338
-107.807
-108.278
-108.751
-109.224
-109.699
-110.175
-110.653
-111.132
-111.613
-112.094
-112.577
-113.062
-113.548
-114.035
-114.523
-115.013
-115.504
-54.2851
-54.5252
-54.7661
-55.0087
-55.2528
-55.4984
-55.7456
-55.9943
-56.2445
-56.4962
-56.7495
-57.0042
-57.2605
-57.5183
-57.7776
-58.0384
-58.3008
-58.5646
-58.8299
-59.0968
-59.3651
-59.6349
-59.9062
-60.1791
-60.4534
-60.7291
-61.0064
-61.2852
-61.5654
-61.8471
-62.1303
-62.4149
-62.701
-62.9886
-63.2776
-63.5681
-63.86
-64.1534
-64.4483
-64.7446
-65.0424
-65.3416
-65.6422
-65.9443
-66.2479
-66.5529
-66.8593
-67.1672
-67.4765
-67.7873
-68.0995
-68.4132
-68.7283
-69.0448
-69.3628
-69.6822
-70.003
-70.3253
-70.649
-70.9742
-71.3008
-71.6288
-71.9583
-72.2892
-72.6215
-72.9553
-73.2905
-73.6271
-73.9652
-74.3047
-74.6456
-74.988
-75.3318
-75.677
-76.0236
-76.3717
-76.7212
-77.0721
-77.4245
-77.7783
-78.1335
-78.4901
-78.8482
-79.2077
-79.5686
-79.9309
-80.2946
-80.6598
-81.0264
-81.3944
-81.7638
-82.1347
-82.5069
-82.8806
-83.2557
-83.6322
-84.0102
-84.3895
-84.7703
-85.1525
-85.536
-85.921
-86.3075
-86.6953
-87.0845
-87.4752
-87.8672
-88.2607
-88.6555
-89.0518
-89.4495
-89.8486
-90.2491
-90.651
-91.0543
-91.459
-91.8651
-92.2726
-92.6815
-93.0918
-93.5035
-93.9166
-94.3311
-94.747
-95.1642
-95.5829
-96.003
-96.4245
-96.8473
-97.2716
-97.6972
-98.1242
-98.5526
-98.9824
-99.4136
-99.8462
-100.28
-100.715
-101.152
-101.59
-102.03
-102.471
-102.913
-103.356
-103.801
-104.248
-104.696
-105.145
-105.595
-106.047
-106.5
-106.955
-107.411
-107.868
-108.327
-108.787
-109.248
-109.711
-110.175
-110.641
-111.107
-111.576
-112.045
-112.516
-112.988
-113.462
-113.937
-114.413
-114.891
-115.37
-115.851
-116.332
-116.815
-117.3
-117.785
-118.273
-118.761
-119.251
-119.742
-58.7624
-59.004
-59.2465
-59.4907
-59.7363
-59.9834
-60.2321
-60.4823
-60.7341
-60.9873
-61.2421
-61.4984
-61.7562
-62.0155
-62.2763
-62.5386
-62.8025
-63.0678
-63.3346
-63.603
-63.8728
-64.1441
-64.4169
-64.6912
-64.967
-65.2443
-65.5231
-65.8033
-66.085
-66.3682
-66.6528
-66.9389
-67.2265
-67.5155
-67.806
-68.098
-68.3914
-68.6862
-68.9825
-69.2803
-69.5795
-69.8802
-70.1823
-70.4858
-70.7908
-71.0972
-71.4051
-71.7145
-72.0252
-72.3374
-72.6511
-72.9662
-73.2827
-73.6007
-73.9201
-74.241
-74.5632
-74.887
-75.2121
-75.5387
-75.8668
-76.1962
-76.5271
-76.8595
-77.1932
-77.5284
-77.8651
-78.2031
-78.5426
-78.8836
-79.2259
-79.5697
-79.9149
-80.2616
-80.6096
-80.9591
-81.3101
-81.6624
-82.0162
-82.3714
-82.728
-83.0861
-83.4456
-83.8065
-84.1688
-84.5326
-84.8977
-85.2643
-85.6323
-86.0017
-86.3726
-86.7449
-87.1185
-87.4936
-87.8702
-88.2481
-88.6274
-89.0082
-89.3904
-89.774
-90.159
-90.5454
-90.9332
-91.3224
-91.7131
-92.1051
-92.4986
-92.8935
-93.2898
-93.6874
-94.0865
-94.487
-94.8889
-95.2922
-95.6969
-96.103
-96.5105
-96.9194
-97.3297
-97.7414
-98.1545
-98.569
-98.9849
-99.4022
-99.8208
-100.241
-100.662
-101.085
-101.509
-101.935
-102.362
-102.791
-103.22
-103.652
-104.084
-104.518
-104.953
-105.39
-105.828
-106.268
-106.709
-107.151
-107.594
-108.039
-108.486
-108.933
-109.383
-109.833
-110.285
-110.738
-111.193
-111.649
-112.106
-112.565
-113.025
-113.486
-113.949
-114.413
-114.879
-115.345
-115.814
-116.283
-116.754
-117.226
-117.7
-118.175
-118.651
-119.129
-119.608
-120.088
-120.57
-121.053
-121.538
-122.023
-122.511
-122.999
-123.489
-123.98
-63.2418
-63.4843
-63.7285
-63.9741
-64.2213
-64.47
-64.7202
-64.9719
-65.2252
-65.4799
-65.7362
-65.994
-66.2533
-66.5141
-66.7765
-67.0403
-67.3057
-67.5725
-67.8408
-68.1107
-68.382
-68.6548
-68.9291
-69.2049
-69.4822
-69.7609
-70.0412
-70.3229
-70.6061
-70.8907
-71.1768
-71.4644
-71.7534
-72.0439
-72.3359
-72.6293
-72.9241
-73.2204
-73.5182
-73.8174
-74.1181
-74.4202
-74.7237
-75.0287
-75.3352
-75.643
-75.9524
-76.2631
-76.5754
-76.889
-77.2041
-77.5206
-77.8386
-78.158
-78.4789
-78.8012
-79.1249
-79.45
-79.7766
-80.1047
-80.4341
-80.765
-81.0974
-81.4311
-81.7663
-82.103
-82.441
-82.7805
-83.1215
-83.4638
-83.8076
-84.1528
-84.4995
-84.8476
-85.1971
-85.548
-85.9003
-86.2541
-86.6093
-86.966
-87.324
-87.6835
-88.0444
-88.4067
-88.7705
-89.1356
-89.5022
-89.8702
-90.2397
-90.6105
-90.9828
-91.3565
-91.7316
-92.1081
-92.486
-92.8654
-93.2461
-93.6283
-94.0119
-94.3969
-94.7833
-95.1711
-95.5604
-95.951
-96.3431
-96.7365
-97.1314
-97.5277
-97.9254
-98.3244
-98.7249
-99.1268
-99.5301
-99.9348
-100.341
-100.748
-101.157
-101.568
-101.979
-102.392
-102.807
-103.223
-103.64
-104.059
-104.479
-104.9
-105.323
-105.747
-106.173
-106.6
-107.028
-107.458
-107.889
-108.322
-108.756
-109.191
-109.628
-110.066
-110.506
-110.946
-111.389
-111.832
-112.277
-112.724
-113.171
-113.62
-114.071
-114.523
-114.976
-115.431
-115.887
-116.344
-116.803
-117.263
-117.724
-118.187
-118.651
-119.116
-119.583
-120.052
-120.521
-120.992
-121.464
-121.938
-122.413
-122.889
-123.367
-123.846
-124.326
-124.808
-125.291
-125.776
-126.261
-126.748
-127.237
-127.727
-128.218
-67.4792
-67.7223
-67.9663
-68.2119
-68.4591
-68.7078
-68.958
-69.2097
-69.463
-69.7178
-69.974
-70.2318
-70.4912
-70.752
-71.0143
-71.2782
-71.5435
-71.8103
-72.0787
-72.3485
-72.6199
-72.8927
-73.167
-73.4428
-73.7201
-73.9988
-74.2791
-74.5608
-74.8439
-75.1286
-75.4147
-75.7023
-75.9913
-76.2818
-76.5738
-76.8672
-77.162
-77.4583
-77.7561
-78.0553
-78.356
-78.6581
-78.9616
-79.2666
-79.5731
-79.881
-80.1903
-80.5011
-80.8133
-81.1269
-81.442
-81.7586
-82.0765
-82.3959
-82.7168
-83.0391
-83.3628
-83.688
-84.0146
-84.3426
-84.6721
-85.003
-85.3353
-85.6691
-86.0043
-86.3409
-86.679
-87.0185
-87.3594
-87.7017
-88.0455
-88.3908
-88.7374
-89.0855
-89.435
-89.7859
-90.1383
-90.492
-90.8472
-91.2039
-91.5619
-91.9214
-92.2823
-92.6446
-93.0084
-93.3736
-93.7401
-94.1082
-94.4776
-94.8484
-95.2207
-95.5944
-95.9695
-96.346
-96.7239
-97.1033
-97.484
-97.8662
-98.2498
-98.6348
-99.0212
-99.409
-99.7983
-100.189
-100.581
-100.974
-101.369
-101.766
-102.163
-102.562
-102.963
-103.365
-103.768
-104.173
-104.579
-104.986
-105.395
-105.806
-106.217
-106.63
-107.045
-107.461
-107.878
-108.297
-108.717
-109.138
-109.561
-109.985
-110.411
-110.838
-111.266
-111.696
-112.127
-112.56
-112.994
-113.429
-113.866
-114.304
-114.743
-115.184
-115.627
-116.07
-116.515
-116.962
-117.409
-117.858
-118.309
-118.761
-119.214
-119.668
-120.124
-120.582
-121.04
-121.501
-121.962
-122.425
-122.889
-123.354
-123.821
-124.289
-124.759
-125.23
-125.702
-126.176
-126.651
-127.127
-127.605
-128.084
-128.564
-129.046
-129.529
-130.013
-130.499
-130.986
-131.475
-131.965
-132.456
-71.9595
-72.2041
-72.4497
-72.6969
-72.9456
-73.1958
-73.4475
-73.7008
-73.9556
-74.2119
-74.4697
-74.729
-74.9898
-75.2521
-75.516
-75.7813
-76.0482
-76.3165
-76.5864
-76.8577
-77.1305
-77.4048
-77.6806
-77.9579
-78.2367
-78.5169
-78.7986
-79.0818
-79.3665
-79.6526
-79.9402
-80.2292
-80.5197
-80.8117
-81.1051
-81.3999
-81.6962
-81.994
-82.2932
-82.5939
-82.896
-83.1995
-83.5045
-83.811
-84.1189
-84.4282
-84.739
-85.0512
-85.3648
-85.6799
-85.9965
-86.3144
-86.6338
-86.9547
-87.277
-87.6007
-87.9259
-88.2525
-88.5805
-88.91
-89.2409
-89.5732
-89.907
-90.2422
-90.5788
-90.9169
-91.2564
-91.5973
-91.9397
-92.2834
-92.6287
-92.9753
-93.3234
-93.6729
-94.0238
-94.3762
-94.7299
-95.0852
-95.4418
-95.7998
-96.1593
-96.5202
-96.8825
-97.2463
-97.6115
-97.9781
-98.3461
-98.7155
-99.0863
-99.4586
-99.8323
-100.207
-100.584
-100.962
-101.341
-101.722
-102.104
-102.488
-102.873
-103.259
-103.647
-104.036
-104.427
-104.819
-105.212
-105.607
-106.003
-106.401
-106.8
-107.201
-107.603
-108.006
-108.411
-108.817
-109.224
-109.633
-110.043
-110.455
-110.868
-111.283
-111.699
-112.116
-112.535
-112.955
-113.376
-113.799
-114.223
-114.649
-115.076
-115.504
-115.934
-116.365
-116.798
-117.232
-117.667
-118.104
-118.542
-118.981
-119.422
-119.864
-120.308
-120.753
-121.199
-121.647
-122.096
-122.547
-122.999
-123.452
-123.906
-124.362
-124.82
-125.278
-125.738
-126.2
-126.663
-127.127
-127.592
-128.059
-128.527
-128.997
-129.468
-129.94
-130.414
-130.889
-131.365
-131.843
-132.322
-132.802
-133.284
-133.767
-134.251
-134.737
-135.224
-135.713
-136.202
-136.694
-76.4419
-76.6875
-76.9346
-77.1834
-77.4336
-77.6853
-77.9386
-78.1934
-78.4497
-78.7075
-78.9668
-79.2276
-79.49
-79.7538
-80.0192
-80.286
-80.5544
-80.8242
-81.0955
-81.3684
-81.6427
-81.9185
-82.1958
-82.4745
-82.7548
-83.0365
-83.3197
-83.6043
-83.8905
-84.1781
-84.4671
-84.7576
-85.0496
-85.343
-85.6378
-85.9341
-86.2319
-86.5311
-86.8318
-87.1339
-87.4374
-87.7424
-88.0489
-88.3568
-88.6661
-88.9769
-89.2891
-89.6027
-89.9178
-90.2344
-90.5523
-90.8717
-91.1926
-91.5149
-91.8386
-92.1638
-92.4904
-92.8184
-93.1479
-93.4788
-93.8111
-94.1449
-94.4801
-94.8167
-95.1548
-95.4943
-95.8352
-96.1776
-96.5213
-96.8666
-97.2132
-97.5613
-97.9108
-98.2617
-98.6141
-98.9679
-99.3231
-99.6797
-100.038
-100.397
-100.758
-101.12
-101.484
-101.849
-102.216
-102.584
-102.953
-103.324
-103.697
-104.07
-104.445
-104.822
-105.2
-105.579
-105.96
-106.342
-106.726
-107.111
-107.497
-107.885
-108.274
-108.665
-109.057
-109.45
-109.845
-110.241
-110.639
-111.038
-111.439
-111.841
-112.244
-112.649
-113.055
-113.462
-113.871
-114.281
-114.693
-115.106
-115.521
-115.937
-116.354
-116.772
-117.193
-117.614
-118.037
-118.461
-118.887
-119.314
-119.742
-120.172
-120.603
-121.036
-121.47
-121.905
-122.342
-122.78
-123.219
-123.66
-124.102
-124.546
-124.991
-125.437
-125.885
-126.334
-126.785
-127.236
-127.69
-128.144
-128.6
-129.058
-129.516
-129.976
-130.438
-130.901
-131.365
-131.83
-132.297
-132.765
-133.235
-133.706
-134.178
-134.652
-135.127
-135.603
-136.081
-136.56
-137.04
-137.522
-138.005
-138.489
-138.975
-139.462
-139.951
-140.44
-140.932
-80.6792
-80.9254
-81.1724
-81.4211
-81.6714
-81.9231
-82.1764
-82.4312
-82.6875
-82.9453
-83.2046
-83.4654
-83.7278
-83.9916
-84.257
-84.5238
-84.7922
-85.062
-85.3334
-85.6062
-85.8805
-86.1563
-86.4336
-86.7124
-86.9926
-87.2744
-87.5576
-87.8422
-88.1283
-88.4159
-88.705
-88.9955
-89.2874
-89.5808
-89.8757
-90.172
-90.4698
-90.769
-91.0697
-91.3718
-91.6753
-91.9803
-92.2868
-92.5947
-92.904
-93.2148
-93.527
-93.8406
-94.1557
-94.4723
-94.7902
-95.1096
-95.4305
-95.7528
-96.0765
-96.4017
-96.7283
-97.0563
-97.3858
-97.7167
-98.049
-98.3828
-98.718
-99.0546
-99.3927
-99.7322
-100.073
-100.415
-100.759
-101.104
-101.451
-101.799
-102.149
-102.5
-102.852
-103.206
-103.561
-103.918
-104.276
-104.635
-104.996
-105.358
-105.722
-106.087
-106.454
-106.822
-107.191
-107.562
-107.934
-108.308
-108.683
-109.06
-109.438
-109.817
-110.198
-110.58
-110.964
-111.349
-111.735
-112.123
-112.512
-112.903
-113.295
-113.688
-114.083
-114.479
-114.877
-115.276
-115.677
-116.078
-116.482
-116.886
-117.293
-117.7
-118.109
-118.519
-118.931
-119.344
-119.759
-120.174
-120.592
-121.01
-121.43
-121.852
-122.275
-122.699
-123.125
-123.552
-123.98
-124.41
-124.841
-125.274
-125.708
-126.143
-126.58
-127.018
-127.457
-127.898
-128.34
-128.784
-129.229
-129.675
-130.123
-130.572
-131.023
-131.474
-131.928
-132.382
-132.838
-133.295
-133.754
-134.214
-134.676
-135.138
-135.603
-136.068
-136.535
-137.003
-137.473
-137.944
-138.416
-138.89
-139.364
-139.841
-140.319
-140.798
-141.278
-141.76
-142.243
-142.727
-143.213
-143.7
-144.188
-144.678
-145.169
-85.1625
-85.4103
-85.6589
-85.9091
-86.1609
-86.4141
-86.6689
-86.9252
-87.183
-87.4424
-87.7032
-87.9656
-88.2294
-88.4948
-88.7616
-89.03
-89.2998
-89.5712
-89.844
-90.1183
-90.3942
-90.6715
-90.9502
-91.2305
-91.5122
-91.7954
-92.0801
-92.3662
-92.6538
-92.9428
-93.2333
-93.5253
-93.8187
-94.1136
-94.4099
-94.7077
-95.0069
-95.3075
-95.6097
-95.9132
-96.2182
-96.5247
-96.8325
-97.1419
-97.4526
-97.7649
-98.0785
-98.3936
-98.7101
-99.0281
-99.3475
-99.6684
-99.9907
-100.314
-100.64
-100.966
-101.294
-101.624
-101.955
-102.287
-102.621
-102.956
-103.292
-103.631
-103.97
-104.311
-104.653
-104.997
-105.342
-105.689
-106.037
-106.387
-106.738
-107.09
-107.444
-107.799
-108.155
-108.514
-108.873
-109.234
-109.596
-109.96
-110.325
-110.692
-111.06
-111.429
-111.8
-112.172
-112.546
-112.921
-113.298
-113.676
-114.055
-114.436
-114.818
-115.201
-115.586
-115.973
-116.361
-116.75
-117.141
-117.533
-117.926
-118.321
-118.717
-119.115
-119.514
-119.914
-120.316
-120.72
-121.124
-121.53
-121.938
-122.347
-122.757
-123.169
-123.582
-123.996
-124.412
-124.83
-125.248
-125.668
-126.09
-126.513
-126.937
-127.363
-127.79
-128.218
-128.648
-129.079
-129.512
-129.945
-130.381
-130.818
-131.256
-131.695
-132.136
-132.578
-133.022
-133.467
-133.913
-134.361
-134.81
-135.26
-135.712
-136.166
-136.62
-137.076
-137.533
-137.992
-138.452
-138.914
-139.376
-139.84
-140.306
-140.773
-141.241
-141.711
-142.181
-142.654
-143.127
-143.602
-144.079
-144.556
-145.035
-145.516
-145.998
-146.481
-146.965
-147.451
-147.938
-148.426
-148.916
-149.407
-89.6474
-89.8966
-90.1469
-90.3986
-90.6519
-90.9067
-91.163
-91.4208
-91.6801
-91.941
-92.2033
-92.4672
-92.7325
-92.9994
-93.2678
-93.5376
-93.809
-94.0818
-94.3562
-94.632
-94.9093
-95.1881
-95.4683
-95.75
-96.0332
-96.3179
-96.604
-96.8916
-97.1807
-97.4712
-97.7632
-98.0566
-98.3515
-98.6478
-98.9455
-99.2448
-99.5454
-99.8475
-100.151
-100.456
-100.763
-101.07
-101.38
-101.691
-102.003
-102.316
-102.631
-102.948
-103.266
-103.585
-103.906
-104.229
-104.552
-104.877
-105.204
-105.532
-105.862
-106.192
-106.525
-106.859
-107.194
-107.53
-107.868
-108.208
-108.549
-108.891
-109.235
-109.58
-109.927
-110.275
-110.624
-110.975
-111.328
-111.682
-112.037
-112.393
-112.751
-113.111
-113.472
-113.834
-114.198
-114.563
-114.93
-115.298
-115.667
-116.038
-116.41
-116.784
-117.159
-117.535
-117.913
-118.293
-118.674
-119.056
-119.439
-119.824
-120.211
-120.599
-120.988
-121.378
-121.77
-122.164
-122.559
-122.955
-123.353
-123.752
-124.152
-124.554
-124.958
-125.362
-125.768
-126.176
-126.585
-126.995
-127.407
-127.82
-128.234
-128.65
-129.067
-129.486
-129.906
-130.328
-130.751
-131.175
-131.6
-132.027
-132.456
-132.886
-133.317
-133.749
-134.183
-134.619
-135.055
-135.493
-135.933
-136.374
-136.816
-137.26
-137.705
-138.151
-138.599
-139.048
-139.498
-139.95
-140.403
-140.858
-141.314
-141.771
-142.23
-142.69
-143.151
-143.614
-144.078
-144.544
-145.011
-145.479
-145.948
-146.419
-146.892
-147.365
-147.84
-148.317
-148.794
-149.273
-149.754
-150.235
-150.718
-151.203
-151.689
-152.176
-152.664
-153.154
-153.645
-94.1344
-94.3846
-94.6364
-94.8896
-95.1444
-95.4007
-95.6586
-95.9179
-96.1787
-96.4411
-96.705
-96.9703
-97.2372
-97.5055
-97.7754
-98.0468
-98.3196
-98.594
-98.8698
-99.1471
-99.4259
-99.7061
-99.9879
-100.271
-100.556
-100.842
-101.129
-101.419
-101.709
-102.001
-102.294
-102.589
-102.886
-103.183
-103.483
-103.783
-104.085
-104.389
-104.694
-105
-105.308
-105.618
-105.928
-106.241
-106.554
-106.869
-107.186
-107.504
-107.823
-108.144
-108.466
-108.79
-109.115
-109.442
-109.77
-110.099
-110.43
-110.763
-111.096
-111.432
-111.768
-112.106
-112.446
-112.787
-113.129
-113.473
-113.818
-114.165
-114.513
-114.862
-115.213
-115.566
-115.919
-116.275
-116.631
-116.989
-117.349
-117.71
-118.072
-118.436
-118.801
-119.168
-119.536
-119.905
-120.276
-120.648
-121.022
-121.397
-121.773
-122.151
-122.531
-122.911
-123.294
-123.677
-124.062
-124.449
-124.836
-125.226
-125.616
-126.008
-126.402
-126.797
-127.193
-127.591
-127.99
-128.39
-128.792
-129.195
-129.6
-130.006
-130.414
-130.823
-131.233
-131.645
-132.058
-132.472
-132.888
-133.305
-133.724
-134.144
-134.566
-134.988
-135.413
-135.838
-136.265
-136.694
-137.124
-137.555
-137.987
-138.421
-138.857
-139.293
-139.731
-140.171
-140.612
-141.054
-141.498
-141.943
-142.389
-142.837
-143.286
-143.736
-144.188
-144.641
-145.096
-145.552
-146.009
-146.468
-146.928
-147.389
-147.852
-148.316
-148.782
-149.249
-149.717
-150.186
-150.657
-151.13
-151.603
-152.078
-152.554
-153.032
-153.511
-153.992
-154.473
-154.956
-155.441
-155.927
-156.414
-156.902
-157.392
-157.883
-98.3717
-98.6225
-98.8741
-99.1274
-99.3822
-99.6385
-99.8963
-100.156
-100.416
-100.679
-100.943
-101.208
-101.475
-101.743
-102.013
-102.285
-102.557
-102.832
-103.108
-103.385
-103.664
-103.944
-104.226
-104.509
-104.794
-105.08
-105.367
-105.656
-105.947
-106.239
-106.532
-106.827
-107.123
-107.421
-107.72
-108.021
-108.323
-108.627
-108.932
-109.238
-109.546
-109.856
-110.166
-110.478
-110.792
-111.107
-111.424
-111.742
-112.061
-112.382
-112.704
-113.028
-113.353
-113.68
-114.008
-114.337
-114.668
-115.001
-115.334
-115.67
-116.006
-116.344
-116.684
-117.025
-117.367
-117.711
-118.056
-118.403
-118.751
-119.1
-119.451
-119.803
-120.157
-120.512
-120.869
-121.227
-121.587
-121.948
-122.31
-122.674
-123.039
-123.405
-123.773
-124.143
-124.514
-124.886
-125.26
-125.635
-126.011
-126.389
-126.769
-127.149
-127.531
-127.915
-128.3
-128.686
-129.074
-129.464
-129.854
-130.246
-130.64
-131.035
-131.431
-131.828
-132.228
-132.628
-133.03
-133.433
-133.838
-134.244
-134.652
-135.06
-135.471
-135.882
-136.296
-136.71
-137.126
-137.543
-137.962
-138.382
-138.803
-139.226
-139.651
-140.076
-140.503
-140.932
-141.361
-141.793
-142.225
-142.659
-143.094
-143.531
-143.969
-144.409
-144.85
-145.292
-145.735
-146.18
-146.627
-147.074
-147.524
-147.974
-148.426
-148.879
-149.334
-149.79
-150.247
-150.706
-151.166
-151.627
-152.09
-152.554
-153.02
-153.486
-153.955
-154.424
-154.895
-155.367
-155.841
-156.316
-156.792
-157.27
-157.749
-158.229
-158.711
-159.194
-159.679
-160.164
-160.651
-161.14
-161.63
-162.121
-102.86
-103.112
-103.365
-103.62
-103.876
-104.134
-104.393
-104.654
-104.917
-105.18
-105.446
-105.713
-105.981
-106.251
-106.522
-106.795
-107.07
-107.345
-107.623
-107.901
-108.182
-108.464
-108.747
-109.031
-109.318
-109.605
-109.894
-110.185
-110.477
-110.77
-111.065
-111.361
-111.659
-111.958
-112.259
-112.561
-112.865
-113.17
-113.476
-113.784
-114.093
-114.404
-114.716
-115.03
-115.345
-115.662
-115.98
-116.299
-116.62
-116.942
-117.266
-117.591
-117.918
-118.246
-118.575
-118.906
-119.238
-119.572
-119.907
-120.244
-120.582
-120.922
-121.262
-121.605
-121.949
-122.294
-122.641
-122.989
-123.338
-123.689
-124.041
-124.395
-124.75
-125.107
-125.465
-125.825
-126.185
-126.548
-126.911
-127.277
-127.643
-128.011
-128.381
-128.752
-129.124
-129.497
-129.873
-130.249
-130.627
-131.006
-131.387
-131.769
-132.153
-132.538
-132.924
-133.312
-133.701
-134.092
-134.484
-134.878
-135.272
-135.669
-136.066
-136.465
-136.866
-137.268
-137.671
-138.076
-138.482
-138.889
-139.298
-139.709
-140.12
-140.533
-140.948
-141.364
-141.781
-142.2
-142.62
-143.041
-143.464
-143.888
-144.314
-144.741
-145.169
-145.599
-146.03
-146.463
-146.897
-147.332
-147.769
-148.207
-148.647
-149.087
-149.53
-149.973
-150.418
-150.865
-151.312
-151.761
-152.212
-152.664
-153.117
-153.572
-154.028
-154.485
-154.944
-155.404
-155.865
-156.328
-156.792
-157.257
-157.724
-158.192
-158.662
-159.133
-159.605
-160.079
-160.554
-161.03
-161.508
-161.987
-162.467
-162.949
-163.432
-163.917
-164.402
-164.889
-165.378
-165.868
-166.359
-107.35
-107.603
-107.858
-108.114
-108.372
-108.631
-108.892
-109.154
-109.418
-109.684
-109.95
-110.219
-110.489
-110.76
-111.033
-111.307
-111.583
-111.86
-112.139
-112.42
-112.701
-112.985
-113.269
-113.555
-113.843
-114.132
-114.423
-114.715
-115.008
-115.303
-115.599
-115.897
-116.196
-116.497
-116.799
-117.103
-117.408
-117.714
-118.022
-118.331
-118.642
-118.954
-119.268
-119.583
-119.9
-120.217
-120.537
-120.858
-121.18
-121.504
-121.829
-122.156
-122.484
-122.813
-123.144
-123.476
-123.81
-124.145
-124.482
-124.82
-125.159
-125.5
-125.843
-126.187
-126.532
-126.878
-127.226
-127.576
-127.927
-128.279
-128.633
-128.988
-129.345
-129.703
-130.062
-130.423
-130.786
-131.149
-131.515
-131.881
-132.249
-132.619
-132.989
-133.362
-133.735
-134.11
-134.487
-134.865
-135.244
-135.625
-136.007
-136.391
-136.776
-137.162
-137.55
-137.939
-138.33
-138.722
-139.115
-139.51
-139.907
-140.304
-140.703
-141.104
-141.506
-141.909
-142.314
-142.72
-143.127
-143.536
-143.947
-144.358
-144.771
-145.186
-145.602
-146.019
-146.438
-146.858
-147.279
-147.702
-148.126
-148.552
-148.979
-149.407
-149.837
-150.268
-150.701
-151.135
-151.57
-152.007
-152.445
-152.884
-153.325
-153.768
-154.211
-154.656
-155.102
-155.55
-155.999
-156.45
-156.902
-157.355
-157.809
-158.265
-158.723
-159.181
-159.641
-160.103
-160.566
-161.03
-161.495
-161.962
-162.43
-162.9
-163.371
-163.843
-164.317
-164.792
-165.268
-165.746
-166.225
-166.705
-167.187
-167.67
-168.154
-168.64
-169.127
-169.616
-170.105
-170.597
-111.587
-111.841
-112.095
-112.352
-112.609
-112.869
-113.13
-113.392
-113.656
-113.921
-114.188
-114.457
-114.726
-114.998
-115.271
-115.545
-115.821
-116.098
-116.377
-116.657
-116.939
-117.222
-117.507
-117.793
-118.081
-118.37
-118.66
-118.952
-119.246
-119.541
-119.837
-120.135
-120.434
-120.735
-121.037
-121.34
-121.645
-121.952
-122.26
-122.569
-122.88
-123.192
-123.506
-123.821
-124.137
-124.455
-124.775
-125.096
-125.418
-125.742
-126.067
-126.393
-126.721
-127.051
-127.382
-127.714
-128.048
-128.383
-128.72
-129.058
-129.397
-129.738
-130.081
-130.424
-130.77
-131.116
-131.464
-131.814
-132.165
-132.517
-132.871
-133.226
-133.583
-133.941
-134.3
-134.661
-135.023
-135.387
-135.752
-136.119
-136.487
-136.856
-137.227
-137.6
-137.973
-138.348
-138.725
-139.103
-139.482
-139.863
-140.245
-140.629
-141.014
-141.4
-141.788
-142.177
-142.568
-142.96
-143.353
-143.748
-144.144
-144.542
-144.941
-145.342
-145.744
-146.147
-146.552
-146.958
-147.365
-147.774
-148.184
-148.596
-149.009
-149.424
-149.84
-150.257
-150.675
-151.096
-151.517
-151.94
-152.364
-152.79
-153.217
-153.645
-154.075
-154.506
-154.939
-155.373
-155.808
-156.245
-156.683
-157.122
-157.563
-158.005
-158.449
-158.894
-159.34
-159.788
-160.237
-160.688
-161.14
-161.593
-162.047
-162.503
-162.961
-163.419
-163.879
-164.341
-164.804
-165.268
-165.733
-166.2
-166.668
-167.138
-167.609
-168.081
-168.555
-169.03
-169.506
-169.984
-170.463
-170.943
-171.425
-171.908
-172.392
-172.878
-173.365
-173.853
-174.343
-174.834
-116.078
-116.333
-116.589
-116.847
-117.106
-117.367
-117.63
-117.894
-118.159
-118.426
-118.694
-118.964
-119.236
-119.508
-119.783
-120.059
-120.336
-120.615
-120.895
-121.177
-121.46
-121.745
-122.031
-122.319
-122.608
-122.898
-123.19
-123.484
-123.779
-124.075
-124.373
-124.672
-124.973
-125.275
-125.578
-125.883
-126.19
-126.498
-126.807
-127.118
-127.43
-127.744
-128.059
-128.375
-128.693
-129.013
-129.333
-129.656
-129.979
-130.305
-130.631
-130.959
-131.289
-131.62
-131.952
-132.286
-132.621
-132.958
-133.296
-133.635
-133.976
-134.318
-134.662
-135.007
-135.354
-135.702
-136.052
-136.403
-136.755
-137.109
-137.464
-137.821
-138.179
-138.538
-138.899
-139.261
-139.625
-139.99
-140.357
-140.725
-141.094
-141.465
-141.837
-142.211
-142.586
-142.963
-143.341
-143.72
-144.101
-144.483
-144.866
-145.251
-145.638
-146.026
-146.415
-146.806
-147.198
-147.591
-147.986
-148.382
-148.78
-149.179
-149.58
-149.981
-150.385
-150.789
-151.196
-151.603
-152.012
-152.422
-152.834
-153.247
-153.662
-154.077
-154.495
-154.913
-155.333
-155.755
-156.178
-156.602
-157.028
-157.455
-157.883
-158.313
-158.744
-159.177
-159.611
-160.046
-160.483
-160.921
-161.36
-161.801
-162.243
-162.687
-163.132
-163.578
-164.026
-164.475
-164.926
-165.377
-165.831
-166.285
-166.741
-167.198
-167.657
-168.117
-168.579
-169.041
-169.506
-169.971
-170.438
-170.906
-171.376
-171.847
-172.319
-172.792
-173.267
-173.744
-174.221
-174.7
-175.181
-175.663
-176.146
-176.63
-177.116
-177.603
-178.091
-178.581
-179.072
-120.57
-120.827
-121.085
-121.344
-121.605
-121.867
-122.131
-122.397
-122.664
-122.932
-123.202
-123.473
-123.746
-124.021
-124.296
-124.574
-124.853
-125.133
-125.415
-125.698
-125.983
-126.269
-126.556
-126.845
-127.136
-127.428
-127.721
-128.016
-128.313
-128.61
-128.91
-129.21
-129.513
-129.816
-130.121
-130.428
-130.735
-131.045
-131.356
-131.668
-131.981
-132.297
-132.613
-132.931
-133.25
-133.571
-133.894
-134.217
-134.542
-134.869
-135.197
-135.527
-135.857
-136.19
-136.524
-136.859
-137.195
-137.533
-137.873
-138.214
-138.556
-138.9
-139.245
-139.592
-139.94
-140.29
-140.64
-140.993
-141.347
-141.702
-142.058
-142.416
-142.776
-143.137
-143.499
-143.863
-144.228
-144.595
-144.963
-145.332
-145.703
-146.075
-146.449
-146.824
-147.201
-147.578
-147.958
-148.339
-148.721
-149.104
-149.489
-149.876
-150.264
-150.653
-151.043
-151.435
-151.829
-152.224
-152.62
-153.018
-153.417
-153.817
-154.219
-154.623
-155.027
-155.433
-155.841
-156.25
-156.66
-157.072
-157.485
-157.899
-158.315
-158.733
-159.151
-159.571
-159.993
-160.416
-160.84
-161.265
-161.692
-162.121
-162.551
-162.982
-163.414
-163.848
-164.284
-164.72
-165.159
-165.598
-166.039
-166.481
-166.925
-167.37
-167.816
-168.264
-168.713
-169.163
-169.615
-170.068
-170.523
-170.979
-171.436
-171.895
-172.355
-172.816
-173.279
-173.743
-174.209
-174.676
-175.144
-175.613
-176.084
-176.557
-177.03
-177.505
-177.982
-178.459
-178.938
-179.419
-179.9
-180.383
-180.868
-181.354
-181.841
-182.329
-182.819
-183.31
-125.065
-125.322
-125.582
-125.843
-126.105
-126.369
-126.634
-126.901
-127.17
-127.44
-127.711
-127.984
-128.258
-128.534
-128.811
-129.09
-129.371
-129.652
-129.936
-130.22
-130.507
-130.794
-131.083
-131.374
-131.666
-131.959
-132.254
-132.551
-132.848
-133.148
-133.448
-133.75
-134.054
-134.359
-134.665
-134.973
-135.283
-135.593
-135.906
-136.219
-136.534
-136.851
-137.169
-137.488
-137.809
-138.131
-138.455
-138.78
-139.107
-139.435
-139.764
-140.095
-140.428
-140.761
-141.097
-141.433
-141.771
-142.111
-142.452
-142.794
-143.138
-143.483
-143.83
-144.178
-144.527
-144.878
-145.231
-145.584
-145.94
-146.296
-146.654
-147.014
-147.375
-147.737
-148.101
-148.466
-148.833
-149.201
-149.57
-149.941
-150.313
-150.687
-151.062
-151.438
-151.816
-152.196
-152.576
-152.959
-153.342
-153.727
-154.114
-154.501
-154.891
-155.281
-155.673
-156.067
-156.462
-156.858
-157.256
-157.655
-158.055
-158.457
-158.86
-159.265
-159.671
-160.079
-160.488
-160.898
-161.31
-161.723
-162.137
-162.553
-162.97
-163.389
-163.809
-164.231
-164.653
-165.078
-165.503
-165.93
-166.359
-166.789
-167.22
-167.652
-168.086
-168.522
-168.958
-169.396
-169.836
-170.277
-170.719
-171.163
-171.608
-172.054
-172.502
-172.951
-173.401
-173.853
-174.306
-174.761
-175.217
-175.674
-176.133
-176.593
-177.054
-177.517
-177.981
-178.447
-178.914
-179.382
-179.851
-180.322
-180.795
-181.268
-181.743
-182.219
-182.697
-183.176
-183.657
-184.138
-184.621
-185.106
-185.591
-186.079
-186.567
-187.057
-187.548
-129.302
-129.56
-129.819
-130.08
-130.343
-130.607
-130.872
-131.139
-131.407
-131.677
-131.949
-132.222
-132.496
-132.772
-133.049
-133.328
-133.608
-133.89
-134.173
-134.458
-134.744
-135.032
-135.321
-135.612
-135.904
-136.197
-136.492
-136.788
-137.086
-137.385
-137.686
-137.988
-138.292
-138.597
-138.903
-139.211
-139.52
-139.831
-140.143
-140.457
-140.772
-141.089
-141.407
-141.726
-142.047
-142.369
-142.693
-143.018
-143.345
-143.673
-144.002
-144.333
-144.665
-144.999
-145.334
-145.671
-146.009
-146.349
-146.69
-147.032
-147.376
-147.721
-148.068
-148.416
-148.765
-149.116
-149.468
-149.822
-150.177
-150.534
-150.892
-151.252
-151.613
-151.975
-152.339
-152.704
-153.07
-153.438
-153.808
-154.179
-154.551
-154.925
-155.3
-155.676
-156.054
-156.433
-156.814
-157.196
-157.58
-157.965
-158.351
-158.739
-159.128
-159.519
-159.911
-160.305
-160.7
-161.096
-161.493
-161.893
-162.293
-162.695
-163.098
-163.503
-163.909
-164.317
-164.725
-165.136
-165.547
-165.961
-166.375
-166.791
-167.208
-167.627
-168.047
-168.468
-168.891
-169.315
-169.741
-170.168
-170.597
-171.026
-171.458
-171.89
-172.324
-172.759
-173.196
-173.634
-174.074
-174.515
-174.957
-175.4
-175.845
-176.292
-176.739
-177.189
-177.639
-178.091
-178.544
-178.999
-179.455
-179.912
-180.371
-180.831
-181.292
-181.755
-182.219
-182.685
-183.151
-183.62
-184.089
-184.56
-185.032
-185.506
-185.981
-186.457
-186.935
-187.414
-187.894
-188.376
-188.859
-189.344
-189.829
-190.316
-190.805
-191.295
-191.786
-133.797
-134.057
-134.318
-134.58
-134.844
-135.11
-135.377
-135.645
-135.915
-136.186
-136.459
-136.734
-137.01
-137.287
-137.566
-137.846
-138.128
-138.411
-138.696
-138.982
-139.27
-139.559
-139.849
-140.141
-140.435
-140.73
-141.026
-141.324
-141.623
-141.924
-142.226
-142.53
-142.835
-143.141
-143.449
-143.758
-144.069
-144.381
-144.695
-145.01
-145.327
-145.645
-145.964
-146.285
-146.607
-146.931
-147.256
-147.583
-147.911
-148.24
-148.571
-148.903
-149.237
-149.572
-149.909
-150.247
-150.586
-150.927
-151.27
-151.614
-151.959
-152.305
-152.654
-153.003
-153.354
-153.706
-154.06
-154.415
-154.772
-155.13
-155.489
-155.85
-156.213
-156.576
-156.942
-157.308
-157.676
-158.046
-158.416
-158.789
-159.162
-159.538
-159.914
-160.292
-160.671
-161.052
-161.434
-161.818
-162.203
-162.589
-162.977
-163.366
-163.757
-164.149
-164.542
-164.937
-165.334
-165.731
-166.13
-166.531
-166.933
-167.336
-167.741
-168.147
-168.554
-168.963
-169.374
-169.785
-170.198
-170.613
-171.029
-171.446
-171.865
-172.285
-172.706
-173.129
-173.553
-173.979
-174.406
-174.834
-175.264
-175.695
-176.128
-176.562
-176.997
-177.434
-177.872
-178.312
-178.752
-179.195
-179.638
-180.083
-180.53
-180.977
-181.426
-181.877
-182.329
-182.782
-183.237
-183.692
-184.15
-184.608
-185.069
-185.53
-185.993
-186.457
-186.922
-187.389
-187.857
-188.327
-188.798
-189.27
-189.744
-190.219
-190.695
-191.173
-191.652
-192.132
-192.614
-193.097
-193.581
-194.067
-194.554
-195.043
-195.532
-196.024
-138.294
-138.556
-138.818
-139.082
-139.347
-139.614
-139.883
-140.153
-140.424
-140.697
-140.971
-141.247
-141.525
-141.804
-142.084
-142.366
-142.649
-142.934
-143.22
-143.508
-143.797
-144.087
-144.379
-144.673
-144.968
-145.264
-145.562
-145.861
-146.162
-146.464
-146.767
-147.072
-147.379
-147.687
-147.996
-148.307
-148.619
-148.933
-149.248
-149.564
-149.882
-150.202
-150.523
-150.845
-151.169
-151.494
-151.82
-152.148
-152.478
-152.809
-153.141
-153.475
-153.81
-154.147
-154.485
-154.824
-155.165
-155.508
-155.851
-156.197
-156.543
-156.891
-157.241
-157.592
-157.944
-158.298
-158.653
-159.01
-159.368
-159.727
-160.088
-160.45
-160.814
-161.179
-161.546
-161.914
-162.283
-162.654
-163.027
-163.4
-163.775
-164.152
-164.53
-164.909
-165.29
-165.672
-166.056
-166.441
-166.827
-167.215
-167.604
-167.995
-168.387
-168.78
-169.175
-169.571
-169.969
-170.368
-170.769
-171.171
-171.574
-171.979
-172.385
-172.792
-173.201
-173.611
-174.023
-174.436
-174.851
-175.267
-175.684
-176.103
-176.523
-176.944
-177.367
-177.791
-178.217
-178.644
-179.072
-179.502
-179.933
-180.366
-180.8
-181.235
-181.672
-182.11
-182.549
-182.99
-183.432
-183.876
-184.321
-184.767
-185.215
-185.664
-186.115
-186.567
-187.02
-187.474
-187.93
-188.388
-188.846
-189.306
-189.768
-190.231
-190.695
-191.16
-191.627
-192.095
-192.565
-193.036
-193.508
-193.982
-194.457
-194.933
-195.411
-195.89
-196.37
-196.852
-197.335
-197.819
-198.305
-198.792
-199.28
-199.77
-200.261
-142.793
-143.056
-143.32
-143.585
-143.852
-144.12
-144.39
-144.662
-144.935
-145.209
-145.485
-145.762
-146.041
-146.322
-146.603
-146.887
-147.171
-147.458
-147.745
-148.034
-148.325
-148.617
-148.91
-149.205
-149.502
-149.8
-150.099
-150.399
-150.702
-151.005
-151.31
-151.617
-151.925
-152.234
-152.545
-152.857
-153.171
-153.486
-153.802
-154.12
-154.44
-154.76
-155.083
-155.406
-155.732
-156.058
-156.386
-156.716
-157.047
-157.379
-157.713
-158.048
-158.385
-158.723
-159.062
-159.403
-159.745
-160.089
-160.434
-160.781
-161.129
-161.479
-161.83
-162.182
-162.536
-162.891
-163.248
-163.606
-163.965
-164.326
-164.688
-165.052
-165.417
-165.784
-166.152
-166.521
-166.892
-167.264
-167.638
-168.013
-168.39
-168.768
-169.147
-169.528
-169.91
-170.293
-170.678
-171.065
-171.453
-171.842
-172.233
-172.625
-173.018
-173.413
-173.809
-174.207
-174.606
-175.007
-175.408
-175.812
-176.216
-176.623
-177.03
-177.439
-177.849
-178.261
-178.674
-179.088
-179.504
-179.922
-180.34
-180.76
-181.182
-181.605
-182.029
-182.455
-182.882
-183.31
-183.74
-184.171
-184.604
-185.038
-185.473
-185.91
-186.348
-186.787
-187.228
-187.67
-188.114
-188.559
-189.005
-189.453
-189.902
-190.353
-190.804
-191.258
-191.712
-192.168
-192.625
-193.084
-193.544
-194.006
-194.468
-194.932
-195.398
-195.865
-196.333
-196.803
-197.274
-197.746
-198.219
-198.694
-199.171
-199.648
-200.127
-200.608
-201.09
-201.573
-202.057
-202.543
-203.03
-203.518
-204.008
-204.499
-147.03
-147.293
-147.557
-147.823
-148.089
-148.358
-148.628
-148.899
-149.172
-149.447
-149.723
-150
-150.279
-150.559
-150.841
-151.124
-151.409
-151.695
-151.983
-152.272
-152.563
-152.855
-153.148
-153.443
-153.74
-154.037
-154.337
-154.637
-154.939
-155.243
-155.548
-155.854
-156.162
-156.472
-156.782
-157.095
-157.408
-157.723
-158.04
-158.358
-158.677
-158.998
-159.321
-159.644
-159.969
-160.296
-160.624
-160.954
-161.284
-161.617
-161.951
-162.286
-162.622
-162.96
-163.3
-163.641
-163.983
-164.327
-164.672
-165.019
-165.367
-165.716
-166.067
-166.42
-166.774
-167.129
-167.485
-167.843
-168.203
-168.564
-168.926
-169.29
-169.655
-170.022
-170.39
-170.759
-171.13
-171.502
-171.876
-172.251
-172.627
-173.005
-173.385
-173.766
-174.148
-174.531
-174.916
-175.303
-175.691
-176.08
-176.47
-176.862
-177.256
-177.651
-178.047
-178.445
-178.844
-179.244
-179.646
-180.05
-180.454
-180.86
-181.268
-181.677
-182.087
-182.499
-182.912
-183.326
-183.742
-184.159
-184.578
-184.998
-185.42
-185.843
-186.267
-186.692
-187.119
-187.548
-187.978
-188.409
-188.841
-189.275
-189.711
-190.147
-190.585
-191.025
-191.466
-191.908
-192.352
-192.797
-193.243
-193.691
-194.14
-194.59
-195.042
-195.495
-195.95
-196.406
-196.863
-197.322
-197.782
-198.243
-198.706
-199.17
-199.636
-200.103
-200.571
-201.04
-201.511
-201.984
-202.457
-202.932
-203.409
-203.886
-204.365
-204.846
-205.327
-205.81
-206.295
-206.781
-207.268
-207.756
-208.246
-208.737
-151.53
-151.795
-152.06
-152.327
-152.596
-152.866
-153.137
-153.41
-153.684
-153.96
-154.238
-154.517
-154.797
-155.079
-155.362
-155.647
-155.933
-156.221
-156.51
-156.801
-157.093
-157.386
-157.681
-157.977
-158.275
-158.574
-158.875
-159.177
-159.481
-159.786
-160.092
-160.4
-160.709
-161.02
-161.332
-161.646
-161.961
-162.278
-162.596
-162.915
-163.236
-163.558
-163.882
-164.207
-164.534
-164.862
-165.191
-165.522
-165.855
-166.188
-166.524
-166.86
-167.198
-167.538
-167.879
-168.221
-168.565
-168.91
-169.257
-169.605
-169.954
-170.305
-170.658
-171.011
-171.367
-171.723
-172.081
-172.441
-172.802
-173.164
-173.528
-173.893
-174.259
-174.627
-174.997
-175.368
-175.74
-176.114
-176.489
-176.865
-177.243
-177.623
-178.003
-178.386
-178.769
-179.154
-179.541
-179.928
-180.318
-180.708
-181.1
-181.494
-181.889
-182.285
-182.683
-183.082
-183.482
-183.884
-184.287
-184.692
-185.098
-185.506
-185.915
-186.325
-186.737
-187.15
-187.564
-187.98
-188.397
-188.816
-189.236
-189.657
-190.08
-190.505
-190.93
-191.357
-191.786
-192.215
-192.647
-193.079
-193.513
-193.948
-194.385
-194.823
-195.263
-195.704
-196.146
-196.589
-197.034
-197.481
-197.929
-198.378
-198.828
-199.28
-199.733
-200.188
-200.644
-201.101
-201.56
-202.02
-202.481
-202.944
-203.408
-203.874
-204.34
-204.809
-205.278
-205.749
-206.221
-206.695
-207.17
-207.646
-208.124
-208.603
-209.083
-209.565
-210.048
-210.533
-211.018
-211.505
-211.994
-212.483
-212.975
-156.032
-156.298
-156.565
-156.833
-157.103
-157.375
-157.648
-157.922
-158.198
-158.475
-158.754
-159.035
-159.317
-159.6
-159.885
-160.171
-160.459
-160.748
-161.038
-161.33
-161.624
-161.919
-162.215
-162.513
-162.812
-163.113
-163.415
-163.719
-164.024
-164.33
-164.638
-164.947
-165.258
-165.57
-165.884
-166.199
-166.516
-166.834
-167.153
-167.474
-167.796
-168.12
-168.445
-168.772
-169.1
-169.429
-169.76
-170.092
-170.426
-170.761
-171.098
-171.436
-171.776
-172.116
-172.459
-172.803
-173.148
-173.494
-173.843
-174.192
-174.543
-174.895
-175.249
-175.604
-175.961
-176.319
-176.678
-177.039
-177.402
-177.765
-178.131
-178.497
-178.865
-179.235
-179.606
-179.978
-180.351
-180.727
-181.103
-181.481
-181.86
-182.241
-182.623
-183.007
-183.392
-183.778
-184.166
-184.555
-184.946
-185.338
-185.732
-186.126
-186.523
-186.92
-187.319
-187.72
-188.122
-188.525
-188.93
-189.336
-189.743
-190.152
-190.563
-190.974
-191.387
-191.802
-192.218
-192.635
-193.054
-193.474
-193.895
-194.318
-194.742
-195.168
-195.595
-196.023
-196.453
-196.884
-197.317
-197.751
-198.186
-198.623
-199.061
-199.501
-199.941
-200.384
-200.827
-201.272
-201.719
-202.166
-202.615
-203.066
-203.518
-203.971
-204.426
-204.882
-205.339
-205.798
-206.258
-206.719
-207.182
-207.646
-208.111
-208.578
-209.046
-209.516
-209.987
-210.459
-210.933
-211.408
-211.884
-212.362
-212.841
-213.321
-213.803
-214.286
-214.77
-215.256
-215.743
-216.232
-216.721
-217.212
-160.27
-160.535
-160.802
-161.071
-161.341
-161.612
-161.885
-162.16
-162.436
-162.713
-162.992
-163.272
-163.554
-163.838
-164.122
-164.409
-164.696
-164.985
-165.276
-165.568
-165.862
-166.156
-166.453
-166.751
-167.05
-167.351
-167.653
-167.956
-168.261
-168.568
-168.876
-169.185
-169.496
-169.808
-170.122
-170.437
-170.753
-171.071
-171.391
-171.712
-172.034
-172.358
-172.683
-173.009
-173.337
-173.667
-173.998
-174.33
-174.664
-174.999
-175.336
-175.674
-176.013
-176.354
-176.697
-177.04
-177.386
-177.732
-178.08
-178.43
-178.781
-179.133
-179.487
-179.842
-180.199
-180.557
-180.916
-181.277
-181.64
-182.003
-182.368
-182.735
-183.103
-183.472
-183.843
-184.216
-184.589
-184.964
-185.341
-185.719
-186.098
-186.479
-186.861
-187.245
-187.63
-188.016
-188.404
-188.793
-189.184
-189.576
-189.969
-190.364
-190.76
-191.158
-191.557
-191.958
-192.36
-192.763
-193.168
-193.574
-193.981
-194.39
-194.8
-195.212
-195.625
-196.04
-196.456
-196.873
-197.292
-197.712
-198.133
-198.556
-198.98
-199.406
-199.833
-200.261
-200.691
-201.122
-201.555
-201.989
-202.424
-202.861
-203.299
-203.738
-204.179
-204.621
-205.065
-205.51
-205.956
-206.404
-206.853
-207.304
-207.756
-208.209
-208.663
-209.119
-209.577
-210.035
-210.495
-210.957
-211.42
-211.884
-212.349
-212.816
-213.284
-213.754
-214.225
-214.697
-215.171
-215.646
-216.122
-216.6
-217.079
-217.559
-218.041
-218.524
-219.008
-219.494
-219.981
-220.469
-220.959
-221.45
-164.772
-165.04
-165.308
-165.578
-165.85
-166.123
-166.397
-166.673
-166.951
-167.23
-167.51
-167.792
-168.075
-168.36
-168.646
-168.934
-169.223
-169.514
-169.806
-170.099
-170.394
-170.691
-170.988
-171.288
-171.588
-171.89
-172.194
-172.499
-172.806
-173.113
-173.423
-173.734
-174.046
-174.359
-174.675
-174.991
-175.309
-175.629
-175.949
-176.272
-176.595
-176.921
-177.247
-177.575
-177.905
-178.236
-178.568
-178.902
-179.237
-179.574
-179.912
-180.251
-180.592
-180.934
-181.278
-181.623
-181.97
-182.318
-182.668
-183.019
-183.371
-183.725
-184.08
-184.437
-184.795
-185.154
-185.515
-185.877
-186.241
-186.606
-186.973
-187.341
-187.71
-188.081
-188.453
-188.827
-189.202
-189.579
-189.957
-190.336
-190.717
-191.099
-191.482
-191.867
-192.254
-192.642
-193.031
-193.422
-193.814
-194.207
-194.602
-194.998
-195.396
-195.795
-196.196
-196.597
-197.001
-197.405
-197.812
-198.219
-198.628
-199.038
-199.45
-199.863
-200.278
-200.693
-201.111
-201.529
-201.949
-202.371
-202.794
-203.218
-203.644
-204.071
-204.499
-204.929
-205.36
-205.793
-206.227
-206.662
-207.099
-207.537
-207.976
-208.417
-208.859
-209.303
-209.748
-210.194
-210.642
-211.091
-211.542
-211.993
-212.447
-212.901
-213.357
-213.814
-214.273
-214.733
-215.195
-215.657
-216.122
-216.587
-217.054
-217.522
-217.992
-218.463
-218.935
-219.408
-219.883
-220.36
-220.837
-221.316
-221.797
-222.279
-222.762
-223.246
-223.732
-224.219
-224.707
-225.197
-169.277
-169.546
-169.816
-170.087
-170.36
-170.635
-170.911
-171.188
-171.467
-171.748
-172.03
-172.313
-172.598
-172.884
-173.172
-173.461
-173.752
-174.044
-174.337
-174.632
-174.928
-175.226
-175.525
-175.826
-176.128
-176.432
-176.737
-177.043
-177.351
-177.661
-177.971
-178.284
-178.597
-178.912
-179.229
-179.547
-179.866
-180.187
-180.509
-180.833
-181.158
-181.485
-181.813
-182.142
-182.473
-182.806
-183.139
-183.475
-183.811
-184.149
-184.489
-184.83
-185.172
-185.516
-185.861
-186.208
-186.556
-186.905
-187.256
-187.609
-187.962
-188.318
-188.674
-189.032
-189.392
-189.753
-190.115
-190.479
-190.844
-191.211
-191.579
-191.948
-192.319
-192.691
-193.065
-193.44
-193.816
-194.194
-194.574
-194.954
-195.337
-195.72
-196.105
-196.492
-196.879
-197.269
-197.659
-198.051
-198.445
-198.84
-199.236
-199.634
-200.033
-200.433
-200.835
-201.238
-201.643
-202.049
-202.457
-202.866
-203.276
-203.688
-204.101
-204.515
-204.931
-205.348
-205.767
-206.187
-206.609
-207.032
-207.456
-207.881
-208.308
-208.737
-209.167
-209.598
-210.03
-210.464
-210.9
-211.336
-211.774
-212.214
-212.655
-213.097
-213.541
-213.986
-214.432
-214.88
-215.329
-215.779
-216.231
-216.684
-217.139
-217.595
-218.052
-218.511
-218.971
-219.432
-219.895
-220.359
-220.825
-221.292
-221.76
-222.229
-222.7
-223.173
-223.646
-224.121
-224.598
-225.075
-225.554
-226.035
-226.516
-226.999
-227.484
-227.969
-228.457
-228.945
-229.435
-173.784
-174.053
-174.325
-174.598
-174.872
-175.148
-175.426
-175.705
-175.985
-176.267
-176.551
-176.836
-177.122
-177.41
-177.699
-177.989
-178.281
-178.575
-178.87
-179.166
-179.464
-179.763
-180.064
-180.366
-180.67
-180.975
-181.281
-181.589
-181.898
-182.209
-182.521
-182.835
-183.15
-183.467
-183.785
-184.104
-184.425
-184.747
-185.071
-185.396
-185.723
-186.051
-186.38
-186.711
-187.043
-187.377
-187.712
-188.049
-188.387
-188.727
-189.068
-189.41
-189.754
-190.099
-190.446
-190.794
-191.143
-191.494
-191.846
-192.2
-192.555
-192.912
-193.27
-193.63
-193.991
-194.353
-194.717
-195.082
-195.448
-195.816
-196.186
-196.557
-196.929
-197.303
-197.678
-198.054
-198.432
-198.812
-199.192
-199.574
-199.958
-200.343
-200.729
-201.117
-201.507
-201.897
-202.289
-202.683
-203.078
-203.474
-203.871
-204.271
-204.671
-205.073
-205.476
-205.881
-206.287
-206.695
-207.103
-207.514
-207.925
-208.339
-208.753
-209.169
-209.586
-210.005
-210.425
-210.846
-211.269
-211.694
-212.119
-212.546
-212.975
-213.404
-213.836
-214.268
-214.702
-215.137
-215.574
-216.012
-216.452
-216.893
-217.335
-217.778
-218.223
-218.67
-219.118
-219.567
-220.017
-220.469
-220.922
-221.377
-221.833
-222.29
-222.749
-223.209
-223.67
-224.133
-224.597
-225.063
-225.529
-225.998
-226.467
-226.938
-227.41
-227.884
-228.359
-228.835
-229.313
-229.792
-230.272
-230.754
-231.237
-231.722
-232.207
-232.694
-233.183
-233.672
-178.021
-178.291
-178.563
-178.836
-179.11
-179.386
-179.664
-179.943
-180.223
-180.505
-180.788
-181.073
-181.359
-181.647
-181.936
-182.227
-182.519
-182.813
-183.107
-183.404
-183.702
-184.001
-184.302
-184.604
-184.907
-185.212
-185.519
-185.827
-186.136
-186.447
-186.759
-187.073
-187.388
-187.704
-188.022
-188.342
-188.663
-188.985
-189.309
-189.634
-189.961
-190.289
-190.618
-190.949
-191.281
-191.615
-191.95
-192.287
-192.625
-192.964
-193.305
-193.648
-193.992
-194.337
-194.683
-195.031
-195.381
-195.732
-196.084
-196.438
-196.793
-197.15
-197.508
-197.867
-198.228
-198.591
-198.954
-199.32
-199.686
-200.054
-200.424
-200.794
-201.167
-201.54
-201.915
-202.292
-202.67
-203.049
-203.43
-203.812
-204.196
-204.581
-204.967
-205.355
-205.744
-206.135
-206.527
-206.92
-207.315
-207.712
-208.109
-208.508
-208.909
-209.311
-209.714
-210.119
-210.525
-210.932
-211.341
-211.752
-212.163
-212.576
-212.991
-213.407
-213.824
-214.243
-214.663
-215.084
-215.507
-215.931
-216.357
-216.784
-217.212
-217.642
-218.073
-218.506
-218.94
-219.375
-219.812
-220.25
-220.69
-221.13
-221.573
-222.016
-222.461
-222.908
-223.355
-223.804
-224.255
-224.707
-225.16
-225.615
-226.07
-226.528
-226.986
-227.447
-227.908
-228.371
-228.835
-229.3
-229.767
-230.235
-230.705
-231.176
-231.648
-232.122
-232.597
-233.073
-233.551
-234.03
-234.51
-234.992
-235.475
-235.959
-236.445
-236.932
-237.42
-237.91
-182.528
-182.8
-183.073
-183.348
-183.624
-183.901
-184.18
-184.461
-184.743
-185.026
-185.311
-185.597
-185.885
-186.174
-186.465
-186.757
-187.05
-187.345
-187.642
-187.939
-188.239
-188.539
-188.842
-189.145
-189.45
-189.757
-190.065
-190.374
-190.685
-190.997
-191.311
-191.626
-191.942
-192.26
-192.58
-192.9
-193.223
-193.546
-193.872
-194.198
-194.526
-194.856
-195.187
-195.519
-195.853
-196.188
-196.525
-196.863
-197.202
-197.543
-197.886
-198.229
-198.575
-198.921
-199.269
-199.619
-199.97
-200.322
-200.676
-201.031
-201.388
-201.746
-202.105
-202.466
-202.828
-203.192
-203.557
-203.924
-204.292
-204.661
-205.032
-205.404
-205.778
-206.153
-206.53
-206.908
-207.287
-207.668
-208.05
-208.434
-208.819
-209.205
-209.593
-209.982
-210.373
-210.765
-211.158
-211.553
-211.949
-212.347
-212.746
-213.147
-213.549
-213.952
-214.357
-214.763
-215.17
-215.579
-215.989
-216.401
-216.814
-217.229
-217.644
-218.062
-218.48
-218.901
-219.322
-219.745
-220.169
-220.595
-221.022
-221.45
-221.88
-222.311
-222.744
-223.178
-223.613
-224.05
-224.488
-224.927
-225.368
-225.81
-226.254
-226.699
-227.145
-227.593
-228.042
-228.493
-228.944
-229.398
-229.852
-230.308
-230.766
-231.224
-231.684
-232.146
-232.608
-233.073
-233.538
-234.005
-234.473
-234.943
-235.414
-235.886
-236.36
-236.835
-237.311
-237.789
-238.268
-238.748
-239.23
-239.713
-240.197
-240.683
-241.17
-241.658
-242.148
-187.038
-187.311
-187.585
-187.861
-188.139
-188.418
-188.698
-188.98
-189.264
-189.549
-189.835
-190.123
-190.412
-190.702
-190.995
-191.288
-191.583
-191.879
-192.177
-192.476
-192.777
-193.079
-193.383
-193.688
-193.994
-194.302
-194.612
-194.922
-195.235
-195.548
-195.863
-196.18
-196.498
-196.817
-197.138
-197.461
-197.784
-198.109
-198.436
-198.764
-199.094
-199.424
-199.757
-200.091
-200.426
-200.762
-201.1
-201.44
-201.781
-202.123
-202.467
-202.812
-203.159
-203.507
-203.856
-204.207
-204.56
-204.914
-205.269
-205.625
-205.983
-206.343
-206.704
-207.066
-207.43
-207.795
-208.162
-208.53
-208.899
-209.27
-209.642
-210.016
-210.391
-210.768
-211.145
-211.525
-211.906
-212.288
-212.671
-213.056
-213.443
-213.831
-214.22
-214.61
-215.003
-215.396
-215.791
-216.187
-216.585
-216.984
-217.384
-217.786
-218.19
-218.594
-219
-219.408
-219.817
-220.227
-220.639
-221.052
-221.466
-221.882
-222.3
-222.718
-223.138
-223.56
-223.983
-224.407
-224.832
-225.26
-225.688
-226.118
-226.549
-226.981
-227.415
-227.851
-228.287
-228.726
-229.165
-229.606
-230.048
-230.492
-230.937
-231.383
-231.831
-232.28
-232.73
-233.182
-233.635
-234.09
-234.546
-235.003
-235.462
-235.922
-236.383
-236.846
-237.31
-237.776
-238.243
-238.711
-239.181
-239.651
-240.124
-240.597
-241.072
-241.549
-242.026
-242.505
-242.986
-243.467
-243.951
-244.435
-244.921
-245.408
-245.896
-246.386
-191.275
-191.548
-191.823
-192.099
-192.376
-192.655
-192.936
-193.218
-193.501
-193.786
-194.073
-194.36
-194.65
-194.94
-195.232
-195.526
-195.821
-196.117
-196.415
-196.714
-197.015
-197.317
-197.621
-197.926
-198.232
-198.54
-198.849
-199.16
-199.472
-199.786
-200.101
-200.418
-200.736
-201.055
-201.376
-201.698
-202.022
-202.347
-202.674
-203.002
-203.331
-203.662
-203.995
-204.328
-204.664
-205
-205.338
-205.678
-206.019
-206.361
-206.705
-207.05
-207.397
-207.745
-208.094
-208.445
-208.798
-209.151
-209.507
-209.863
-210.221
-210.581
-210.942
-211.304
-211.668
-212.033
-212.399
-212.767
-213.137
-213.508
-213.88
-214.254
-214.629
-215.005
-215.383
-215.763
-216.143
-216.526
-216.909
-217.294
-217.681
-218.068
-218.458
-218.848
-219.24
-219.634
-220.029
-220.425
-220.823
-221.222
-221.622
-222.024
-222.427
-222.832
-223.238
-223.646
-224.055
-224.465
-224.877
-225.29
-225.704
-226.12
-226.537
-226.956
-227.376
-227.798
-228.22
-228.645
-229.07
-229.497
-229.926
-230.355
-230.787
-231.219
-231.653
-232.089
-232.525
-232.963
-233.403
-233.844
-234.286
-234.73
-235.174
-235.621
-236.069
-236.518
-236.968
-237.42
-237.873
-238.328
-238.784
-239.241
-239.7
-240.16
-240.621
-241.084
-241.548
-242.014
-242.481
-242.949
-243.418
-243.889
-244.361
-244.835
-245.31
-245.786
-246.264
-246.743
-247.224
-247.705
-248.188
-248.673
-249.158
-249.645
-250.134
-250.624
-195.785
-196.06
-196.336
-196.614
-196.893
-197.174
-197.456
-197.739
-198.024
-198.31
-198.598
-198.887
-199.178
-199.47
-199.763
-200.058
-200.355
-200.653
-200.952
-201.253
-201.555
-201.858
-202.163
-202.47
-202.778
-203.087
-203.398
-203.71
-204.024
-204.339
-204.655
-204.973
-205.293
-205.614
-205.936
-206.26
-206.585
-206.912
-207.24
-207.569
-207.9
-208.232
-208.566
-208.901
-209.238
-209.576
-209.915
-210.256
-210.599
-210.943
-211.288
-211.634
-211.982
-212.332
-212.683
-213.035
-213.389
-213.744
-214.101
-214.459
-214.818
-215.179
-215.542
-215.905
-216.271
-216.637
-217.005
-217.375
-217.745
-218.118
-218.491
-218.867
-219.243
-219.621
-220
-220.381
-220.763
-221.147
-221.532
-221.918
-222.306
-222.695
-223.086
-223.478
-223.871
-224.266
-224.663
-225.06
-225.459
-225.86
-226.262
-226.665
-227.07
-227.476
-227.883
-228.292
-228.703
-229.114
-229.527
-229.942
-230.358
-230.775
-231.194
-231.614
-232.035
-232.458
-232.882
-233.308
-233.735
-234.163
-234.593
-235.024
-235.457
-235.891
-236.326
-236.763
-237.201
-237.641
-238.081
-238.524
-238.967
-239.412
-239.859
-240.306
-240.755
-241.206
-241.658
-242.111
-242.566
-243.022
-243.479
-243.938
-244.398
-244.859
-245.322
-245.786
-246.251
-246.718
-247.186
-247.656
-248.127
-248.599
-249.073
-249.548
-250.024
-250.502
-250.981
-251.461
-251.943
-252.426
-252.91
-253.396
-253.883
-254.372
-254.861
-200.297
-200.574
-200.851
-201.131
-201.411
-201.693
-201.977
-202.262
-202.548
-202.836
-203.125
-203.416
-203.708
-204.001
-204.296
-204.592
-204.89
-205.19
-205.49
-205.792
-206.096
-206.401
-206.708
-207.015
-207.325
-207.636
-207.948
-208.262
-208.577
-208.893
-209.211
-209.531
-209.851
-210.174
-210.497
-210.823
-211.149
-211.477
-211.807
-212.138
-212.47
-212.804
-213.139
-213.476
-213.814
-214.153
-214.494
-214.836
-215.18
-215.526
-215.872
-216.22
-216.57
-216.921
-217.273
-217.627
-217.982
-218.339
-218.697
-219.056
-219.417
-219.779
-220.143
-220.508
-220.875
-221.243
-221.612
-221.983
-222.355
-222.729
-223.104
-223.481
-223.859
-224.238
-224.619
-225.001
-225.385
-225.77
-226.156
-226.544
-226.933
-227.324
-227.716
-228.109
-228.504
-228.9
-229.298
-229.697
-230.098
-230.5
-230.903
-231.308
-231.714
-232.121
-232.53
-232.94
-233.352
-233.765
-234.18
-234.596
-235.013
-235.431
-235.852
-236.273
-236.696
-237.12
-237.546
-237.973
-238.401
-238.831
-239.262
-239.695
-240.129
-240.564
-241.001
-241.439
-241.878
-242.319
-242.761
-243.205
-243.65
-244.096
-244.544
-244.993
-245.444
-245.896
-246.349
-246.803
-247.259
-247.717
-248.175
-248.635
-249.097
-249.56
-250.024
-250.489
-250.956
-251.424
-251.894
-252.365
-252.837
-253.311
-253.786
-254.262
-254.74
-255.219
-255.699
-256.181
-256.664
-257.148
-257.634
-258.121
-258.609
-259.099
-204.811
-205.089
-205.368
-205.649
-205.931
-206.214
-206.499
-206.786
-207.073
-207.363
-207.653
-207.945
-208.239
-208.534
-208.83
-209.128
-209.427
-209.728
-210.03
-210.334
-210.639
-210.945
-211.253
-211.563
-211.873
-212.186
-212.499
-212.814
-213.131
-213.449
-213.768
-214.089
-214.411
-214.735
-215.06
-215.387
-215.715
-216.045
-216.375
-216.708
-217.042
-217.377
-217.713
-218.051
-218.391
-218.732
-219.074
-219.418
-219.763
-220.11
-220.458
-220.807
-221.158
-221.511
-221.865
-222.22
-222.576
-222.934
-223.294
-223.655
-224.017
-224.381
-224.746
-225.113
-225.481
-225.85
-226.221
-226.593
-226.967
-227.342
-227.719
-228.096
-228.476
-228.857
-229.239
-229.622
-230.007
-230.394
-230.782
-231.171
-231.561
-231.954
-232.347
-232.742
-233.138
-233.536
-233.935
-234.335
-234.737
-235.141
-235.545
-235.951
-236.359
-236.768
-237.178
-237.59
-238.003
-238.417
-238.833
-239.251
-239.669
-240.089
-240.511
-240.934
-241.358
-241.783
-242.211
-242.639
-243.069
-243.5
-243.932
-244.366
-244.802
-245.238
-245.677
-246.116
-246.557
-246.999
-247.443
-247.888
-248.334
-248.782
-249.231
-249.681
-250.133
-250.586
-251.041
-251.497
-251.954
-252.413
-252.873
-253.334
-253.797
-254.261
-254.727
-255.194
-255.662
-256.132
-256.602
-257.075
-257.548
-258.023
-258.5
-258.977
-259.456
-259.937
-260.418
-260.902
-261.386
-261.872
-262.359
-262.847
-263.337
-209.049
-209.327
-209.606
-209.886
-210.168
-210.452
-210.737
-211.023
-211.311
-211.6
-211.891
-212.183
-212.477
-212.772
-213.068
-213.366
-213.665
-213.966
-214.268
-214.571
-214.877
-215.183
-215.491
-215.8
-216.111
-216.423
-216.737
-217.052
-217.369
-217.687
-218.006
-218.327
-218.649
-218.973
-219.298
-219.625
-219.953
-220.282
-220.613
-220.945
-221.279
-221.614
-221.951
-222.289
-222.629
-222.97
-223.312
-223.656
-224.001
-224.348
-224.696
-225.045
-225.396
-225.748
-226.102
-226.457
-226.814
-227.172
-227.532
-227.893
-228.255
-228.619
-228.984
-229.35
-229.718
-230.088
-230.459
-230.831
-231.205
-231.58
-231.956
-232.334
-232.714
-233.094
-233.476
-233.86
-234.245
-234.631
-235.019
-235.409
-235.799
-236.191
-236.585
-236.98
-237.376
-237.774
-238.173
-238.573
-238.975
-239.378
-239.783
-240.189
-240.597
-241.006
-241.416
-241.828
-242.241
-242.655
-243.071
-243.488
-243.907
-244.327
-244.748
-245.171
-245.596
-246.021
-246.448
-246.877
-247.306
-247.738
-248.17
-248.604
-249.039
-249.476
-249.914
-250.354
-250.795
-251.237
-251.68
-252.125
-252.572
-253.02
-253.469
-253.919
-254.371
-254.824
-255.279
-255.735
-256.192
-256.651
-257.111
-257.572
-258.035
-258.499
-258.965
-259.431
-259.9
-260.369
-260.84
-261.312
-261.786
-262.261
-262.737
-263.215
-263.694
-264.175
-264.656
-265.139
-265.624
-266.109
-266.596
-267.085
-267.575
-213.564
-213.843
-214.124
-214.406
-214.69
-214.975
-215.261
-215.549
-215.838
-216.129
-216.421
-216.714
-217.009
-217.306
-217.603
-217.903
-218.203
-218.506
-218.809
-219.114
-219.421
-219.729
-220.038
-220.349
-220.661
-220.975
-221.29
-221.606
-221.924
-222.244
-222.565
-222.887
-223.211
-223.536
-223.862
-224.19
-224.52
-224.851
-225.183
-225.517
-225.852
-226.189
-226.527
-226.866
-227.207
-227.55
-227.893
-228.239
-228.585
-228.933
-229.283
-229.634
-229.986
-230.34
-230.695
-231.052
-231.41
-231.769
-232.13
-232.493
-232.856
-233.222
-233.588
-233.956
-234.326
-234.696
-235.069
-235.442
-235.817
-236.194
-236.572
-236.951
-237.332
-237.714
-238.098
-238.483
-238.869
-239.257
-239.646
-240.037
-240.429
-240.822
-241.217
-241.614
-242.011
-242.41
-242.811
-243.213
-243.616
-244.021
-244.427
-244.834
-245.243
-245.654
-246.065
-246.478
-246.893
-247.309
-247.726
-248.145
-248.565
-248.986
-249.409
-249.833
-250.259
-250.686
-251.114
-251.544
-251.975
-252.408
-252.842
-253.277
-253.714
-254.152
-254.592
-255.032
-255.475
-255.918
-256.363
-256.81
-257.257
-257.706
-258.157
-258.609
-259.062
-259.517
-259.972
-260.43
-260.888
-261.349
-261.81
-262.273
-262.737
-263.202
-263.669
-264.137
-264.607
-265.078
-265.55
-266.024
-266.499
-266.975
-267.453
-267.932
-268.412
-268.894
-269.377
-269.861
-270.347
-270.834
-271.323
-271.812
-218.081
-218.361
-218.644
-218.927
-219.212
-219.499
-219.786
-220.076
-220.366
-220.658
-220.952
-221.247
-221.543
-221.841
-222.14
-222.441
-222.743
-223.047
-223.352
-223.658
-223.966
-224.276
-224.586
-224.899
-225.212
-225.528
-225.844
-226.162
-226.481
-226.802
-227.125
-227.448
-227.774
-228.1
-228.428
-228.758
-229.089
-229.421
-229.755
-230.09
-230.427
-230.765
-231.104
-231.445
-231.787
-232.131
-232.476
-232.823
-233.171
-233.521
-233.872
-234.224
-234.578
-234.933
-235.29
-235.648
-236.007
-236.368
-236.73
-237.094
-237.459
-237.826
-238.194
-238.563
-238.934
-239.306
-239.68
-240.055
-240.432
-240.81
-241.189
-241.57
-241.952
-242.336
-242.721
-243.107
-243.495
-243.884
-244.275
-244.667
-245.06
-245.455
-245.851
-246.249
-246.648
-247.049
-247.45
-247.854
-248.258
-248.665
-249.072
-249.481
-249.891
-250.303
-250.716
-251.131
-251.546
-251.964
-252.382
-252.802
-253.224
-253.647
-254.071
-254.497
-254.924
-255.352
-255.782
-256.213
-256.646
-257.08
-257.515
-257.952
-258.39
-258.829
-259.27
-259.712
-260.156
-260.601
-261.047
-261.495
-261.944
-262.395
-262.846
-263.3
-263.754
-264.21
-264.668
-265.126
-265.586
-266.048
-266.51
-266.975
-267.44
-267.907
-268.375
-268.845
-269.316
-269.788
-270.262
-270.737
-271.213
-271.691
-272.17
-272.65
-273.132
-273.615
-274.099
-274.585
-275.072
-275.56
-276.05
-222.318
-222.599
-222.881
-223.165
-223.45
-223.736
-224.024
-224.313
-224.604
-224.896
-225.19
-225.485
-225.781
-226.079
-226.378
-226.679
-226.981
-227.285
-227.59
-227.896
-228.204
-228.513
-228.824
-229.136
-229.45
-229.765
-230.082
-230.4
-230.719
-231.04
-231.362
-231.686
-232.011
-232.338
-232.666
-232.995
-233.326
-233.659
-233.992
-234.328
-234.664
-235.002
-235.342
-235.683
-236.025
-236.369
-236.714
-237.061
-237.409
-237.758
-238.109
-238.462
-238.815
-239.171
-239.527
-239.885
-240.245
-240.606
-240.968
-241.332
-241.697
-242.064
-242.432
-242.801
-243.172
-243.544
-243.918
-244.293
-244.669
-245.047
-245.427
-245.807
-246.19
-246.573
-246.958
-247.345
-247.732
-248.122
-248.512
-248.904
-249.298
-249.693
-250.089
-250.487
-250.886
-251.286
-251.688
-252.091
-252.496
-252.902
-253.31
-253.719
-254.129
-254.541
-254.954
-255.368
-255.784
-256.201
-256.62
-257.04
-257.462
-257.885
-258.309
-258.734
-259.161
-259.59
-260.02
-260.451
-260.883
-261.317
-261.753
-262.189
-262.627
-263.067
-263.508
-263.95
-264.394
-264.839
-265.285
-265.733
-266.182
-266.632
-267.084
-267.537
-267.992
-268.448
-268.905
-269.364
-269.824
-270.285
-270.748
-271.212
-271.678
-272.145
-272.613
-273.082
-273.553
-274.026
-274.499
-274.974
-275.451
-275.928
-276.407
-276.888
-277.369
-277.852
-278.337
-278.823
-279.31
-279.798
-280.288
-226.836
-227.119
-227.403
-227.688
-227.974
-228.262
-228.551
-228.842
-229.134
-229.427
-229.722
-230.019
-230.317
-230.616
-230.917
-231.219
-231.522
-231.827
-232.134
-232.442
-232.751
-233.062
-233.374
-233.688
-234.003
-234.319
-234.637
-234.957
-235.278
-235.6
-235.924
-236.249
-236.576
-236.904
-237.233
-237.564
-237.896
-238.23
-238.565
-238.902
-239.24
-239.58
-239.92
-240.263
-240.607
-240.952
-241.298
-241.647
-241.996
-242.347
-242.699
-243.053
-243.408
-243.765
-244.123
-244.483
-244.843
-245.206
-245.569
-245.935
-246.301
-246.669
-247.039
-247.41
-247.782
-248.155
-248.531
-248.907
-249.285
-249.664
-250.045
-250.427
-250.811
-251.196
-251.582
-251.97
-252.359
-252.75
-253.142
-253.536
-253.93
-254.327
-254.724
-255.123
-255.524
-255.926
-256.329
-256.734
-257.14
-257.547
-257.956
-258.367
-258.778
-259.191
-259.606
-260.022
-260.439
-260.858
-261.278
-261.699
-262.122
-262.546
-262.972
-263.399
-263.828
-264.257
-264.689
-265.121
-265.555
-265.99
-266.427
-266.865
-267.305
-267.746
-268.188
-268.631
-269.076
-269.523
-269.97
-270.42
-270.87
-271.322
-271.775
-272.23
-272.686
-273.143
-273.602
-274.062
-274.523
-274.986
-275.45
-275.916
-276.382
-276.851
-277.32
-277.791
-278.263
-278.737
-279.212
-279.688
-280.166
-280.645
-281.125
-281.607
-282.09
-282.575
-283.06
-283.547
-284.036
-284.526
-231.356
-231.64
-231.925
-232.212
-232.5
-232.789
-233.08
-233.372
-233.665
-233.96
-234.257
-234.554
-234.854
-235.154
-235.457
-235.76
-236.065
-236.372
-236.68
-236.989
-237.3
-237.612
-237.926
-238.241
-238.557
-238.875
-239.195
-239.516
-239.838
-240.162
-240.487
-240.813
-241.142
-241.471
-241.802
-242.134
-242.468
-242.803
-243.14
-243.478
-243.817
-244.158
-244.501
-244.845
-245.19
-245.536
-245.884
-246.234
-246.585
-246.937
-247.291
-247.646
-248.003
-248.361
-248.72
-249.081
-249.444
-249.807
-250.173
-250.539
-250.907
-251.277
-251.647
-252.02
-252.393
-252.769
-253.145
-253.523
-253.902
-254.283
-254.665
-255.049
-255.434
-255.82
-256.208
-256.597
-256.988
-257.38
-257.773
-258.168
-258.565
-258.962
-259.361
-259.762
-260.164
-260.567
-260.972
-261.378
-261.785
-262.194
-262.605
-263.016
-263.429
-263.844
-264.26
-264.677
-265.096
-265.516
-265.937
-266.36
-266.784
-267.21
-267.637
-268.065
-268.495
-268.926
-269.359
-269.793
-270.228
-270.665
-271.103
-271.543
-271.983
-272.426
-272.869
-273.314
-273.761
-274.208
-274.657
-275.108
-275.56
-276.013
-276.468
-276.924
-277.381
-277.84
-278.3
-278.761
-279.224
-279.688
-280.153
-280.62
-281.088
-281.558
-282.029
-282.501
-282.975
-283.45
-283.926
-284.404
-284.883
-285.363
-285.845
-286.328
-286.812
-287.298
-287.785
-288.274
-288.763
-235.877
-236.162
-236.449
-236.737
-237.026
-237.317
-237.609
-237.902
-238.197
-238.494
-238.791
-239.091
-239.391
-239.694
-239.997
-240.302
-240.609
-240.917
-241.226
-241.537
-241.849
-242.163
-242.478
-242.794
-243.112
-243.432
-243.753
-244.075
-244.399
-244.724
-245.051
-245.379
-245.708
-246.039
-246.371
-246.705
-247.04
-247.377
-247.715
-248.055
-248.395
-248.738
-249.082
-249.427
-249.774
-250.122
-250.471
-250.822
-251.174
-251.528
-251.883
-252.24
-252.598
-252.958
-253.318
-253.681
-254.045
-254.41
-254.776
-255.144
-255.514
-255.885
-256.257
-256.631
-257.006
-257.382
-257.76
-258.139
-258.52
-258.902
-259.286
-259.671
-260.057
-260.445
-260.834
-261.225
-261.617
-262.011
-262.406
-262.802
-263.199
-263.599
-263.999
-264.401
-264.804
-265.209
-265.615
-266.023
-266.431
-266.842
-267.253
-267.667
-268.081
-268.497
-268.914
-269.333
-269.753
-270.174
-270.597
-271.022
-271.447
-271.874
-272.303
-272.732
-273.164
-273.596
-274.03
-274.466
-274.902
-275.34
-275.78
-276.221
-276.663
-277.107
-277.552
-277.998
-278.446
-278.895
-279.345
-279.797
-280.25
-280.705
-281.161
-281.618
-282.077
-282.537
-282.998
-283.461
-283.925
-284.391
-284.858
-285.326
-285.795
-286.266
-286.739
-287.212
-287.687
-288.164
-288.641
-289.12
-289.601
-290.082
-290.565
-291.05
-291.536
-292.023
-292.511
-293.001
)
;

boundaryField
{
    inlet
    {
        type            zeroGradient;
    }
    outlet
    {
        type            fixedValue;
        value           nonuniform List<scalar> 0();
    }
    lowerWall
    {
        type            zeroGradient;
    }
    upperWall
    {
        type            zeroGradient;
    }
    frontAndBack
    {
        type            zeroGradient;
    }
    procBoundary6to0
    {
        type            processor;
        value           nonuniform List<scalar> 
86
(
-18.7482
-23.2166
-23.2166
-27.6848
-27.6848
-32.154
-32.154
-36.3923
-40.8629
-40.8629
-45.3356
-45.3356
-49.5738
-54.0476
-54.0476
-58.5234
-58.5234
-63.0007
-63.0007
-67.2388
-71.7173
-71.7173
-76.1977
-76.1977
-80.4358
-84.9173
-84.9173
-89.4007
-89.4007
-93.8856
-93.8856
-98.1237
-102.61
-102.61
-107.098
-107.098
-111.336
-115.825
-115.825
-120.316
-120.316
-124.808
-124.808
-129.046
-133.54
-133.54
-138.035
-138.035
-142.532
-142.532
-146.77
-151.268
-151.268
-155.768
-155.768
-160.006
-164.507
-164.507
-169.01
-169.01
-173.515
-173.515
-177.753
-182.258
-182.258
-186.766
-186.766
-191.004
-195.513
-195.513
-200.023
-200.023
-204.535
-204.535
-208.773
-213.286
-213.286
-217.802
-217.802
-222.039
-226.556
-226.556
-231.074
-231.074
-235.594
-235.594
)
;
    }
    procBoundary6to1
    {
        type            processor;
        value           nonuniform List<scalar> 
50
(
-86.3279
-90.5687
-94.8071
-99.045
-103.283
-107.521
-111.759
-115.997
-120.235
-124.473
-128.711
-132.948
-137.186
-141.424
-145.662
-149.9
-154.138
-158.376
-162.614
-166.851
-171.089
-175.327
-179.565
-183.803
-188.041
-192.278
-196.516
-200.754
-204.992
-209.23
-213.467
-217.705
-221.943
-225.688
-225.688
-229.926
-234.164
-238.401
-242.639
-246.877
-251.115
-255.353
-259.59
-263.828
-268.066
-272.304
-276.541
-280.779
-285.017
-289.254
)
;
    }
    procBoundary6to4
    {
        type            processor;
        value           uniform -293.492;
    }
    procBoundary6to9
    {
        type            processor;
        value           nonuniform List<scalar> 
148
(
-240.116
-240.401
-240.687
-240.975
-241.264
-241.555
-241.847
-242.141
-242.436
-242.732
-243.03
-243.329
-243.63
-243.932
-244.236
-244.541
-244.847
-245.155
-245.464
-245.775
-246.088
-246.401
-246.716
-247.033
-247.351
-247.67
-247.991
-248.313
-248.637
-248.962
-249.289
-249.617
-249.947
-250.277
-250.61
-250.944
-251.279
-251.615
-251.953
-252.293
-252.634
-252.976
-253.32
-253.665
-254.012
-254.36
-254.71
-255.06
-255.413
-255.767
-256.122
-256.478
-256.836
-257.196
-257.557
-257.919
-258.283
-258.648
-259.015
-259.383
-259.752
-260.123
-260.495
-260.869
-261.244
-261.621
-261.998
-262.378
-262.759
-263.141
-263.524
-263.909
-264.296
-264.684
-265.073
-265.463
-265.856
-266.249
-266.644
-267.04
-267.438
-267.837
-268.237
-268.639
-269.043
-269.447
-269.853
-270.261
-270.67
-271.08
-271.492
-271.905
-272.319
-272.735
-273.153
-273.571
-273.991
-274.413
-274.836
-275.26
-275.685
-276.113
-276.541
-276.971
-277.402
-277.834
-278.268
-278.704
-279.14
-279.579
-280.018
-280.459
-280.901
-281.345
-281.79
-282.236
-282.684
-283.133
-283.583
-284.035
-284.488
-284.943
-285.399
-285.856
-286.315
-286.775
-287.236
-287.699
-288.163
-288.629
-289.096
-289.564
-290.034
-290.504
-290.977
-291.45
-291.925
-292.402
-292.879
-293.358
-293.839
-294.321
-294.804
-295.288
-295.774
-296.261
-296.749
-297.239
)
;
    }
}


// ************************************************************************* //
