/*--------------------------------*- C++ -*----------------------------------*\
| =========                 |                                                 |
| \\      /  F ield         | OpenFOAM: The Open Source CFD Toolbox           |
|  \\    /   O peration     | Version:  2512                                  |
|   \\  /    A nd           | Website:  www.openfoam.com                      |
|    \\/     M anipulation  |                                                 |
\*---------------------------------------------------------------------------*/
FoamFile
{
    version     2.0;
    format      ascii;
    arch        "LSB;label=32;scalar=64";
    class       volScalarField;
    location    "0.1";
    object      Ux;
}
// * * * * * * * * * * * * * * * * * * * * * * * * * * * * * * * * * * * * * //

dimensions      [0 1 -1 0 0 0 0];

internalField   nonuniform List<scalar> 
8333
(
0.021144
0.021167
0.0211893
0.0212151
0.0212401
0.0212644
0.0212881
0.0213115
0.0213346
0.0213575
0.0213804
0.0214032
0.0214259
0.0214486
0.0214711
0.0214937
0.0215161
0.0215385
0.0215609
0.0215832
0.0216055
0.0216277
0.0216499
0.021672
0.0216941
0.0217161
0.0217381
0.02176
0.0217818
0.0218036
0.0218254
0.0218471
0.0218687
0.0218903
0.0219118
0.0219333
0.0219547
0.021976
0.0219973
0.0220186
0.0220398
0.0220609
0.022082
0.022103
0.022124
0.022145
0.0221659
0.0221867
0.0222075
0.0222283
0.0222491
0.0222698
0.0222905
0.0223111
0.0223317
0.0223523
0.0223729
0.0223934
0.0224139
0.0224343
0.0224548
0.0224752
0.0224955
0.0225159
0.0225362
0.0225565
0.0225768
0.022597
0.0226172
0.0226374
0.0226575
0.0226776
0.0226977
0.0227178
0.0227378
0.0227578
0.0227778
0.0227977
0.0228177
0.0228376
0.0228574
0.0228773
0.0228971
0.0229168
0.0229366
0.0229563
0.022976
0.0229957
0.0230153
0.0230349
0.0230545
0.023074
0.0230935
0.023113
0.0231325
0.0231519
0.0231713
0.0231907
0.02321
0.0232293
0.0232486
0.0232679
0.0232871
0.0233063
0.0233254
0.0233445
0.0233636
0.0233827
0.0234017
0.0234207
0.0234397
0.0234587
0.0234776
0.0234964
0.0235153
0.0235341
0.0235529
0.0235716
0.0235904
0.023609
0.0236277
0.0236463
0.0236649
0.0236835
0.023702
0.0237205
0.023739
0.0237574
0.0237758
0.0237942
0.0238125
0.0238308
0.023849
0.0238673
0.0238855
0.0239036
0.0239218
0.0239399
0.0239579
0.0239759
0.0239939
0.0240119
0.0240298
0.0240477
0.0240656
0.0240834
0.0241012
0.0241189
0.0241367
0.0241543
0.024172
0.0241896
0.0242072
0.0242247
0.0242422
0.0242597
0.0242771
0.0242945
0.0243119
0.0243292
0.0243465
0.0243638
0.024381
0.0243982
0.0244154
0.0244325
0.0244496
0.0244666
0.0244836
0.0245006
0.0245175
0.0245344
0.0245513
0.0245681
0.0245849
0.0246017
0.0246184
0.0246351
0.0246517
0.0246683
0.024685
0.0247014
0.0247182
0.0247342
0.0247518
0.0462143
0.0462321
0.04625
0.0462699
0.0462901
0.0463101
0.0463299
0.0463495
0.0463689
0.0463883
0.0464077
0.0464269
0.0464461
0.0464652
0.0464843
0.0465033
0.0465223
0.0465412
0.0465601
0.0465789
0.0465977
0.0466164
0.0466351
0.0466537
0.0466723
0.0466909
0.0467094
0.0467278
0.0467463
0.0467646
0.0467829
0.0468012
0.0468194
0.0468375
0.0468557
0.0468737
0.0468917
0.0469097
0.0469276
0.0469454
0.0469632
0.046981
0.0469987
0.0470164
0.047034
0.0470516
0.0470692
0.0470867
0.0471042
0.0471216
0.047139
0.0471564
0.0471737
0.0471911
0.0472083
0.0472256
0.0472428
0.04726
0.0472772
0.0472943
0.0473114
0.0473285
0.0473455
0.0473625
0.0473795
0.0473965
0.0474134
0.0474303
0.0474472
0.047464
0.0474808
0.0474976
0.0475144
0.0475311
0.0475478
0.0475645
0.0475811
0.0475977
0.0476143
0.0476309
0.0476474
0.0476639
0.0476804
0.0476969
0.0477133
0.0477297
0.047746
0.0477623
0.0477787
0.0477949
0.0478112
0.0478274
0.0478436
0.0478597
0.0478758
0.0478919
0.047908
0.047924
0.04794
0.047956
0.047972
0.0479879
0.0480038
0.0480196
0.0480354
0.0480512
0.048067
0.0480827
0.0480984
0.0481141
0.0481297
0.0481453
0.0481609
0.0481765
0.048192
0.0482075
0.0482229
0.0482383
0.0482537
0.0482691
0.0482844
0.0482997
0.0483149
0.0483301
0.0483453
0.0483605
0.0483756
0.0483907
0.0484058
0.0484208
0.0484358
0.0484507
0.0484657
0.0484806
0.0484954
0.0485103
0.048525
0.0485398
0.0485545
0.0485692
0.0485839
0.0485985
0.0486131
0.0486276
0.0486422
0.0486566
0.0486711
0.0486855
0.0486999
0.0487142
0.0487285
0.0487428
0.0487571
0.0487713
0.0487854
0.0487996
0.0488137
0.0488277
0.0488417
0.0488557
0.0488697
0.0488836
0.0488975
0.0489113
0.0489252
0.0489389
0.0489527
0.0489664
0.04898
0.0489937
0.0490073
0.0490208
0.0490344
0.0490478
0.0490613
0.0490747
0.0490881
0.0491014
0.0491148
0.0491281
0.0491411
0.0491549
0.0491672
0.0491818
0.0577167
0.0577303
0.0577427
0.0577565
0.0577706
0.0577849
0.057799
0.0578129
0.0578268
0.0578407
0.0578545
0.0578682
0.0578819
0.0578956
0.0579092
0.0579228
0.0579363
0.0579498
0.0579633
0.0579767
0.0579901
0.0580034
0.0580167
0.05803
0.0580432
0.0580564
0.0580695
0.0580826
0.0580957
0.0581087
0.0581217
0.0581346
0.0581475
0.0581604
0.0581732
0.0581859
0.0581987
0.0582113
0.058224
0.0582366
0.0582492
0.0582617
0.0582742
0.0582867
0.0582991
0.0583115
0.0583238
0.0583362
0.0583485
0.0583607
0.0583729
0.0583851
0.0583973
0.0584095
0.0584216
0.0584337
0.0584457
0.0584577
0.0584697
0.0584817
0.0584936
0.0585056
0.0585174
0.0585293
0.0585411
0.0585529
0.0585647
0.0585764
0.0585882
0.0585999
0.0586115
0.0586232
0.0586348
0.0586463
0.0586579
0.0586694
0.0586809
0.0586924
0.0587038
0.0587152
0.0587266
0.0587379
0.0587493
0.0587606
0.0587718
0.0587831
0.0587943
0.0588054
0.0588166
0.0588277
0.0588388
0.0588499
0.0588609
0.0588719
0.0588829
0.0588938
0.0589047
0.0589156
0.0589264
0.0589373
0.0589481
0.0589588
0.0589695
0.0589802
0.0589909
0.0590016
0.0590122
0.0590227
0.0590333
0.0590438
0.0590543
0.0590647
0.0590751
0.0590855
0.0590959
0.0591062
0.0591165
0.0591268
0.059137
0.0591472
0.0591574
0.0591675
0.0591776
0.0591877
0.0591977
0.0592077
0.0592177
0.0592276
0.0592375
0.0592474
0.0592572
0.059267
0.0592768
0.0592865
0.0592962
0.0593059
0.0593155
0.0593251
0.0593347
0.0593442
0.0593537
0.0593632
0.0593726
0.059382
0.0593913
0.0594007
0.05941
0.0594192
0.0594284
0.0594376
0.0594468
0.0594559
0.059465
0.059474
0.059483
0.059492
0.0595009
0.0595098
0.0595187
0.0595275
0.0595363
0.0595451
0.0595538
0.0595625
0.0595712
0.0595798
0.0595884
0.0595969
0.0596054
0.0596139
0.0596223
0.0596307
0.0596391
0.0596474
0.0596557
0.059664
0.0596722
0.0596804
0.0596886
0.0596965
0.059705
0.0597124
0.0597214
0.0616654
0.0616767
0.061688
0.0616991
0.0617104
0.0617218
0.061733
0.0617443
0.0617555
0.0617666
0.0617778
0.0617888
0.0617998
0.0618108
0.0618218
0.0618327
0.0618436
0.0618545
0.0618653
0.0618761
0.0618868
0.0618975
0.0619082
0.0619188
0.0619294
0.06194
0.0619505
0.061961
0.0619715
0.0619819
0.0619922
0.0620026
0.0620129
0.0620231
0.0620333
0.0620435
0.0620537
0.0620638
0.0620739
0.0620839
0.0620939
0.0621039
0.0621139
0.0621238
0.0621337
0.0621435
0.0621533
0.0621631
0.0621729
0.0621826
0.0621923
0.062202
0.0622117
0.0622213
0.0622309
0.0622405
0.06225
0.0622595
0.062269
0.0622784
0.0622879
0.0622973
0.0623066
0.062316
0.0623253
0.0623346
0.0623438
0.0623531
0.0623623
0.0623715
0.0623806
0.0623897
0.0623988
0.0624079
0.0624169
0.0624259
0.0624349
0.0624439
0.0624528
0.0624617
0.0624706
0.0624794
0.0624882
0.062497
0.0625058
0.0625145
0.0625232
0.0625318
0.0625405
0.0625491
0.0625577
0.0625662
0.0625747
0.0625832
0.0625917
0.0626001
0.0626085
0.0626169
0.0626252
0.0626335
0.0626418
0.06265
0.0626583
0.0626664
0.0626746
0.0626827
0.0626908
0.0626989
0.0627069
0.0627149
0.0627229
0.0627308
0.0627387
0.0627466
0.0627544
0.0627622
0.06277
0.0627778
0.0627855
0.0627932
0.0628008
0.0628084
0.062816
0.0628236
0.0628311
0.0628386
0.062846
0.0628534
0.0628608
0.0628682
0.0628755
0.0628828
0.06289
0.0628973
0.0629044
0.0629116
0.0629187
0.0629258
0.0629329
0.0629399
0.0629468
0.0629538
0.0629607
0.0629676
0.0629744
0.0629812
0.062988
0.0629947
0.0630014
0.0630081
0.0630147
0.0630213
0.0630279
0.0630344
0.0630409
0.0630474
0.0630538
0.0630602
0.0630665
0.0630728
0.0630791
0.0630854
0.0630916
0.0630977
0.0631039
0.06311
0.063116
0.0631221
0.063128
0.063134
0.0631399
0.0631458
0.0631516
0.0631574
0.0631632
0.0631689
0.0631747
0.0631804
0.0631859
0.0631918
0.0631968
0.0632032
0.0627298
0.0627422
0.0627521
0.0627628
0.0627738
0.0627843
0.0627945
0.0628049
0.0628153
0.0628256
0.0628358
0.062846
0.0628562
0.0628663
0.0628764
0.0628865
0.0628966
0.0629066
0.0629165
0.0629265
0.0629364
0.0629463
0.0629561
0.0629659
0.0629757
0.0629854
0.0629951
0.0630047
0.0630144
0.0630239
0.0630335
0.063043
0.0630524
0.0630619
0.0630713
0.0630806
0.06309
0.0630992
0.0631085
0.0631177
0.0631269
0.0631361
0.0631452
0.0631543
0.0631634
0.0631725
0.0631815
0.0631905
0.0631994
0.0632083
0.0632172
0.0632261
0.063235
0.0632438
0.0632526
0.0632613
0.0632701
0.0632788
0.0632875
0.0632961
0.0633047
0.0633133
0.0633219
0.0633304
0.063339
0.0633474
0.0633559
0.0633643
0.0633727
0.0633811
0.0633895
0.0633978
0.0634061
0.0634143
0.0634226
0.0634308
0.063439
0.0634471
0.0634553
0.0634633
0.0634714
0.0634795
0.0634875
0.0634954
0.0635034
0.0635113
0.0635192
0.0635271
0.0635349
0.0635427
0.0635505
0.0635582
0.063566
0.0635737
0.0635813
0.0635889
0.0635965
0.0636041
0.0636116
0.0636192
0.0636266
0.0636341
0.0636415
0.0636489
0.0636562
0.0636636
0.0636709
0.0636781
0.0636853
0.0636925
0.0636997
0.0637069
0.063714
0.063721
0.0637281
0.0637351
0.0637421
0.063749
0.0637559
0.0637628
0.0637696
0.0637765
0.0637832
0.06379
0.0637967
0.0638034
0.0638101
0.0638167
0.0638233
0.0638298
0.0638363
0.0638428
0.0638493
0.0638557
0.0638621
0.0638684
0.0638747
0.063881
0.0638873
0.0638935
0.0638997
0.0639058
0.0639119
0.063918
0.0639241
0.0639301
0.063936
0.063942
0.0639479
0.0639537
0.0639596
0.0639654
0.0639711
0.0639769
0.0639826
0.0639882
0.0639938
0.0639994
0.064005
0.0640105
0.064016
0.0640214
0.0640268
0.0640322
0.0640375
0.0640428
0.0640481
0.0640533
0.0640585
0.0640636
0.0640687
0.0640738
0.0640789
0.0640839
0.0640889
0.0640938
0.0640987
0.0641036
0.0641083
0.0641134
0.0641177
0.0641231
0.0629791
0.0629901
0.0629997
0.0630105
0.0630208
0.063031
0.0630412
0.0630513
0.0630614
0.0630715
0.0630815
0.0630914
0.0631014
0.0631113
0.0631211
0.063131
0.0631408
0.0631505
0.0631603
0.06317
0.0631796
0.0631893
0.0631989
0.0632084
0.0632179
0.0632274
0.0632369
0.0632463
0.0632556
0.063265
0.0632743
0.0632835
0.0632928
0.0633019
0.0633111
0.0633202
0.0633293
0.0633384
0.0633474
0.0633564
0.0633653
0.0633743
0.0633832
0.063392
0.0634009
0.0634097
0.0634185
0.0634272
0.063436
0.0634447
0.0634534
0.063462
0.0634706
0.0634792
0.0634878
0.0634963
0.0635048
0.0635133
0.0635217
0.0635302
0.0635386
0.0635469
0.0635553
0.0635636
0.0635719
0.0635801
0.0635884
0.0635966
0.0636048
0.0636129
0.063621
0.0636291
0.0636372
0.0636452
0.0636532
0.0636612
0.0636692
0.0636771
0.063685
0.0636929
0.0637007
0.0637085
0.0637163
0.0637241
0.0637318
0.0637395
0.0637471
0.0637548
0.0637624
0.06377
0.0637775
0.063785
0.0637925
0.0638
0.0638074
0.0638148
0.0638222
0.0638295
0.0638368
0.0638441
0.0638514
0.0638586
0.0638658
0.0638729
0.0638801
0.0638872
0.0638942
0.0639012
0.0639083
0.0639152
0.0639222
0.0639291
0.0639359
0.0639428
0.0639496
0.0639564
0.0639631
0.0639698
0.0639765
0.0639832
0.0639898
0.0639964
0.0640029
0.0640094
0.0640159
0.0640224
0.0640288
0.0640352
0.0640416
0.0640479
0.0640542
0.0640604
0.0640666
0.0640728
0.064079
0.0640851
0.0640912
0.0640972
0.0641033
0.0641092
0.0641152
0.0641211
0.064127
0.0641328
0.0641386
0.0641444
0.0641502
0.0641559
0.0641615
0.0641672
0.0641728
0.0641783
0.0641839
0.0641893
0.0641948
0.0642002
0.0642056
0.064211
0.0642163
0.0642216
0.0642268
0.064232
0.0642372
0.0642423
0.0642474
0.0642525
0.0642575
0.0642625
0.0642674
0.0642724
0.0642772
0.0642821
0.0642869
0.0642917
0.0642964
0.0643012
0.0643058
0.0643103
0.0643152
0.0643193
0.0643245
0.0630338
0.0630444
0.0630553
0.0630656
0.0630757
0.0630859
0.063096
0.063106
0.0631161
0.063126
0.0631359
0.0631458
0.0631556
0.0631655
0.0631752
0.063185
0.0631947
0.0632044
0.0632141
0.0632237
0.0632333
0.0632428
0.0632523
0.0632618
0.0632713
0.0632807
0.06329
0.0632994
0.0633087
0.0633179
0.0633271
0.0633363
0.0633455
0.0633546
0.0633636
0.0633727
0.0633817
0.0633907
0.0633996
0.0634085
0.0634174
0.0634263
0.0634351
0.0634439
0.0634527
0.0634614
0.0634702
0.0634788
0.0634875
0.0634961
0.0635047
0.0635133
0.0635219
0.0635304
0.0635389
0.0635473
0.0635558
0.0635642
0.0635726
0.0635809
0.0635893
0.0635976
0.0636058
0.0636141
0.0636223
0.0636305
0.0636387
0.0636468
0.0636549
0.063663
0.0636711
0.0636791
0.0636871
0.063695
0.063703
0.0637109
0.0637188
0.0637266
0.0637345
0.0637423
0.06375
0.0637578
0.0637655
0.0637732
0.0637808
0.0637885
0.0637961
0.0638036
0.0638112
0.0638187
0.0638262
0.0638336
0.063841
0.0638484
0.0638558
0.0638631
0.0638704
0.0638777
0.0638849
0.0638921
0.0638993
0.0639064
0.0639136
0.0639207
0.0639277
0.0639347
0.0639417
0.0639487
0.0639556
0.0639625
0.0639694
0.0639762
0.063983
0.0639898
0.0639965
0.0640032
0.0640099
0.0640166
0.0640232
0.0640297
0.0640363
0.0640428
0.0640493
0.0640557
0.0640621
0.0640685
0.0640749
0.0640812
0.0640875
0.0640937
0.0640999
0.0641061
0.0641123
0.0641184
0.0641244
0.0641305
0.0641365
0.0641425
0.0641484
0.0641543
0.0641602
0.064166
0.0641719
0.0641776
0.0641834
0.0641891
0.0641947
0.0642003
0.0642059
0.0642115
0.064217
0.0642225
0.064228
0.0642334
0.0642388
0.0642441
0.0642494
0.0642547
0.0642599
0.0642651
0.0642703
0.0642754
0.0642805
0.0642856
0.0642906
0.0642956
0.0643005
0.0643055
0.0643103
0.0643152
0.06432
0.0643247
0.0643295
0.0643342
0.0643389
0.0643435
0.064348
0.0643528
0.0643569
0.064362
0.0630404
0.063052
0.0630622
0.0630729
0.063083
0.0630931
0.0631031
0.0631133
0.0631233
0.0631332
0.0631432
0.0631531
0.0631629
0.0631727
0.0631825
0.0631923
0.063202
0.0632117
0.0632213
0.0632309
0.0632405
0.06325
0.0632596
0.063269
0.0632785
0.0632879
0.0632972
0.0633065
0.0633158
0.0633251
0.0633343
0.0633435
0.0633526
0.0633617
0.0633708
0.0633798
0.0633888
0.0633978
0.0634067
0.0634156
0.0634245
0.0634334
0.0634422
0.063451
0.0634597
0.0634685
0.0634772
0.0634859
0.0634945
0.0635031
0.0635117
0.0635203
0.0635288
0.0635374
0.0635458
0.0635543
0.0635627
0.0635711
0.0635795
0.0635879
0.0635962
0.0636045
0.0636127
0.063621
0.0636292
0.0636374
0.0636455
0.0636537
0.0636618
0.0636698
0.0636779
0.0636859
0.0636939
0.0637019
0.0637098
0.0637177
0.0637256
0.0637334
0.0637413
0.063749
0.0637568
0.0637645
0.0637723
0.0637799
0.0637876
0.0637952
0.0638028
0.0638104
0.0638179
0.0638254
0.0638329
0.0638403
0.0638477
0.0638551
0.0638624
0.0638698
0.0638771
0.0638843
0.0638916
0.0638988
0.0639059
0.0639131
0.0639202
0.0639273
0.0639343
0.0639413
0.0639483
0.0639553
0.0639622
0.0639691
0.0639759
0.0639828
0.0639896
0.0639963
0.0640031
0.0640098
0.0640164
0.0640231
0.0640297
0.0640362
0.0640428
0.0640493
0.0640558
0.0640622
0.0640686
0.064075
0.0640813
0.0640876
0.0640939
0.0641001
0.0641063
0.0641125
0.0641187
0.0641248
0.0641308
0.0641369
0.0641429
0.0641489
0.0641548
0.0641607
0.0641666
0.0641724
0.0641782
0.0641839
0.0641897
0.0641954
0.064201
0.0642067
0.0642122
0.0642178
0.0642233
0.0642288
0.0642342
0.0642396
0.064245
0.0642504
0.0642557
0.0642609
0.0642662
0.0642714
0.0642765
0.0642816
0.0642867
0.0642918
0.0642968
0.0643018
0.0643067
0.0643116
0.0643165
0.0643213
0.0643261
0.0643309
0.0643356
0.0643403
0.064345
0.0643496
0.0643541
0.0643588
0.064363
0.0643681
0.0630522
0.0630636
0.0630735
0.0630841
0.0630944
0.0631043
0.0631144
0.0631245
0.0631343
0.0631442
0.0631541
0.063164
0.0631738
0.0631836
0.0631933
0.063203
0.0632127
0.0632224
0.063232
0.0632416
0.0632511
0.0632606
0.0632701
0.0632795
0.0632889
0.0632983
0.0633076
0.0633169
0.0633261
0.0633353
0.0633445
0.0633537
0.0633628
0.0633718
0.0633809
0.0633899
0.0633988
0.0634078
0.0634167
0.0634255
0.0634344
0.0634432
0.063452
0.0634608
0.0634695
0.0634782
0.0634869
0.0634955
0.0635042
0.0635127
0.0635213
0.0635299
0.0635384
0.0635468
0.0635553
0.0635637
0.0635721
0.0635805
0.0635889
0.0635972
0.0636055
0.0636137
0.063622
0.0636302
0.0636384
0.0636465
0.0636547
0.0636628
0.0636708
0.0636789
0.0636869
0.0636949
0.0637028
0.0637108
0.0637187
0.0637266
0.0637344
0.0637422
0.06375
0.0637578
0.0637655
0.0637732
0.0637809
0.0637886
0.0637962
0.0638038
0.0638113
0.0638188
0.0638264
0.0638338
0.0638413
0.0638487
0.0638561
0.0638634
0.0638707
0.063878
0.0638853
0.0638925
0.0638997
0.0639069
0.063914
0.0639211
0.0639282
0.0639353
0.0639423
0.0639493
0.0639562
0.0639631
0.06397
0.0639769
0.0639837
0.0639905
0.0639973
0.064004
0.0640107
0.0640174
0.064024
0.0640306
0.0640372
0.0640437
0.0640502
0.0640567
0.0640631
0.0640695
0.0640759
0.0640822
0.0640886
0.0640948
0.0641011
0.0641073
0.0641134
0.0641196
0.0641257
0.0641318
0.0641378
0.0641438
0.0641498
0.0641557
0.0641616
0.0641675
0.0641733
0.0641791
0.0641849
0.0641906
0.0641963
0.0642019
0.0642076
0.0642131
0.0642187
0.0642242
0.0642297
0.0642351
0.0642405
0.0642459
0.0642513
0.0642566
0.0642618
0.0642671
0.0642723
0.0642774
0.0642825
0.0642876
0.0642927
0.0642977
0.0643027
0.0643076
0.0643125
0.0643174
0.0643222
0.064327
0.0643317
0.0643365
0.0643411
0.0643459
0.0643505
0.0643549
0.0643597
0.0643638
0.064369
0.0630633
0.0630743
0.0630838
0.0630942
0.0631042
0.0631145
0.0631246
0.0631345
0.0631444
0.0631543
0.0631641
0.063174
0.0631838
0.0631935
0.0632032
0.0632129
0.0632226
0.0632322
0.0632417
0.0632513
0.0632608
0.0632703
0.0632797
0.0632891
0.0632985
0.0633078
0.0633171
0.0633263
0.0633355
0.0633447
0.0633538
0.0633629
0.063372
0.063381
0.06339
0.063399
0.0634079
0.0634168
0.0634257
0.0634345
0.0634434
0.0634522
0.0634609
0.0634696
0.0634783
0.063487
0.0634957
0.0635043
0.0635129
0.0635215
0.06353
0.0635385
0.063547
0.0635554
0.0635639
0.0635723
0.0635806
0.063589
0.0635973
0.0636056
0.0636139
0.0636221
0.0636303
0.0636385
0.0636467
0.0636548
0.0636629
0.063671
0.063679
0.063687
0.063695
0.063703
0.0637109
0.0637188
0.0637267
0.0637345
0.0637424
0.0637502
0.0637579
0.0637657
0.0637734
0.063781
0.0637887
0.0637963
0.0638039
0.0638114
0.063819
0.0638265
0.063834
0.0638414
0.0638488
0.0638562
0.0638635
0.0638709
0.0638782
0.0638854
0.0638926
0.0638998
0.063907
0.0639142
0.0639213
0.0639283
0.0639354
0.0639424
0.0639494
0.0639563
0.0639633
0.0639701
0.063977
0.0639838
0.0639906
0.0639974
0.0640041
0.0640108
0.0640175
0.0640241
0.0640307
0.0640373
0.0640438
0.0640503
0.0640568
0.0640632
0.0640697
0.064076
0.0640824
0.0640887
0.0640949
0.0641012
0.0641074
0.0641136
0.0641197
0.0641258
0.0641319
0.0641379
0.0641439
0.0641499
0.0641558
0.0641617
0.0641676
0.0641734
0.0641792
0.064185
0.0641907
0.0641964
0.0642021
0.0642077
0.0642133
0.0642188
0.0642243
0.0642298
0.0642353
0.0642407
0.064246
0.0642514
0.0642567
0.0642619
0.0642672
0.0642724
0.0642775
0.0642826
0.0642877
0.0642928
0.0642978
0.0643028
0.0643077
0.0643126
0.0643175
0.0643223
0.0643271
0.0643319
0.0643366
0.0643412
0.064346
0.0643506
0.064355
0.0643598
0.0643639
0.0643691
0.0630733
0.0630841
0.0630944
0.0631043
0.0631145
0.0631246
0.0631345
0.0631444
0.0631543
0.0631642
0.063174
0.0631838
0.0631935
0.0632033
0.063213
0.0632226
0.0632322
0.0632418
0.0632513
0.0632609
0.0632703
0.0632798
0.0632892
0.0632985
0.0633078
0.0633171
0.0633264
0.0633356
0.0633447
0.0633539
0.063363
0.063372
0.0633811
0.0633901
0.063399
0.063408
0.0634169
0.0634257
0.0634346
0.0634434
0.0634522
0.0634609
0.0634697
0.0634784
0.0634871
0.0634957
0.0635043
0.0635129
0.0635215
0.06353
0.0635385
0.063547
0.0635555
0.0635639
0.0635723
0.0635807
0.063589
0.0635973
0.0636056
0.0636139
0.0636221
0.0636303
0.0636385
0.0636467
0.0636548
0.0636629
0.063671
0.063679
0.0636871
0.063695
0.063703
0.0637109
0.0637188
0.0637267
0.0637346
0.0637424
0.0637502
0.0637579
0.0637657
0.0637734
0.0637811
0.0637887
0.0637963
0.0638039
0.0638115
0.063819
0.0638265
0.063834
0.0638414
0.0638488
0.0638562
0.0638636
0.0638709
0.0638782
0.0638854
0.0638927
0.0638999
0.063907
0.0639142
0.0639213
0.0639284
0.0639354
0.0639424
0.0639494
0.0639564
0.0639633
0.0639702
0.063977
0.0639839
0.0639906
0.0639974
0.0640041
0.0640108
0.0640175
0.0640241
0.0640307
0.0640373
0.0640439
0.0640504
0.0640568
0.0640633
0.0640697
0.064076
0.0640824
0.0640887
0.064095
0.0641012
0.0641074
0.0641136
0.0641197
0.0641258
0.0641319
0.0641379
0.0641439
0.0641499
0.0641558
0.0641617
0.0641676
0.0641734
0.0641792
0.064185
0.0641907
0.0641964
0.0642021
0.0642077
0.0642133
0.0642188
0.0642243
0.0642298
0.0642353
0.0642407
0.0642461
0.0642514
0.0642567
0.064262
0.0642672
0.0642724
0.0642775
0.0642827
0.0642877
0.0642928
0.0642978
0.0643028
0.0643077
0.0643126
0.0643175
0.0643223
0.0643271
0.0643319
0.0643366
0.0643413
0.064346
0.0643506
0.0643551
0.0643598
0.0643639
0.0643691
0.0630724
0.0630843
0.0630937
0.0631041
0.0631147
0.0631247
0.0631345
0.0631445
0.0631544
0.0631642
0.0631741
0.0631838
0.0631936
0.0632033
0.063213
0.0632226
0.0632323
0.0632418
0.0632514
0.0632609
0.0632704
0.0632798
0.0632892
0.0632986
0.0633079
0.0633172
0.0633264
0.0633356
0.0633448
0.0633539
0.063363
0.0633721
0.0633811
0.0633901
0.0633991
0.063408
0.0634169
0.0634258
0.0634346
0.0634434
0.0634522
0.063461
0.0634697
0.0634784
0.0634871
0.0634957
0.0635043
0.0635129
0.0635215
0.06353
0.0635385
0.063547
0.0635555
0.0635639
0.0635723
0.0635807
0.063589
0.0635974
0.0636056
0.0636139
0.0636221
0.0636304
0.0636385
0.0636467
0.0636548
0.0636629
0.063671
0.063679
0.0636871
0.063695
0.063703
0.0637109
0.0637188
0.0637267
0.0637346
0.0637424
0.0637502
0.0637579
0.0637657
0.0637734
0.0637811
0.0637887
0.0637963
0.0638039
0.0638115
0.063819
0.0638265
0.063834
0.0638414
0.0638488
0.0638562
0.0638636
0.0638709
0.0638782
0.0638854
0.0638927
0.0638999
0.063907
0.0639142
0.0639213
0.0639284
0.0639354
0.0639424
0.0639494
0.0639564
0.0639633
0.0639702
0.063977
0.0639839
0.0639907
0.0639974
0.0640041
0.0640108
0.0640175
0.0640241
0.0640308
0.0640373
0.0640439
0.0640504
0.0640568
0.0640633
0.0640697
0.0640761
0.0640824
0.0640887
0.064095
0.0641012
0.0641074
0.0641136
0.0641197
0.0641258
0.0641319
0.0641379
0.0641439
0.0641499
0.0641558
0.0641617
0.0641676
0.0641734
0.0641792
0.064185
0.0641907
0.0641964
0.0642021
0.0642077
0.0642133
0.0642188
0.0642244
0.0642298
0.0642353
0.0642407
0.0642461
0.0642514
0.0642567
0.064262
0.0642672
0.0642724
0.0642775
0.0642827
0.0642878
0.0642928
0.0642978
0.0643028
0.0643077
0.0643126
0.0643175
0.0643223
0.0643271
0.0643319
0.0643366
0.0643413
0.064346
0.0643506
0.064355
0.0643598
0.0643639
0.064369
0.0630838
0.0630945
0.0631037
0.0631144
0.0631246
0.0631345
0.0631445
0.0631544
0.0631642
0.0631741
0.0631839
0.0631936
0.0632033
0.063213
0.0632227
0.0632323
0.0632419
0.0632514
0.0632609
0.0632704
0.0632799
0.0632893
0.0632986
0.0633079
0.0633172
0.0633265
0.0633357
0.0633448
0.063354
0.0633631
0.0633721
0.0633811
0.0633901
0.0633991
0.063408
0.0634169
0.0634258
0.0634346
0.0634435
0.0634522
0.063461
0.0634697
0.0634784
0.0634871
0.0634957
0.0635044
0.0635129
0.0635215
0.06353
0.0635386
0.063547
0.0635555
0.0635639
0.0635723
0.0635807
0.063589
0.0635974
0.0636057
0.0636139
0.0636222
0.0636304
0.0636385
0.0636467
0.0636548
0.0636629
0.063671
0.063679
0.0636871
0.0636951
0.063703
0.0637109
0.0637189
0.0637267
0.0637346
0.0637424
0.0637502
0.0637579
0.0637657
0.0637734
0.0637811
0.0637887
0.0637963
0.0638039
0.0638115
0.063819
0.0638265
0.063834
0.0638414
0.0638488
0.0638562
0.0638636
0.0638709
0.0638782
0.0638854
0.0638927
0.0638999
0.063907
0.0639142
0.0639213
0.0639284
0.0639354
0.0639424
0.0639494
0.0639564
0.0639633
0.0639702
0.063977
0.0639839
0.0639907
0.0639974
0.0640042
0.0640109
0.0640175
0.0640242
0.0640308
0.0640373
0.0640439
0.0640504
0.0640568
0.0640633
0.0640697
0.0640761
0.0640824
0.0640887
0.064095
0.0641012
0.0641074
0.0641136
0.0641197
0.0641258
0.0641319
0.0641379
0.0641439
0.0641499
0.0641559
0.0641618
0.0641676
0.0641734
0.0641792
0.064185
0.0641907
0.0641964
0.0642021
0.0642077
0.0642133
0.0642188
0.0642244
0.0642298
0.0642353
0.0642407
0.0642461
0.0642514
0.0642567
0.064262
0.0642672
0.0642724
0.0642775
0.0642827
0.0642878
0.0642928
0.0642978
0.0643028
0.0643077
0.0643126
0.0643175
0.0643223
0.0643271
0.0643319
0.0643366
0.0643412
0.064346
0.0643506
0.064355
0.0643598
0.0643639
0.064369
0.0630935
0.0631038
0.0631145
0.0631245
0.0631345
0.0631445
0.0631544
0.0631643
0.0631742
0.0631839
0.0631936
0.0632034
0.0632131
0.0632227
0.0632323
0.0632419
0.0632515
0.063261
0.0632705
0.0632799
0.0632893
0.0632987
0.063308
0.0633173
0.0633265
0.0633357
0.0633449
0.063354
0.0633631
0.0633722
0.0633812
0.0633902
0.0633991
0.0634081
0.063417
0.0634258
0.0634347
0.0634435
0.0634523
0.063461
0.0634697
0.0634784
0.0634871
0.0634958
0.0635044
0.063513
0.0635215
0.0635301
0.0635386
0.063547
0.0635555
0.0635639
0.0635723
0.0635807
0.063589
0.0635974
0.0636057
0.0636139
0.0636222
0.0636304
0.0636386
0.0636467
0.0636548
0.0636629
0.063671
0.0636791
0.0636871
0.0636951
0.063703
0.063711
0.0637189
0.0637267
0.0637346
0.0637424
0.0637502
0.063758
0.0637657
0.0637734
0.0637811
0.0637887
0.0637963
0.0638039
0.0638115
0.063819
0.0638265
0.063834
0.0638414
0.0638488
0.0638562
0.0638636
0.0638709
0.0638782
0.0638854
0.0638927
0.0638999
0.063907
0.0639142
0.0639213
0.0639284
0.0639354
0.0639424
0.0639494
0.0639564
0.0639633
0.0639702
0.063977
0.0639839
0.0639907
0.0639974
0.0640042
0.0640109
0.0640175
0.0640242
0.0640308
0.0640373
0.0640439
0.0640504
0.0640568
0.0640633
0.0640697
0.0640761
0.0640824
0.0640887
0.064095
0.0641012
0.0641074
0.0641136
0.0641197
0.0641258
0.0641319
0.0641379
0.064144
0.0641499
0.0641559
0.0641618
0.0641676
0.0641735
0.0641792
0.064185
0.0641907
0.0641964
0.0642021
0.0642077
0.0642133
0.0642188
0.0642244
0.0642298
0.0642353
0.0642407
0.0642461
0.0642514
0.0642567
0.064262
0.0642672
0.0642724
0.0642776
0.0642827
0.0642878
0.0642928
0.0642978
0.0643028
0.0643077
0.0643126
0.0643175
0.0643223
0.0643271
0.0643319
0.0643366
0.0643412
0.064346
0.0643505
0.064355
0.0643598
0.0643639
0.064369
0.0630926
0.063104
0.0631141
0.0631246
0.0631345
0.0631444
0.0631543
0.0631643
0.0631742
0.0631839
0.0631937
0.0632034
0.0632131
0.0632228
0.0632324
0.063242
0.0632515
0.063261
0.0632705
0.06328
0.0632894
0.0632987
0.063308
0.0633173
0.0633266
0.0633358
0.0633449
0.0633541
0.0633632
0.0633722
0.0633812
0.0633902
0.0633992
0.0634081
0.063417
0.0634259
0.0634347
0.0634435
0.0634523
0.063461
0.0634698
0.0634785
0.0634871
0.0634958
0.0635044
0.063513
0.0635215
0.0635301
0.0635386
0.0635471
0.0635555
0.0635639
0.0635723
0.0635807
0.0635891
0.0635974
0.0636057
0.0636139
0.0636222
0.0636304
0.0636386
0.0636467
0.0636548
0.0636629
0.063671
0.0636791
0.0636871
0.0636951
0.063703
0.063711
0.0637189
0.0637267
0.0637346
0.0637424
0.0637502
0.063758
0.0637657
0.0637734
0.0637811
0.0637887
0.0637963
0.0638039
0.0638115
0.063819
0.0638265
0.063834
0.0638414
0.0638488
0.0638562
0.0638636
0.0638709
0.0638782
0.0638854
0.0638927
0.0638999
0.063907
0.0639142
0.0639213
0.0639284
0.0639354
0.0639424
0.0639494
0.0639564
0.0639633
0.0639702
0.063977
0.0639839
0.0639907
0.0639974
0.0640042
0.0640109
0.0640175
0.0640242
0.0640308
0.0640373
0.0640439
0.0640504
0.0640568
0.0640633
0.0640697
0.0640761
0.0640824
0.0640887
0.064095
0.0641012
0.0641074
0.0641136
0.0641197
0.0641258
0.0641319
0.064138
0.064144
0.0641499
0.0641559
0.0641618
0.0641676
0.0641735
0.0641793
0.064185
0.0641907
0.0641964
0.0642021
0.0642077
0.0642133
0.0642188
0.0642244
0.0642298
0.0642353
0.0642407
0.0642461
0.0642514
0.0642567
0.064262
0.0642672
0.0642724
0.0642776
0.0642827
0.0642878
0.0642928
0.0642978
0.0643028
0.0643077
0.0643126
0.0643175
0.0643223
0.0643271
0.0643319
0.0643366
0.0643412
0.0643459
0.0643505
0.064355
0.0643598
0.0643639
0.064369
0.0631032
0.0631144
0.0631241
0.0631346
0.0631447
0.0631544
0.0631643
0.0631742
0.063184
0.0631937
0.0632035
0.0632132
0.0632228
0.0632324
0.063242
0.0632516
0.0632611
0.0632706
0.06328
0.0632894
0.0632988
0.0633081
0.0633174
0.0633266
0.0633358
0.063345
0.0633541
0.0633632
0.0633723
0.0633813
0.0633903
0.0633992
0.0634081
0.063417
0.0634259
0.0634347
0.0634435
0.0634523
0.0634611
0.0634698
0.0634785
0.0634871
0.0634958
0.0635044
0.063513
0.0635216
0.0635301
0.0635386
0.0635471
0.0635555
0.0635639
0.0635723
0.0635807
0.0635891
0.0635974
0.0636057
0.0636139
0.0636222
0.0636304
0.0636386
0.0636467
0.0636548
0.0636629
0.063671
0.0636791
0.0636871
0.0636951
0.063703
0.063711
0.0637189
0.0637267
0.0637346
0.0637424
0.0637502
0.063758
0.0637657
0.0637734
0.0637811
0.0637887
0.0637963
0.0638039
0.0638115
0.063819
0.0638265
0.063834
0.0638414
0.0638488
0.0638562
0.0638636
0.0638709
0.0638782
0.0638855
0.0638927
0.0638999
0.0639071
0.0639142
0.0639213
0.0639284
0.0639354
0.0639424
0.0639494
0.0639564
0.0639633
0.0639702
0.063977
0.0639839
0.0639907
0.0639974
0.0640042
0.0640109
0.0640175
0.0640242
0.0640308
0.0640373
0.0640439
0.0640504
0.0640569
0.0640633
0.0640697
0.0640761
0.0640824
0.0640887
0.064095
0.0641012
0.0641074
0.0641136
0.0641197
0.0641259
0.0641319
0.064138
0.064144
0.0641499
0.0641559
0.0641618
0.0641676
0.0641735
0.0641793
0.064185
0.0641907
0.0641964
0.0642021
0.0642077
0.0642133
0.0642189
0.0642244
0.0642298
0.0642353
0.0642407
0.0642461
0.0642514
0.0642567
0.064262
0.0642672
0.0642724
0.0642776
0.0642827
0.0642878
0.0642928
0.0642978
0.0643028
0.0643077
0.0643126
0.0643175
0.0643223
0.0643271
0.0643319
0.0643366
0.0643412
0.0643459
0.0643505
0.064355
0.0643598
0.0643639
0.064369
0.0631141
0.0631247
0.063134
0.0631443
0.0631542
0.0631643
0.0631743
0.063184
0.0631938
0.0632035
0.0632132
0.0632229
0.0632325
0.0632421
0.0632516
0.0632612
0.0632706
0.0632801
0.0632895
0.0632988
0.0633082
0.0633174
0.0633267
0.0633359
0.063345
0.0633542
0.0633632
0.0633723
0.0633813
0.0633903
0.0633992
0.0634082
0.0634171
0.0634259
0.0634348
0.0634436
0.0634523
0.0634611
0.0634698
0.0634785
0.0634872
0.0634958
0.0635044
0.063513
0.0635216
0.0635301
0.0635386
0.0635471
0.0635555
0.063564
0.0635724
0.0635807
0.0635891
0.0635974
0.0636057
0.0636139
0.0636222
0.0636304
0.0636386
0.0636467
0.0636549
0.063663
0.063671
0.0636791
0.0636871
0.0636951
0.063703
0.063711
0.0637189
0.0637267
0.0637346
0.0637424
0.0637502
0.063758
0.0637657
0.0637734
0.0637811
0.0637887
0.0637963
0.0638039
0.0638115
0.063819
0.0638265
0.063834
0.0638414
0.0638488
0.0638562
0.0638636
0.0638709
0.0638782
0.0638855
0.0638927
0.0638999
0.0639071
0.0639142
0.0639213
0.0639284
0.0639354
0.0639424
0.0639494
0.0639564
0.0639633
0.0639702
0.0639771
0.0639839
0.0639907
0.0639974
0.0640042
0.0640109
0.0640175
0.0640242
0.0640308
0.0640373
0.0640439
0.0640504
0.0640569
0.0640633
0.0640697
0.0640761
0.0640824
0.0640887
0.064095
0.0641012
0.0641074
0.0641136
0.0641197
0.0641259
0.0641319
0.064138
0.064144
0.0641499
0.0641559
0.0641618
0.0641676
0.0641735
0.0641793
0.064185
0.0641907
0.0641964
0.0642021
0.0642077
0.0642133
0.0642189
0.0642244
0.0642299
0.0642353
0.0642407
0.0642461
0.0642514
0.0642567
0.064262
0.0642672
0.0642724
0.0642776
0.0642827
0.0642878
0.0642928
0.0642978
0.0643028
0.0643077
0.0643126
0.0643175
0.0643223
0.0643271
0.0643318
0.0643366
0.0643412
0.0643459
0.0643505
0.064355
0.0643598
0.0643639
0.064369
0.0631239
0.0631345
0.0631445
0.0631542
0.0631643
0.0631742
0.063184
0.0631938
0.0632036
0.0632133
0.0632229
0.0632325
0.0632421
0.0632517
0.0632612
0.0632707
0.0632801
0.0632895
0.0632989
0.0633082
0.0633175
0.0633267
0.0633359
0.0633451
0.0633542
0.0633633
0.0633723
0.0633814
0.0633903
0.0633993
0.0634082
0.0634171
0.063426
0.0634348
0.0634436
0.0634524
0.0634611
0.0634698
0.0634785
0.0634872
0.0634958
0.0635044
0.063513
0.0635216
0.0635301
0.0635386
0.0635471
0.0635555
0.063564
0.0635724
0.0635807
0.0635891
0.0635974
0.0636057
0.063614
0.0636222
0.0636304
0.0636386
0.0636467
0.0636549
0.063663
0.063671
0.0636791
0.0636871
0.0636951
0.063703
0.063711
0.0637189
0.0637268
0.0637346
0.0637424
0.0637502
0.063758
0.0637657
0.0637734
0.0637811
0.0637887
0.0637964
0.0638039
0.0638115
0.063819
0.0638265
0.063834
0.0638414
0.0638489
0.0638562
0.0638636
0.0638709
0.0638782
0.0638855
0.0638927
0.0638999
0.0639071
0.0639142
0.0639213
0.0639284
0.0639354
0.0639424
0.0639494
0.0639564
0.0639633
0.0639702
0.0639771
0.0639839
0.0639907
0.0639974
0.0640042
0.0640109
0.0640175
0.0640242
0.0640308
0.0640373
0.0640439
0.0640504
0.0640569
0.0640633
0.0640697
0.0640761
0.0640824
0.0640887
0.064095
0.0641012
0.0641074
0.0641136
0.0641198
0.0641259
0.0641319
0.064138
0.064144
0.0641499
0.0641559
0.0641618
0.0641676
0.0641735
0.0641793
0.064185
0.0641908
0.0641964
0.0642021
0.0642077
0.0642133
0.0642189
0.0642244
0.0642299
0.0642353
0.0642407
0.0642461
0.0642514
0.0642567
0.064262
0.0642672
0.0642724
0.0642776
0.0642827
0.0642878
0.0642928
0.0642978
0.0643028
0.0643077
0.0643126
0.0643175
0.0643223
0.0643271
0.0643318
0.0643366
0.0643412
0.0643459
0.0643505
0.064355
0.0643598
0.0643639
0.064369
0.0631228
0.0631344
0.0631439
0.0631542
0.0631645
0.0631743
0.063184
0.0631938
0.0632037
0.0632133
0.063223
0.0632326
0.0632422
0.0632517
0.0632613
0.0632707
0.0632802
0.0632896
0.063299
0.0633083
0.0633176
0.0633268
0.063336
0.0633452
0.0633543
0.0633633
0.0633724
0.0633814
0.0633904
0.0633993
0.0634082
0.0634171
0.063426
0.0634348
0.0634436
0.0634524
0.0634611
0.0634698
0.0634785
0.0634872
0.0634958
0.0635045
0.063513
0.0635216
0.0635301
0.0635386
0.0635471
0.0635556
0.063564
0.0635724
0.0635807
0.0635891
0.0635974
0.0636057
0.063614
0.0636222
0.0636304
0.0636386
0.0636467
0.0636549
0.063663
0.063671
0.0636791
0.0636871
0.0636951
0.063703
0.063711
0.0637189
0.0637268
0.0637346
0.0637424
0.0637502
0.063758
0.0637657
0.0637734
0.0637811
0.0637887
0.0637964
0.0638039
0.0638115
0.063819
0.0638265
0.063834
0.0638414
0.0638489
0.0638562
0.0638636
0.0638709
0.0638782
0.0638855
0.0638927
0.0638999
0.0639071
0.0639142
0.0639213
0.0639284
0.0639354
0.0639425
0.0639494
0.0639564
0.0639633
0.0639702
0.0639771
0.0639839
0.0639907
0.0639974
0.0640042
0.0640109
0.0640175
0.0640242
0.0640308
0.0640374
0.0640439
0.0640504
0.0640569
0.0640633
0.0640697
0.0640761
0.0640824
0.0640887
0.064095
0.0641012
0.0641074
0.0641136
0.0641198
0.0641259
0.0641319
0.064138
0.064144
0.0641499
0.0641559
0.0641618
0.0641676
0.0641735
0.0641793
0.064185
0.0641908
0.0641964
0.0642021
0.0642077
0.0642133
0.0642189
0.0642244
0.0642299
0.0642353
0.0642407
0.0642461
0.0642514
0.0642567
0.064262
0.0642672
0.0642724
0.0642776
0.0642827
0.0642878
0.0642928
0.0642978
0.0643028
0.0643077
0.0643126
0.0643175
0.0643223
0.0643271
0.0643318
0.0643366
0.0643412
0.0643459
0.0643505
0.064355
0.0643598
0.0643639
0.064369
0.0631343
0.0631446
0.0631536
0.0631642
0.0631743
0.0631839
0.0631939
0.0632037
0.0632133
0.063223
0.0632326
0.0632422
0.0632518
0.0632613
0.0632708
0.0632802
0.0632897
0.063299
0.0633083
0.0633176
0.0633269
0.0633361
0.0633452
0.0633543
0.0633634
0.0633724
0.0633815
0.0633904
0.0633994
0.0634083
0.0634172
0.063426
0.0634348
0.0634436
0.0634524
0.0634612
0.0634699
0.0634786
0.0634872
0.0634959
0.0635045
0.0635131
0.0635216
0.0635301
0.0635386
0.0635471
0.0635556
0.063564
0.0635724
0.0635808
0.0635891
0.0635974
0.0636057
0.063614
0.0636222
0.0636304
0.0636386
0.0636467
0.0636549
0.063663
0.063671
0.0636791
0.0636871
0.0636951
0.0637031
0.063711
0.0637189
0.0637268
0.0637346
0.0637424
0.0637502
0.063758
0.0637657
0.0637734
0.0637811
0.0637887
0.0637964
0.0638039
0.0638115
0.063819
0.0638265
0.063834
0.0638415
0.0638489
0.0638562
0.0638636
0.0638709
0.0638782
0.0638855
0.0638927
0.0638999
0.0639071
0.0639142
0.0639213
0.0639284
0.0639354
0.0639425
0.0639494
0.0639564
0.0639633
0.0639702
0.0639771
0.0639839
0.0639907
0.0639975
0.0640042
0.0640109
0.0640175
0.0640242
0.0640308
0.0640374
0.0640439
0.0640504
0.0640569
0.0640633
0.0640697
0.0640761
0.0640824
0.0640887
0.064095
0.0641012
0.0641075
0.0641136
0.0641198
0.0641259
0.0641319
0.064138
0.064144
0.0641499
0.0641559
0.0641618
0.0641676
0.0641735
0.0641793
0.064185
0.0641908
0.0641965
0.0642021
0.0642077
0.0642133
0.0642189
0.0642244
0.0642299
0.0642353
0.0642407
0.0642461
0.0642514
0.0642567
0.064262
0.0642672
0.0642724
0.0642776
0.0642827
0.0642878
0.0642928
0.0642978
0.0643028
0.0643077
0.0643126
0.0643175
0.0643223
0.0643271
0.0643318
0.0643366
0.0643412
0.0643459
0.0643505
0.064355
0.0643598
0.0643639
0.064369
0.0631437
0.0631539
0.0631642
0.0631742
0.0631839
0.0631939
0.0632038
0.0632134
0.0632231
0.0632327
0.0632423
0.0632519
0.0632614
0.0632709
0.0632803
0.0632897
0.0632991
0.0633084
0.0633177
0.0633269
0.0633361
0.0633453
0.0633544
0.0633635
0.0633725
0.0633815
0.0633905
0.0633994
0.0634083
0.0634172
0.0634261
0.0634349
0.0634437
0.0634524
0.0634612
0.0634699
0.0634786
0.0634872
0.0634959
0.0635045
0.0635131
0.0635216
0.0635302
0.0635387
0.0635471
0.0635556
0.063564
0.0635724
0.0635808
0.0635891
0.0635974
0.0636057
0.063614
0.0636222
0.0636304
0.0636386
0.0636468
0.0636549
0.063663
0.0636711
0.0636791
0.0636871
0.0636951
0.0637031
0.063711
0.0637189
0.0637268
0.0637346
0.0637424
0.0637502
0.063758
0.0637657
0.0637734
0.0637811
0.0637887
0.0637964
0.063804
0.0638115
0.063819
0.0638265
0.063834
0.0638415
0.0638489
0.0638562
0.0638636
0.0638709
0.0638782
0.0638855
0.0638927
0.0638999
0.0639071
0.0639142
0.0639213
0.0639284
0.0639354
0.0639425
0.0639494
0.0639564
0.0639633
0.0639702
0.0639771
0.0639839
0.0639907
0.0639975
0.0640042
0.0640109
0.0640176
0.0640242
0.0640308
0.0640374
0.0640439
0.0640504
0.0640569
0.0640633
0.0640697
0.0640761
0.0640824
0.0640887
0.064095
0.0641012
0.0641075
0.0641136
0.0641198
0.0641259
0.0641319
0.064138
0.064144
0.06415
0.0641559
0.0641618
0.0641677
0.0641735
0.0641793
0.064185
0.0641908
0.0641965
0.0642021
0.0642077
0.0642133
0.0642189
0.0642244
0.0642299
0.0642353
0.0642407
0.0642461
0.0642514
0.0642567
0.064262
0.0642672
0.0642724
0.0642776
0.0642827
0.0642878
0.0642928
0.0642978
0.0643028
0.0643077
0.0643126
0.0643175
0.0643223
0.0643271
0.0643318
0.0643366
0.0643412
0.0643459
0.0643505
0.064355
0.0643598
0.0643639
0.0643691
0.0631428
0.0631539
0.0631639
0.0631742
0.0631839
0.0631939
0.0632037
0.0632134
0.0632231
0.0632328
0.0632424
0.0632519
0.0632614
0.0632709
0.0632804
0.0632898
0.0632992
0.0633085
0.0633178
0.063327
0.0633362
0.0633453
0.0633544
0.0633635
0.0633726
0.0633816
0.0633905
0.0633995
0.0634084
0.0634172
0.0634261
0.0634349
0.0634437
0.0634525
0.0634612
0.0634699
0.0634786
0.0634873
0.0634959
0.0635045
0.0635131
0.0635216
0.0635302
0.0635387
0.0635471
0.0635556
0.063564
0.0635724
0.0635808
0.0635891
0.0635974
0.0636057
0.063614
0.0636222
0.0636304
0.0636386
0.0636468
0.0636549
0.063663
0.0636711
0.0636791
0.0636871
0.0636951
0.0637031
0.063711
0.0637189
0.0637268
0.0637346
0.0637424
0.0637502
0.063758
0.0637657
0.0637734
0.0637811
0.0637888
0.0637964
0.063804
0.0638115
0.063819
0.0638265
0.063834
0.0638415
0.0638489
0.0638563
0.0638636
0.0638709
0.0638782
0.0638855
0.0638927
0.0638999
0.0639071
0.0639142
0.0639213
0.0639284
0.0639355
0.0639425
0.0639495
0.0639564
0.0639633
0.0639702
0.0639771
0.0639839
0.0639907
0.0639975
0.0640042
0.0640109
0.0640176
0.0640242
0.0640308
0.0640374
0.0640439
0.0640504
0.0640569
0.0640633
0.0640697
0.0640761
0.0640824
0.0640887
0.064095
0.0641013
0.0641075
0.0641136
0.0641198
0.0641259
0.0641319
0.064138
0.064144
0.06415
0.0641559
0.0641618
0.0641677
0.0641735
0.0641793
0.064185
0.0641908
0.0641965
0.0642021
0.0642077
0.0642133
0.0642189
0.0642244
0.0642299
0.0642353
0.0642407
0.0642461
0.0642514
0.0642567
0.064262
0.0642672
0.0642724
0.0642776
0.0642827
0.0642878
0.0642928
0.0642978
0.0643028
0.0643077
0.0643126
0.0643175
0.0643223
0.0643271
0.0643318
0.0643366
0.0643412
0.0643459
0.0643505
0.064355
0.0643598
0.0643639
0.0643691
0.0631532
0.0631642
0.0631738
0.063184
0.0631941
0.0632038
0.0632134
0.0632232
0.0632328
0.0632424
0.063252
0.0632615
0.063271
0.0632804
0.0632899
0.0632992
0.0633086
0.0633178
0.0633271
0.0633363
0.0633454
0.0633545
0.0633636
0.0633726
0.0633816
0.0633906
0.0633995
0.0634084
0.0634173
0.0634261
0.0634349
0.0634437
0.0634525
0.0634612
0.0634699
0.0634786
0.0634873
0.0634959
0.0635045
0.0635131
0.0635217
0.0635302
0.0635387
0.0635472
0.0635556
0.063564
0.0635724
0.0635808
0.0635891
0.0635974
0.0636057
0.063614
0.0636222
0.0636304
0.0636386
0.0636468
0.0636549
0.063663
0.0636711
0.0636791
0.0636871
0.0636951
0.0637031
0.063711
0.0637189
0.0637268
0.0637346
0.0637424
0.0637502
0.063758
0.0637657
0.0637734
0.0637811
0.0637888
0.0637964
0.063804
0.0638115
0.0638191
0.0638266
0.063834
0.0638415
0.0638489
0.0638563
0.0638636
0.0638709
0.0638782
0.0638855
0.0638927
0.0638999
0.0639071
0.0639142
0.0639213
0.0639284
0.0639355
0.0639425
0.0639495
0.0639564
0.0639633
0.0639702
0.0639771
0.0639839
0.0639907
0.0639975
0.0640042
0.0640109
0.0640176
0.0640242
0.0640308
0.0640374
0.0640439
0.0640504
0.0640569
0.0640633
0.0640697
0.0640761
0.0640824
0.0640887
0.064095
0.0641013
0.0641075
0.0641136
0.0641198
0.0641259
0.064132
0.064138
0.064144
0.06415
0.0641559
0.0641618
0.0641677
0.0641735
0.0641793
0.064185
0.0641908
0.0641965
0.0642021
0.0642077
0.0642133
0.0642189
0.0642244
0.0642299
0.0642353
0.0642407
0.0642461
0.0642514
0.0642567
0.064262
0.0642672
0.0642724
0.0642776
0.0642827
0.0642878
0.0642928
0.0642978
0.0643028
0.0643077
0.0643126
0.0643175
0.0643223
0.0643271
0.0643318
0.0643366
0.0643412
0.0643459
0.0643505
0.0643549
0.0643598
0.0643639
0.0643691
0.063164
0.0631744
0.0631833
0.0631938
0.0632037
0.0632134
0.0632232
0.0632328
0.0632425
0.0632521
0.0632616
0.0632711
0.0632805
0.0632899
0.0632993
0.0633086
0.0633179
0.0633271
0.0633363
0.0633455
0.0633546
0.0633636
0.0633727
0.0633817
0.0633906
0.0633995
0.0634084
0.0634173
0.0634262
0.063435
0.0634438
0.0634525
0.0634613
0.06347
0.0634786
0.0634873
0.0634959
0.0635045
0.0635131
0.0635217
0.0635302
0.0635387
0.0635472
0.0635556
0.063564
0.0635724
0.0635808
0.0635891
0.0635975
0.0636057
0.063614
0.0636222
0.0636304
0.0636386
0.0636468
0.0636549
0.063663
0.0636711
0.0636791
0.0636871
0.0636951
0.0637031
0.063711
0.0637189
0.0637268
0.0637346
0.0637425
0.0637502
0.063758
0.0637657
0.0637734
0.0637811
0.0637888
0.0637964
0.063804
0.0638115
0.0638191
0.0638266
0.063834
0.0638415
0.0638489
0.0638563
0.0638636
0.0638709
0.0638782
0.0638855
0.0638927
0.0638999
0.0639071
0.0639142
0.0639213
0.0639284
0.0639355
0.0639425
0.0639495
0.0639564
0.0639633
0.0639702
0.0639771
0.0639839
0.0639907
0.0639975
0.0640042
0.0640109
0.0640176
0.0640242
0.0640308
0.0640374
0.0640439
0.0640504
0.0640569
0.0640633
0.0640697
0.0640761
0.0640824
0.0640888
0.064095
0.0641013
0.0641075
0.0641136
0.0641198
0.0641259
0.064132
0.064138
0.064144
0.06415
0.0641559
0.0641618
0.0641677
0.0641735
0.0641793
0.0641851
0.0641908
0.0641965
0.0642021
0.0642077
0.0642133
0.0642189
0.0642244
0.0642299
0.0642353
0.0642407
0.0642461
0.0642514
0.0642567
0.064262
0.0642672
0.0642724
0.0642776
0.0642827
0.0642878
0.0642928
0.0642978
0.0643028
0.0643077
0.0643126
0.0643175
0.0643223
0.0643271
0.0643318
0.0643366
0.0643412
0.0643459
0.0643505
0.0643549
0.0643598
0.0643638
0.0643691
0.0631736
0.0631837
0.0631939
0.0632037
0.0632134
0.0632233
0.0632329
0.0632425
0.0632521
0.0632617
0.0632711
0.0632806
0.06329
0.0632994
0.0633087
0.063318
0.0633272
0.0633364
0.0633456
0.0633546
0.0633637
0.0633727
0.0633817
0.0633907
0.0633996
0.0634085
0.0634173
0.0634262
0.063435
0.0634438
0.0634525
0.0634613
0.06347
0.0634787
0.0634873
0.0634959
0.0635046
0.0635131
0.0635217
0.0635302
0.0635387
0.0635472
0.0635556
0.063564
0.0635724
0.0635808
0.0635891
0.0635975
0.0636058
0.063614
0.0636222
0.0636305
0.0636386
0.0636468
0.0636549
0.063663
0.0636711
0.0636791
0.0636871
0.0636951
0.0637031
0.063711
0.0637189
0.0637268
0.0637346
0.0637425
0.0637502
0.063758
0.0637657
0.0637734
0.0637811
0.0637888
0.0637964
0.063804
0.0638115
0.0638191
0.0638266
0.063834
0.0638415
0.0638489
0.0638563
0.0638636
0.0638709
0.0638782
0.0638855
0.0638927
0.0638999
0.0639071
0.0639142
0.0639213
0.0639284
0.0639355
0.0639425
0.0639495
0.0639564
0.0639633
0.0639702
0.0639771
0.0639839
0.0639907
0.0639975
0.0640042
0.0640109
0.0640176
0.0640242
0.0640308
0.0640374
0.0640439
0.0640504
0.0640569
0.0640633
0.0640697
0.0640761
0.0640824
0.0640888
0.064095
0.0641013
0.0641075
0.0641136
0.0641198
0.0641259
0.064132
0.064138
0.064144
0.06415
0.0641559
0.0641618
0.0641677
0.0641735
0.0641793
0.0641851
0.0641908
0.0641965
0.0642021
0.0642078
0.0642133
0.0642189
0.0642244
0.0642299
0.0642353
0.0642407
0.0642461
0.0642514
0.0642567
0.064262
0.0642672
0.0642724
0.0642776
0.0642827
0.0642878
0.0642928
0.0642978
0.0643028
0.0643077
0.0643126
0.0643175
0.0643223
0.0643271
0.0643318
0.0643366
0.0643412
0.0643459
0.0643504
0.0643549
0.0643598
0.0643638
0.0643691
0.0631726
0.0631837
0.0631936
0.0632037
0.0632134
0.0632232
0.0632328
0.0632426
0.0632522
0.0632617
0.0632712
0.0632807
0.0632901
0.0632995
0.0633088
0.0633181
0.0633273
0.0633365
0.0633456
0.0633547
0.0633638
0.0633728
0.0633818
0.0633907
0.0633996
0.0634085
0.0634174
0.0634262
0.063435
0.0634438
0.0634526
0.0634613
0.06347
0.0634787
0.0634873
0.063496
0.0635046
0.0635131
0.0635217
0.0635302
0.0635387
0.0635472
0.0635556
0.0635641
0.0635725
0.0635808
0.0635892
0.0635975
0.0636058
0.063614
0.0636223
0.0636305
0.0636386
0.0636468
0.0636549
0.063663
0.0636711
0.0636791
0.0636871
0.0636951
0.0637031
0.063711
0.0637189
0.0637268
0.0637346
0.0637425
0.0637503
0.063758
0.0637657
0.0637735
0.0637811
0.0637888
0.0637964
0.063804
0.0638115
0.0638191
0.0638266
0.063834
0.0638415
0.0638489
0.0638563
0.0638636
0.0638709
0.0638782
0.0638855
0.0638927
0.0638999
0.0639071
0.0639142
0.0639213
0.0639284
0.0639355
0.0639425
0.0639495
0.0639564
0.0639633
0.0639702
0.0639771
0.0639839
0.0639907
0.0639975
0.0640042
0.0640109
0.0640176
0.0640242
0.0640308
0.0640374
0.0640439
0.0640504
0.0640569
0.0640633
0.0640697
0.0640761
0.0640825
0.0640888
0.064095
0.0641013
0.0641075
0.0641137
0.0641198
0.0641259
0.064132
0.064138
0.064144
0.06415
0.0641559
0.0641618
0.0641677
0.0641735
0.0641793
0.0641851
0.0641908
0.0641965
0.0642021
0.0642078
0.0642133
0.0642189
0.0642244
0.0642299
0.0642353
0.0642407
0.0642461
0.0642514
0.0642567
0.064262
0.0642672
0.0642724
0.0642776
0.0642827
0.0642878
0.0642928
0.0642978
0.0643028
0.0643077
0.0643126
0.0643175
0.0643223
0.0643271
0.0643318
0.0643366
0.0643411
0.0643459
0.0643504
0.0643549
0.0643598
0.0643637
0.0643692
0.0631831
0.0631939
0.0632034
0.0632136
0.0632234
0.0632329
0.0632426
0.0632523
0.0632618
0.0632713
0.0632808
0.0632902
0.0632996
0.0633089
0.0633182
0.0633274
0.0633366
0.0633457
0.0633548
0.0633638
0.0633728
0.0633818
0.0633908
0.0633997
0.0634086
0.0634174
0.0634263
0.0634351
0.0634438
0.0634526
0.0634613
0.06347
0.0634787
0.0634874
0.063496
0.0635046
0.0635132
0.0635217
0.0635302
0.0635387
0.0635472
0.0635556
0.0635641
0.0635725
0.0635808
0.0635892
0.0635975
0.0636058
0.063614
0.0636223
0.0636305
0.0636386
0.0636468
0.0636549
0.063663
0.0636711
0.0636791
0.0636871
0.0636951
0.0637031
0.063711
0.0637189
0.0637268
0.0637346
0.0637425
0.0637503
0.063758
0.0637658
0.0637735
0.0637811
0.0637888
0.0637964
0.063804
0.0638115
0.0638191
0.0638266
0.063834
0.0638415
0.0638489
0.0638563
0.0638636
0.063871
0.0638782
0.0638855
0.0638927
0.0638999
0.0639071
0.0639142
0.0639214
0.0639284
0.0639355
0.0639425
0.0639495
0.0639564
0.0639633
0.0639702
0.0639771
0.0639839
0.0639907
0.0639975
0.0640042
0.0640109
0.0640176
0.0640242
0.0640308
0.0640374
0.0640439
0.0640504
0.0640569
0.0640633
0.0640697
0.0640761
0.0640825
0.0640888
0.064095
0.0641013
0.0641075
0.0641137
0.0641198
0.0641259
0.064132
0.064138
0.064144
0.06415
0.0641559
0.0641618
0.0641677
0.0641735
0.0641793
0.0641851
0.0641908
0.0641965
0.0642021
0.0642078
0.0642133
0.0642189
0.0642244
0.0642299
0.0642353
0.0642407
0.0642461
0.0642515
0.0642568
0.064262
0.0642672
0.0642724
0.0642776
0.0642827
0.0642878
0.0642928
0.0642978
0.0643028
0.0643077
0.0643126
0.0643175
0.0643223
0.0643271
0.0643318
0.0643366
0.0643411
0.0643459
0.0643504
0.0643549
0.0643598
0.0643636
0.0643693
0.0631936
0.0632039
0.063213
0.0632231
0.0632328
0.0632427
0.0632524
0.0632618
0.0632713
0.0632808
0.0632903
0.0632996
0.063309
0.0633182
0.0633275
0.0633367
0.0633458
0.0633549
0.0633639
0.0633729
0.0633819
0.0633908
0.0633997
0.0634086
0.0634175
0.0634263
0.0634351
0.0634439
0.0634526
0.0634613
0.06347
0.0634787
0.0634874
0.063496
0.0635046
0.0635132
0.0635217
0.0635302
0.0635387
0.0635472
0.0635557
0.0635641
0.0635725
0.0635808
0.0635892
0.0635975
0.0636058
0.063614
0.0636223
0.0636305
0.0636387
0.0636468
0.0636549
0.063663
0.0636711
0.0636791
0.0636872
0.0636951
0.0637031
0.063711
0.0637189
0.0637268
0.0637347
0.0637425
0.0637503
0.063758
0.0637658
0.0637735
0.0637811
0.0637888
0.0637964
0.063804
0.0638115
0.0638191
0.0638266
0.063834
0.0638415
0.0638489
0.0638563
0.0638636
0.063871
0.0638782
0.0638855
0.0638927
0.0638999
0.0639071
0.0639142
0.0639214
0.0639284
0.0639355
0.0639425
0.0639495
0.0639564
0.0639634
0.0639702
0.0639771
0.0639839
0.0639907
0.0639975
0.0640042
0.0640109
0.0640176
0.0640242
0.0640308
0.0640374
0.0640439
0.0640504
0.0640569
0.0640633
0.0640697
0.0640761
0.0640825
0.0640888
0.064095
0.0641013
0.0641075
0.0641137
0.0641198
0.0641259
0.064132
0.064138
0.064144
0.06415
0.0641559
0.0641618
0.0641677
0.0641735
0.0641793
0.0641851
0.0641908
0.0641965
0.0642021
0.0642078
0.0642134
0.0642189
0.0642244
0.0642299
0.0642353
0.0642407
0.0642461
0.0642515
0.0642568
0.064262
0.0642672
0.0642724
0.0642776
0.0642827
0.0642878
0.0642928
0.0642978
0.0643028
0.0643077
0.0643126
0.0643175
0.0643223
0.0643271
0.0643318
0.0643366
0.0643411
0.0643459
0.0643503
0.0643549
0.0643598
0.0643635
0.0643694
0.0632032
0.0632136
0.0632233
0.0632328
0.0632427
0.0632524
0.0632619
0.0632714
0.0632809
0.0632903
0.0632997
0.0633091
0.0633183
0.0633276
0.0633368
0.0633459
0.0633549
0.063364
0.063373
0.0633819
0.0633909
0.0633998
0.0634087
0.0634175
0.0634263
0.0634351
0.0634439
0.0634526
0.0634614
0.0634701
0.0634787
0.0634874
0.063496
0.0635046
0.0635132
0.0635217
0.0635303
0.0635388
0.0635472
0.0635557
0.0635641
0.0635725
0.0635808
0.0635892
0.0635975
0.0636058
0.063614
0.0636223
0.0636305
0.0636387
0.0636468
0.0636549
0.063663
0.0636711
0.0636791
0.0636872
0.0636951
0.0637031
0.063711
0.0637189
0.0637268
0.0637347
0.0637425
0.0637503
0.063758
0.0637658
0.0637735
0.0637811
0.0637888
0.0637964
0.063804
0.0638116
0.0638191
0.0638266
0.0638341
0.0638415
0.0638489
0.0638563
0.0638636
0.063871
0.0638783
0.0638855
0.0638927
0.0638999
0.0639071
0.0639143
0.0639214
0.0639284
0.0639355
0.0639425
0.0639495
0.0639564
0.0639634
0.0639702
0.0639771
0.0639839
0.0639907
0.0639975
0.0640042
0.0640109
0.0640176
0.0640242
0.0640308
0.0640374
0.0640439
0.0640504
0.0640569
0.0640633
0.0640698
0.0640761
0.0640825
0.0640888
0.064095
0.0641013
0.0641075
0.0641137
0.0641198
0.0641259
0.064132
0.064138
0.064144
0.06415
0.0641559
0.0641618
0.0641677
0.0641735
0.0641793
0.0641851
0.0641908
0.0641965
0.0642021
0.0642078
0.0642134
0.0642189
0.0642244
0.0642299
0.0642353
0.0642408
0.0642461
0.0642515
0.0642568
0.064262
0.0642673
0.0642724
0.0642776
0.0642827
0.0642878
0.0642928
0.0642978
0.0643028
0.0643077
0.0643126
0.0643175
0.0643223
0.0643271
0.0643318
0.0643366
0.0643411
0.064346
0.0643503
0.0643549
0.0643597
0.0643634
0.0643696
0.0632021
0.0632135
0.0632227
0.0632328
0.0632429
0.0632524
0.0632619
0.0632715
0.063281
0.0632904
0.0632998
0.0633092
0.0633184
0.0633277
0.0633368
0.063346
0.063355
0.0633641
0.063373
0.063382
0.0633909
0.0633998
0.0634087
0.0634175
0.0634264
0.0634352
0.0634439
0.0634527
0.0634614
0.0634701
0.0634788
0.0634874
0.063496
0.0635046
0.0635132
0.0635218
0.0635303
0.0635388
0.0635472
0.0635557
0.0635641
0.0635725
0.0635809
0.0635892
0.0635975
0.0636058
0.0636141
0.0636223
0.0636305
0.0636387
0.0636468
0.0636549
0.063663
0.0636711
0.0636792
0.0636872
0.0636952
0.0637031
0.063711
0.0637189
0.0637268
0.0637347
0.0637425
0.0637503
0.063758
0.0637658
0.0637735
0.0637811
0.0637888
0.0637964
0.063804
0.0638116
0.0638191
0.0638266
0.0638341
0.0638415
0.0638489
0.0638563
0.0638636
0.063871
0.0638783
0.0638855
0.0638927
0.0638999
0.0639071
0.0639143
0.0639214
0.0639284
0.0639355
0.0639425
0.0639495
0.0639564
0.0639634
0.0639703
0.0639771
0.0639839
0.0639907
0.0639975
0.0640042
0.0640109
0.0640176
0.0640242
0.0640308
0.0640374
0.0640439
0.0640504
0.0640569
0.0640634
0.0640698
0.0640761
0.0640825
0.0640888
0.0640951
0.0641013
0.0641075
0.0641137
0.0641198
0.0641259
0.064132
0.064138
0.064144
0.06415
0.0641559
0.0641618
0.0641677
0.0641735
0.0641793
0.0641851
0.0641908
0.0641965
0.0642022
0.0642078
0.0642134
0.0642189
0.0642244
0.0642299
0.0642353
0.0642408
0.0642461
0.0642515
0.0642568
0.064262
0.0642673
0.0642724
0.0642776
0.0642827
0.0642878
0.0642928
0.0642978
0.0643028
0.0643078
0.0643126
0.0643175
0.0643223
0.0643271
0.0643318
0.0643366
0.064341
0.064346
0.0643502
0.0643549
0.0643597
0.0643632
0.0643698
0.0632134
0.0632234
0.0632322
0.0632427
0.0632524
0.0632619
0.0632716
0.0632811
0.0632905
0.0632999
0.0633093
0.0633185
0.0633278
0.0633369
0.0633461
0.0633551
0.0633641
0.0633731
0.0633821
0.063391
0.0633999
0.0634087
0.0634176
0.0634264
0.0634352
0.063444
0.0634527
0.0634614
0.0634701
0.0634788
0.0634874
0.0634961
0.0635047
0.0635132
0.0635218
0.0635303
0.0635388
0.0635473
0.0635557
0.0635641
0.0635725
0.0635809
0.0635892
0.0635975
0.0636058
0.0636141
0.0636223
0.0636305
0.0636387
0.0636468
0.063655
0.063663
0.0636711
0.0636792
0.0636872
0.0636952
0.0637031
0.063711
0.063719
0.0637268
0.0637347
0.0637425
0.0637503
0.063758
0.0637658
0.0637735
0.0637812
0.0637888
0.0637964
0.063804
0.0638116
0.0638191
0.0638266
0.0638341
0.0638415
0.0638489
0.0638563
0.0638636
0.063871
0.0638783
0.0638855
0.0638928
0.0639
0.0639071
0.0639143
0.0639214
0.0639284
0.0639355
0.0639425
0.0639495
0.0639564
0.0639634
0.0639703
0.0639771
0.0639839
0.0639907
0.0639975
0.0640042
0.0640109
0.0640176
0.0640242
0.0640308
0.0640374
0.0640439
0.0640504
0.0640569
0.0640634
0.0640698
0.0640761
0.0640825
0.0640888
0.0640951
0.0641013
0.0641075
0.0641137
0.0641198
0.0641259
0.064132
0.064138
0.064144
0.06415
0.0641559
0.0641618
0.0641677
0.0641735
0.0641793
0.0641851
0.0641908
0.0641965
0.0642022
0.0642078
0.0642134
0.0642189
0.0642244
0.0642299
0.0642354
0.0642408
0.0642461
0.0642515
0.0642568
0.064262
0.0642673
0.0642724
0.0642776
0.0642827
0.0642878
0.0642928
0.0642979
0.0643028
0.0643078
0.0643126
0.0643175
0.0643223
0.0643271
0.0643318
0.0643366
0.064341
0.064346
0.0643502
0.0643549
0.0643596
0.064363
0.0643703
0.0632226
0.0632325
0.0632427
0.0632524
0.063262
0.0632717
0.0632811
0.0632906
0.0633001
0.0633094
0.0633186
0.0633279
0.0633371
0.0633462
0.0633552
0.0633642
0.0633732
0.0633821
0.063391
0.0633999
0.0634088
0.0634176
0.0634264
0.0634352
0.063444
0.0634527
0.0634614
0.0634701
0.0634788
0.0634875
0.0634961
0.0635047
0.0635132
0.0635218
0.0635303
0.0635388
0.0635473
0.0635557
0.0635641
0.0635725
0.0635809
0.0635892
0.0635975
0.0636058
0.0636141
0.0636223
0.0636305
0.0636387
0.0636468
0.063655
0.0636631
0.0636711
0.0636792
0.0636872
0.0636952
0.0637031
0.0637111
0.063719
0.0637268
0.0637347
0.0637425
0.0637503
0.063758
0.0637658
0.0637735
0.0637812
0.0637888
0.0637964
0.063804
0.0638116
0.0638191
0.0638266
0.0638341
0.0638415
0.0638489
0.0638563
0.0638637
0.063871
0.0638783
0.0638855
0.0638928
0.0639
0.0639071
0.0639143
0.0639214
0.0639285
0.0639355
0.0639425
0.0639495
0.0639565
0.0639634
0.0639703
0.0639771
0.0639839
0.0639907
0.0639975
0.0640042
0.0640109
0.0640176
0.0640242
0.0640308
0.0640374
0.0640439
0.0640505
0.0640569
0.0640634
0.0640698
0.0640761
0.0640825
0.0640888
0.0640951
0.0641013
0.0641075
0.0641137
0.0641198
0.0641259
0.064132
0.064138
0.064144
0.06415
0.0641559
0.0641618
0.0641677
0.0641735
0.0641793
0.0641851
0.0641908
0.0641965
0.0642022
0.0642078
0.0642134
0.0642189
0.0642244
0.0642299
0.0642354
0.0642408
0.0642461
0.0642515
0.0642568
0.064262
0.0642673
0.0642725
0.0642776
0.0642827
0.0642878
0.0642928
0.0642979
0.0643028
0.0643078
0.0643126
0.0643175
0.0643223
0.0643271
0.0643318
0.0643366
0.064341
0.0643461
0.0643501
0.064355
0.0643594
0.0643626
0.0643704
0.0632217
0.0632326
0.0632424
0.0632524
0.063262
0.0632716
0.0632811
0.0632907
0.0633002
0.0633095
0.0633188
0.063328
0.0633372
0.0633463
0.0633553
0.0633643
0.0633733
0.0633822
0.0633911
0.0634
0.0634088
0.0634177
0.0634265
0.0634353
0.063444
0.0634528
0.0634615
0.0634702
0.0634788
0.0634875
0.0634961
0.0635047
0.0635133
0.0635218
0.0635303
0.0635388
0.0635473
0.0635557
0.0635641
0.0635725
0.0635809
0.0635892
0.0635975
0.0636058
0.0636141
0.0636223
0.0636305
0.0636387
0.0636468
0.063655
0.0636631
0.0636711
0.0636792
0.0636872
0.0636952
0.0637031
0.0637111
0.063719
0.0637268
0.0637347
0.0637425
0.0637503
0.0637581
0.0637658
0.0637735
0.0637812
0.0637888
0.0637964
0.063804
0.0638116
0.0638191
0.0638266
0.0638341
0.0638415
0.0638489
0.0638563
0.0638637
0.063871
0.0638783
0.0638855
0.0638928
0.0639
0.0639071
0.0639143
0.0639214
0.0639285
0.0639355
0.0639425
0.0639495
0.0639565
0.0639634
0.0639703
0.0639771
0.063984
0.0639907
0.0639975
0.0640042
0.0640109
0.0640176
0.0640242
0.0640308
0.0640374
0.064044
0.0640505
0.0640569
0.0640634
0.0640698
0.0640761
0.0640825
0.0640888
0.0640951
0.0641013
0.0641075
0.0641137
0.0641198
0.0641259
0.064132
0.064138
0.064144
0.06415
0.0641559
0.0641618
0.0641677
0.0641735
0.0641793
0.0641851
0.0641908
0.0641965
0.0642022
0.0642078
0.0642134
0.0642189
0.0642244
0.0642299
0.0642354
0.0642408
0.0642461
0.0642515
0.0642568
0.064262
0.0642673
0.0642725
0.0642776
0.0642827
0.0642878
0.0642929
0.0642979
0.0643028
0.0643078
0.0643127
0.0643175
0.0643223
0.0643271
0.0643318
0.0643367
0.064341
0.0643461
0.06435
0.064355
0.0643593
0.0643624
0.0643711
0.063232
0.0632427
0.0632521
0.0632621
0.0632719
0.0632812
0.0632908
0.0633003
0.0633096
0.0633189
0.0633281
0.0633373
0.0633464
0.0633554
0.0633644
0.0633733
0.0633823
0.0633912
0.0634
0.0634089
0.0634177
0.0634265
0.0634353
0.063444
0.0634528
0.0634615
0.0634702
0.0634788
0.0634875
0.0634961
0.0635047
0.0635133
0.0635218
0.0635303
0.0635388
0.0635473
0.0635557
0.0635641
0.0635725
0.0635809
0.0635892
0.0635975
0.0636058
0.0636141
0.0636223
0.0636305
0.0636387
0.0636468
0.063655
0.0636631
0.0636711
0.0636792
0.0636872
0.0636952
0.0637031
0.0637111
0.063719
0.0637268
0.0637347
0.0637425
0.0637503
0.0637581
0.0637658
0.0637735
0.0637812
0.0637888
0.0637964
0.063804
0.0638116
0.0638191
0.0638266
0.0638341
0.0638415
0.0638489
0.0638563
0.0638637
0.063871
0.0638783
0.0638855
0.0638928
0.0639
0.0639071
0.0639143
0.0639214
0.0639285
0.0639355
0.0639425
0.0639495
0.0639565
0.0639634
0.0639703
0.0639771
0.063984
0.0639908
0.0639975
0.0640042
0.0640109
0.0640176
0.0640242
0.0640308
0.0640374
0.064044
0.0640505
0.0640569
0.0640634
0.0640698
0.0640762
0.0640825
0.0640888
0.0640951
0.0641013
0.0641075
0.0641137
0.0641198
0.0641259
0.064132
0.064138
0.064144
0.06415
0.0641559
0.0641618
0.0641677
0.0641735
0.0641793
0.0641851
0.0641908
0.0641965
0.0642022
0.0642078
0.0642134
0.0642189
0.0642244
0.0642299
0.0642354
0.0642408
0.0642461
0.0642515
0.0642568
0.064262
0.0642673
0.0642725
0.0642776
0.0642827
0.0642878
0.0642929
0.0642979
0.0643028
0.0643078
0.0643127
0.0643175
0.0643223
0.0643271
0.0643318
0.0643366
0.064341
0.0643461
0.0643501
0.064355
0.0643592
0.0643626
0.0632425
0.0632526
0.0632616
0.0632716
0.0632811
0.0632909
0.0633004
0.0633097
0.063319
0.0633282
0.0633374
0.0633465
0.0633555
0.0633645
0.0633734
0.0633823
0.0633912
0.0634001
0.0634089
0.0634177
0.0634265
0.0634353
0.0634441
0.0634528
0.0634615
0.0634702
0.0634789
0.0634875
0.0634961
0.0635047
0.0635133
0.0635218
0.0635303
0.0635388
0.0635473
0.0635557
0.0635642
0.0635725
0.0635809
0.0635892
0.0635976
0.0636058
0.0636141
0.0636223
0.0636305
0.0636387
0.0636469
0.063655
0.0636631
0.0636711
0.0636792
0.0636872
0.0636952
0.0637031
0.0637111
0.063719
0.0637268
0.0637347
0.0637425
0.0637503
0.0637581
0.0637658
0.0637735
0.0637812
0.0637888
0.0637964
0.063804
0.0638116
0.0638191
0.0638266
0.0638341
0.0638415
0.0638489
0.0638563
0.0638637
0.063871
0.0638783
0.0638855
0.0638928
0.0639
0.0639071
0.0639143
0.0639214
0.0639285
0.0639355
0.0639425
0.0639495
0.0639565
0.0639634
0.0639703
0.0639771
0.063984
0.0639908
0.0639975
0.0640043
0.064011
0.0640176
0.0640243
0.0640309
0.0640374
0.064044
0.0640505
0.0640569
0.0640634
0.0640698
0.0640762
0.0640825
0.0640888
0.0640951
0.0641013
0.0641075
0.0641137
0.0641198
0.0641259
0.064132
0.064138
0.064144
0.06415
0.064156
0.0641619
0.0641677
0.0641735
0.0641793
0.0641851
0.0641908
0.0641965
0.0642022
0.0642078
0.0642134
0.0642189
0.0642244
0.0642299
0.0642354
0.0642408
0.0642462
0.0642515
0.0642568
0.064262
0.0642673
0.0642725
0.0642776
0.0642827
0.0642878
0.0642929
0.0642979
0.0643028
0.0643078
0.0643127
0.0643175
0.0643223
0.0643271
0.0643318
0.0643366
0.064341
0.064346
0.0643501
0.064355
0.0643592
0.064363
0.063252
0.0632622
0.0632717
0.0632811
0.0632909
0.0633004
0.0633097
0.0633191
0.0633284
0.0633375
0.0633466
0.0633556
0.0633645
0.0633735
0.0633824
0.0633913
0.0634001
0.063409
0.0634178
0.0634266
0.0634353
0.0634441
0.0634528
0.0634615
0.0634702
0.0634789
0.0634875
0.0634961
0.0635047
0.0635133
0.0635218
0.0635304
0.0635388
0.0635473
0.0635558
0.0635642
0.0635726
0.0635809
0.0635893
0.0635976
0.0636058
0.0636141
0.0636223
0.0636305
0.0636387
0.0636469
0.063655
0.0636631
0.0636711
0.0636792
0.0636872
0.0636952
0.0637031
0.0637111
0.063719
0.0637269
0.0637347
0.0637425
0.0637503
0.0637581
0.0637658
0.0637735
0.0637812
0.0637888
0.0637964
0.063804
0.0638116
0.0638191
0.0638266
0.0638341
0.0638415
0.0638489
0.0638563
0.0638637
0.063871
0.0638783
0.0638855
0.0638928
0.0639
0.0639071
0.0639143
0.0639214
0.0639285
0.0639355
0.0639425
0.0639495
0.0639565
0.0639634
0.0639703
0.0639771
0.063984
0.0639908
0.0639975
0.0640043
0.064011
0.0640176
0.0640243
0.0640309
0.0640374
0.064044
0.0640505
0.0640569
0.0640634
0.0640698
0.0640762
0.0640825
0.0640888
0.0640951
0.0641013
0.0641075
0.0641137
0.0641198
0.0641259
0.064132
0.0641381
0.0641441
0.06415
0.064156
0.0641619
0.0641677
0.0641736
0.0641793
0.0641851
0.0641908
0.0641965
0.0642022
0.0642078
0.0642134
0.0642189
0.0642245
0.0642299
0.0642354
0.0642408
0.0642462
0.0642515
0.0642568
0.0642621
0.0642673
0.0642725
0.0642776
0.0642827
0.0642878
0.0642929
0.0642979
0.0643028
0.0643078
0.0643127
0.0643175
0.0643223
0.0643271
0.0643318
0.0643366
0.0643411
0.064346
0.0643501
0.0643549
0.0643593
0.0643634
0.0632509
0.0632622
0.0632712
0.0632811
0.0632911
0.0633006
0.0633099
0.0633193
0.0633285
0.0633377
0.0633467
0.0633557
0.0633646
0.0633736
0.0633825
0.0633913
0.0634002
0.063409
0.0634178
0.0634266
0.0634354
0.0634441
0.0634529
0.0634616
0.0634702
0.0634789
0.0634875
0.0634962
0.0635047
0.0635133
0.0635219
0.0635304
0.0635389
0.0635473
0.0635558
0.0635642
0.0635726
0.0635809
0.0635893
0.0635976
0.0636059
0.0636141
0.0636223
0.0636305
0.0636387
0.0636469
0.063655
0.0636631
0.0636712
0.0636792
0.0636872
0.0636952
0.0637032
0.0637111
0.063719
0.0637269
0.0637347
0.0637425
0.0637503
0.0637581
0.0637658
0.0637735
0.0637812
0.0637888
0.0637964
0.063804
0.0638116
0.0638191
0.0638266
0.0638341
0.0638415
0.0638489
0.0638563
0.0638637
0.063871
0.0638783
0.0638856
0.0638928
0.0639
0.0639072
0.0639143
0.0639214
0.0639285
0.0639355
0.0639425
0.0639495
0.0639565
0.0639634
0.0639703
0.0639771
0.063984
0.0639908
0.0639975
0.0640043
0.064011
0.0640176
0.0640243
0.0640309
0.0640374
0.064044
0.0640505
0.0640569
0.0640634
0.0640698
0.0640762
0.0640825
0.0640888
0.0640951
0.0641013
0.0641075
0.0641137
0.0641198
0.0641259
0.064132
0.0641381
0.0641441
0.06415
0.064156
0.0641619
0.0641677
0.0641736
0.0641794
0.0641851
0.0641908
0.0641965
0.0642022
0.0642078
0.0642134
0.0642189
0.0642245
0.0642299
0.0642354
0.0642408
0.0642462
0.0642515
0.0642568
0.0642621
0.0642673
0.0642725
0.0642776
0.0642827
0.0642878
0.0642929
0.0642979
0.0643028
0.0643078
0.0643127
0.0643175
0.0643223
0.0643271
0.0643318
0.0643366
0.0643411
0.0643459
0.0643502
0.0643549
0.0643593
0.0643637
0.0632621
0.063272
0.0632807
0.063291
0.0633006
0.0633099
0.0633194
0.0633286
0.0633378
0.0633469
0.0633558
0.0633647
0.0633737
0.0633826
0.0633914
0.0634002
0.063409
0.0634178
0.0634266
0.0634354
0.0634441
0.0634529
0.0634616
0.0634703
0.0634789
0.0634876
0.0634962
0.0635048
0.0635133
0.0635219
0.0635304
0.0635389
0.0635473
0.0635558
0.0635642
0.0635726
0.0635809
0.0635893
0.0635976
0.0636059
0.0636141
0.0636223
0.0636306
0.0636387
0.0636469
0.063655
0.0636631
0.0636712
0.0636792
0.0636872
0.0636952
0.0637032
0.0637111
0.063719
0.0637269
0.0637347
0.0637425
0.0637503
0.0637581
0.0637658
0.0637735
0.0637812
0.0637888
0.0637965
0.063804
0.0638116
0.0638191
0.0638266
0.0638341
0.0638415
0.063849
0.0638563
0.0638637
0.063871
0.0638783
0.0638856
0.0638928
0.0639
0.0639072
0.0639143
0.0639214
0.0639285
0.0639355
0.0639425
0.0639495
0.0639565
0.0639634
0.0639703
0.0639771
0.063984
0.0639908
0.0639975
0.0640043
0.064011
0.0640176
0.0640243
0.0640309
0.0640374
0.064044
0.0640505
0.064057
0.0640634
0.0640698
0.0640762
0.0640825
0.0640888
0.0640951
0.0641013
0.0641075
0.0641137
0.0641198
0.064126
0.064132
0.0641381
0.0641441
0.06415
0.064156
0.0641619
0.0641677
0.0641736
0.0641794
0.0641851
0.0641908
0.0641965
0.0642022
0.0642078
0.0642134
0.0642189
0.0642245
0.0642299
0.0642354
0.0642408
0.0642462
0.0642515
0.0642568
0.0642621
0.0642673
0.0642725
0.0642776
0.0642828
0.0642878
0.0642929
0.0642979
0.0643028
0.0643078
0.0643127
0.0643175
0.0643223
0.0643271
0.0643318
0.0643366
0.0643411
0.0643459
0.0643502
0.0643549
0.0643593
0.0643639
0.0632712
0.063281
0.063291
0.0633006
0.06331
0.0633196
0.0633288
0.063338
0.063347
0.0633559
0.0633648
0.0633738
0.0633826
0.0633915
0.0634003
0.0634091
0.0634179
0.0634267
0.0634354
0.0634442
0.0634529
0.0634616
0.0634703
0.0634789
0.0634876
0.0634962
0.0635048
0.0635133
0.0635219
0.0635304
0.0635389
0.0635473
0.0635558
0.0635642
0.0635726
0.0635809
0.0635893
0.0635976
0.0636059
0.0636141
0.0636224
0.0636306
0.0636387
0.0636469
0.063655
0.0636631
0.0636712
0.0636792
0.0636872
0.0636952
0.0637032
0.0637111
0.063719
0.0637269
0.0637347
0.0637425
0.0637503
0.0637581
0.0637658
0.0637735
0.0637812
0.0637888
0.0637965
0.063804
0.0638116
0.0638191
0.0638266
0.0638341
0.0638415
0.063849
0.0638563
0.0638637
0.063871
0.0638783
0.0638856
0.0638928
0.0639
0.0639072
0.0639143
0.0639214
0.0639285
0.0639355
0.0639425
0.0639495
0.0639565
0.0639634
0.0639703
0.0639772
0.063984
0.0639908
0.0639975
0.0640043
0.064011
0.0640176
0.0640243
0.0640309
0.0640374
0.064044
0.0640505
0.064057
0.0640634
0.0640698
0.0640762
0.0640825
0.0640888
0.0640951
0.0641013
0.0641075
0.0641137
0.0641199
0.064126
0.064132
0.0641381
0.0641441
0.06415
0.064156
0.0641619
0.0641677
0.0641736
0.0641794
0.0641851
0.0641909
0.0641965
0.0642022
0.0642078
0.0642134
0.064219
0.0642245
0.0642299
0.0642354
0.0642408
0.0642462
0.0642515
0.0642568
0.0642621
0.0642673
0.0642725
0.0642776
0.0642828
0.0642878
0.0642929
0.0642979
0.0643029
0.0643078
0.0643127
0.0643175
0.0643223
0.0643271
0.0643319
0.0643366
0.0643412
0.0643459
0.0643503
0.0643549
0.0643593
0.0643641
0.0632703
0.0632811
0.0632907
0.0633007
0.0633101
0.0633196
0.0633288
0.0633381
0.0633472
0.063356
0.0633649
0.0633739
0.0633827
0.0633915
0.0634003
0.0634091
0.0634179
0.0634267
0.0634355
0.0634442
0.0634529
0.0634616
0.0634703
0.063479
0.0634876
0.0634962
0.0635048
0.0635134
0.0635219
0.0635304
0.0635389
0.0635474
0.0635558
0.0635642
0.0635726
0.063581
0.0635893
0.0635976
0.0636059
0.0636141
0.0636224
0.0636306
0.0636387
0.0636469
0.063655
0.0636631
0.0636712
0.0636792
0.0636872
0.0636952
0.0637032
0.0637111
0.063719
0.0637269
0.0637347
0.0637425
0.0637503
0.0637581
0.0637658
0.0637735
0.0637812
0.0637888
0.0637965
0.063804
0.0638116
0.0638191
0.0638266
0.0638341
0.0638415
0.063849
0.0638563
0.0638637
0.063871
0.0638783
0.0638856
0.0638928
0.0639
0.0639072
0.0639143
0.0639214
0.0639285
0.0639355
0.0639426
0.0639495
0.0639565
0.0639634
0.0639703
0.0639772
0.063984
0.0639908
0.0639975
0.0640043
0.064011
0.0640176
0.0640243
0.0640309
0.0640374
0.064044
0.0640505
0.064057
0.0640634
0.0640698
0.0640762
0.0640825
0.0640888
0.0640951
0.0641013
0.0641075
0.0641137
0.0641199
0.064126
0.064132
0.0641381
0.0641441
0.06415
0.064156
0.0641619
0.0641677
0.0641736
0.0641794
0.0641851
0.0641909
0.0641965
0.0642022
0.0642078
0.0642134
0.064219
0.0642245
0.06423
0.0642354
0.0642408
0.0642462
0.0642515
0.0642568
0.0642621
0.0642673
0.0642725
0.0642776
0.0642828
0.0642878
0.0642929
0.0642979
0.0643029
0.0643078
0.0643127
0.0643175
0.0643224
0.0643271
0.0643319
0.0643366
0.0643412
0.0643459
0.0643503
0.064355
0.0643594
0.0643642
0.0632805
0.0632912
0.0633004
0.0633103
0.0633199
0.063329
0.0633383
0.0633474
0.0633561
0.063365
0.063374
0.0633828
0.0633916
0.0634003
0.0634092
0.063418
0.0634267
0.0634355
0.0634442
0.0634529
0.0634616
0.0634703
0.063479
0.0634876
0.0634962
0.0635048
0.0635134
0.0635219
0.0635304
0.0635389
0.0635474
0.0635558
0.0635642
0.0635726
0.063581
0.0635893
0.0635976
0.0636059
0.0636141
0.0636224
0.0636306
0.0636387
0.0636469
0.063655
0.0636631
0.0636712
0.0636792
0.0636872
0.0636952
0.0637032
0.0637111
0.063719
0.0637269
0.0637347
0.0637425
0.0637503
0.0637581
0.0637658
0.0637735
0.0637812
0.0637889
0.0637965
0.0638041
0.0638116
0.0638191
0.0638266
0.0638341
0.0638416
0.063849
0.0638563
0.0638637
0.063871
0.0638783
0.0638856
0.0638928
0.0639
0.0639072
0.0639143
0.0639214
0.0639285
0.0639355
0.0639426
0.0639495
0.0639565
0.0639634
0.0639703
0.0639772
0.063984
0.0639908
0.0639976
0.0640043
0.064011
0.0640176
0.0640243
0.0640309
0.0640375
0.064044
0.0640505
0.064057
0.0640634
0.0640698
0.0640762
0.0640825
0.0640888
0.0640951
0.0641013
0.0641076
0.0641137
0.0641199
0.064126
0.064132
0.0641381
0.0641441
0.06415
0.064156
0.0641619
0.0641677
0.0641736
0.0641794
0.0641851
0.0641909
0.0641966
0.0642022
0.0642078
0.0642134
0.064219
0.0642245
0.06423
0.0642354
0.0642408
0.0642462
0.0642515
0.0642568
0.0642621
0.0642673
0.0642725
0.0642777
0.0642828
0.0642878
0.0642929
0.0642979
0.0643029
0.0643078
0.0643127
0.0643175
0.0643224
0.0643271
0.0643319
0.0643366
0.0643412
0.0643459
0.0643503
0.064355
0.0643594
0.0643643
0.0632909
0.063301
0.0633099
0.0633197
0.063329
0.0633384
0.0633475
0.0633562
0.063365
0.0633741
0.0633829
0.0633916
0.0634004
0.0634092
0.063418
0.0634268
0.0634355
0.0634442
0.063453
0.0634617
0.0634703
0.063479
0.0634876
0.0634962
0.0635048
0.0635134
0.0635219
0.0635304
0.0635389
0.0635474
0.0635558
0.0635642
0.0635726
0.063581
0.0635893
0.0635976
0.0636059
0.0636142
0.0636224
0.0636306
0.0636388
0.0636469
0.063655
0.0636631
0.0636712
0.0636792
0.0636872
0.0636952
0.0637032
0.0637111
0.063719
0.0637269
0.0637347
0.0637426
0.0637503
0.0637581
0.0637658
0.0637735
0.0637812
0.0637889
0.0637965
0.0638041
0.0638116
0.0638191
0.0638266
0.0638341
0.0638416
0.063849
0.0638564
0.0638637
0.063871
0.0638783
0.0638856
0.0638928
0.0639
0.0639072
0.0639143
0.0639214
0.0639285
0.0639355
0.0639426
0.0639495
0.0639565
0.0639634
0.0639703
0.0639772
0.063984
0.0639908
0.0639976
0.0640043
0.064011
0.0640177
0.0640243
0.0640309
0.0640375
0.064044
0.0640505
0.064057
0.0640634
0.0640698
0.0640762
0.0640825
0.0640888
0.0640951
0.0641014
0.0641076
0.0641137
0.0641199
0.064126
0.064132
0.0641381
0.0641441
0.0641501
0.064156
0.0641619
0.0641678
0.0641736
0.0641794
0.0641851
0.0641909
0.0641966
0.0642022
0.0642078
0.0642134
0.064219
0.0642245
0.06423
0.0642354
0.0642408
0.0642462
0.0642515
0.0642568
0.0642621
0.0642673
0.0642725
0.0642777
0.0642828
0.0642879
0.0642929
0.0642979
0.0643029
0.0643078
0.0643127
0.0643175
0.0643224
0.0643271
0.0643319
0.0643366
0.0643412
0.0643459
0.0643503
0.064355
0.0643594
0.0643643
0.0633004
0.0633104
0.06332
0.0633292
0.0633387
0.0633477
0.0633563
0.0633651
0.0633742
0.063383
0.0633916
0.0634004
0.0634092
0.063418
0.0634268
0.0634355
0.0634443
0.063453
0.0634617
0.0634703
0.063479
0.0634876
0.0634962
0.0635048
0.0635134
0.0635219
0.0635304
0.0635389
0.0635474
0.0635558
0.0635642
0.0635726
0.063581
0.0635893
0.0635976
0.0636059
0.0636142
0.0636224
0.0636306
0.0636388
0.0636469
0.063655
0.0636631
0.0636712
0.0636792
0.0636872
0.0636952
0.0637032
0.0637111
0.063719
0.0637269
0.0637347
0.0637426
0.0637503
0.0637581
0.0637658
0.0637735
0.0637812
0.0637889
0.0637965
0.0638041
0.0638116
0.0638192
0.0638267
0.0638341
0.0638416
0.063849
0.0638564
0.0638637
0.063871
0.0638783
0.0638856
0.0638928
0.0639
0.0639072
0.0639143
0.0639214
0.0639285
0.0639356
0.0639426
0.0639496
0.0639565
0.0639634
0.0639703
0.0639772
0.063984
0.0639908
0.0639976
0.0640043
0.064011
0.0640177
0.0640243
0.0640309
0.0640375
0.064044
0.0640505
0.064057
0.0640634
0.0640698
0.0640762
0.0640825
0.0640888
0.0640951
0.0641014
0.0641076
0.0641137
0.0641199
0.064126
0.064132
0.0641381
0.0641441
0.0641501
0.064156
0.0641619
0.0641678
0.0641736
0.0641794
0.0641851
0.0641909
0.0641966
0.0642022
0.0642078
0.0642134
0.064219
0.0642245
0.06423
0.0642354
0.0642408
0.0642462
0.0642515
0.0642568
0.0642621
0.0642673
0.0642725
0.0642777
0.0642828
0.0642879
0.0642929
0.0642979
0.0643029
0.0643078
0.0643127
0.0643176
0.0643224
0.0643271
0.0643319
0.0643366
0.0643412
0.0643459
0.0643503
0.0643551
0.0643594
0.0643644
0.0632994
0.0633106
0.0633195
0.0633291
0.063339
0.0633478
0.0633562
0.0633652
0.0633743
0.063383
0.0633917
0.0634005
0.0634093
0.063418
0.0634268
0.0634355
0.0634443
0.063453
0.0634617
0.0634704
0.063479
0.0634877
0.0634963
0.0635048
0.0635134
0.0635219
0.0635305
0.0635389
0.0635474
0.0635558
0.0635642
0.0635726
0.063581
0.0635893
0.0635976
0.0636059
0.0636142
0.0636224
0.0636306
0.0636388
0.0636469
0.063655
0.0636631
0.0636712
0.0636792
0.0636873
0.0636952
0.0637032
0.0637111
0.063719
0.0637269
0.0637347
0.0637426
0.0637504
0.0637581
0.0637658
0.0637735
0.0637812
0.0637889
0.0637965
0.0638041
0.0638116
0.0638192
0.0638267
0.0638341
0.0638416
0.063849
0.0638564
0.0638637
0.063871
0.0638783
0.0638856
0.0638928
0.0639
0.0639072
0.0639143
0.0639214
0.0639285
0.0639356
0.0639426
0.0639496
0.0639565
0.0639634
0.0639703
0.0639772
0.063984
0.0639908
0.0639976
0.0640043
0.064011
0.0640177
0.0640243
0.0640309
0.0640375
0.064044
0.0640505
0.064057
0.0640634
0.0640698
0.0640762
0.0640825
0.0640888
0.0640951
0.0641014
0.0641076
0.0641137
0.0641199
0.064126
0.0641321
0.0641381
0.0641441
0.0641501
0.064156
0.0641619
0.0641678
0.0641736
0.0641794
0.0641852
0.0641909
0.0641966
0.0642022
0.0642078
0.0642134
0.064219
0.0642245
0.06423
0.0642354
0.0642408
0.0642462
0.0642515
0.0642568
0.0642621
0.0642673
0.0642725
0.0642777
0.0642828
0.0642879
0.0642929
0.0642979
0.0643029
0.0643078
0.0643127
0.0643176
0.0643224
0.0643271
0.0643319
0.0643366
0.0643412
0.0643459
0.0643503
0.0643551
0.0643593
0.0643643
0.0633105
0.0633205
0.063329
0.0633392
0.0633481
0.0633563
0.0633653
0.0633744
0.0633831
0.0633917
0.0634005
0.0634093
0.0634181
0.0634268
0.0634356
0.0634443
0.063453
0.0634617
0.0634704
0.063479
0.0634877
0.0634963
0.0635049
0.0635134
0.0635219
0.0635305
0.0635389
0.0635474
0.0635558
0.0635643
0.0635726
0.063581
0.0635893
0.0635976
0.0636059
0.0636142
0.0636224
0.0636306
0.0636388
0.0636469
0.063655
0.0636631
0.0636712
0.0636792
0.0636873
0.0636952
0.0637032
0.0637111
0.063719
0.0637269
0.0637347
0.0637426
0.0637504
0.0637581
0.0637658
0.0637736
0.0637812
0.0637889
0.0637965
0.0638041
0.0638116
0.0638192
0.0638267
0.0638341
0.0638416
0.063849
0.0638564
0.0638637
0.063871
0.0638783
0.0638856
0.0638928
0.0639
0.0639072
0.0639143
0.0639214
0.0639285
0.0639356
0.0639426
0.0639496
0.0639565
0.0639634
0.0639703
0.0639772
0.063984
0.0639908
0.0639976
0.0640043
0.064011
0.0640177
0.0640243
0.0640309
0.0640375
0.064044
0.0640505
0.064057
0.0640634
0.0640698
0.0640762
0.0640825
0.0640889
0.0640951
0.0641014
0.0641076
0.0641137
0.0641199
0.064126
0.0641321
0.0641381
0.0641441
0.0641501
0.064156
0.0641619
0.0641678
0.0641736
0.0641794
0.0641852
0.0641909
0.0641966
0.0642022
0.0642079
0.0642134
0.064219
0.0642245
0.06423
0.0642354
0.0642408
0.0642462
0.0642515
0.0642568
0.0642621
0.0642673
0.0642725
0.0642777
0.0642828
0.0642879
0.0642929
0.0642979
0.0643029
0.0643078
0.0643127
0.0643176
0.0643224
0.0643272
0.0643319
0.0643366
0.0643413
0.0643459
0.0643504
0.0643552
0.0643594
0.0643644
0.0633197
0.0633291
0.0633393
0.0633481
0.0633563
0.0633654
0.0633745
0.0633831
0.0633917
0.0634005
0.0634093
0.0634181
0.0634268
0.0634356
0.0634443
0.063453
0.0634617
0.0634704
0.063479
0.0634877
0.0634963
0.0635049
0.0635134
0.063522
0.0635305
0.063539
0.0635474
0.0635559
0.0635643
0.0635726
0.063581
0.0635893
0.0635976
0.0636059
0.0636142
0.0636224
0.0636306
0.0636388
0.0636469
0.0636551
0.0636631
0.0636712
0.0636793
0.0636873
0.0636952
0.0637032
0.0637111
0.063719
0.0637269
0.0637348
0.0637426
0.0637504
0.0637581
0.0637659
0.0637736
0.0637812
0.0637889
0.0637965
0.0638041
0.0638116
0.0638192
0.0638267
0.0638341
0.0638416
0.063849
0.0638564
0.0638637
0.063871
0.0638783
0.0638856
0.0638928
0.0639
0.0639072
0.0639143
0.0639214
0.0639285
0.0639356
0.0639426
0.0639496
0.0639565
0.0639634
0.0639703
0.0639772
0.063984
0.0639908
0.0639976
0.0640043
0.064011
0.0640177
0.0640243
0.0640309
0.0640375
0.064044
0.0640505
0.064057
0.0640634
0.0640698
0.0640762
0.0640826
0.0640889
0.0640951
0.0641014
0.0641076
0.0641138
0.0641199
0.064126
0.0641321
0.0641381
0.0641441
0.0641501
0.064156
0.0641619
0.0641678
0.0641736
0.0641794
0.0641852
0.0641909
0.0641966
0.0642022
0.0642079
0.0642134
0.064219
0.0642245
0.06423
0.0642354
0.0642408
0.0642462
0.0642515
0.0642568
0.0642621
0.0642673
0.0642725
0.0642777
0.0642828
0.0642879
0.0642929
0.0642979
0.0643029
0.0643078
0.0643127
0.0643176
0.0643224
0.0643272
0.0643319
0.0643366
0.0643413
0.064346
0.0643503
0.0643552
0.0643593
0.0643642
0.063319
0.0633297
0.0633396
0.0633485
0.0633563
0.0633654
0.0633746
0.0633832
0.0633917
0.0634005
0.0634093
0.0634181
0.0634268
0.0634356
0.0634443
0.063453
0.0634617
0.0634704
0.0634791
0.0634877
0.0634963
0.0635049
0.0635134
0.063522
0.0635305
0.063539
0.0635474
0.0635559
0.0635643
0.0635727
0.063581
0.0635893
0.0635977
0.0636059
0.0636142
0.0636224
0.0636306
0.0636388
0.0636469
0.0636551
0.0636632
0.0636712
0.0636793
0.0636873
0.0636953
0.0637032
0.0637111
0.063719
0.0637269
0.0637348
0.0637426
0.0637504
0.0637581
0.0637659
0.0637736
0.0637812
0.0637889
0.0637965
0.0638041
0.0638116
0.0638192
0.0638267
0.0638341
0.0638416
0.063849
0.0638564
0.0638637
0.063871
0.0638783
0.0638856
0.0638928
0.0639
0.0639072
0.0639143
0.0639214
0.0639285
0.0639356
0.0639426
0.0639496
0.0639565
0.0639634
0.0639703
0.0639772
0.063984
0.0639908
0.0639976
0.0640043
0.064011
0.0640177
0.0640243
0.0640309
0.0640375
0.064044
0.0640505
0.064057
0.0640634
0.0640698
0.0640762
0.0640826
0.0640889
0.0640951
0.0641014
0.0641076
0.0641138
0.0641199
0.064126
0.0641321
0.0641381
0.0641441
0.0641501
0.064156
0.0641619
0.0641678
0.0641736
0.0641794
0.0641852
0.0641909
0.0641966
0.0642022
0.0642079
0.0642134
0.064219
0.0642245
0.06423
0.0642354
0.0642408
0.0642462
0.0642516
0.0642568
0.0642621
0.0642673
0.0642725
0.0642777
0.0642828
0.0642879
0.0642929
0.0642979
0.0643029
0.0643078
0.0643127
0.0643176
0.0643224
0.0643272
0.0643319
0.0643366
0.0643413
0.064346
0.0643504
0.0643553
0.0643594
0.0643644
0.0633292
0.0633404
0.0633482
0.0633563
0.0633656
0.0633747
0.0633831
0.0633918
0.0634005
0.0634094
0.0634181
0.0634269
0.0634356
0.0634443
0.0634531
0.0634617
0.0634704
0.0634791
0.0634877
0.0634963
0.0635049
0.0635134
0.063522
0.0635305
0.063539
0.0635474
0.0635559
0.0635643
0.0635727
0.063581
0.0635894
0.0635977
0.0636059
0.0636142
0.0636224
0.0636306
0.0636388
0.0636469
0.0636551
0.0636632
0.0636712
0.0636793
0.0636873
0.0636953
0.0637032
0.0637111
0.063719
0.0637269
0.0637348
0.0637426
0.0637504
0.0637581
0.0637659
0.0637736
0.0637812
0.0637889
0.0637965
0.0638041
0.0638116
0.0638192
0.0638267
0.0638341
0.0638416
0.063849
0.0638564
0.0638637
0.0638711
0.0638783
0.0638856
0.0638928
0.0639
0.0639072
0.0639143
0.0639215
0.0639285
0.0639356
0.0639426
0.0639496
0.0639565
0.0639635
0.0639703
0.0639772
0.063984
0.0639908
0.0639976
0.0640043
0.064011
0.0640177
0.0640243
0.0640309
0.0640375
0.064044
0.0640505
0.064057
0.0640634
0.0640698
0.0640762
0.0640826
0.0640889
0.0640951
0.0641014
0.0641076
0.0641138
0.0641199
0.064126
0.0641321
0.0641381
0.0641441
0.0641501
0.064156
0.0641619
0.0641678
0.0641736
0.0641794
0.0641852
0.0641909
0.0641966
0.0642022
0.0642079
0.0642135
0.064219
0.0642245
0.06423
0.0642354
0.0642408
0.0642462
0.0642516
0.0642569
0.0642621
0.0642673
0.0642725
0.0642777
0.0642828
0.0642879
0.0642929
0.0642979
0.0643029
0.0643078
0.0643127
0.0643176
0.0643224
0.0643272
0.0643319
0.0643366
0.0643413
0.064346
0.0643504
0.0643552
0.0643592
0.064364
0.0633406
0.0633491
0.0633557
0.0633656
0.0633747
0.0633831
0.0633917
0.0634005
0.0634093
0.0634181
0.0634269
0.0634356
0.0634443
0.0634531
0.0634618
0.0634704
0.0634791
0.0634877
0.0634963
0.0635049
0.0635135
0.063522
0.0635305
0.063539
0.0635474
0.0635559
0.0635643
0.0635727
0.063581
0.0635894
0.0635977
0.0636059
0.0636142
0.0636224
0.0636306
0.0636388
0.0636469
0.0636551
0.0636632
0.0636712
0.0636793
0.0636873
0.0636953
0.0637032
0.0637111
0.0637191
0.0637269
0.0637348
0.0637426
0.0637504
0.0637581
0.0637659
0.0637736
0.0637812
0.0637889
0.0637965
0.0638041
0.0638117
0.0638192
0.0638267
0.0638342
0.0638416
0.063849
0.0638564
0.0638637
0.0638711
0.0638783
0.0638856
0.0638928
0.0639
0.0639072
0.0639143
0.0639215
0.0639285
0.0639356
0.0639426
0.0639496
0.0639565
0.0639635
0.0639703
0.0639772
0.063984
0.0639908
0.0639976
0.0640043
0.064011
0.0640177
0.0640243
0.0640309
0.0640375
0.064044
0.0640505
0.064057
0.0640634
0.0640699
0.0640762
0.0640826
0.0640889
0.0640951
0.0641014
0.0641076
0.0641138
0.0641199
0.064126
0.0641321
0.0641381
0.0641441
0.0641501
0.064156
0.0641619
0.0641678
0.0641736
0.0641794
0.0641852
0.0641909
0.0641966
0.0642023
0.0642079
0.0642135
0.064219
0.0642245
0.06423
0.0642354
0.0642409
0.0642462
0.0642516
0.0642569
0.0642621
0.0642674
0.0642725
0.0642777
0.0642828
0.0642879
0.0642929
0.0642979
0.0643029
0.0643078
0.0643127
0.0643176
0.0643224
0.0643272
0.064332
0.0643366
0.0643413
0.064346
0.0643504
0.0643554
0.0643594
0.0643641
0.0633486
0.0633559
0.0633655
0.0633747
0.0633831
0.0633917
0.0634005
0.0634094
0.0634181
0.0634269
0.0634356
0.0634444
0.0634531
0.0634618
0.0634704
0.0634791
0.0634877
0.0634963
0.0635049
0.0635135
0.063522
0.0635305
0.063539
0.0635475
0.0635559
0.0635643
0.0635727
0.063581
0.0635894
0.0635977
0.063606
0.0636142
0.0636224
0.0636306
0.0636388
0.063647
0.0636551
0.0636632
0.0636712
0.0636793
0.0636873
0.0636953
0.0637032
0.0637112
0.0637191
0.0637269
0.0637348
0.0637426
0.0637504
0.0637581
0.0637659
0.0637736
0.0637812
0.0637889
0.0637965
0.0638041
0.0638117
0.0638192
0.0638267
0.0638342
0.0638416
0.063849
0.0638564
0.0638637
0.0638711
0.0638783
0.0638856
0.0638928
0.0639
0.0639072
0.0639143
0.0639215
0.0639285
0.0639356
0.0639426
0.0639496
0.0639565
0.0639635
0.0639703
0.0639772
0.063984
0.0639908
0.0639976
0.0640043
0.064011
0.0640177
0.0640243
0.0640309
0.0640375
0.064044
0.0640505
0.064057
0.0640634
0.0640699
0.0640762
0.0640826
0.0640889
0.0640951
0.0641014
0.0641076
0.0641138
0.0641199
0.064126
0.0641321
0.0641381
0.0641441
0.0641501
0.064156
0.0641619
0.0641678
0.0641736
0.0641794
0.0641852
0.0641909
0.0641966
0.0642023
0.0642079
0.0642135
0.064219
0.0642245
0.06423
0.0642354
0.0642409
0.0642462
0.0642516
0.0642569
0.0642621
0.0642674
0.0642725
0.0642777
0.0642828
0.0642879
0.0642929
0.0642979
0.0643029
0.0643078
0.0643127
0.0643176
0.0643224
0.0643272
0.064332
0.0643366
0.0643413
0.064346
0.0643504
0.0643552
0.0643593
0.0643645
)
;

boundaryField
{
    inlet
    {
        type            calculated;
        value           nonuniform List<scalar> 0();
    }
    outlet
    {
        type            calculated;
        value           nonuniform List<scalar> 0();
    }
    lowerWall
    {
        type            calculated;
        value           uniform 0;
    }
    upperWall
    {
        type            calculated;
        value           nonuniform List<scalar> 0();
    }
    frontAndBack
    {
        type            calculated;
        value           uniform 0;
    }
    procBoundary6to0
    {
        type            processor;
        value           nonuniform List<scalar> 
86
(
0.0211159
0.04619
0.04619
0.0576999
0.0576999
0.0616522
0.0616522
0.0627162
0.0629651
0.0629651
0.0630219
0.0630219
0.0630274
0.0630392
0.0630392
0.0630503
0.0630503
0.0630614
0.0630614
0.0630596
0.0630703
0.0630703
0.0630819
0.0630819
0.0630801
0.0630905
0.0630905
0.0631012
0.0631012
0.063112
0.063112
0.0631103
0.0631209
0.0631209
0.0631321
0.0631321
0.0631305
0.0631407
0.0631407
0.0631512
0.0631512
0.0631618
0.0631618
0.0631603
0.0631705
0.0631705
0.063181
0.063181
0.0631915
0.0631915
0.0631899
0.0632002
0.0632002
0.0632112
0.0632112
0.0632097
0.0632196
0.0632196
0.0632299
0.0632299
0.0632404
0.0632404
0.0632388
0.063249
0.063249
0.0632599
0.0632599
0.0632584
0.0632683
0.0632683
0.0632785
0.0632785
0.0632889
0.0632889
0.0632875
0.0632975
0.0632975
0.0633085
0.0633085
0.063307
0.0633171
0.0633171
0.0633271
0.0633271
0.0633393
0.0633393
)
;
    }
    procBoundary6to1
    {
        type            processor;
        value           nonuniform List<scalar> 
50
(
0.0247686
0.0491955
0.0597305
0.0632099
0.0641291
0.0643303
0.0643678
0.0643738
0.0643747
0.0643748
0.0643748
0.0643748
0.0643748
0.0643748
0.0643748
0.0643748
0.0643748
0.0643748
0.0643748
0.0643748
0.0643748
0.0643749
0.0643749
0.064375
0.064375
0.0643751
0.0643752
0.0643753
0.0643754
0.0643754
0.0643756
0.0643756
0.0643759
0.0643709
0.0643709
0.0643709
0.0643707
0.0643706
0.0643705
0.0643704
0.0643704
0.0643704
0.0643704
0.0643704
0.0643704
0.0643706
0.0643705
0.0643708
0.0643706
0.0643709
)
;
    }
    procBoundary6to4
    {
        type            processor;
        value           uniform 0.0643702;
    }
    procBoundary6to9
    {
        type            processor;
        value           nonuniform List<scalar> 
148
(
0.0633479
0.0633555
0.0633652
0.0633745
0.0633831
0.0633917
0.0634005
0.0634093
0.0634181
0.0634269
0.0634356
0.0634444
0.0634531
0.0634618
0.0634704
0.0634791
0.0634877
0.0634963
0.0635049
0.0635135
0.063522
0.0635305
0.063539
0.0635475
0.0635559
0.0635643
0.0635727
0.063581
0.0635894
0.0635977
0.063606
0.0636142
0.0636224
0.0636306
0.0636388
0.063647
0.0636551
0.0636632
0.0636712
0.0636793
0.0636873
0.0636953
0.0637032
0.0637112
0.0637191
0.0637269
0.0637348
0.0637426
0.0637504
0.0637581
0.0637659
0.0637736
0.0637812
0.0637889
0.0637965
0.0638041
0.0638117
0.0638192
0.0638267
0.0638342
0.0638416
0.063849
0.0638564
0.0638637
0.0638711
0.0638783
0.0638856
0.0638928
0.0639
0.0639072
0.0639143
0.0639215
0.0639285
0.0639356
0.0639426
0.0639496
0.0639565
0.0639635
0.0639703
0.0639772
0.063984
0.0639908
0.0639976
0.0640043
0.064011
0.0640177
0.0640243
0.0640309
0.0640375
0.064044
0.0640505
0.064057
0.0640635
0.0640699
0.0640762
0.0640826
0.0640889
0.0640951
0.0641014
0.0641076
0.0641138
0.0641199
0.064126
0.0641321
0.0641381
0.0641441
0.0641501
0.064156
0.0641619
0.0641678
0.0641736
0.0641794
0.0641852
0.0641909
0.0641966
0.0642023
0.0642079
0.0642135
0.064219
0.0642245
0.06423
0.0642355
0.0642409
0.0642462
0.0642516
0.0642569
0.0642621
0.0642674
0.0642725
0.0642777
0.0642828
0.0642879
0.0642929
0.0642979
0.0643029
0.0643078
0.0643127
0.0643176
0.0643224
0.0643272
0.064332
0.0643366
0.0643414
0.0643459
0.0643505
0.0643552
0.0643595
0.0643651
)
;
    }
}


// ************************************************************************* //
