/*--------------------------------*- C++ -*----------------------------------*\
| =========                 |                                                 |
| \\      /  F ield         | OpenFOAM: The Open Source CFD Toolbox           |
|  \\    /   O peration     | Version:  2512                                  |
|   \\  /    A nd           | Website:  www.openfoam.com                      |
|    \\/     M anipulation  |                                                 |
\*---------------------------------------------------------------------------*/
FoamFile
{
    version     2.0;
    format      ascii;
    arch        "LSB;label=32;scalar=64";
    class       labelList;
    location    "constant/polyMesh";
    object      cellProcAddressing;
}
// * * * * * * * * * * * * * * * * * * * * * * * * * * * * * * * * * * * * * //


8334
(
50815
50816
50817
50818
50819
50820
50821
50822
50823
50824
50825
50826
50827
50828
50829
50830
50831
50832
50833
50834
50835
50836
50837
50838
50839
50840
50841
50842
50843
50844
50845
50846
50847
50848
50849
50850
50851
50852
50853
50854
50855
50856
50857
50858
50859
50860
50861
50862
50863
50864
50865
50866
50867
50868
50869
50870
50871
50872
50873
50874
50875
50876
50877
50878
50879
50880
50881
50882
50883
50884
50885
50886
50887
50888
50889
50890
50891
50892
50893
50894
50895
50896
50897
50898
50899
50900
50901
50902
50903
50904
50905
50906
50907
50908
50909
50910
50911
50912
50913
50914
50915
50916
50917
50918
50919
50920
50921
50922
50923
50924
50925
50926
50927
50928
50929
50930
50931
50932
50933
50934
50935
50936
50937
50938
50939
50940
50941
50942
50943
50944
50945
50946
50947
50948
50949
50950
50951
50952
50953
50954
50955
50956
50957
50958
50959
50960
50961
50962
50963
50964
50965
50966
50967
50968
50969
50970
50971
50972
50973
50974
50975
50976
50977
50978
50979
50980
50981
50982
51816
51817
51818
51819
51820
51821
51822
51823
51824
51825
51826
51827
51828
51829
51830
51831
51832
51833
51834
51835
51836
51837
51838
51839
51840
51841
51842
51843
51844
51845
51846
51847
51848
51849
51850
51851
51852
51853
51854
51855
51856
51857
51858
51859
51860
51861
51862
51863
51864
51865
51866
51867
51868
51869
51870
51871
51872
51873
51874
51875
51876
51877
51878
51879
51880
51881
51882
51883
51884
51885
51886
51887
51888
51889
51890
51891
51892
51893
51894
51895
51896
51897
51898
51899
51900
51901
51902
51903
51904
51905
51906
51907
51908
51909
51910
51911
51912
51913
51914
51915
51916
51917
51918
51919
51920
51921
51922
51923
51924
51925
51926
51927
51928
51929
51930
51931
51932
51933
51934
51935
51936
51937
51938
51939
51940
51941
51942
51943
51944
51945
51946
51947
51948
51949
51950
51951
51952
51953
51954
51955
51956
51957
51958
51959
51960
51961
51962
51963
51964
51965
51966
51967
51968
51969
51970
51971
51972
51973
51974
51975
51976
51977
51978
51979
51980
51981
51982
51983
51984
51985
51986
51987
51988
51989
51990
51991
51992
51993
51994
51995
51996
51997
51998
51999
52817
52818
52819
52820
52821
52822
52823
52824
52825
52826
52827
52828
52829
52830
52831
52832
52833
52834
52835
52836
52837
52838
52839
52840
52841
52842
52843
52844
52845
52846
52847
52848
52849
52850
52851
52852
52853
52854
52855
52856
52857
52858
52859
52860
52861
52862
52863
52864
52865
52866
52867
52868
52869
52870
52871
52872
52873
52874
52875
52876
52877
52878
52879
52880
52881
52882
52883
52884
52885
52886
52887
52888
52889
52890
52891
52892
52893
52894
52895
52896
52897
52898
52899
52900
52901
52902
52903
52904
52905
52906
52907
52908
52909
52910
52911
52912
52913
52914
52915
52916
52917
52918
52919
52920
52921
52922
52923
52924
52925
52926
52927
52928
52929
52930
52931
52932
52933
52934
52935
52936
52937
52938
52939
52940
52941
52942
52943
52944
52945
52946
52947
52948
52949
52950
52951
52952
52953
52954
52955
52956
52957
52958
52959
52960
52961
52962
52963
52964
52965
52966
52967
52968
52969
52970
52971
52972
52973
52974
52975
52976
52977
52978
52979
52980
52981
52982
52983
52984
52985
52986
52987
52988
52989
52990
52991
52992
52993
52994
52995
52996
52997
52998
52999
53818
53819
53820
53821
53822
53823
53824
53825
53826
53827
53828
53829
53830
53831
53832
53833
53834
53835
53836
53837
53838
53839
53840
53841
53842
53843
53844
53845
53846
53847
53848
53849
53850
53851
53852
53853
53854
53855
53856
53857
53858
53859
53860
53861
53862
53863
53864
53865
53866
53867
53868
53869
53870
53871
53872
53873
53874
53875
53876
53877
53878
53879
53880
53881
53882
53883
53884
53885
53886
53887
53888
53889
53890
53891
53892
53893
53894
53895
53896
53897
53898
53899
53900
53901
53902
53903
53904
53905
53906
53907
53908
53909
53910
53911
53912
53913
53914
53915
53916
53917
53918
53919
53920
53921
53922
53923
53924
53925
53926
53927
53928
53929
53930
53931
53932
53933
53934
53935
53936
53937
53938
53939
53940
53941
53942
53943
53944
53945
53946
53947
53948
53949
53950
53951
53952
53953
53954
53955
53956
53957
53958
53959
53960
53961
53962
53963
53964
53965
53966
53967
53968
53969
53970
53971
53972
53973
53974
53975
53976
53977
53978
53979
53980
53981
53982
53983
53984
53985
53986
53987
53988
53989
53990
53991
53992
53993
53994
53995
53996
53997
53998
53999
54818
54819
54820
54821
54822
54823
54824
54825
54826
54827
54828
54829
54830
54831
54832
54833
54834
54835
54836
54837
54838
54839
54840
54841
54842
54843
54844
54845
54846
54847
54848
54849
54850
54851
54852
54853
54854
54855
54856
54857
54858
54859
54860
54861
54862
54863
54864
54865
54866
54867
54868
54869
54870
54871
54872
54873
54874
54875
54876
54877
54878
54879
54880
54881
54882
54883
54884
54885
54886
54887
54888
54889
54890
54891
54892
54893
54894
54895
54896
54897
54898
54899
54900
54901
54902
54903
54904
54905
54906
54907
54908
54909
54910
54911
54912
54913
54914
54915
54916
54917
54918
54919
54920
54921
54922
54923
54924
54925
54926
54927
54928
54929
54930
54931
54932
54933
54934
54935
54936
54937
54938
54939
54940
54941
54942
54943
54944
54945
54946
54947
54948
54949
54950
54951
54952
54953
54954
54955
54956
54957
54958
54959
54960
54961
54962
54963
54964
54965
54966
54967
54968
54969
54970
54971
54972
54973
54974
54975
54976
54977
54978
54979
54980
54981
54982
54983
54984
54985
54986
54987
54988
54989
54990
54991
54992
54993
54994
54995
54996
54997
54998
54999
55819
55820
55821
55822
55823
55824
55825
55826
55827
55828
55829
55830
55831
55832
55833
55834
55835
55836
55837
55838
55839
55840
55841
55842
55843
55844
55845
55846
55847
55848
55849
55850
55851
55852
55853
55854
55855
55856
55857
55858
55859
55860
55861
55862
55863
55864
55865
55866
55867
55868
55869
55870
55871
55872
55873
55874
55875
55876
55877
55878
55879
55880
55881
55882
55883
55884
55885
55886
55887
55888
55889
55890
55891
55892
55893
55894
55895
55896
55897
55898
55899
55900
55901
55902
55903
55904
55905
55906
55907
55908
55909
55910
55911
55912
55913
55914
55915
55916
55917
55918
55919
55920
55921
55922
55923
55924
55925
55926
55927
55928
55929
55930
55931
55932
55933
55934
55935
55936
55937
55938
55939
55940
55941
55942
55943
55944
55945
55946
55947
55948
55949
55950
55951
55952
55953
55954
55955
55956
55957
55958
55959
55960
55961
55962
55963
55964
55965
55966
55967
55968
55969
55970
55971
55972
55973
55974
55975
55976
55977
55978
55979
55980
55981
55982
55983
55984
55985
55986
55987
55988
55989
55990
55991
55992
55993
55994
55995
55996
55997
55998
55999
56820
56821
56822
56823
56824
56825
56826
56827
56828
56829
56830
56831
56832
56833
56834
56835
56836
56837
56838
56839
56840
56841
56842
56843
56844
56845
56846
56847
56848
56849
56850
56851
56852
56853
56854
56855
56856
56857
56858
56859
56860
56861
56862
56863
56864
56865
56866
56867
56868
56869
56870
56871
56872
56873
56874
56875
56876
56877
56878
56879
56880
56881
56882
56883
56884
56885
56886
56887
56888
56889
56890
56891
56892
56893
56894
56895
56896
56897
56898
56899
56900
56901
56902
56903
56904
56905
56906
56907
56908
56909
56910
56911
56912
56913
56914
56915
56916
56917
56918
56919
56920
56921
56922
56923
56924
56925
56926
56927
56928
56929
56930
56931
56932
56933
56934
56935
56936
56937
56938
56939
56940
56941
56942
56943
56944
56945
56946
56947
56948
56949
56950
56951
56952
56953
56954
56955
56956
56957
56958
56959
56960
56961
56962
56963
56964
56965
56966
56967
56968
56969
56970
56971
56972
56973
56974
56975
56976
56977
56978
56979
56980
56981
56982
56983
56984
56985
56986
56987
56988
56989
56990
56991
56992
56993
56994
56995
56996
56997
56998
56999
57820
57821
57822
57823
57824
57825
57826
57827
57828
57829
57830
57831
57832
57833
57834
57835
57836
57837
57838
57839
57840
57841
57842
57843
57844
57845
57846
57847
57848
57849
57850
57851
57852
57853
57854
57855
57856
57857
57858
57859
57860
57861
57862
57863
57864
57865
57866
57867
57868
57869
57870
57871
57872
57873
57874
57875
57876
57877
57878
57879
57880
57881
57882
57883
57884
57885
57886
57887
57888
57889
57890
57891
57892
57893
57894
57895
57896
57897
57898
57899
57900
57901
57902
57903
57904
57905
57906
57907
57908
57909
57910
57911
57912
57913
57914
57915
57916
57917
57918
57919
57920
57921
57922
57923
57924
57925
57926
57927
57928
57929
57930
57931
57932
57933
57934
57935
57936
57937
57938
57939
57940
57941
57942
57943
57944
57945
57946
57947
57948
57949
57950
57951
57952
57953
57954
57955
57956
57957
57958
57959
57960
57961
57962
57963
57964
57965
57966
57967
57968
57969
57970
57971
57972
57973
57974
57975
57976
57977
57978
57979
57980
57981
57982
57983
57984
57985
57986
57987
57988
57989
57990
57991
57992
57993
57994
57995
57996
57997
57998
57999
58821
58822
58823
58824
58825
58826
58827
58828
58829
58830
58831
58832
58833
58834
58835
58836
58837
58838
58839
58840
58841
58842
58843
58844
58845
58846
58847
58848
58849
58850
58851
58852
58853
58854
58855
58856
58857
58858
58859
58860
58861
58862
58863
58864
58865
58866
58867
58868
58869
58870
58871
58872
58873
58874
58875
58876
58877
58878
58879
58880
58881
58882
58883
58884
58885
58886
58887
58888
58889
58890
58891
58892
58893
58894
58895
58896
58897
58898
58899
58900
58901
58902
58903
58904
58905
58906
58907
58908
58909
58910
58911
58912
58913
58914
58915
58916
58917
58918
58919
58920
58921
58922
58923
58924
58925
58926
58927
58928
58929
58930
58931
58932
58933
58934
58935
58936
58937
58938
58939
58940
58941
58942
58943
58944
58945
58946
58947
58948
58949
58950
58951
58952
58953
58954
58955
58956
58957
58958
58959
58960
58961
58962
58963
58964
58965
58966
58967
58968
58969
58970
58971
58972
58973
58974
58975
58976
58977
58978
58979
58980
58981
58982
58983
58984
58985
58986
58987
58988
58989
58990
58991
58992
58993
58994
58995
58996
58997
58998
58999
59822
59823
59824
59825
59826
59827
59828
59829
59830
59831
59832
59833
59834
59835
59836
59837
59838
59839
59840
59841
59842
59843
59844
59845
59846
59847
59848
59849
59850
59851
59852
59853
59854
59855
59856
59857
59858
59859
59860
59861
59862
59863
59864
59865
59866
59867
59868
59869
59870
59871
59872
59873
59874
59875
59876
59877
59878
59879
59880
59881
59882
59883
59884
59885
59886
59887
59888
59889
59890
59891
59892
59893
59894
59895
59896
59897
59898
59899
59900
59901
59902
59903
59904
59905
59906
59907
59908
59909
59910
59911
59912
59913
59914
59915
59916
59917
59918
59919
59920
59921
59922
59923
59924
59925
59926
59927
59928
59929
59930
59931
59932
59933
59934
59935
59936
59937
59938
59939
59940
59941
59942
59943
59944
59945
59946
59947
59948
59949
59950
59951
59952
59953
59954
59955
59956
59957
59958
59959
59960
59961
59962
59963
59964
59965
59966
59967
59968
59969
59970
59971
59972
59973
59974
59975
59976
59977
59978
59979
59980
59981
59982
59983
59984
59985
59986
59987
59988
59989
59990
59991
59992
59993
59994
59995
59996
59997
59998
59999
60823
60824
60825
60826
60827
60828
60829
60830
60831
60832
60833
60834
60835
60836
60837
60838
60839
60840
60841
60842
60843
60844
60845
60846
60847
60848
60849
60850
60851
60852
60853
60854
60855
60856
60857
60858
60859
60860
60861
60862
60863
60864
60865
60866
60867
60868
60869
60870
60871
60872
60873
60874
60875
60876
60877
60878
60879
60880
60881
60882
60883
60884
60885
60886
60887
60888
60889
60890
60891
60892
60893
60894
60895
60896
60897
60898
60899
60900
60901
60902
60903
60904
60905
60906
60907
60908
60909
60910
60911
60912
60913
60914
60915
60916
60917
60918
60919
60920
60921
60922
60923
60924
60925
60926
60927
60928
60929
60930
60931
60932
60933
60934
60935
60936
60937
60938
60939
60940
60941
60942
60943
60944
60945
60946
60947
60948
60949
60950
60951
60952
60953
60954
60955
60956
60957
60958
60959
60960
60961
60962
60963
60964
60965
60966
60967
60968
60969
60970
60971
60972
60973
60974
60975
60976
60977
60978
60979
60980
60981
60982
60983
60984
60985
60986
60987
60988
60989
60990
60991
60992
60993
60994
60995
60996
60997
60998
60999
61823
61824
61825
61826
61827
61828
61829
61830
61831
61832
61833
61834
61835
61836
61837
61838
61839
61840
61841
61842
61843
61844
61845
61846
61847
61848
61849
61850
61851
61852
61853
61854
61855
61856
61857
61858
61859
61860
61861
61862
61863
61864
61865
61866
61867
61868
61869
61870
61871
61872
61873
61874
61875
61876
61877
61878
61879
61880
61881
61882
61883
61884
61885
61886
61887
61888
61889
61890
61891
61892
61893
61894
61895
61896
61897
61898
61899
61900
61901
61902
61903
61904
61905
61906
61907
61908
61909
61910
61911
61912
61913
61914
61915
61916
61917
61918
61919
61920
61921
61922
61923
61924
61925
61926
61927
61928
61929
61930
61931
61932
61933
61934
61935
61936
61937
61938
61939
61940
61941
61942
61943
61944
61945
61946
61947
61948
61949
61950
61951
61952
61953
61954
61955
61956
61957
61958
61959
61960
61961
61962
61963
61964
61965
61966
61967
61968
61969
61970
61971
61972
61973
61974
61975
61976
61977
61978
61979
61980
61981
61982
61983
61984
61985
61986
61987
61988
61989
61990
61991
61992
61993
61994
61995
61996
61997
61998
61999
62824
62825
62826
62827
62828
62829
62830
62831
62832
62833
62834
62835
62836
62837
62838
62839
62840
62841
62842
62843
62844
62845
62846
62847
62848
62849
62850
62851
62852
62853
62854
62855
62856
62857
62858
62859
62860
62861
62862
62863
62864
62865
62866
62867
62868
62869
62870
62871
62872
62873
62874
62875
62876
62877
62878
62879
62880
62881
62882
62883
62884
62885
62886
62887
62888
62889
62890
62891
62892
62893
62894
62895
62896
62897
62898
62899
62900
62901
62902
62903
62904
62905
62906
62907
62908
62909
62910
62911
62912
62913
62914
62915
62916
62917
62918
62919
62920
62921
62922
62923
62924
62925
62926
62927
62928
62929
62930
62931
62932
62933
62934
62935
62936
62937
62938
62939
62940
62941
62942
62943
62944
62945
62946
62947
62948
62949
62950
62951
62952
62953
62954
62955
62956
62957
62958
62959
62960
62961
62962
62963
62964
62965
62966
62967
62968
62969
62970
62971
62972
62973
62974
62975
62976
62977
62978
62979
62980
62981
62982
62983
62984
62985
62986
62987
62988
62989
62990
62991
62992
62993
62994
62995
62996
62997
62998
62999
63825
63826
63827
63828
63829
63830
63831
63832
63833
63834
63835
63836
63837
63838
63839
63840
63841
63842
63843
63844
63845
63846
63847
63848
63849
63850
63851
63852
63853
63854
63855
63856
63857
63858
63859
63860
63861
63862
63863
63864
63865
63866
63867
63868
63869
63870
63871
63872
63873
63874
63875
63876
63877
63878
63879
63880
63881
63882
63883
63884
63885
63886
63887
63888
63889
63890
63891
63892
63893
63894
63895
63896
63897
63898
63899
63900
63901
63902
63903
63904
63905
63906
63907
63908
63909
63910
63911
63912
63913
63914
63915
63916
63917
63918
63919
63920
63921
63922
63923
63924
63925
63926
63927
63928
63929
63930
63931
63932
63933
63934
63935
63936
63937
63938
63939
63940
63941
63942
63943
63944
63945
63946
63947
63948
63949
63950
63951
63952
63953
63954
63955
63956
63957
63958
63959
63960
63961
63962
63963
63964
63965
63966
63967
63968
63969
63970
63971
63972
63973
63974
63975
63976
63977
63978
63979
63980
63981
63982
63983
63984
63985
63986
63987
63988
63989
63990
63991
63992
63993
63994
63995
63996
63997
63998
63999
64825
64826
64827
64828
64829
64830
64831
64832
64833
64834
64835
64836
64837
64838
64839
64840
64841
64842
64843
64844
64845
64846
64847
64848
64849
64850
64851
64852
64853
64854
64855
64856
64857
64858
64859
64860
64861
64862
64863
64864
64865
64866
64867
64868
64869
64870
64871
64872
64873
64874
64875
64876
64877
64878
64879
64880
64881
64882
64883
64884
64885
64886
64887
64888
64889
64890
64891
64892
64893
64894
64895
64896
64897
64898
64899
64900
64901
64902
64903
64904
64905
64906
64907
64908
64909
64910
64911
64912
64913
64914
64915
64916
64917
64918
64919
64920
64921
64922
64923
64924
64925
64926
64927
64928
64929
64930
64931
64932
64933
64934
64935
64936
64937
64938
64939
64940
64941
64942
64943
64944
64945
64946
64947
64948
64949
64950
64951
64952
64953
64954
64955
64956
64957
64958
64959
64960
64961
64962
64963
64964
64965
64966
64967
64968
64969
64970
64971
64972
64973
64974
64975
64976
64977
64978
64979
64980
64981
64982
64983
64984
64985
64986
64987
64988
64989
64990
64991
64992
64993
64994
64995
64996
64997
64998
64999
65826
65827
65828
65829
65830
65831
65832
65833
65834
65835
65836
65837
65838
65839
65840
65841
65842
65843
65844
65845
65846
65847
65848
65849
65850
65851
65852
65853
65854
65855
65856
65857
65858
65859
65860
65861
65862
65863
65864
65865
65866
65867
65868
65869
65870
65871
65872
65873
65874
65875
65876
65877
65878
65879
65880
65881
65882
65883
65884
65885
65886
65887
65888
65889
65890
65891
65892
65893
65894
65895
65896
65897
65898
65899
65900
65901
65902
65903
65904
65905
65906
65907
65908
65909
65910
65911
65912
65913
65914
65915
65916
65917
65918
65919
65920
65921
65922
65923
65924
65925
65926
65927
65928
65929
65930
65931
65932
65933
65934
65935
65936
65937
65938
65939
65940
65941
65942
65943
65944
65945
65946
65947
65948
65949
65950
65951
65952
65953
65954
65955
65956
65957
65958
65959
65960
65961
65962
65963
65964
65965
65966
65967
65968
65969
65970
65971
65972
65973
65974
65975
65976
65977
65978
65979
65980
65981
65982
65983
65984
65985
65986
65987
65988
65989
65990
65991
65992
65993
65994
65995
65996
65997
65998
65999
66827
66828
66829
66830
66831
66832
66833
66834
66835
66836
66837
66838
66839
66840
66841
66842
66843
66844
66845
66846
66847
66848
66849
66850
66851
66852
66853
66854
66855
66856
66857
66858
66859
66860
66861
66862
66863
66864
66865
66866
66867
66868
66869
66870
66871
66872
66873
66874
66875
66876
66877
66878
66879
66880
66881
66882
66883
66884
66885
66886
66887
66888
66889
66890
66891
66892
66893
66894
66895
66896
66897
66898
66899
66900
66901
66902
66903
66904
66905
66906
66907
66908
66909
66910
66911
66912
66913
66914
66915
66916
66917
66918
66919
66920
66921
66922
66923
66924
66925
66926
66927
66928
66929
66930
66931
66932
66933
66934
66935
66936
66937
66938
66939
66940
66941
66942
66943
66944
66945
66946
66947
66948
66949
66950
66951
66952
66953
66954
66955
66956
66957
66958
66959
66960
66961
66962
66963
66964
66965
66966
66967
66968
66969
66970
66971
66972
66973
66974
66975
66976
66977
66978
66979
66980
66981
66982
66983
66984
66985
66986
66987
66988
66989
66990
66991
66992
66993
66994
66995
66996
66997
66998
66999
67828
67829
67830
67831
67832
67833
67834
67835
67836
67837
67838
67839
67840
67841
67842
67843
67844
67845
67846
67847
67848
67849
67850
67851
67852
67853
67854
67855
67856
67857
67858
67859
67860
67861
67862
67863
67864
67865
67866
67867
67868
67869
67870
67871
67872
67873
67874
67875
67876
67877
67878
67879
67880
67881
67882
67883
67884
67885
67886
67887
67888
67889
67890
67891
67892
67893
67894
67895
67896
67897
67898
67899
67900
67901
67902
67903
67904
67905
67906
67907
67908
67909
67910
67911
67912
67913
67914
67915
67916
67917
67918
67919
67920
67921
67922
67923
67924
67925
67926
67927
67928
67929
67930
67931
67932
67933
67934
67935
67936
67937
67938
67939
67940
67941
67942
67943
67944
67945
67946
67947
67948
67949
67950
67951
67952
67953
67954
67955
67956
67957
67958
67959
67960
67961
67962
67963
67964
67965
67966
67967
67968
67969
67970
67971
67972
67973
67974
67975
67976
67977
67978
67979
67980
67981
67982
67983
67984
67985
67986
67987
67988
67989
67990
67991
67992
67993
67994
67995
67996
67997
67998
67999
68828
68829
68830
68831
68832
68833
68834
68835
68836
68837
68838
68839
68840
68841
68842
68843
68844
68845
68846
68847
68848
68849
68850
68851
68852
68853
68854
68855
68856
68857
68858
68859
68860
68861
68862
68863
68864
68865
68866
68867
68868
68869
68870
68871
68872
68873
68874
68875
68876
68877
68878
68879
68880
68881
68882
68883
68884
68885
68886
68887
68888
68889
68890
68891
68892
68893
68894
68895
68896
68897
68898
68899
68900
68901
68902
68903
68904
68905
68906
68907
68908
68909
68910
68911
68912
68913
68914
68915
68916
68917
68918
68919
68920
68921
68922
68923
68924
68925
68926
68927
68928
68929
68930
68931
68932
68933
68934
68935
68936
68937
68938
68939
68940
68941
68942
68943
68944
68945
68946
68947
68948
68949
68950
68951
68952
68953
68954
68955
68956
68957
68958
68959
68960
68961
68962
68963
68964
68965
68966
68967
68968
68969
68970
68971
68972
68973
68974
68975
68976
68977
68978
68979
68980
68981
68982
68983
68984
68985
68986
68987
68988
68989
68990
68991
68992
68993
68994
68995
68996
68997
68998
68999
69829
69830
69831
69832
69833
69834
69835
69836
69837
69838
69839
69840
69841
69842
69843
69844
69845
69846
69847
69848
69849
69850
69851
69852
69853
69854
69855
69856
69857
69858
69859
69860
69861
69862
69863
69864
69865
69866
69867
69868
69869
69870
69871
69872
69873
69874
69875
69876
69877
69878
69879
69880
69881
69882
69883
69884
69885
69886
69887
69888
69889
69890
69891
69892
69893
69894
69895
69896
69897
69898
69899
69900
69901
69902
69903
69904
69905
69906
69907
69908
69909
69910
69911
69912
69913
69914
69915
69916
69917
69918
69919
69920
69921
69922
69923
69924
69925
69926
69927
69928
69929
69930
69931
69932
69933
69934
69935
69936
69937
69938
69939
69940
69941
69942
69943
69944
69945
69946
69947
69948
69949
69950
69951
69952
69953
69954
69955
69956
69957
69958
69959
69960
69961
69962
69963
69964
69965
69966
69967
69968
69969
69970
69971
69972
69973
69974
69975
69976
69977
69978
69979
69980
69981
69982
69983
69984
69985
69986
69987
69988
69989
69990
69991
69992
69993
69994
69995
69996
69997
69998
69999
70830
70831
70832
70833
70834
70835
70836
70837
70838
70839
70840
70841
70842
70843
70844
70845
70846
70847
70848
70849
70850
70851
70852
70853
70854
70855
70856
70857
70858
70859
70860
70861
70862
70863
70864
70865
70866
70867
70868
70869
70870
70871
70872
70873
70874
70875
70876
70877
70878
70879
70880
70881
70882
70883
70884
70885
70886
70887
70888
70889
70890
70891
70892
70893
70894
70895
70896
70897
70898
70899
70900
70901
70902
70903
70904
70905
70906
70907
70908
70909
70910
70911
70912
70913
70914
70915
70916
70917
70918
70919
70920
70921
70922
70923
70924
70925
70926
70927
70928
70929
70930
70931
70932
70933
70934
70935
70936
70937
70938
70939
70940
70941
70942
70943
70944
70945
70946
70947
70948
70949
70950
70951
70952
70953
70954
70955
70956
70957
70958
70959
70960
70961
70962
70963
70964
70965
70966
70967
70968
70969
70970
70971
70972
70973
70974
70975
70976
70977
70978
70979
70980
70981
70982
70983
70984
70985
70986
70987
70988
70989
70990
70991
70992
70993
70994
70995
70996
70997
70998
70999
71830
71831
71832
71833
71834
71835
71836
71837
71838
71839
71840
71841
71842
71843
71844
71845
71846
71847
71848
71849
71850
71851
71852
71853
71854
71855
71856
71857
71858
71859
71860
71861
71862
71863
71864
71865
71866
71867
71868
71869
71870
71871
71872
71873
71874
71875
71876
71877
71878
71879
71880
71881
71882
71883
71884
71885
71886
71887
71888
71889
71890
71891
71892
71893
71894
71895
71896
71897
71898
71899
71900
71901
71902
71903
71904
71905
71906
71907
71908
71909
71910
71911
71912
71913
71914
71915
71916
71917
71918
71919
71920
71921
71922
71923
71924
71925
71926
71927
71928
71929
71930
71931
71932
71933
71934
71935
71936
71937
71938
71939
71940
71941
71942
71943
71944
71945
71946
71947
71948
71949
71950
71951
71952
71953
71954
71955
71956
71957
71958
71959
71960
71961
71962
71963
71964
71965
71966
71967
71968
71969
71970
71971
71972
71973
71974
71975
71976
71977
71978
71979
71980
71981
71982
71983
71984
71985
71986
71987
71988
71989
71990
71991
71992
71993
71994
71995
71996
71997
71998
71999
72831
72832
72833
72834
72835
72836
72837
72838
72839
72840
72841
72842
72843
72844
72845
72846
72847
72848
72849
72850
72851
72852
72853
72854
72855
72856
72857
72858
72859
72860
72861
72862
72863
72864
72865
72866
72867
72868
72869
72870
72871
72872
72873
72874
72875
72876
72877
72878
72879
72880
72881
72882
72883
72884
72885
72886
72887
72888
72889
72890
72891
72892
72893
72894
72895
72896
72897
72898
72899
72900
72901
72902
72903
72904
72905
72906
72907
72908
72909
72910
72911
72912
72913
72914
72915
72916
72917
72918
72919
72920
72921
72922
72923
72924
72925
72926
72927
72928
72929
72930
72931
72932
72933
72934
72935
72936
72937
72938
72939
72940
72941
72942
72943
72944
72945
72946
72947
72948
72949
72950
72951
72952
72953
72954
72955
72956
72957
72958
72959
72960
72961
72962
72963
72964
72965
72966
72967
72968
72969
72970
72971
72972
72973
72974
72975
72976
72977
72978
72979
72980
72981
72982
72983
72984
72985
72986
72987
72988
72989
72990
72991
72992
72993
72994
72995
72996
72997
72998
72999
73832
73833
73834
73835
73836
73837
73838
73839
73840
73841
73842
73843
73844
73845
73846
73847
73848
73849
73850
73851
73852
73853
73854
73855
73856
73857
73858
73859
73860
73861
73862
73863
73864
73865
73866
73867
73868
73869
73870
73871
73872
73873
73874
73875
73876
73877
73878
73879
73880
73881
73882
73883
73884
73885
73886
73887
73888
73889
73890
73891
73892
73893
73894
73895
73896
73897
73898
73899
73900
73901
73902
73903
73904
73905
73906
73907
73908
73909
73910
73911
73912
73913
73914
73915
73916
73917
73918
73919
73920
73921
73922
73923
73924
73925
73926
73927
73928
73929
73930
73931
73932
73933
73934
73935
73936
73937
73938
73939
73940
73941
73942
73943
73944
73945
73946
73947
73948
73949
73950
73951
73952
73953
73954
73955
73956
73957
73958
73959
73960
73961
73962
73963
73964
73965
73966
73967
73968
73969
73970
73971
73972
73973
73974
73975
73976
73977
73978
73979
73980
73981
73982
73983
73984
73985
73986
73987
73988
73989
73990
73991
73992
73993
73994
73995
73996
73997
73998
73999
74833
74834
74835
74836
74837
74838
74839
74840
74841
74842
74843
74844
74845
74846
74847
74848
74849
74850
74851
74852
74853
74854
74855
74856
74857
74858
74859
74860
74861
74862
74863
74864
74865
74866
74867
74868
74869
74870
74871
74872
74873
74874
74875
74876
74877
74878
74879
74880
74881
74882
74883
74884
74885
74886
74887
74888
74889
74890
74891
74892
74893
74894
74895
74896
74897
74898
74899
74900
74901
74902
74903
74904
74905
74906
74907
74908
74909
74910
74911
74912
74913
74914
74915
74916
74917
74918
74919
74920
74921
74922
74923
74924
74925
74926
74927
74928
74929
74930
74931
74932
74933
74934
74935
74936
74937
74938
74939
74940
74941
74942
74943
74944
74945
74946
74947
74948
74949
74950
74951
74952
74953
74954
74955
74956
74957
74958
74959
74960
74961
74962
74963
74964
74965
74966
74967
74968
74969
74970
74971
74972
74973
74974
74975
74976
74977
74978
74979
74980
74981
74982
74983
74984
74985
74986
74987
74988
74989
74990
74991
74992
74993
74994
74995
74996
74997
74998
74999
75833
75834
75835
75836
75837
75838
75839
75840
75841
75842
75843
75844
75845
75846
75847
75848
75849
75850
75851
75852
75853
75854
75855
75856
75857
75858
75859
75860
75861
75862
75863
75864
75865
75866
75867
75868
75869
75870
75871
75872
75873
75874
75875
75876
75877
75878
75879
75880
75881
75882
75883
75884
75885
75886
75887
75888
75889
75890
75891
75892
75893
75894
75895
75896
75897
75898
75899
75900
75901
75902
75903
75904
75905
75906
75907
75908
75909
75910
75911
75912
75913
75914
75915
75916
75917
75918
75919
75920
75921
75922
75923
75924
75925
75926
75927
75928
75929
75930
75931
75932
75933
75934
75935
75936
75937
75938
75939
75940
75941
75942
75943
75944
75945
75946
75947
75948
75949
75950
75951
75952
75953
75954
75955
75956
75957
75958
75959
75960
75961
75962
75963
75964
75965
75966
75967
75968
75969
75970
75971
75972
75973
75974
75975
75976
75977
75978
75979
75980
75981
75982
75983
75984
75985
75986
75987
75988
75989
75990
75991
75992
75993
75994
75995
75996
75997
75998
75999
76834
76835
76836
76837
76838
76839
76840
76841
76842
76843
76844
76845
76846
76847
76848
76849
76850
76851
76852
76853
76854
76855
76856
76857
76858
76859
76860
76861
76862
76863
76864
76865
76866
76867
76868
76869
76870
76871
76872
76873
76874
76875
76876
76877
76878
76879
76880
76881
76882
76883
76884
76885
76886
76887
76888
76889
76890
76891
76892
76893
76894
76895
76896
76897
76898
76899
76900
76901
76902
76903
76904
76905
76906
76907
76908
76909
76910
76911
76912
76913
76914
76915
76916
76917
76918
76919
76920
76921
76922
76923
76924
76925
76926
76927
76928
76929
76930
76931
76932
76933
76934
76935
76936
76937
76938
76939
76940
76941
76942
76943
76944
76945
76946
76947
76948
76949
76950
76951
76952
76953
76954
76955
76956
76957
76958
76959
76960
76961
76962
76963
76964
76965
76966
76967
76968
76969
76970
76971
76972
76973
76974
76975
76976
76977
76978
76979
76980
76981
76982
76983
76984
76985
76986
76987
76988
76989
76990
76991
76992
76993
76994
76995
76996
76997
76998
76999
77835
77836
77837
77838
77839
77840
77841
77842
77843
77844
77845
77846
77847
77848
77849
77850
77851
77852
77853
77854
77855
77856
77857
77858
77859
77860
77861
77862
77863
77864
77865
77866
77867
77868
77869
77870
77871
77872
77873
77874
77875
77876
77877
77878
77879
77880
77881
77882
77883
77884
77885
77886
77887
77888
77889
77890
77891
77892
77893
77894
77895
77896
77897
77898
77899
77900
77901
77902
77903
77904
77905
77906
77907
77908
77909
77910
77911
77912
77913
77914
77915
77916
77917
77918
77919
77920
77921
77922
77923
77924
77925
77926
77927
77928
77929
77930
77931
77932
77933
77934
77935
77936
77937
77938
77939
77940
77941
77942
77943
77944
77945
77946
77947
77948
77949
77950
77951
77952
77953
77954
77955
77956
77957
77958
77959
77960
77961
77962
77963
77964
77965
77966
77967
77968
77969
77970
77971
77972
77973
77974
77975
77976
77977
77978
77979
77980
77981
77982
77983
77984
77985
77986
77987
77988
77989
77990
77991
77992
77993
77994
77995
77996
77997
77998
77999
78835
78836
78837
78838
78839
78840
78841
78842
78843
78844
78845
78846
78847
78848
78849
78850
78851
78852
78853
78854
78855
78856
78857
78858
78859
78860
78861
78862
78863
78864
78865
78866
78867
78868
78869
78870
78871
78872
78873
78874
78875
78876
78877
78878
78879
78880
78881
78882
78883
78884
78885
78886
78887
78888
78889
78890
78891
78892
78893
78894
78895
78896
78897
78898
78899
78900
78901
78902
78903
78904
78905
78906
78907
78908
78909
78910
78911
78912
78913
78914
78915
78916
78917
78918
78919
78920
78921
78922
78923
78924
78925
78926
78927
78928
78929
78930
78931
78932
78933
78934
78935
78936
78937
78938
78939
78940
78941
78942
78943
78944
78945
78946
78947
78948
78949
78950
78951
78952
78953
78954
78955
78956
78957
78958
78959
78960
78961
78962
78963
78964
78965
78966
78967
78968
78969
78970
78971
78972
78973
78974
78975
78976
78977
78978
78979
78980
78981
78982
78983
78984
78985
78986
78987
78988
78989
78990
78991
78992
78993
78994
78995
78996
78997
78998
78999
79836
79837
79838
79839
79840
79841
79842
79843
79844
79845
79846
79847
79848
79849
79850
79851
79852
79853
79854
79855
79856
79857
79858
79859
79860
79861
79862
79863
79864
79865
79866
79867
79868
79869
79870
79871
79872
79873
79874
79875
79876
79877
79878
79879
79880
79881
79882
79883
79884
79885
79886
79887
79888
79889
79890
79891
79892
79893
79894
79895
79896
79897
79898
79899
79900
79901
79902
79903
79904
79905
79906
79907
79908
79909
79910
79911
79912
79913
79914
79915
79916
79917
79918
79919
79920
79921
79922
79923
79924
79925
79926
79927
79928
79929
79930
79931
79932
79933
79934
79935
79936
79937
79938
79939
79940
79941
79942
79943
79944
79945
79946
79947
79948
79949
79950
79951
79952
79953
79954
79955
79956
79957
79958
79959
79960
79961
79962
79963
79964
79965
79966
79967
79968
79969
79970
79971
79972
79973
79974
79975
79976
79977
79978
79979
79980
79981
79982
79983
79984
79985
79986
79987
79988
79989
79990
79991
79992
79993
79994
79995
79996
79997
79998
79999
80837
80838
80839
80840
80841
80842
80843
80844
80845
80846
80847
80848
80849
80850
80851
80852
80853
80854
80855
80856
80857
80858
80859
80860
80861
80862
80863
80864
80865
80866
80867
80868
80869
80870
80871
80872
80873
80874
80875
80876
80877
80878
80879
80880
80881
80882
80883
80884
80885
80886
80887
80888
80889
80890
80891
80892
80893
80894
80895
80896
80897
80898
80899
80900
80901
80902
80903
80904
80905
80906
80907
80908
80909
80910
80911
80912
80913
80914
80915
80916
80917
80918
80919
80920
80921
80922
80923
80924
80925
80926
80927
80928
80929
80930
80931
80932
80933
80934
80935
80936
80937
80938
80939
80940
80941
80942
80943
80944
80945
80946
80947
80948
80949
80950
80951
80952
80953
80954
80955
80956
80957
80958
80959
80960
80961
80962
80963
80964
80965
80966
80967
80968
80969
80970
80971
80972
80973
80974
80975
80976
80977
80978
80979
80980
80981
80982
80983
80984
80985
80986
80987
80988
80989
80990
80991
80992
80993
80994
80995
80996
80997
80998
80999
81838
81839
81840
81841
81842
81843
81844
81845
81846
81847
81848
81849
81850
81851
81852
81853
81854
81855
81856
81857
81858
81859
81860
81861
81862
81863
81864
81865
81866
81867
81868
81869
81870
81871
81872
81873
81874
81875
81876
81877
81878
81879
81880
81881
81882
81883
81884
81885
81886
81887
81888
81889
81890
81891
81892
81893
81894
81895
81896
81897
81898
81899
81900
81901
81902
81903
81904
81905
81906
81907
81908
81909
81910
81911
81912
81913
81914
81915
81916
81917
81918
81919
81920
81921
81922
81923
81924
81925
81926
81927
81928
81929
81930
81931
81932
81933
81934
81935
81936
81937
81938
81939
81940
81941
81942
81943
81944
81945
81946
81947
81948
81949
81950
81951
81952
81953
81954
81955
81956
81957
81958
81959
81960
81961
81962
81963
81964
81965
81966
81967
81968
81969
81970
81971
81972
81973
81974
81975
81976
81977
81978
81979
81980
81981
81982
81983
81984
81985
81986
81987
81988
81989
81990
81991
81992
81993
81994
81995
81996
81997
81998
81999
82838
82839
82840
82841
82842
82843
82844
82845
82846
82847
82848
82849
82850
82851
82852
82853
82854
82855
82856
82857
82858
82859
82860
82861
82862
82863
82864
82865
82866
82867
82868
82869
82870
82871
82872
82873
82874
82875
82876
82877
82878
82879
82880
82881
82882
82883
82884
82885
82886
82887
82888
82889
82890
82891
82892
82893
82894
82895
82896
82897
82898
82899
82900
82901
82902
82903
82904
82905
82906
82907
82908
82909
82910
82911
82912
82913
82914
82915
82916
82917
82918
82919
82920
82921
82922
82923
82924
82925
82926
82927
82928
82929
82930
82931
82932
82933
82934
82935
82936
82937
82938
82939
82940
82941
82942
82943
82944
82945
82946
82947
82948
82949
82950
82951
82952
82953
82954
82955
82956
82957
82958
82959
82960
82961
82962
82963
82964
82965
82966
82967
82968
82969
82970
82971
82972
82973
82974
82975
82976
82977
82978
82979
82980
82981
82982
82983
82984
82985
82986
82987
82988
82989
82990
82991
82992
82993
82994
82995
82996
82997
82998
82999
83839
83840
83841
83842
83843
83844
83845
83846
83847
83848
83849
83850
83851
83852
83853
83854
83855
83856
83857
83858
83859
83860
83861
83862
83863
83864
83865
83866
83867
83868
83869
83870
83871
83872
83873
83874
83875
83876
83877
83878
83879
83880
83881
83882
83883
83884
83885
83886
83887
83888
83889
83890
83891
83892
83893
83894
83895
83896
83897
83898
83899
83900
83901
83902
83903
83904
83905
83906
83907
83908
83909
83910
83911
83912
83913
83914
83915
83916
83917
83918
83919
83920
83921
83922
83923
83924
83925
83926
83927
83928
83929
83930
83931
83932
83933
83934
83935
83936
83937
83938
83939
83940
83941
83942
83943
83944
83945
83946
83947
83948
83949
83950
83951
83952
83953
83954
83955
83956
83957
83958
83959
83960
83961
83962
83963
83964
83965
83966
83967
83968
83969
83970
83971
83972
83973
83974
83975
83976
83977
83978
83979
83980
83981
83982
83983
83984
83985
83986
83987
83988
83989
83990
83991
83992
83993
83994
83995
83996
83997
83998
83999
84840
84841
84842
84843
84844
84845
84846
84847
84848
84849
84850
84851
84852
84853
84854
84855
84856
84857
84858
84859
84860
84861
84862
84863
84864
84865
84866
84867
84868
84869
84870
84871
84872
84873
84874
84875
84876
84877
84878
84879
84880
84881
84882
84883
84884
84885
84886
84887
84888
84889
84890
84891
84892
84893
84894
84895
84896
84897
84898
84899
84900
84901
84902
84903
84904
84905
84906
84907
84908
84909
84910
84911
84912
84913
84914
84915
84916
84917
84918
84919
84920
84921
84922
84923
84924
84925
84926
84927
84928
84929
84930
84931
84932
84933
84934
84935
84936
84937
84938
84939
84940
84941
84942
84943
84944
84945
84946
84947
84948
84949
84950
84951
84952
84953
84954
84955
84956
84957
84958
84959
84960
84961
84962
84963
84964
84965
84966
84967
84968
84969
84970
84971
84972
84973
84974
84975
84976
84977
84978
84979
84980
84981
84982
84983
84984
84985
84986
84987
84988
84989
84990
84991
84992
84993
84994
84995
84996
84997
84998
84999
85841
85842
85843
85844
85845
85846
85847
85848
85849
85850
85851
85852
85853
85854
85855
85856
85857
85858
85859
85860
85861
85862
85863
85864
85865
85866
85867
85868
85869
85870
85871
85872
85873
85874
85875
85876
85877
85878
85879
85880
85881
85882
85883
85884
85885
85886
85887
85888
85889
85890
85891
85892
85893
85894
85895
85896
85897
85898
85899
85900
85901
85902
85903
85904
85905
85906
85907
85908
85909
85910
85911
85912
85913
85914
85915
85916
85917
85918
85919
85920
85921
85922
85923
85924
85925
85926
85927
85928
85929
85930
85931
85932
85933
85934
85935
85936
85937
85938
85939
85940
85941
85942
85943
85944
85945
85946
85947
85948
85949
85950
85951
85952
85953
85954
85955
85956
85957
85958
85959
85960
85961
85962
85963
85964
85965
85966
85967
85968
85969
85970
85971
85972
85973
85974
85975
85976
85977
85978
85979
85980
85981
85982
85983
85984
85985
85986
85987
85988
85989
85990
85991
85992
85993
85994
85995
85996
85997
85998
85999
86841
86842
86843
86844
86845
86846
86847
86848
86849
86850
86851
86852
86853
86854
86855
86856
86857
86858
86859
86860
86861
86862
86863
86864
86865
86866
86867
86868
86869
86870
86871
86872
86873
86874
86875
86876
86877
86878
86879
86880
86881
86882
86883
86884
86885
86886
86887
86888
86889
86890
86891
86892
86893
86894
86895
86896
86897
86898
86899
86900
86901
86902
86903
86904
86905
86906
86907
86908
86909
86910
86911
86912
86913
86914
86915
86916
86917
86918
86919
86920
86921
86922
86923
86924
86925
86926
86927
86928
86929
86930
86931
86932
86933
86934
86935
86936
86937
86938
86939
86940
86941
86942
86943
86944
86945
86946
86947
86948
86949
86950
86951
86952
86953
86954
86955
86956
86957
86958
86959
86960
86961
86962
86963
86964
86965
86966
86967
86968
86969
86970
86971
86972
86973
86974
86975
86976
86977
86978
86979
86980
86981
86982
86983
86984
86985
86986
86987
86988
86989
86990
86991
86992
86993
86994
86995
86996
86997
86998
86999
87842
87843
87844
87845
87846
87847
87848
87849
87850
87851
87852
87853
87854
87855
87856
87857
87858
87859
87860
87861
87862
87863
87864
87865
87866
87867
87868
87869
87870
87871
87872
87873
87874
87875
87876
87877
87878
87879
87880
87881
87882
87883
87884
87885
87886
87887
87888
87889
87890
87891
87892
87893
87894
87895
87896
87897
87898
87899
87900
87901
87902
87903
87904
87905
87906
87907
87908
87909
87910
87911
87912
87913
87914
87915
87916
87917
87918
87919
87920
87921
87922
87923
87924
87925
87926
87927
87928
87929
87930
87931
87932
87933
87934
87935
87936
87937
87938
87939
87940
87941
87942
87943
87944
87945
87946
87947
87948
87949
87950
87951
87952
87953
87954
87955
87956
87957
87958
87959
87960
87961
87962
87963
87964
87965
87966
87967
87968
87969
87970
87971
87972
87973
87974
87975
87976
87977
87978
87979
87980
87981
87982
87983
87984
87985
87986
87987
87988
87989
87990
87991
87992
87993
87994
87995
87996
87997
87998
87999
88843
88844
88845
88846
88847
88848
88849
88850
88851
88852
88853
88854
88855
88856
88857
88858
88859
88860
88861
88862
88863
88864
88865
88866
88867
88868
88869
88870
88871
88872
88873
88874
88875
88876
88877
88878
88879
88880
88881
88882
88883
88884
88885
88886
88887
88888
88889
88890
88891
88892
88893
88894
88895
88896
88897
88898
88899
88900
88901
88902
88903
88904
88905
88906
88907
88908
88909
88910
88911
88912
88913
88914
88915
88916
88917
88918
88919
88920
88921
88922
88923
88924
88925
88926
88927
88928
88929
88930
88931
88932
88933
88934
88935
88936
88937
88938
88939
88940
88941
88942
88943
88944
88945
88946
88947
88948
88949
88950
88951
88952
88953
88954
88955
88956
88957
88958
88959
88960
88961
88962
88963
88964
88965
88966
88967
88968
88969
88970
88971
88972
88973
88974
88975
88976
88977
88978
88979
88980
88981
88982
88983
88984
88985
88986
88987
88988
88989
88990
88991
88992
88993
88994
88995
88996
88997
88998
88999
89843
89844
89845
89846
89847
89848
89849
89850
89851
89852
89853
89854
89855
89856
89857
89858
89859
89860
89861
89862
89863
89864
89865
89866
89867
89868
89869
89870
89871
89872
89873
89874
89875
89876
89877
89878
89879
89880
89881
89882
89883
89884
89885
89886
89887
89888
89889
89890
89891
89892
89893
89894
89895
89896
89897
89898
89899
89900
89901
89902
89903
89904
89905
89906
89907
89908
89909
89910
89911
89912
89913
89914
89915
89916
89917
89918
89919
89920
89921
89922
89923
89924
89925
89926
89927
89928
89929
89930
89931
89932
89933
89934
89935
89936
89937
89938
89939
89940
89941
89942
89943
89944
89945
89946
89947
89948
89949
89950
89951
89952
89953
89954
89955
89956
89957
89958
89959
89960
89961
89962
89963
89964
89965
89966
89967
89968
89969
89970
89971
89972
89973
89974
89975
89976
89977
89978
89979
89980
89981
89982
89983
89984
89985
89986
89987
89988
89989
89990
89991
89992
89993
89994
89995
89996
89997
89998
89999
90844
90845
90846
90847
90848
90849
90850
90851
90852
90853
90854
90855
90856
90857
90858
90859
90860
90861
90862
90863
90864
90865
90866
90867
90868
90869
90870
90871
90872
90873
90874
90875
90876
90877
90878
90879
90880
90881
90882
90883
90884
90885
90886
90887
90888
90889
90890
90891
90892
90893
90894
90895
90896
90897
90898
90899
90900
90901
90902
90903
90904
90905
90906
90907
90908
90909
90910
90911
90912
90913
90914
90915
90916
90917
90918
90919
90920
90921
90922
90923
90924
90925
90926
90927
90928
90929
90930
90931
90932
90933
90934
90935
90936
90937
90938
90939
90940
90941
90942
90943
90944
90945
90946
90947
90948
90949
90950
90951
90952
90953
90954
90955
90956
90957
90958
90959
90960
90961
90962
90963
90964
90965
90966
90967
90968
90969
90970
90971
90972
90973
90974
90975
90976
90977
90978
90979
90980
90981
90982
90983
90984
90985
90986
90987
90988
90989
90990
90991
90992
90993
90994
90995
90996
90997
90998
90999
91845
91846
91847
91848
91849
91850
91851
91852
91853
91854
91855
91856
91857
91858
91859
91860
91861
91862
91863
91864
91865
91866
91867
91868
91869
91870
91871
91872
91873
91874
91875
91876
91877
91878
91879
91880
91881
91882
91883
91884
91885
91886
91887
91888
91889
91890
91891
91892
91893
91894
91895
91896
91897
91898
91899
91900
91901
91902
91903
91904
91905
91906
91907
91908
91909
91910
91911
91912
91913
91914
91915
91916
91917
91918
91919
91920
91921
91922
91923
91924
91925
91926
91927
91928
91929
91930
91931
91932
91933
91934
91935
91936
91937
91938
91939
91940
91941
91942
91943
91944
91945
91946
91947
91948
91949
91950
91951
91952
91953
91954
91955
91956
91957
91958
91959
91960
91961
91962
91963
91964
91965
91966
91967
91968
91969
91970
91971
91972
91973
91974
91975
91976
91977
91978
91979
91980
91981
91982
91983
91984
91985
91986
91987
91988
91989
91990
91991
91992
91993
91994
91995
91996
91997
91998
91999
92846
92847
92848
92849
92850
92851
92852
92853
92854
92855
92856
92857
92858
92859
92860
92861
92862
92863
92864
92865
92866
92867
92868
92869
92870
92871
92872
92873
92874
92875
92876
92877
92878
92879
92880
92881
92882
92883
92884
92885
92886
92887
92888
92889
92890
92891
92892
92893
92894
92895
92896
92897
92898
92899
92900
92901
92902
92903
92904
92905
92906
92907
92908
92909
92910
92911
92912
92913
92914
92915
92916
92917
92918
92919
92920
92921
92922
92923
92924
92925
92926
92927
92928
92929
92930
92931
92932
92933
92934
92935
92936
92937
92938
92939
92940
92941
92942
92943
92944
92945
92946
92947
92948
92949
92950
92951
92952
92953
92954
92955
92956
92957
92958
92959
92960
92961
92962
92963
92964
92965
92966
92967
92968
92969
92970
92971
92972
92973
92974
92975
92976
92977
92978
92979
92980
92981
92982
92983
92984
92985
92986
92987
92988
92989
92990
92991
92992
92993
92994
92995
92996
92997
92998
92999
93846
93847
93848
93849
93850
93851
93852
93853
93854
93855
93856
93857
93858
93859
93860
93861
93862
93863
93864
93865
93866
93867
93868
93869
93870
93871
93872
93873
93874
93875
93876
93877
93878
93879
93880
93881
93882
93883
93884
93885
93886
93887
93888
93889
93890
93891
93892
93893
93894
93895
93896
93897
93898
93899
93900
93901
93902
93903
93904
93905
93906
93907
93908
93909
93910
93911
93912
93913
93914
93915
93916
93917
93918
93919
93920
93921
93922
93923
93924
93925
93926
93927
93928
93929
93930
93931
93932
93933
93934
93935
93936
93937
93938
93939
93940
93941
93942
93943
93944
93945
93946
93947
93948
93949
93950
93951
93952
93953
93954
93955
93956
93957
93958
93959
93960
93961
93962
93963
93964
93965
93966
93967
93968
93969
93970
93971
93972
93973
93974
93975
93976
93977
93978
93979
93980
93981
93982
93983
93984
93985
93986
93987
93988
93989
93990
93991
93992
93993
93994
93995
93996
93997
93998
93999
94847
94848
94849
94850
94851
94852
94853
94854
94855
94856
94857
94858
94859
94860
94861
94862
94863
94864
94865
94866
94867
94868
94869
94870
94871
94872
94873
94874
94875
94876
94877
94878
94879
94880
94881
94882
94883
94884
94885
94886
94887
94888
94889
94890
94891
94892
94893
94894
94895
94896
94897
94898
94899
94900
94901
94902
94903
94904
94905
94906
94907
94908
94909
94910
94911
94912
94913
94914
94915
94916
94917
94918
94919
94920
94921
94922
94923
94924
94925
94926
94927
94928
94929
94930
94931
94932
94933
94934
94935
94936
94937
94938
94939
94940
94941
94942
94943
94944
94945
94946
94947
94948
94949
94950
94951
94952
94953
94954
94955
94956
94957
94958
94959
94960
94961
94962
94963
94964
94965
94966
94967
94968
94969
94970
94971
94972
94973
94974
94975
94976
94977
94978
94979
94980
94981
94982
94983
94984
94985
94986
94987
94988
94989
94990
94991
94992
94993
94994
94995
94996
94997
94998
94999
95848
95849
95850
95851
95852
95853
95854
95855
95856
95857
95858
95859
95860
95861
95862
95863
95864
95865
95866
95867
95868
95869
95870
95871
95872
95873
95874
95875
95876
95877
95878
95879
95880
95881
95882
95883
95884
95885
95886
95887
95888
95889
95890
95891
95892
95893
95894
95895
95896
95897
95898
95899
95900
95901
95902
95903
95904
95905
95906
95907
95908
95909
95910
95911
95912
95913
95914
95915
95916
95917
95918
95919
95920
95921
95922
95923
95924
95925
95926
95927
95928
95929
95930
95931
95932
95933
95934
95935
95936
95937
95938
95939
95940
95941
95942
95943
95944
95945
95946
95947
95948
95949
95950
95951
95952
95953
95954
95955
95956
95957
95958
95959
95960
95961
95962
95963
95964
95965
95966
95967
95968
95969
95970
95971
95972
95973
95974
95975
95976
95977
95978
95979
95980
95981
95982
95983
95984
95985
95986
95987
95988
95989
95990
95991
95992
95993
95994
95995
95996
95997
95998
95999
96848
96849
96850
96851
96852
96853
96854
96855
96856
96857
96858
96859
96860
96861
96862
96863
96864
96865
96866
96867
96868
96869
96870
96871
96872
96873
96874
96875
96876
96877
96878
96879
96880
96881
96882
96883
96884
96885
96886
96887
96888
96889
96890
96891
96892
96893
96894
96895
96896
96897
96898
96899
96900
96901
96902
96903
96904
96905
96906
96907
96908
96909
96910
96911
96912
96913
96914
96915
96916
96917
96918
96919
96920
96921
96922
96923
96924
96925
96926
96927
96928
96929
96930
96931
96932
96933
96934
96935
96936
96937
96938
96939
96940
96941
96942
96943
96944
96945
96946
96947
96948
96949
96950
96951
96952
96953
96954
96955
96956
96957
96958
96959
96960
96961
96962
96963
96964
96965
96966
96967
96968
96969
96970
96971
96972
96973
96974
96975
96976
96977
96978
96979
96980
96981
96982
96983
96984
96985
96986
96987
96988
96989
96990
96991
96992
96993
96994
96995
96996
96997
96998
96999
97849
97850
97851
97852
97853
97854
97855
97856
97857
97858
97859
97860
97861
97862
97863
97864
97865
97866
97867
97868
97869
97870
97871
97872
97873
97874
97875
97876
97877
97878
97879
97880
97881
97882
97883
97884
97885
97886
97887
97888
97889
97890
97891
97892
97893
97894
97895
97896
97897
97898
97899
97900
97901
97902
97903
97904
97905
97906
97907
97908
97909
97910
97911
97912
97913
97914
97915
97916
97917
97918
97919
97920
97921
97922
97923
97924
97925
97926
97927
97928
97929
97930
97931
97932
97933
97934
97935
97936
97937
97938
97939
97940
97941
97942
97943
97944
97945
97946
97947
97948
97949
97950
97951
97952
97953
97954
97955
97956
97957
97958
97959
97960
97961
97962
97963
97964
97965
97966
97967
97968
97969
97970
97971
97972
97973
97974
97975
97976
97977
97978
97979
97980
97981
97982
97983
97984
97985
97986
97987
97988
97989
97990
97991
97992
97993
97994
97995
97996
97997
97998
97999
98850
98851
98852
98853
98854
98855
98856
98857
98858
98859
98860
98861
98862
98863
98864
98865
98866
98867
98868
98869
98870
98871
98872
98873
98874
98875
98876
98877
98878
98879
98880
98881
98882
98883
98884
98885
98886
98887
98888
98889
98890
98891
98892
98893
98894
98895
98896
98897
98898
98899
98900
98901
98902
98903
98904
98905
98906
98907
98908
98909
98910
98911
98912
98913
98914
98915
98916
98917
98918
98919
98920
98921
98922
98923
98924
98925
98926
98927
98928
98929
98930
98931
98932
98933
98934
98935
98936
98937
98938
98939
98940
98941
98942
98943
98944
98945
98946
98947
98948
98949
98950
98951
98952
98953
98954
98955
98956
98957
98958
98959
98960
98961
98962
98963
98964
98965
98966
98967
98968
98969
98970
98971
98972
98973
98974
98975
98976
98977
98978
98979
98980
98981
98982
98983
98984
98985
98986
98987
98988
98989
98990
98991
98992
98993
98994
98995
98996
98997
98998
98999
99851
99852
99853
99854
99855
99856
99857
99858
99859
99860
99861
99862
99863
99864
99865
99866
99867
99868
99869
99870
99871
99872
99873
99874
99875
99876
99877
99878
99879
99880
99881
99882
99883
99884
99885
99886
99887
99888
99889
99890
99891
99892
99893
99894
99895
99896
99897
99898
99899
99900
99901
99902
99903
99904
99905
99906
99907
99908
99909
99910
99911
99912
99913
99914
99915
99916
99917
99918
99919
99920
99921
99922
99923
99924
99925
99926
99927
99928
99929
99930
99931
99932
99933
99934
99935
99936
99937
99938
99939
99940
99941
99942
99943
99944
99945
99946
99947
99948
99949
99950
99951
99952
99953
99954
99955
99956
99957
99958
99959
99960
99961
99962
99963
99964
99965
99966
99967
99968
99969
99970
99971
99972
99973
99974
99975
99976
99977
99978
99979
99980
99981
99982
99983
99984
99985
99986
99987
99988
99989
99990
99991
99992
99993
99994
99995
99996
99997
99998
99999
)


// ************************************************************************* //
