/*--------------------------------*- C++ -*----------------------------------*\
| =========                 |                                                 |
| \\      /  F ield         | OpenFOAM: The Open Source CFD Toolbox           |
|  \\    /   O peration     | Version:  2512                                  |
|   \\  /    A nd           | Website:  www.openfoam.com                      |
|    \\/     M anipulation  |                                                 |
\*---------------------------------------------------------------------------*/
FoamFile
{
    version     2.0;
    format      ascii;
    arch        "LSB;label=32;scalar=64";
    class       volScalarField;
    location    "0.1";
    object      p;
}
// * * * * * * * * * * * * * * * * * * * * * * * * * * * * * * * * * * * * * //

dimensions      [1 -1 -2 0 0 0 0];

internalField   nonuniform List<scalar> 
8333
(
-173.68
-174.351
-175.023
-175.697
-176.372
-177.048
-177.725
-178.403
-179.082
-179.763
-180.444
-181.126
-181.809
-182.494
-183.179
-183.865
-184.553
-185.241
-185.93
-186.621
-187.312
-188.004
-188.698
-189.392
-190.087
-190.783
-191.48
-192.178
-192.877
-193.577
-194.278
-194.98
-195.683
-196.387
-197.091
-197.797
-198.503
-199.21
-199.919
-200.628
-201.338
-202.049
-202.76
-203.473
-204.187
-204.901
-205.616
-206.332
-207.049
-207.767
-208.486
-209.205
-209.925
-210.647
-211.369
-212.091
-212.815
-213.539
-214.265
-214.991
-215.717
-216.445
-217.174
-217.903
-218.633
-219.364
-220.095
-220.828
-221.561
-222.295
-223.029
-223.765
-224.501
-225.238
-225.976
-226.714
-227.454
-228.193
-228.934
-229.676
-230.418
-231.161
-231.904
-232.648
-233.393
-234.139
-234.886
-235.633
-236.38
-237.129
-237.878
-238.628
-239.379
-240.13
-240.882
-241.634
-242.387
-243.141
-243.896
-244.651
-245.407
-246.163
-246.92
-247.678
-248.436
-249.195
-249.955
-250.715
-251.476
-252.237
-252.999
-253.762
-254.525
-255.289
-256.053
-256.818
-257.584
-258.35
-259.117
-259.884
-260.652
-261.42
-262.189
-262.959
-263.729
-264.499
-265.27
-266.042
-266.814
-267.587
-268.36
-269.134
-269.908
-270.682
-271.458
-272.233
-273.01
-273.786
-274.563
-275.341
-276.119
-276.898
-277.677
-278.456
-279.236
-280.017
-280.797
-281.579
-282.36
-283.142
-283.925
-284.708
-285.491
-286.275
-287.059
-287.844
-288.629
-289.415
-290.2
-290.987
-291.773
-292.56
-293.347
-294.135
-294.923
-295.712
-296.5
-297.289
-298.079
-298.869
-299.659
-300.449
-301.24
-302.031
-302.823
-303.614
-304.406
-305.199
-305.991
-306.784
-307.578
-308.371
-309.165
-309.959
-177.92
-178.592
-179.264
-179.938
-180.613
-181.289
-181.966
-182.644
-183.323
-184.004
-184.685
-185.367
-186.05
-186.735
-187.42
-188.106
-188.794
-189.482
-190.171
-190.862
-191.553
-192.245
-192.939
-193.633
-194.328
-195.024
-195.721
-196.42
-197.119
-197.819
-198.519
-199.221
-199.924
-200.628
-201.332
-202.038
-202.744
-203.452
-204.16
-204.869
-205.579
-206.29
-207.002
-207.714
-208.428
-209.142
-209.857
-210.573
-211.29
-212.008
-212.727
-213.446
-214.167
-214.888
-215.61
-216.332
-217.056
-217.781
-218.506
-219.232
-219.959
-220.686
-221.415
-222.144
-222.874
-223.605
-224.337
-225.069
-225.802
-226.536
-227.271
-228.006
-228.742
-229.479
-230.217
-230.956
-231.695
-232.435
-233.175
-233.917
-234.659
-235.402
-236.145
-236.89
-237.635
-238.38
-239.127
-239.874
-240.622
-241.37
-242.119
-242.869
-243.62
-244.371
-245.123
-245.875
-246.629
-247.382
-248.137
-248.892
-249.648
-250.404
-251.161
-251.919
-252.678
-253.437
-254.196
-254.956
-255.717
-256.479
-257.241
-258.003
-258.766
-259.53
-260.295
-261.06
-261.825
-262.591
-263.358
-264.125
-264.893
-265.662
-266.43
-267.2
-267.97
-268.741
-269.512
-270.283
-271.055
-271.828
-272.601
-273.375
-274.149
-274.924
-275.699
-276.475
-277.251
-278.028
-278.805
-279.582
-280.36
-281.139
-281.918
-282.698
-283.477
-284.258
-285.039
-285.82
-286.602
-287.384
-288.166
-288.949
-289.733
-290.517
-291.301
-292.085
-292.87
-293.656
-294.442
-295.228
-296.014
-296.801
-297.589
-298.376
-299.165
-299.953
-300.742
-301.531
-302.32
-303.11
-303.9
-304.691
-305.481
-306.273
-307.064
-307.856
-308.648
-309.44
-310.233
-311.026
-311.819
-312.612
-313.406
-314.2
-182.83
-183.503
-184.176
-184.851
-185.527
-186.204
-186.882
-187.562
-188.242
-188.923
-189.605
-190.289
-190.973
-191.658
-192.345
-193.032
-193.72
-194.41
-195.1
-195.791
-196.484
-197.177
-197.871
-198.566
-199.262
-199.96
-200.658
-201.357
-202.057
-202.758
-203.459
-204.162
-204.866
-205.57
-206.276
-206.982
-207.69
-208.398
-209.107
-209.817
-210.528
-211.24
-211.952
-212.666
-213.38
-214.095
-214.812
-215.528
-216.246
-216.965
-217.684
-218.405
-219.126
-219.848
-220.571
-221.294
-222.019
-222.744
-223.47
-224.197
-224.924
-225.653
-226.382
-227.112
-227.843
-228.575
-229.307
-230.04
-230.774
-231.509
-232.244
-232.98
-233.717
-234.455
-235.194
-235.933
-236.673
-237.413
-238.155
-238.897
-239.64
-240.383
-241.128
-241.873
-242.618
-243.365
-244.112
-244.86
-245.608
-246.357
-247.107
-247.858
-248.609
-249.361
-250.113
-250.867
-251.621
-252.375
-253.13
-253.886
-254.643
-255.4
-256.157
-256.916
-257.675
-258.434
-259.194
-259.955
-260.717
-261.479
-262.241
-263.005
-263.768
-264.533
-265.298
-266.063
-266.829
-267.596
-268.363
-269.131
-269.9
-270.669
-271.438
-272.208
-272.979
-273.75
-274.521
-275.293
-276.066
-276.839
-277.613
-278.387
-279.162
-279.937
-280.713
-281.489
-282.266
-283.043
-283.82
-284.599
-285.377
-286.156
-286.936
-287.716
-288.496
-289.277
-290.058
-290.84
-291.622
-292.404
-293.187
-293.971
-294.755
-295.539
-296.323
-297.109
-297.894
-298.68
-299.466
-300.253
-301.039
-301.827
-302.615
-303.403
-304.191
-304.98
-305.769
-306.558
-307.348
-308.138
-308.929
-309.719
-310.511
-311.302
-312.094
-312.886
-313.678
-314.471
-315.264
-316.057
-316.85
-317.644
-318.438
-187.74
-188.414
-189.089
-189.765
-190.442
-191.12
-191.8
-192.48
-193.161
-193.843
-194.527
-195.211
-195.896
-196.583
-197.27
-197.958
-198.648
-199.338
-200.029
-200.721
-201.415
-202.109
-202.804
-203.5
-204.198
-204.896
-205.595
-206.295
-206.995
-207.697
-208.4
-209.104
-209.808
-210.514
-211.22
-211.928
-212.636
-213.345
-214.055
-214.766
-215.478
-216.19
-216.904
-217.618
-218.333
-219.049
-219.766
-220.484
-221.203
-221.922
-222.643
-223.364
-224.086
-224.809
-225.532
-226.257
-226.982
-227.708
-228.435
-229.162
-229.891
-230.62
-231.35
-232.081
-232.813
-233.545
-234.278
-235.012
-235.747
-236.482
-237.218
-237.955
-238.693
-239.432
-240.171
-240.911
-241.651
-242.393
-243.135
-243.878
-244.621
-245.366
-246.111
-246.856
-247.603
-248.35
-249.098
-249.846
-250.595
-251.345
-252.096
-252.847
-253.599
-254.351
-255.105
-255.858
-256.613
-257.368
-258.124
-258.88
-259.638
-260.395
-261.154
-261.913
-262.672
-263.432
-264.193
-264.955
-265.717
-266.479
-267.243
-268.006
-268.771
-269.536
-270.301
-271.067
-271.834
-272.601
-273.369
-274.138
-274.906
-275.676
-276.446
-277.217
-277.988
-278.759
-279.531
-280.304
-281.077
-281.851
-282.625
-283.4
-284.175
-284.951
-285.727
-286.504
-287.281
-288.058
-288.836
-289.615
-290.394
-291.174
-291.953
-292.734
-293.515
-294.296
-295.078
-295.86
-296.642
-297.425
-298.209
-298.993
-299.777
-300.561
-301.346
-302.132
-302.918
-303.704
-304.49
-305.277
-306.065
-306.852
-307.64
-308.429
-309.218
-310.007
-310.796
-311.586
-312.376
-313.167
-313.957
-314.749
-315.54
-316.332
-317.124
-317.916
-318.709
-319.502
-320.295
-321.088
-321.882
-322.676
-192.652
-193.327
-194.003
-194.68
-195.358
-196.037
-196.718
-197.399
-198.081
-198.764
-199.449
-200.134
-200.82
-201.508
-202.196
-202.885
-203.576
-204.267
-204.959
-205.653
-206.347
-207.042
-207.738
-208.435
-209.134
-209.833
-210.533
-211.233
-211.935
-212.638
-213.342
-214.046
-214.752
-215.458
-216.166
-216.874
-217.583
-218.293
-219.004
-219.716
-220.428
-221.142
-221.856
-222.571
-223.287
-224.004
-224.722
-225.441
-226.16
-226.881
-227.602
-228.324
-229.046
-229.77
-230.495
-231.22
-231.946
-232.673
-233.4
-234.129
-234.858
-235.588
-236.319
-237.051
-237.783
-238.516
-239.25
-239.985
-240.72
-241.456
-242.193
-242.931
-243.669
-244.409
-245.149
-245.889
-246.631
-247.373
-248.116
-248.859
-249.604
-250.349
-251.094
-251.841
-252.588
-253.336
-254.084
-254.833
-255.583
-256.334
-257.085
-257.837
-258.589
-259.343
-260.096
-260.851
-261.606
-262.362
-263.118
-263.875
-264.633
-265.392
-266.151
-266.91
-267.67
-268.431
-269.193
-269.955
-270.717
-271.48
-272.244
-273.009
-273.774
-274.539
-275.305
-276.072
-276.839
-277.607
-278.375
-279.144
-279.914
-280.684
-281.454
-282.226
-282.997
-283.769
-284.542
-285.315
-286.089
-286.863
-287.638
-288.413
-289.189
-289.965
-290.741
-291.519
-292.296
-293.074
-293.853
-294.632
-295.411
-296.191
-296.972
-297.753
-298.534
-299.316
-300.098
-300.88
-301.663
-302.447
-303.23
-304.015
-304.799
-305.584
-306.37
-307.156
-307.942
-308.728
-309.515
-310.303
-311.09
-311.878
-312.667
-313.456
-314.245
-315.034
-315.824
-316.614
-317.405
-318.195
-318.986
-319.778
-320.57
-321.362
-322.154
-322.947
-323.74
-324.533
-325.326
-326.12
-326.914
-196.89
-197.565
-198.241
-198.918
-199.596
-200.275
-200.956
-201.637
-202.319
-203.002
-203.687
-204.372
-205.058
-205.746
-206.434
-207.123
-207.814
-208.505
-209.197
-209.891
-210.585
-211.28
-211.976
-212.673
-213.371
-214.07
-214.77
-215.471
-216.173
-216.876
-217.58
-218.284
-218.99
-219.696
-220.403
-221.112
-221.821
-222.531
-223.242
-223.953
-224.666
-225.38
-226.094
-226.809
-227.525
-228.242
-228.96
-229.679
-230.398
-231.118
-231.84
-232.562
-233.284
-234.008
-234.732
-235.458
-236.184
-236.911
-237.638
-238.367
-239.096
-239.826
-240.557
-241.288
-242.021
-242.754
-243.488
-244.223
-244.958
-245.694
-246.431
-247.169
-247.907
-248.647
-249.387
-250.127
-250.869
-251.611
-252.354
-253.097
-253.842
-254.587
-255.332
-256.079
-256.826
-257.574
-258.322
-259.071
-259.821
-260.572
-261.323
-262.075
-262.827
-263.58
-264.334
-265.089
-265.844
-266.6
-267.356
-268.113
-268.871
-269.629
-270.388
-271.148
-271.908
-272.669
-273.43
-274.193
-274.955
-275.718
-276.482
-277.247
-278.012
-278.777
-279.543
-280.31
-281.077
-281.845
-282.613
-283.382
-284.152
-284.922
-285.692
-286.463
-287.235
-288.007
-288.78
-289.553
-290.327
-291.101
-291.876
-292.651
-293.427
-294.203
-294.979
-295.757
-296.534
-297.312
-298.091
-298.87
-299.649
-300.429
-301.21
-301.991
-302.772
-303.553
-304.336
-305.118
-305.901
-306.685
-307.468
-308.253
-309.037
-309.822
-310.608
-311.394
-312.18
-312.966
-313.753
-314.541
-315.328
-316.116
-316.905
-317.694
-318.483
-319.272
-320.062
-320.852
-321.642
-322.433
-323.224
-324.016
-324.808
-325.6
-326.392
-327.185
-327.977
-328.771
-329.564
-330.358
-331.152
-201.803
-202.479
-203.156
-203.834
-204.513
-205.193
-205.875
-206.557
-207.24
-207.925
-208.61
-209.296
-209.984
-210.672
-211.361
-212.052
-212.743
-213.435
-214.128
-214.823
-215.518
-216.214
-216.911
-217.609
-218.308
-219.008
-219.709
-220.411
-221.114
-221.818
-222.522
-223.228
-223.934
-224.641
-225.35
-226.059
-226.769
-227.48
-228.191
-228.904
-229.618
-230.332
-231.047
-231.763
-232.48
-233.198
-233.917
-234.636
-235.356
-236.078
-236.8
-237.522
-238.246
-238.97
-239.696
-240.422
-241.149
-241.876
-242.605
-243.334
-244.064
-244.795
-245.526
-246.259
-246.992
-247.726
-248.461
-249.196
-249.932
-250.669
-251.407
-252.145
-252.885
-253.624
-254.365
-255.107
-255.849
-256.592
-257.335
-258.079
-258.824
-259.57
-260.317
-261.064
-261.811
-262.56
-263.309
-264.059
-264.81
-265.561
-266.313
-267.065
-267.818
-268.572
-269.327
-270.082
-270.838
-271.594
-272.351
-273.109
-273.867
-274.626
-275.386
-276.146
-276.907
-277.668
-278.43
-279.193
-279.956
-280.72
-281.484
-282.249
-283.015
-283.781
-284.548
-285.315
-286.083
-286.851
-287.62
-288.39
-289.16
-289.93
-290.701
-291.473
-292.245
-293.018
-293.791
-294.565
-295.339
-296.114
-296.889
-297.664
-298.441
-299.217
-299.994
-300.772
-301.55
-302.329
-303.108
-303.887
-304.667
-305.448
-306.228
-307.01
-307.791
-308.574
-309.356
-310.139
-310.922
-311.706
-312.491
-313.275
-314.06
-314.846
-315.631
-316.418
-317.204
-317.991
-318.778
-319.566
-320.354
-321.143
-321.931
-322.721
-323.51
-324.3
-325.09
-325.88
-326.671
-327.462
-328.254
-329.045
-329.837
-330.63
-331.422
-332.215
-333.009
-333.802
-334.596
-335.39
-206.717
-207.394
-208.072
-208.751
-209.431
-210.113
-210.795
-211.478
-212.162
-212.848
-213.534
-214.221
-214.91
-215.599
-216.289
-216.981
-217.673
-218.366
-219.061
-219.756
-220.452
-221.149
-221.847
-222.546
-223.246
-223.947
-224.649
-225.352
-226.055
-226.76
-227.466
-228.172
-228.879
-229.588
-230.297
-231.007
-231.718
-232.429
-233.142
-233.855
-234.57
-235.285
-236.001
-236.718
-237.436
-238.155
-238.874
-239.594
-240.315
-241.037
-241.76
-242.484
-243.208
-243.934
-244.66
-245.386
-246.114
-246.843
-247.572
-248.302
-249.033
-249.764
-250.497
-251.23
-251.964
-252.698
-253.434
-254.17
-254.907
-255.645
-256.383
-257.122
-257.862
-258.603
-259.344
-260.087
-260.829
-261.573
-262.317
-263.062
-263.808
-264.554
-265.302
-266.049
-266.798
-267.547
-268.297
-269.047
-269.799
-270.551
-271.303
-272.056
-272.81
-273.565
-274.32
-275.076
-275.832
-276.589
-277.347
-278.105
-278.864
-279.624
-280.384
-281.145
-281.906
-282.668
-283.431
-284.194
-284.958
-285.722
-286.487
-287.253
-288.019
-288.786
-289.553
-290.321
-291.089
-291.858
-292.628
-293.398
-294.168
-294.939
-295.711
-296.483
-297.256
-298.029
-298.803
-299.577
-300.351
-301.127
-301.902
-302.679
-303.455
-304.232
-305.01
-305.788
-306.567
-307.346
-308.125
-308.905
-309.686
-310.466
-311.248
-312.029
-312.811
-313.594
-314.377
-315.16
-315.944
-316.728
-317.513
-318.298
-319.084
-319.869
-320.656
-321.442
-322.229
-323.016
-323.804
-324.592
-325.381
-326.169
-326.958
-327.748
-328.538
-329.328
-330.118
-330.909
-331.7
-332.492
-333.283
-334.075
-334.868
-335.66
-336.453
-337.247
-338.04
-338.834
-339.628
-210.955
-211.632
-212.31
-212.989
-213.669
-214.35
-215.033
-215.716
-216.4
-217.086
-217.772
-218.459
-219.148
-219.837
-220.527
-221.219
-221.911
-222.604
-223.298
-223.994
-224.69
-225.387
-226.085
-226.784
-227.484
-228.185
-228.887
-229.59
-230.293
-230.998
-231.703
-232.41
-233.117
-233.825
-234.535
-235.245
-235.955
-236.667
-237.38
-238.093
-238.808
-239.523
-240.239
-240.956
-241.674
-242.392
-243.112
-243.832
-244.553
-245.275
-245.998
-246.722
-247.446
-248.171
-248.897
-249.624
-250.352
-251.08
-251.81
-252.54
-253.271
-254.002
-254.735
-255.468
-256.202
-256.936
-257.672
-258.408
-259.145
-259.883
-260.621
-261.36
-262.1
-262.841
-263.582
-264.325
-265.067
-265.811
-266.555
-267.3
-268.046
-268.792
-269.54
-270.287
-271.036
-271.785
-272.535
-273.285
-274.037
-274.788
-275.541
-276.294
-277.048
-277.803
-278.558
-279.314
-280.07
-280.827
-281.585
-282.343
-283.102
-283.862
-284.622
-285.383
-286.144
-286.906
-287.669
-288.432
-289.196
-289.96
-290.725
-291.491
-292.257
-293.024
-293.791
-294.559
-295.327
-296.096
-296.866
-297.636
-298.406
-299.177
-299.949
-300.721
-301.494
-302.267
-303.041
-303.815
-304.589
-305.365
-306.14
-306.916
-307.693
-308.47
-309.248
-310.026
-310.805
-311.584
-312.363
-313.143
-313.923
-314.704
-315.486
-316.267
-317.049
-317.832
-318.615
-319.398
-320.182
-320.966
-321.751
-322.536
-323.321
-324.107
-324.893
-325.68
-326.467
-327.254
-328.042
-328.83
-329.618
-330.407
-331.196
-331.986
-332.776
-333.566
-334.356
-335.147
-335.938
-336.73
-337.521
-338.313
-339.106
-339.898
-340.691
-341.484
-342.278
-343.072
-343.866
-215.869
-216.548
-217.227
-217.907
-218.588
-219.271
-219.954
-220.638
-221.323
-222.01
-222.697
-223.386
-224.075
-224.765
-225.457
-226.149
-226.842
-227.536
-228.232
-228.928
-229.625
-230.323
-231.022
-231.722
-232.423
-233.125
-233.828
-234.531
-235.236
-235.941
-236.648
-237.355
-238.063
-238.772
-239.482
-240.193
-240.905
-241.618
-242.331
-243.046
-243.761
-244.477
-245.194
-245.912
-246.63
-247.35
-248.07
-248.791
-249.513
-250.236
-250.96
-251.684
-252.409
-253.135
-253.862
-254.59
-255.318
-256.048
-256.778
-257.508
-258.24
-258.972
-259.706
-260.44
-261.174
-261.91
-262.646
-263.383
-264.121
-264.859
-265.598
-266.338
-267.079
-267.82
-268.562
-269.305
-270.049
-270.793
-271.538
-272.284
-273.03
-273.777
-274.525
-275.274
-276.023
-276.773
-277.523
-278.274
-279.026
-279.779
-280.532
-281.286
-282.041
-282.796
-283.552
-284.308
-285.065
-285.823
-286.581
-287.34
-288.1
-288.86
-289.621
-290.382
-291.144
-291.907
-292.67
-293.434
-294.198
-294.963
-295.729
-296.495
-297.262
-298.029
-298.797
-299.565
-300.334
-301.103
-301.873
-302.644
-303.415
-304.187
-304.959
-305.732
-306.505
-307.278
-308.053
-308.827
-309.603
-310.378
-311.154
-311.931
-312.708
-313.486
-314.264
-315.042
-315.822
-316.601
-317.381
-318.161
-318.942
-319.723
-320.505
-321.287
-322.07
-322.853
-323.636
-324.42
-325.204
-325.989
-326.774
-327.559
-328.345
-329.131
-329.918
-330.705
-331.492
-332.28
-333.068
-333.856
-334.645
-335.434
-336.224
-337.014
-337.804
-338.594
-339.385
-340.176
-340.967
-341.759
-342.551
-343.344
-344.136
-344.929
-345.722
-346.516
-347.31
-348.104
-220.785
-221.465
-222.145
-222.826
-223.508
-224.192
-224.876
-225.561
-226.248
-226.935
-227.623
-228.313
-229.003
-229.694
-230.387
-231.08
-231.774
-232.469
-233.166
-233.863
-234.561
-235.26
-235.96
-236.661
-237.363
-238.065
-238.769
-239.474
-240.179
-240.886
-241.593
-242.301
-243.01
-243.72
-244.431
-245.143
-245.856
-246.569
-247.284
-247.999
-248.715
-249.432
-250.15
-250.868
-251.588
-252.308
-253.029
-253.751
-254.474
-255.198
-255.922
-256.647
-257.373
-258.1
-258.828
-259.556
-260.286
-261.016
-261.746
-262.478
-263.21
-263.944
-264.677
-265.412
-266.148
-266.884
-267.621
-268.359
-269.097
-269.836
-270.576
-271.317
-272.058
-272.8
-273.543
-274.287
-275.031
-275.776
-276.522
-277.268
-278.015
-278.763
-279.512
-280.261
-281.011
-281.761
-282.512
-283.264
-284.017
-284.77
-285.524
-286.278
-287.034
-287.789
-288.546
-289.303
-290.061
-290.819
-291.578
-292.338
-293.098
-293.859
-294.62
-295.382
-296.145
-296.908
-297.672
-298.436
-299.201
-299.967
-300.733
-301.5
-302.267
-303.035
-303.803
-304.572
-305.341
-306.111
-306.882
-307.653
-308.425
-309.197
-309.969
-310.743
-311.516
-312.291
-313.065
-313.84
-314.616
-315.392
-316.169
-316.946
-317.724
-318.502
-319.28
-320.059
-320.839
-321.619
-322.399
-323.18
-323.961
-324.743
-325.525
-326.308
-327.091
-327.874
-328.658
-329.442
-330.227
-331.012
-331.797
-332.583
-333.369
-334.156
-334.943
-335.73
-336.518
-337.306
-338.094
-338.883
-339.672
-340.462
-341.251
-342.042
-342.832
-343.623
-344.414
-345.205
-345.997
-346.789
-347.581
-348.374
-349.167
-349.96
-350.754
-351.548
-352.342
-225.702
-226.383
-227.064
-227.746
-228.429
-229.114
-229.799
-230.486
-231.173
-231.861
-232.551
-233.241
-233.932
-234.625
-235.318
-236.012
-236.707
-237.403
-238.101
-238.799
-239.498
-240.198
-240.899
-241.601
-242.303
-243.007
-243.712
-244.417
-245.124
-245.831
-246.539
-247.248
-247.958
-248.669
-249.381
-250.094
-250.807
-251.521
-252.237
-252.953
-253.67
-254.388
-255.106
-255.826
-256.546
-257.267
-257.989
-258.712
-259.435
-260.16
-260.885
-261.611
-262.338
-263.066
-263.794
-264.523
-265.253
-265.984
-266.716
-267.448
-268.181
-268.915
-269.65
-270.386
-271.122
-271.859
-272.596
-273.335
-274.074
-274.814
-275.555
-276.296
-277.038
-277.781
-278.525
-279.269
-280.014
-280.76
-281.506
-282.253
-283.001
-283.75
-284.499
-285.249
-285.999
-286.75
-287.502
-288.255
-289.008
-289.762
-290.516
-291.272
-292.027
-292.784
-293.541
-294.299
-295.057
-295.816
-296.576
-297.336
-298.097
-298.858
-299.62
-300.383
-301.146
-301.91
-302.674
-303.439
-304.205
-304.971
-305.737
-306.505
-307.272
-308.041
-308.81
-309.579
-310.349
-311.12
-311.891
-312.663
-313.435
-314.207
-314.981
-315.754
-316.528
-317.303
-318.078
-318.854
-319.63
-320.407
-321.184
-321.962
-322.74
-323.518
-324.297
-325.077
-325.857
-326.637
-327.418
-328.199
-328.981
-329.763
-330.546
-331.329
-332.112
-332.896
-333.68
-334.465
-335.25
-336.035
-336.821
-337.607
-338.394
-339.181
-339.968
-340.756
-341.544
-342.332
-343.121
-343.91
-344.7
-345.489
-346.279
-347.07
-347.861
-348.652
-349.443
-350.235
-351.027
-351.819
-352.612
-353.405
-354.198
-354.992
-355.785
-356.58
-229.94
-230.62
-231.302
-231.984
-232.667
-233.352
-234.037
-234.723
-235.411
-236.099
-236.788
-237.479
-238.17
-238.862
-239.556
-240.25
-240.945
-241.641
-242.338
-243.037
-243.736
-244.436
-245.137
-245.838
-246.541
-247.245
-247.949
-248.655
-249.361
-250.069
-250.777
-251.486
-252.196
-252.907
-253.619
-254.331
-255.045
-255.759
-256.475
-257.191
-257.908
-258.625
-259.344
-260.064
-260.784
-261.505
-262.227
-262.95
-263.673
-264.398
-265.123
-265.849
-266.576
-267.304
-268.032
-268.761
-269.491
-270.222
-270.954
-271.686
-272.419
-273.153
-273.888
-274.623
-275.36
-276.097
-276.834
-277.573
-278.312
-279.052
-279.793
-280.534
-281.276
-282.019
-282.763
-283.507
-284.252
-284.998
-285.744
-286.491
-287.239
-287.987
-288.737
-289.486
-290.237
-290.988
-291.74
-292.493
-293.246
-294
-294.754
-295.509
-296.265
-297.022
-297.779
-298.536
-299.295
-300.054
-300.813
-301.574
-302.334
-303.096
-303.858
-304.621
-305.384
-306.148
-306.912
-307.677
-308.442
-309.209
-309.975
-310.743
-311.51
-312.279
-313.048
-313.817
-314.587
-315.358
-316.129
-316.9
-317.673
-318.445
-319.218
-319.992
-320.766
-321.541
-322.316
-323.092
-323.868
-324.645
-325.422
-326.2
-326.978
-327.756
-328.535
-329.315
-330.095
-330.875
-331.656
-332.437
-333.219
-334.001
-334.784
-335.567
-336.35
-337.134
-337.918
-338.703
-339.488
-340.273
-341.059
-341.845
-342.632
-343.419
-344.206
-344.994
-345.782
-346.57
-347.359
-348.148
-348.937
-349.727
-350.517
-351.308
-352.099
-352.89
-353.681
-354.473
-355.265
-356.057
-356.85
-357.643
-358.436
-359.23
-360.023
-360.817
-234.858
-235.539
-236.222
-236.905
-237.589
-238.275
-238.961
-239.649
-240.337
-241.026
-241.717
-242.408
-243.1
-243.794
-244.488
-245.183
-245.879
-246.576
-247.274
-247.973
-248.673
-249.374
-250.076
-250.779
-251.483
-252.187
-252.893
-253.599
-254.307
-255.015
-255.724
-256.434
-257.145
-257.857
-258.569
-259.283
-259.997
-260.712
-261.429
-262.146
-262.863
-263.582
-264.301
-265.022
-265.743
-266.465
-267.188
-267.911
-268.636
-269.361
-270.087
-270.814
-271.542
-272.27
-272.999
-273.729
-274.46
-275.192
-275.924
-276.657
-277.391
-278.126
-278.861
-279.598
-280.335
-281.072
-281.811
-282.55
-283.29
-284.031
-284.772
-285.514
-286.257
-287.001
-287.745
-288.49
-289.236
-289.982
-290.729
-291.477
-292.225
-292.975
-293.724
-294.475
-295.226
-295.978
-296.731
-297.484
-298.238
-298.992
-299.747
-300.503
-301.26
-302.017
-302.774
-303.533
-304.292
-305.051
-305.812
-306.572
-307.334
-308.096
-308.858
-309.622
-310.385
-311.15
-311.915
-312.68
-313.447
-314.213
-314.98
-315.748
-316.517
-317.286
-318.055
-318.825
-319.596
-320.367
-321.138
-321.911
-322.683
-323.456
-324.23
-325.004
-325.779
-326.554
-327.33
-328.106
-328.883
-329.66
-330.437
-331.216
-331.994
-332.773
-333.553
-334.333
-335.113
-335.894
-336.675
-337.457
-338.239
-339.021
-339.804
-340.588
-341.372
-342.156
-342.941
-343.726
-344.511
-345.297
-346.083
-346.87
-347.657
-348.444
-349.232
-350.02
-350.808
-351.597
-352.386
-353.175
-353.965
-354.755
-355.546
-356.337
-357.128
-357.919
-358.711
-359.503
-360.295
-361.088
-361.881
-362.674
-363.468
-364.261
-365.055
-239.777
-240.46
-241.143
-241.827
-242.513
-243.199
-243.886
-244.575
-245.264
-245.954
-246.646
-247.338
-248.031
-248.726
-249.421
-250.117
-250.814
-251.512
-252.211
-252.911
-253.612
-254.314
-255.017
-255.721
-256.425
-257.131
-257.837
-258.545
-259.253
-259.962
-260.672
-261.383
-262.095
-262.807
-263.521
-264.235
-264.95
-265.666
-266.383
-267.101
-267.82
-268.539
-269.26
-269.981
-270.703
-271.426
-272.149
-272.874
-273.599
-274.325
-275.052
-275.779
-276.508
-277.237
-277.967
-278.698
-279.43
-280.162
-280.895
-281.629
-282.364
-283.099
-283.835
-284.572
-285.31
-286.049
-286.788
-287.528
-288.268
-289.01
-289.752
-290.495
-291.238
-291.983
-292.728
-293.473
-294.22
-294.967
-295.715
-296.463
-297.212
-297.962
-298.713
-299.464
-300.216
-300.968
-301.722
-302.476
-303.23
-303.985
-304.741
-305.497
-306.255
-307.012
-307.771
-308.53
-309.289
-310.049
-310.81
-311.572
-312.334
-313.096
-313.86
-314.623
-315.388
-316.153
-316.918
-317.684
-318.451
-319.218
-319.986
-320.755
-321.524
-322.293
-323.063
-323.834
-324.605
-325.376
-326.148
-326.921
-327.694
-328.468
-329.242
-330.017
-330.792
-331.568
-332.344
-333.121
-333.898
-334.675
-335.453
-336.232
-337.011
-337.791
-338.57
-339.351
-340.132
-340.913
-341.695
-342.477
-343.259
-344.042
-344.826
-345.61
-346.394
-347.178
-347.963
-348.749
-349.535
-350.321
-351.108
-351.894
-352.682
-353.469
-354.258
-355.046
-355.835
-356.624
-357.413
-358.203
-358.993
-359.784
-360.574
-361.366
-362.157
-362.949
-363.741
-364.533
-365.326
-366.119
-366.912
-367.705
-368.499
-369.293
-244.697
-245.381
-246.065
-246.75
-247.437
-248.124
-248.813
-249.502
-250.192
-250.884
-251.576
-252.269
-252.963
-253.659
-254.355
-255.052
-255.75
-256.449
-257.149
-257.85
-258.552
-259.255
-259.958
-260.663
-261.369
-262.075
-262.782
-263.491
-264.2
-264.91
-265.621
-266.332
-267.045
-267.759
-268.473
-269.188
-269.904
-270.621
-271.339
-272.058
-272.777
-273.498
-274.219
-274.941
-275.663
-276.387
-277.112
-277.837
-278.563
-279.29
-280.017
-280.746
-281.475
-282.205
-282.936
-283.668
-284.4
-285.133
-285.867
-286.602
-287.337
-288.073
-288.81
-289.548
-290.287
-291.026
-291.766
-292.506
-293.248
-293.99
-294.733
-295.476
-296.221
-296.966
-297.711
-298.458
-299.205
-299.953
-300.701
-301.45
-302.2
-302.951
-303.702
-304.454
-305.206
-305.96
-306.713
-307.468
-308.223
-308.979
-309.735
-310.492
-311.25
-312.009
-312.768
-313.527
-314.287
-315.048
-315.81
-316.572
-317.334
-318.097
-318.861
-319.626
-320.391
-321.156
-321.922
-322.689
-323.456
-324.224
-324.992
-325.761
-326.531
-327.301
-328.071
-328.843
-329.614
-330.386
-331.159
-331.932
-332.706
-333.48
-334.255
-335.03
-335.806
-336.582
-337.359
-338.136
-338.913
-339.691
-340.47
-341.249
-342.028
-342.808
-343.589
-344.37
-345.151
-345.933
-346.715
-347.497
-348.28
-349.064
-349.848
-350.632
-351.416
-352.201
-352.987
-353.773
-354.559
-355.345
-356.132
-356.92
-357.707
-358.495
-359.284
-360.073
-360.862
-361.651
-362.441
-363.231
-364.022
-364.812
-365.603
-366.395
-367.187
-367.979
-368.771
-369.564
-370.357
-371.15
-371.943
-372.737
-373.531
-248.935
-249.619
-250.303
-250.988
-251.675
-252.362
-253.05
-253.74
-254.43
-255.121
-255.814
-256.507
-257.201
-257.896
-258.593
-259.29
-259.988
-260.687
-261.387
-262.088
-262.79
-263.493
-264.196
-264.901
-265.606
-266.313
-267.02
-267.729
-268.438
-269.148
-269.859
-270.57
-271.283
-271.997
-272.711
-273.426
-274.142
-274.859
-275.577
-276.296
-277.015
-277.735
-278.457
-279.179
-279.901
-280.625
-281.349
-282.075
-282.801
-283.528
-284.255
-284.984
-285.713
-286.443
-287.174
-287.905
-288.638
-289.371
-290.105
-290.84
-291.575
-292.311
-293.048
-293.786
-294.524
-295.264
-296.004
-296.744
-297.486
-298.228
-298.971
-299.714
-300.459
-301.204
-301.949
-302.696
-303.443
-304.191
-304.939
-305.688
-306.438
-307.189
-307.94
-308.692
-309.444
-310.197
-310.951
-311.706
-312.461
-313.217
-313.973
-314.73
-315.488
-316.246
-317.005
-317.765
-318.525
-319.286
-320.047
-320.81
-321.572
-322.335
-323.099
-323.864
-324.629
-325.394
-326.16
-326.927
-327.694
-328.462
-329.23
-329.999
-330.769
-331.539
-332.309
-333.08
-333.852
-334.624
-335.397
-336.17
-336.944
-337.718
-338.493
-339.268
-340.044
-340.82
-341.596
-342.374
-343.151
-343.929
-344.708
-345.487
-346.266
-347.046
-347.827
-348.608
-349.389
-350.17
-350.953
-351.735
-352.518
-353.302
-354.085
-354.87
-355.654
-356.439
-357.225
-358.011
-358.797
-359.583
-360.37
-361.158
-361.945
-362.733
-363.522
-364.311
-365.1
-365.889
-366.679
-367.469
-368.26
-369.05
-369.841
-370.633
-371.425
-372.217
-373.009
-373.802
-374.595
-375.388
-376.181
-376.975
-377.769
-253.856
-254.541
-255.226
-255.912
-256.6
-257.288
-257.977
-258.668
-259.359
-260.052
-260.745
-261.439
-262.134
-262.831
-263.528
-264.226
-264.925
-265.625
-266.326
-267.028
-267.73
-268.434
-269.139
-269.844
-270.551
-271.258
-271.966
-272.676
-273.386
-274.096
-274.808
-275.521
-276.234
-276.949
-277.664
-278.38
-279.097
-279.815
-280.534
-281.253
-281.973
-282.694
-283.416
-284.139
-284.863
-285.587
-286.313
-287.039
-287.765
-288.493
-289.222
-289.951
-290.681
-291.412
-292.143
-292.876
-293.609
-294.343
-295.077
-295.813
-296.549
-297.286
-298.024
-298.762
-299.501
-300.241
-300.982
-301.724
-302.466
-303.209
-303.952
-304.696
-305.441
-306.187
-306.934
-307.681
-308.428
-309.177
-309.926
-310.676
-311.426
-312.178
-312.93
-313.682
-314.435
-315.189
-315.944
-316.699
-317.455
-318.211
-318.968
-319.726
-320.484
-321.243
-322.003
-322.763
-323.524
-324.285
-325.047
-325.81
-326.573
-327.337
-328.101
-328.866
-329.632
-330.398
-331.165
-331.932
-332.7
-333.468
-334.237
-335.007
-335.777
-336.547
-337.318
-338.09
-338.862
-339.635
-340.408
-341.182
-341.956
-342.731
-343.506
-344.281
-345.058
-345.834
-346.611
-347.389
-348.167
-348.946
-349.725
-350.504
-351.284
-352.065
-352.845
-353.627
-354.408
-355.191
-355.973
-356.756
-357.539
-358.323
-359.108
-359.892
-360.677
-361.463
-362.248
-363.035
-363.821
-364.608
-365.396
-366.183
-366.971
-367.76
-368.548
-369.338
-370.127
-370.917
-371.707
-372.497
-373.288
-374.079
-374.871
-375.662
-376.455
-377.247
-378.04
-378.832
-379.626
-380.419
-381.213
-382.007
-258.778
-259.464
-260.15
-260.838
-261.526
-262.215
-262.906
-263.597
-264.289
-264.983
-265.677
-266.372
-267.068
-267.765
-268.464
-269.163
-269.863
-270.564
-271.265
-271.968
-272.672
-273.377
-274.082
-274.789
-275.496
-276.204
-276.913
-277.623
-278.334
-279.046
-279.759
-280.472
-281.187
-281.902
-282.618
-283.335
-284.053
-284.771
-285.491
-286.211
-286.932
-287.654
-288.377
-289.101
-289.825
-290.55
-291.276
-292.003
-292.731
-293.459
-294.189
-294.919
-295.65
-296.381
-297.114
-297.847
-298.581
-299.315
-300.051
-300.787
-301.524
-302.262
-303
-303.739
-304.479
-305.22
-305.961
-306.704
-307.446
-308.19
-308.934
-309.679
-310.425
-311.171
-311.919
-312.666
-313.415
-314.164
-314.914
-315.664
-316.416
-317.167
-317.92
-318.673
-319.427
-320.182
-320.937
-321.693
-322.449
-323.206
-323.964
-324.722
-325.481
-326.241
-327.001
-327.762
-328.523
-329.285
-330.048
-330.811
-331.575
-332.339
-333.104
-333.87
-334.636
-335.403
-336.17
-336.938
-337.706
-338.475
-339.245
-340.015
-340.785
-341.556
-342.328
-343.1
-343.873
-344.646
-345.42
-346.194
-346.968
-347.744
-348.519
-349.296
-350.072
-350.849
-351.627
-352.405
-353.184
-353.963
-354.742
-355.522
-356.302
-357.083
-357.865
-358.646
-359.428
-360.211
-360.994
-361.777
-362.561
-363.345
-364.13
-364.915
-365.701
-366.486
-367.273
-368.059
-368.846
-369.633
-370.421
-371.209
-371.998
-372.786
-373.575
-374.365
-375.155
-375.945
-376.735
-377.526
-378.317
-379.109
-379.9
-380.692
-381.485
-382.277
-383.07
-383.864
-384.657
-385.451
-386.245
-263.016
-263.702
-264.388
-265.075
-265.764
-266.453
-267.143
-267.835
-268.527
-269.22
-269.915
-270.61
-271.306
-272.003
-272.701
-273.4
-274.1
-274.801
-275.503
-276.206
-276.91
-277.614
-278.32
-279.026
-279.734
-280.442
-281.151
-281.861
-282.572
-283.284
-283.997
-284.71
-285.425
-286.14
-286.856
-287.573
-288.291
-289.009
-289.729
-290.449
-291.17
-291.892
-292.615
-293.339
-294.063
-294.788
-295.514
-296.241
-296.969
-297.697
-298.427
-299.157
-299.887
-300.619
-301.351
-302.085
-302.819
-303.553
-304.289
-305.025
-305.762
-306.5
-307.238
-307.977
-308.717
-309.458
-310.199
-310.941
-311.684
-312.428
-313.172
-313.917
-314.663
-315.409
-316.156
-316.904
-317.653
-318.402
-319.152
-319.902
-320.653
-321.405
-322.158
-322.911
-323.665
-324.42
-325.175
-325.931
-326.687
-327.444
-328.202
-328.96
-329.719
-330.479
-331.239
-332
-332.761
-333.523
-334.286
-335.049
-335.813
-336.577
-337.342
-338.108
-338.874
-339.641
-340.408
-341.176
-341.944
-342.713
-343.482
-344.252
-345.023
-345.794
-346.566
-347.338
-348.111
-348.884
-349.657
-350.432
-351.206
-351.982
-352.757
-353.533
-354.31
-355.087
-355.865
-356.643
-357.422
-358.201
-358.98
-359.76
-360.54
-361.321
-362.102
-362.884
-363.666
-364.449
-365.232
-366.015
-366.799
-367.583
-368.368
-369.153
-369.938
-370.724
-371.51
-372.297
-373.084
-373.871
-374.659
-375.447
-376.235
-377.024
-377.813
-378.603
-379.393
-380.183
-380.973
-381.764
-382.555
-383.347
-384.138
-384.93
-385.723
-386.515
-387.308
-388.101
-388.895
-389.689
-390.483
-267.939
-268.626
-269.313
-270.001
-270.691
-271.381
-272.073
-272.765
-273.458
-274.152
-274.848
-275.544
-276.241
-276.939
-277.638
-278.338
-279.039
-279.741
-280.444
-281.148
-281.852
-282.558
-283.264
-283.972
-284.68
-285.389
-286.099
-286.81
-287.522
-288.234
-288.948
-289.662
-290.378
-291.094
-291.811
-292.528
-293.247
-293.967
-294.687
-295.408
-296.13
-296.853
-297.576
-298.301
-299.026
-299.752
-300.479
-301.207
-301.935
-302.664
-303.395
-304.125
-304.857
-305.589
-306.322
-307.056
-307.791
-308.527
-309.263
-310
-310.737
-311.476
-312.215
-312.955
-313.696
-314.437
-315.179
-315.922
-316.666
-317.41
-318.155
-318.901
-319.647
-320.394
-321.142
-321.891
-322.64
-323.39
-324.14
-324.891
-325.643
-326.396
-327.149
-327.903
-328.657
-329.413
-330.168
-330.925
-331.682
-332.44
-333.198
-333.957
-334.717
-335.477
-336.238
-336.999
-337.761
-338.524
-339.287
-340.051
-340.815
-341.58
-342.346
-343.112
-343.879
-344.646
-345.414
-346.182
-346.951
-347.72
-348.49
-349.261
-350.032
-350.804
-351.576
-352.348
-353.122
-353.895
-354.67
-355.444
-356.219
-356.995
-357.771
-358.548
-359.325
-360.103
-360.881
-361.659
-362.438
-363.218
-363.998
-364.778
-365.559
-366.34
-367.122
-367.904
-368.687
-369.47
-370.253
-371.037
-371.821
-372.606
-373.391
-374.176
-374.962
-375.748
-376.535
-377.322
-378.109
-378.897
-379.685
-380.473
-381.262
-382.051
-382.841
-383.631
-384.421
-385.211
-386.002
-386.793
-387.584
-388.376
-389.168
-389.961
-390.753
-391.546
-392.339
-393.133
-393.927
-394.721
-272.863
-273.551
-274.239
-274.929
-275.619
-276.31
-277.003
-277.696
-278.39
-279.085
-279.782
-280.479
-281.177
-281.876
-282.576
-283.277
-283.979
-284.682
-285.385
-286.09
-286.796
-287.502
-288.21
-288.918
-289.627
-290.337
-291.048
-291.76
-292.472
-293.186
-293.9
-294.615
-295.332
-296.049
-296.766
-297.485
-298.204
-298.925
-299.646
-300.368
-301.091
-301.814
-302.539
-303.264
-303.99
-304.717
-305.445
-306.173
-306.902
-307.632
-308.363
-309.095
-309.827
-310.56
-311.294
-312.029
-312.764
-313.501
-314.238
-314.975
-315.714
-316.453
-317.193
-317.934
-318.675
-319.417
-320.16
-320.904
-321.648
-322.393
-323.139
-323.885
-324.632
-325.38
-326.128
-326.878
-327.628
-328.378
-329.129
-329.881
-330.634
-331.387
-332.141
-332.895
-333.65
-334.406
-335.163
-335.92
-336.678
-337.436
-338.195
-338.954
-339.715
-340.475
-341.237
-341.999
-342.762
-343.525
-344.289
-345.053
-345.818
-346.584
-347.35
-348.116
-348.884
-349.651
-350.42
-351.189
-351.958
-352.728
-353.499
-354.27
-355.042
-355.814
-356.586
-357.36
-358.133
-358.907
-359.682
-360.457
-361.233
-362.009
-362.786
-363.563
-364.341
-365.119
-365.897
-366.676
-367.456
-368.236
-369.016
-369.797
-370.578
-371.36
-372.142
-372.925
-373.708
-374.491
-375.275
-376.059
-376.844
-377.629
-378.414
-379.2
-379.986
-380.773
-381.56
-382.347
-383.135
-383.923
-384.711
-385.5
-386.289
-387.079
-387.868
-388.659
-389.449
-390.24
-391.031
-391.822
-392.614
-393.406
-394.198
-394.991
-395.784
-396.577
-397.371
-398.165
-398.959
-277.789
-278.477
-279.166
-279.857
-280.548
-281.24
-281.934
-282.628
-283.323
-284.019
-284.717
-285.415
-286.114
-286.814
-287.515
-288.217
-288.92
-289.623
-290.328
-291.034
-291.74
-292.447
-293.156
-293.865
-294.575
-295.286
-295.998
-296.71
-297.424
-298.138
-298.853
-299.569
-300.286
-301.004
-301.723
-302.442
-303.163
-303.884
-304.606
-305.329
-306.052
-306.777
-307.502
-308.228
-308.955
-309.682
-310.411
-311.14
-311.87
-312.601
-313.333
-314.065
-314.798
-315.532
-316.267
-317.002
-317.739
-318.476
-319.213
-319.952
-320.691
-321.431
-322.172
-322.913
-323.655
-324.398
-325.142
-325.886
-326.631
-327.377
-328.123
-328.87
-329.618
-330.366
-331.116
-331.865
-332.616
-333.367
-334.119
-334.872
-335.625
-336.379
-337.133
-337.888
-338.644
-339.401
-340.158
-340.915
-341.674
-342.433
-343.192
-343.953
-344.713
-345.475
-346.237
-346.999
-347.763
-348.527
-349.291
-350.056
-350.821
-351.588
-352.354
-353.122
-353.889
-354.658
-355.427
-356.196
-356.966
-357.737
-358.508
-359.279
-360.052
-360.824
-361.597
-362.371
-363.145
-363.92
-364.695
-365.471
-366.247
-367.024
-367.801
-368.579
-369.357
-370.135
-370.914
-371.694
-372.474
-373.254
-374.035
-374.816
-375.598
-376.38
-377.163
-377.946
-378.729
-379.513
-380.297
-381.082
-381.867
-382.652
-383.438
-384.224
-385.011
-385.798
-386.585
-387.373
-388.161
-388.949
-389.738
-390.527
-391.317
-392.106
-392.896
-393.687
-394.478
-395.269
-396.06
-396.852
-397.644
-398.436
-399.229
-400.022
-400.815
-401.609
-402.402
-403.197
-282.026
-282.715
-283.404
-284.094
-284.786
-285.478
-286.171
-286.866
-287.561
-288.257
-288.954
-289.653
-290.352
-291.052
-291.753
-292.455
-293.157
-293.861
-294.566
-295.271
-295.978
-296.685
-297.393
-298.103
-298.813
-299.524
-300.235
-300.948
-301.662
-302.376
-303.091
-303.807
-304.524
-305.242
-305.961
-306.68
-307.401
-308.122
-308.844
-309.566
-310.29
-311.015
-311.74
-312.466
-313.193
-313.92
-314.649
-315.378
-316.108
-316.839
-317.571
-318.303
-319.036
-319.77
-320.505
-321.24
-321.976
-322.713
-323.451
-324.19
-324.929
-325.669
-326.409
-327.151
-327.893
-328.636
-329.379
-330.124
-330.869
-331.614
-332.361
-333.108
-333.856
-334.604
-335.353
-336.103
-336.854
-337.605
-338.357
-339.109
-339.863
-340.617
-341.371
-342.126
-342.882
-343.638
-344.396
-345.153
-345.912
-346.671
-347.43
-348.19
-348.951
-349.713
-350.475
-351.237
-352.001
-352.764
-353.529
-354.294
-355.059
-355.825
-356.592
-357.359
-358.127
-358.896
-359.665
-360.434
-361.204
-361.975
-362.746
-363.517
-364.289
-365.062
-365.835
-366.609
-367.383
-368.158
-368.933
-369.709
-370.485
-371.262
-372.039
-372.816
-373.595
-374.373
-375.152
-375.932
-376.712
-377.492
-378.273
-379.054
-379.836
-380.618
-381.4
-382.183
-382.967
-383.751
-384.535
-385.32
-386.105
-386.89
-387.676
-388.462
-389.249
-390.036
-390.823
-391.611
-392.399
-393.187
-393.976
-394.765
-395.554
-396.344
-397.134
-397.925
-398.716
-399.507
-400.298
-401.09
-401.882
-402.674
-403.467
-404.26
-405.053
-405.847
-406.64
-407.434
-286.952
-287.642
-288.332
-289.024
-289.716
-290.409
-291.104
-291.799
-292.495
-293.192
-293.89
-294.589
-295.289
-295.99
-296.692
-297.395
-298.099
-298.804
-299.509
-300.216
-300.923
-301.631
-302.34
-303.05
-303.761
-304.473
-305.186
-305.899
-306.614
-307.329
-308.045
-308.762
-309.48
-310.199
-310.918
-311.638
-312.36
-313.082
-313.804
-314.528
-315.252
-315.978
-316.704
-317.431
-318.158
-318.887
-319.616
-320.346
-321.077
-321.808
-322.541
-323.274
-324.008
-324.743
-325.478
-326.214
-326.951
-327.689
-328.427
-329.167
-329.907
-330.647
-331.389
-332.131
-332.874
-333.617
-334.362
-335.107
-335.852
-336.599
-337.346
-338.094
-338.842
-339.591
-340.341
-341.092
-341.843
-342.595
-343.347
-344.101
-344.854
-345.609
-346.364
-347.12
-347.876
-348.633
-349.391
-350.15
-350.909
-351.668
-352.428
-353.189
-353.951
-354.713
-355.475
-356.238
-357.002
-357.767
-358.532
-359.297
-360.063
-360.83
-361.597
-362.365
-363.134
-363.902
-364.672
-365.442
-366.212
-366.984
-367.755
-368.527
-369.3
-370.073
-370.847
-371.621
-372.396
-373.171
-373.947
-374.723
-375.5
-376.277
-377.054
-377.832
-378.611
-379.39
-380.17
-380.949
-381.73
-382.511
-383.292
-384.074
-384.856
-385.638
-386.421
-387.205
-387.989
-388.773
-389.557
-390.342
-391.128
-391.914
-392.7
-393.487
-394.273
-395.061
-395.848
-396.637
-397.425
-398.214
-399.003
-399.792
-400.582
-401.372
-402.163
-402.954
-403.745
-404.536
-405.328
-406.12
-406.912
-407.705
-408.498
-409.291
-410.084
-410.878
-411.672
-291.88
-292.57
-293.261
-293.954
-294.647
-295.341
-296.037
-296.733
-297.43
-298.128
-298.827
-299.527
-300.228
-300.93
-301.633
-302.337
-303.041
-303.747
-304.453
-305.161
-305.869
-306.578
-307.288
-307.999
-308.711
-309.424
-310.137
-310.852
-311.567
-312.283
-313
-313.718
-314.436
-315.156
-315.876
-316.597
-317.319
-318.042
-318.766
-319.49
-320.216
-320.942
-321.668
-322.396
-323.125
-323.854
-324.584
-325.315
-326.046
-326.779
-327.512
-328.246
-328.98
-329.716
-330.452
-331.189
-331.927
-332.665
-333.405
-334.144
-334.885
-335.627
-336.369
-337.112
-337.855
-338.599
-339.344
-340.09
-340.837
-341.584
-342.331
-343.08
-343.829
-344.579
-345.33
-346.081
-346.833
-347.585
-348.338
-349.092
-349.847
-350.602
-351.358
-352.114
-352.871
-353.629
-354.387
-355.146
-355.906
-356.666
-357.427
-358.188
-358.95
-359.713
-360.476
-361.24
-362.005
-362.77
-363.535
-364.301
-365.068
-365.835
-366.603
-367.371
-368.14
-368.91
-369.68
-370.45
-371.221
-371.993
-372.765
-373.538
-374.311
-375.085
-375.859
-376.634
-377.409
-378.185
-378.961
-379.737
-380.515
-381.292
-382.07
-382.849
-383.628
-384.407
-385.187
-385.968
-386.749
-387.53
-388.312
-389.094
-389.876
-390.659
-391.443
-392.226
-393.011
-393.795
-394.58
-395.366
-396.152
-396.938
-397.724
-398.511
-399.299
-400.086
-400.874
-401.663
-402.452
-403.241
-404.03
-404.82
-405.61
-406.401
-407.191
-407.983
-408.774
-409.566
-410.358
-411.15
-411.943
-412.736
-413.529
-414.322
-415.116
-415.91
-296.117
-296.808
-297.499
-298.191
-298.885
-299.579
-300.274
-300.971
-301.668
-302.366
-303.065
-303.765
-304.466
-305.168
-305.871
-306.574
-307.279
-307.985
-308.691
-309.399
-310.107
-310.816
-311.526
-312.237
-312.949
-313.662
-314.375
-315.09
-315.805
-316.521
-317.238
-317.956
-318.674
-319.394
-320.114
-320.835
-321.557
-322.28
-323.004
-323.728
-324.453
-325.179
-325.906
-326.634
-327.362
-328.092
-328.822
-329.553
-330.284
-331.017
-331.75
-332.484
-333.218
-333.954
-334.69
-335.427
-336.165
-336.903
-337.642
-338.382
-339.123
-339.864
-340.607
-341.349
-342.093
-342.837
-343.582
-344.328
-345.074
-345.822
-346.569
-347.318
-348.067
-348.817
-349.567
-350.319
-351.071
-351.823
-352.576
-353.33
-354.085
-354.84
-355.596
-356.352
-357.109
-357.867
-358.625
-359.384
-360.144
-360.904
-361.665
-362.426
-363.188
-363.951
-364.714
-365.478
-366.242
-367.007
-367.773
-368.539
-369.306
-370.073
-370.841
-371.609
-372.378
-373.148
-373.918
-374.688
-375.459
-376.231
-377.003
-377.776
-378.549
-379.323
-380.097
-380.872
-381.647
-382.422
-383.199
-383.975
-384.752
-385.53
-386.308
-387.087
-387.866
-388.645
-389.425
-390.206
-390.986
-391.768
-392.549
-393.332
-394.114
-394.897
-395.681
-396.464
-397.249
-398.033
-398.818
-399.604
-400.39
-401.176
-401.962
-402.749
-403.537
-404.324
-405.112
-405.901
-406.69
-407.479
-408.268
-409.058
-409.848
-410.639
-411.429
-412.22
-413.012
-413.804
-414.596
-415.388
-416.181
-416.974
-417.767
-418.56
-419.354
-420.148
-301.045
-301.737
-302.429
-303.122
-303.817
-304.512
-305.208
-305.905
-306.604
-307.303
-308.003
-308.704
-309.406
-310.109
-310.812
-311.517
-312.223
-312.929
-313.636
-314.345
-315.054
-315.764
-316.475
-317.187
-317.899
-318.613
-319.327
-320.043
-320.759
-321.476
-322.193
-322.912
-323.632
-324.352
-325.073
-325.795
-326.518
-327.242
-327.966
-328.691
-329.417
-330.144
-330.872
-331.6
-332.33
-333.06
-333.79
-334.522
-335.254
-335.988
-336.721
-337.456
-338.192
-338.928
-339.665
-340.403
-341.141
-341.88
-342.62
-343.361
-344.102
-344.844
-345.587
-346.331
-347.075
-347.82
-348.566
-349.312
-350.059
-350.807
-351.556
-352.305
-353.055
-353.805
-354.557
-355.308
-356.061
-356.814
-357.568
-358.323
-359.078
-359.834
-360.59
-361.347
-362.105
-362.863
-363.622
-364.382
-365.142
-365.903
-366.664
-367.426
-368.189
-368.952
-369.716
-370.48
-371.245
-372.011
-372.777
-373.544
-374.311
-375.079
-375.847
-376.616
-377.386
-378.156
-378.926
-379.697
-380.469
-381.241
-382.014
-382.787
-383.561
-384.335
-385.109
-385.885
-386.66
-387.437
-388.213
-388.99
-389.768
-390.546
-391.325
-392.104
-392.883
-393.663
-394.444
-395.224
-396.006
-396.787
-397.569
-398.352
-399.135
-399.918
-400.702
-401.486
-402.271
-403.056
-403.842
-404.627
-405.414
-406.2
-406.987
-407.774
-408.562
-409.35
-410.139
-410.927
-411.717
-412.506
-413.296
-414.086
-414.876
-415.667
-416.458
-417.25
-418.041
-418.834
-419.626
-420.419
-421.211
-422.005
-422.798
-423.592
-424.386
-305.974
-306.667
-307.36
-308.054
-308.75
-309.446
-310.143
-310.841
-311.54
-312.241
-312.941
-313.643
-314.346
-315.05
-315.755
-316.46
-317.167
-317.874
-318.583
-319.292
-320.002
-320.713
-321.425
-322.137
-322.851
-323.565
-324.28
-324.997
-325.714
-326.431
-327.15
-327.869
-328.59
-329.311
-330.033
-330.756
-331.479
-332.204
-332.929
-333.655
-334.382
-335.11
-335.838
-336.567
-337.297
-338.028
-338.76
-339.492
-340.225
-340.959
-341.694
-342.43
-343.166
-343.903
-344.64
-345.379
-346.118
-346.858
-347.599
-348.34
-349.082
-349.825
-350.569
-351.313
-352.058
-352.804
-353.55
-354.297
-355.045
-355.794
-356.543
-357.293
-358.043
-358.794
-359.546
-360.299
-361.052
-361.806
-362.56
-363.316
-364.071
-364.828
-365.585
-366.343
-367.101
-367.86
-368.62
-369.38
-370.141
-370.902
-371.664
-372.427
-373.19
-373.954
-374.718
-375.483
-376.249
-377.015
-377.782
-378.549
-379.317
-380.085
-380.854
-381.623
-382.393
-383.164
-383.935
-384.707
-385.479
-386.252
-387.025
-387.798
-388.573
-389.347
-390.123
-390.898
-391.674
-392.451
-393.228
-394.006
-394.784
-395.563
-396.342
-397.121
-397.901
-398.681
-399.462
-400.244
-401.025
-401.807
-402.59
-403.373
-404.156
-404.94
-405.724
-406.509
-407.294
-408.079
-408.865
-409.651
-410.438
-411.225
-412.012
-412.8
-413.588
-414.377
-415.165
-415.954
-416.744
-417.534
-418.324
-419.114
-419.905
-420.696
-421.488
-422.279
-423.071
-423.864
-424.656
-425.449
-426.243
-427.036
-427.83
-428.624
-310.905
-311.598
-312.292
-312.987
-313.684
-314.381
-315.079
-315.778
-316.478
-317.179
-317.881
-318.584
-319.288
-319.993
-320.698
-321.405
-322.112
-322.82
-323.53
-324.24
-324.951
-325.662
-326.375
-327.089
-327.803
-328.518
-329.234
-329.951
-330.669
-331.388
-332.107
-332.828
-333.549
-334.271
-334.994
-335.717
-336.442
-337.167
-337.893
-338.62
-339.348
-340.076
-340.805
-341.535
-342.266
-342.998
-343.73
-344.463
-345.197
-345.932
-346.667
-347.404
-348.141
-348.878
-349.617
-350.356
-351.096
-351.837
-352.578
-353.32
-354.063
-354.807
-355.551
-356.296
-357.042
-357.788
-358.535
-359.283
-360.031
-360.781
-361.53
-362.281
-363.032
-363.784
-364.537
-365.29
-366.044
-366.798
-367.553
-368.309
-369.066
-369.823
-370.581
-371.339
-372.098
-372.857
-373.618
-374.379
-375.14
-375.902
-376.665
-377.428
-378.192
-378.956
-379.721
-380.487
-381.253
-382.019
-382.787
-383.555
-384.323
-385.092
-385.861
-386.631
-387.402
-388.173
-388.945
-389.717
-390.489
-391.263
-392.036
-392.811
-393.585
-394.36
-395.136
-395.912
-396.689
-397.466
-398.244
-399.022
-399.8
-400.579
-401.359
-402.139
-402.919
-403.7
-404.481
-405.263
-406.045
-406.828
-407.611
-408.394
-409.178
-409.962
-410.747
-411.532
-412.317
-413.103
-413.889
-414.676
-415.463
-416.25
-417.038
-417.826
-418.614
-419.403
-420.192
-420.982
-421.772
-422.562
-423.352
-424.143
-424.934
-425.726
-426.517
-427.309
-428.102
-428.894
-429.687
-430.48
-431.274
-432.068
-432.862
-315.142
-315.836
-316.53
-317.225
-317.921
-318.619
-319.317
-320.016
-320.716
-321.417
-322.119
-322.822
-323.526
-324.23
-324.936
-325.642
-326.35
-327.058
-327.767
-328.477
-329.188
-329.9
-330.613
-331.326
-332.041
-332.756
-333.472
-334.189
-334.907
-335.626
-336.345
-337.065
-337.787
-338.509
-339.231
-339.955
-340.68
-341.405
-342.131
-342.858
-343.585
-344.314
-345.043
-345.773
-346.504
-347.236
-347.968
-348.701
-349.435
-350.17
-350.905
-351.641
-352.378
-353.116
-353.855
-354.594
-355.334
-356.074
-356.816
-357.558
-358.301
-359.044
-359.789
-360.534
-361.279
-362.026
-362.773
-363.521
-364.269
-365.018
-365.768
-366.519
-367.27
-368.022
-368.775
-369.528
-370.282
-371.036
-371.791
-372.547
-373.304
-374.061
-374.818
-375.577
-376.336
-377.095
-377.856
-378.616
-379.378
-380.14
-380.902
-381.666
-382.43
-383.194
-383.959
-384.724
-385.491
-386.257
-387.025
-387.792
-388.561
-389.33
-390.099
-390.869
-391.64
-392.411
-393.182
-393.955
-394.727
-395.5
-396.274
-397.048
-397.823
-398.598
-399.374
-400.15
-400.927
-401.704
-402.482
-403.26
-404.038
-404.817
-405.597
-406.377
-407.157
-407.938
-408.719
-409.501
-410.283
-411.066
-411.849
-412.632
-413.416
-414.2
-414.985
-415.77
-416.555
-417.341
-418.127
-418.914
-419.701
-420.488
-421.276
-422.064
-422.852
-423.641
-424.43
-425.22
-426.009
-426.8
-427.59
-428.381
-429.172
-429.963
-430.755
-431.547
-432.34
-433.132
-433.925
-434.718
-435.512
-436.306
-437.1
-320.073
-320.768
-321.463
-322.159
-322.856
-323.555
-324.254
-324.954
-325.655
-326.357
-327.06
-327.763
-328.468
-329.174
-329.88
-330.588
-331.296
-332.005
-332.715
-333.426
-334.138
-334.851
-335.564
-336.279
-336.994
-337.71
-338.427
-339.145
-339.863
-340.583
-341.303
-342.024
-342.746
-343.469
-344.193
-344.917
-345.643
-346.369
-347.096
-347.823
-348.552
-349.281
-350.011
-350.742
-351.473
-352.206
-352.939
-353.673
-354.408
-355.143
-355.879
-356.616
-357.354
-358.092
-358.832
-359.572
-360.312
-361.054
-361.796
-362.539
-363.282
-364.027
-364.772
-365.517
-366.264
-367.011
-367.759
-368.507
-369.256
-370.006
-370.757
-371.508
-372.26
-373.012
-373.766
-374.519
-375.274
-376.029
-376.785
-377.541
-378.299
-379.056
-379.815
-380.574
-381.333
-382.093
-382.854
-383.616
-384.378
-385.14
-385.904
-386.667
-387.432
-388.197
-388.962
-389.728
-390.495
-391.262
-392.03
-392.799
-393.568
-394.337
-395.107
-395.878
-396.649
-397.42
-398.192
-398.965
-399.738
-400.512
-401.286
-402.061
-402.836
-403.612
-404.388
-405.165
-405.942
-406.72
-407.498
-408.276
-409.055
-409.835
-410.615
-411.395
-412.176
-412.957
-413.739
-414.521
-415.304
-416.087
-416.87
-417.654
-418.438
-419.223
-420.008
-420.793
-421.579
-422.365
-423.152
-423.939
-424.726
-425.514
-426.302
-427.09
-427.879
-428.668
-429.458
-430.247
-431.037
-431.828
-432.619
-433.41
-434.201
-434.993
-435.785
-436.577
-437.37
-438.163
-438.956
-439.75
-440.544
-441.338
-325.005
-325.701
-326.397
-327.094
-327.792
-328.491
-329.191
-329.892
-330.594
-331.297
-332.001
-332.706
-333.411
-334.118
-334.825
-335.534
-336.243
-336.953
-337.664
-338.376
-339.089
-339.802
-340.516
-341.232
-341.948
-342.665
-343.383
-344.101
-344.821
-345.541
-346.262
-346.984
-347.707
-348.431
-349.155
-349.88
-350.607
-351.333
-352.061
-352.79
-353.519
-354.249
-354.98
-355.711
-356.444
-357.177
-357.911
-358.645
-359.381
-360.117
-360.854
-361.592
-362.33
-363.07
-363.809
-364.55
-365.292
-366.034
-366.777
-367.52
-368.264
-369.009
-369.755
-370.502
-371.249
-371.997
-372.745
-373.494
-374.244
-374.995
-375.746
-376.498
-377.25
-378.003
-378.757
-379.512
-380.267
-381.023
-381.779
-382.536
-383.294
-384.052
-384.811
-385.571
-386.331
-387.092
-387.854
-388.616
-389.378
-390.141
-390.905
-391.67
-392.435
-393.2
-393.966
-394.733
-395.5
-396.268
-397.037
-397.805
-398.575
-399.345
-400.115
-400.887
-401.658
-402.43
-403.203
-403.976
-404.75
-405.524
-406.299
-407.074
-407.85
-408.626
-409.403
-410.18
-410.957
-411.735
-412.514
-413.293
-414.073
-414.853
-415.633
-416.414
-417.195
-417.977
-418.759
-419.541
-420.324
-421.108
-421.892
-422.676
-423.461
-424.246
-425.031
-425.817
-426.603
-427.39
-428.177
-428.964
-429.752
-430.54
-431.328
-432.117
-432.906
-433.695
-434.485
-435.275
-436.066
-436.857
-437.648
-438.439
-439.231
-440.023
-440.815
-441.608
-442.401
-443.194
-443.988
-444.781
-445.575
-329.243
-329.938
-330.634
-331.332
-332.03
-332.729
-333.429
-334.13
-334.832
-335.535
-336.239
-336.944
-337.649
-338.356
-339.063
-339.772
-340.481
-341.191
-341.902
-342.614
-343.326
-344.04
-344.754
-345.47
-346.186
-346.903
-347.62
-348.339
-349.059
-349.779
-350.5
-351.222
-351.945
-352.669
-353.393
-354.118
-354.844
-355.571
-356.299
-357.027
-357.757
-358.487
-359.217
-359.949
-360.681
-361.415
-362.149
-362.883
-363.619
-364.355
-365.092
-365.83
-366.568
-367.307
-368.047
-368.788
-369.529
-370.272
-371.014
-371.758
-372.502
-373.247
-373.993
-374.739
-375.487
-376.234
-376.983
-377.732
-378.482
-379.232
-379.984
-380.736
-381.488
-382.241
-382.995
-383.75
-384.505
-385.261
-386.017
-386.774
-387.532
-388.29
-389.049
-389.809
-390.569
-391.33
-392.091
-392.853
-393.616
-394.379
-395.143
-395.908
-396.672
-397.438
-398.204
-398.971
-399.738
-400.506
-401.274
-402.043
-402.813
-403.583
-404.353
-405.124
-405.896
-406.668
-407.441
-408.214
-408.988
-409.762
-410.537
-411.312
-412.088
-412.864
-413.64
-414.418
-415.195
-415.973
-416.752
-417.531
-418.31
-419.09
-419.871
-420.652
-421.433
-422.215
-422.997
-423.779
-424.562
-425.346
-426.13
-426.914
-427.698
-428.483
-429.269
-430.055
-430.841
-431.627
-432.414
-433.202
-433.989
-434.778
-435.566
-436.355
-437.144
-437.933
-438.723
-439.513
-440.304
-441.095
-441.886
-442.677
-443.469
-444.261
-445.053
-445.846
-446.639
-447.432
-448.226
-449.019
-449.813
-334.176
-334.872
-335.569
-336.268
-336.967
-337.667
-338.368
-339.07
-339.773
-340.477
-341.181
-341.887
-342.594
-343.301
-344.009
-344.719
-345.429
-346.14
-346.851
-347.564
-348.278
-348.992
-349.707
-350.424
-351.141
-351.858
-352.577
-353.296
-354.017
-354.738
-355.46
-356.183
-356.906
-357.631
-358.356
-359.082
-359.809
-360.537
-361.265
-361.994
-362.724
-363.455
-364.187
-364.919
-365.653
-366.386
-367.121
-367.857
-368.593
-369.33
-370.068
-370.806
-371.545
-372.285
-373.026
-373.767
-374.509
-375.252
-375.996
-376.74
-377.485
-378.231
-378.977
-379.724
-380.472
-381.221
-381.97
-382.72
-383.47
-384.222
-384.973
-385.726
-386.479
-387.233
-387.988
-388.743
-389.499
-390.255
-391.012
-391.77
-392.528
-393.287
-394.047
-394.807
-395.568
-396.329
-397.091
-397.854
-398.617
-399.381
-400.145
-400.91
-401.676
-402.442
-403.209
-403.976
-404.744
-405.512
-406.281
-407.051
-407.821
-408.591
-409.362
-410.134
-410.906
-411.679
-412.452
-413.226
-414
-414.775
-415.55
-416.325
-417.102
-417.878
-418.656
-419.433
-420.211
-420.99
-421.769
-422.548
-423.328
-424.109
-424.89
-425.671
-426.452
-427.235
-428.017
-428.8
-429.584
-430.367
-431.152
-431.936
-432.721
-433.507
-434.293
-435.079
-435.865
-436.652
-437.44
-438.227
-439.015
-439.804
-440.593
-441.382
-442.171
-442.961
-443.751
-444.542
-445.332
-446.124
-446.915
-447.707
-448.499
-449.291
-450.084
-450.877
-451.67
-452.463
-453.257
-454.051
-339.11
-339.807
-340.505
-341.204
-341.905
-342.606
-343.308
-344.011
-344.714
-345.419
-346.125
-346.831
-347.539
-348.247
-348.956
-349.666
-350.377
-351.089
-351.802
-352.516
-353.23
-353.945
-354.661
-355.378
-356.096
-356.815
-357.534
-358.255
-358.976
-359.698
-360.421
-361.144
-361.869
-362.594
-363.32
-364.047
-364.775
-365.503
-366.232
-366.962
-367.693
-368.425
-369.157
-369.89
-370.624
-371.359
-372.094
-372.831
-373.568
-374.305
-375.044
-375.783
-376.523
-377.264
-378.005
-378.747
-379.49
-380.234
-380.978
-381.723
-382.469
-383.215
-383.962
-384.71
-385.459
-386.208
-386.958
-387.708
-388.459
-389.211
-389.964
-390.717
-391.471
-392.225
-392.981
-393.736
-394.493
-395.25
-396.008
-396.766
-397.525
-398.285
-399.045
-399.806
-400.567
-401.329
-402.092
-402.855
-403.619
-404.383
-405.148
-405.914
-406.68
-407.447
-408.214
-408.982
-409.75
-410.519
-411.289
-412.059
-412.829
-413.6
-414.372
-415.144
-415.917
-416.69
-417.464
-418.238
-419.012
-419.788
-420.563
-421.34
-422.116
-422.893
-423.671
-424.449
-425.228
-426.007
-426.786
-427.566
-428.347
-429.127
-429.909
-430.69
-431.473
-432.255
-433.038
-433.821
-434.605
-435.39
-436.174
-436.959
-437.745
-438.53
-439.317
-440.103
-440.89
-441.678
-442.465
-443.253
-444.042
-444.831
-445.62
-446.409
-447.199
-447.989
-448.78
-449.57
-450.361
-451.153
-451.945
-452.737
-453.529
-454.322
-455.115
-455.908
-456.701
-457.495
-458.289
-344.045
-344.743
-345.442
-346.142
-346.843
-347.545
-348.248
-348.952
-349.657
-350.363
-351.069
-351.777
-352.485
-353.194
-353.904
-354.615
-355.327
-356.04
-356.753
-357.468
-358.183
-358.899
-359.616
-360.334
-361.053
-361.772
-362.492
-363.214
-363.936
-364.658
-365.382
-366.107
-366.832
-367.558
-368.285
-369.012
-369.741
-370.47
-371.2
-371.931
-372.663
-373.395
-374.128
-374.862
-375.597
-376.332
-377.068
-377.805
-378.543
-379.282
-380.021
-380.761
-381.502
-382.243
-382.985
-383.728
-384.472
-385.216
-385.961
-386.707
-387.453
-388.2
-388.948
-389.696
-390.446
-391.195
-391.946
-392.697
-393.449
-394.202
-394.955
-395.709
-396.463
-397.218
-397.974
-398.731
-399.488
-400.246
-401.004
-401.763
-402.522
-403.283
-404.044
-404.805
-405.567
-406.33
-407.093
-407.857
-408.621
-409.386
-410.152
-410.918
-411.684
-412.452
-413.22
-413.988
-414.757
-415.526
-416.296
-417.067
-417.838
-418.61
-419.382
-420.154
-420.928
-421.701
-422.476
-423.25
-424.026
-424.801
-425.577
-426.354
-427.131
-427.909
-428.687
-429.466
-430.245
-431.024
-431.804
-432.584
-433.365
-434.147
-434.928
-435.71
-436.493
-437.276
-438.059
-438.843
-439.627
-440.412
-441.197
-441.983
-442.768
-443.555
-444.341
-445.128
-445.915
-446.703
-447.491
-448.28
-449.068
-449.858
-450.647
-451.437
-452.227
-453.017
-453.808
-454.599
-455.391
-456.182
-456.975
-457.767
-458.56
-459.352
-460.146
-460.939
-461.733
-462.527
-348.283
-348.981
-349.68
-350.38
-351.081
-351.783
-352.486
-353.19
-353.895
-354.6
-355.307
-356.014
-356.723
-357.432
-358.142
-358.853
-359.565
-360.278
-360.991
-361.706
-362.421
-363.137
-363.854
-364.572
-365.29
-366.01
-366.73
-367.451
-368.173
-368.896
-369.62
-370.344
-371.07
-371.796
-372.523
-373.25
-373.979
-374.708
-375.438
-376.169
-376.9
-377.633
-378.366
-379.1
-379.835
-380.57
-381.306
-382.043
-382.781
-383.52
-384.259
-384.999
-385.739
-386.481
-387.223
-387.966
-388.709
-389.454
-390.199
-390.944
-391.691
-392.438
-393.186
-393.934
-394.683
-395.433
-396.184
-396.935
-397.687
-398.44
-399.193
-399.947
-400.701
-401.456
-402.212
-402.969
-403.726
-404.483
-405.242
-406.001
-406.76
-407.521
-408.281
-409.043
-409.805
-410.567
-411.331
-412.095
-412.859
-413.624
-414.389
-415.156
-415.922
-416.69
-417.457
-418.226
-418.995
-419.764
-420.534
-421.305
-422.076
-422.848
-423.62
-424.392
-425.166
-425.939
-426.713
-427.488
-428.263
-429.039
-429.815
-430.592
-431.369
-432.147
-432.925
-433.703
-434.482
-435.262
-436.042
-436.822
-437.603
-438.384
-439.166
-439.948
-440.731
-441.514
-442.297
-443.081
-443.865
-444.65
-445.435
-446.22
-447.006
-447.792
-448.579
-449.366
-450.153
-450.941
-451.729
-452.517
-453.306
-454.095
-454.885
-455.675
-456.465
-457.255
-458.046
-458.837
-459.629
-460.42
-461.212
-462.005
-462.797
-463.59
-464.384
-465.177
-465.971
-466.765
-353.218
-353.918
-354.618
-355.319
-356.021
-356.724
-357.428
-358.132
-358.838
-359.545
-360.252
-360.961
-361.67
-362.38
-363.091
-363.803
-364.515
-365.229
-365.943
-366.659
-367.375
-368.092
-368.81
-369.528
-370.248
-370.968
-371.689
-372.411
-373.134
-373.858
-374.582
-375.307
-376.033
-376.76
-377.488
-378.217
-378.946
-379.676
-380.407
-381.138
-381.871
-382.604
-383.338
-384.072
-384.808
-385.544
-386.281
-387.019
-387.757
-388.497
-389.237
-389.977
-390.719
-391.461
-392.204
-392.947
-393.692
-394.437
-395.182
-395.929
-396.676
-397.424
-398.172
-398.921
-399.671
-400.422
-401.173
-401.925
-402.677
-403.431
-404.184
-404.939
-405.694
-406.45
-407.206
-407.964
-408.721
-409.48
-410.239
-410.998
-411.758
-412.519
-413.281
-414.043
-414.805
-415.569
-416.332
-417.097
-417.862
-418.627
-419.393
-420.16
-420.927
-421.695
-422.464
-423.233
-424.002
-424.772
-425.543
-426.314
-427.085
-427.858
-428.63
-429.403
-430.177
-430.951
-431.726
-432.501
-433.277
-434.053
-434.83
-435.607
-436.385
-437.163
-437.941
-438.72
-439.5
-440.28
-441.06
-441.841
-442.622
-443.404
-444.186
-444.969
-445.752
-446.535
-447.319
-448.103
-448.888
-449.673
-450.458
-451.244
-452.03
-452.817
-453.604
-454.391
-455.179
-455.967
-456.755
-457.544
-458.333
-459.123
-459.913
-460.703
-461.493
-462.284
-463.075
-463.867
-464.658
-465.45
-466.243
-467.035
-467.828
-468.621
-469.415
-470.209
-471.003
-358.155
-358.855
-359.556
-360.258
-360.961
-361.665
-362.37
-363.076
-363.782
-364.49
-365.198
-365.908
-366.618
-367.329
-368.04
-368.753
-369.467
-370.181
-370.896
-371.613
-372.33
-373.047
-373.766
-374.486
-375.206
-375.927
-376.649
-377.372
-378.096
-378.82
-379.545
-380.271
-380.998
-381.726
-382.454
-383.184
-383.914
-384.644
-385.376
-386.108
-386.842
-387.576
-388.31
-389.046
-389.782
-390.519
-391.257
-391.995
-392.734
-393.474
-394.215
-394.956
-395.699
-396.441
-397.185
-397.929
-398.674
-399.42
-400.166
-400.914
-401.661
-402.41
-403.159
-403.909
-404.66
-405.411
-406.163
-406.915
-407.668
-408.422
-409.177
-409.932
-410.688
-411.444
-412.201
-412.959
-413.717
-414.476
-415.236
-415.996
-416.757
-417.519
-418.281
-419.043
-419.806
-420.57
-421.335
-422.1
-422.865
-423.631
-424.398
-425.165
-425.933
-426.702
-427.47
-428.24
-429.01
-429.781
-430.552
-431.323
-432.095
-432.868
-433.641
-434.415
-435.189
-435.964
-436.739
-437.515
-438.291
-439.068
-439.845
-440.622
-441.401
-442.179
-442.958
-443.738
-444.518
-445.298
-446.079
-446.86
-447.642
-448.424
-449.207
-449.99
-450.773
-451.557
-452.341
-453.126
-453.911
-454.696
-455.482
-456.268
-457.055
-457.842
-458.629
-459.417
-460.205
-460.993
-461.782
-462.571
-463.361
-464.15
-464.941
-465.731
-466.522
-467.313
-468.104
-468.896
-469.688
-470.481
-471.273
-472.066
-472.859
-473.653
-474.447
-475.241
-362.393
-363.093
-363.794
-364.496
-365.199
-365.903
-366.608
-367.314
-368.02
-368.728
-369.436
-370.145
-370.855
-371.566
-372.278
-372.991
-373.705
-374.419
-375.134
-375.85
-376.567
-377.285
-378.004
-378.723
-379.444
-380.165
-380.887
-381.61
-382.333
-383.058
-383.783
-384.509
-385.236
-385.964
-386.692
-387.421
-388.151
-388.882
-389.614
-390.346
-391.079
-391.813
-392.548
-393.284
-394.02
-394.757
-395.495
-396.233
-396.972
-397.712
-398.453
-399.194
-399.936
-400.679
-401.423
-402.167
-402.912
-403.658
-404.404
-405.151
-405.899
-406.648
-407.397
-408.147
-408.897
-409.649
-410.4
-411.153
-411.906
-412.66
-413.415
-414.17
-414.926
-415.682
-416.439
-417.197
-417.955
-418.714
-419.474
-420.234
-420.995
-421.756
-422.518
-423.281
-424.044
-424.808
-425.572
-426.337
-427.103
-427.869
-428.636
-429.403
-430.171
-430.939
-431.708
-432.478
-433.248
-434.018
-434.789
-435.561
-436.333
-437.106
-437.879
-438.653
-439.427
-440.202
-440.977
-441.753
-442.529
-443.306
-444.083
-444.86
-445.638
-446.417
-447.196
-447.976
-448.755
-449.536
-450.317
-451.098
-451.88
-452.662
-453.444
-454.227
-455.011
-455.795
-456.579
-457.364
-458.149
-458.934
-459.72
-460.506
-461.293
-462.08
-462.867
-463.655
-464.443
-465.231
-466.02
-466.809
-467.598
-468.388
-469.178
-469.969
-470.76
-471.551
-472.342
-473.134
-473.926
-474.718
-475.511
-476.304
-477.097
-477.891
-478.685
-479.479
-367.331
-368.032
-368.734
-369.437
-370.141
-370.846
-371.551
-372.258
-372.965
-373.674
-374.383
-375.093
-375.804
-376.516
-377.229
-377.942
-378.657
-379.372
-380.088
-380.805
-381.523
-382.242
-382.961
-383.682
-384.403
-385.125
-385.848
-386.571
-387.296
-388.021
-388.747
-389.474
-390.201
-390.93
-391.659
-392.389
-393.12
-393.852
-394.584
-395.317
-396.051
-396.786
-397.521
-398.258
-398.995
-399.732
-400.471
-401.21
-401.95
-402.691
-403.432
-404.174
-404.917
-405.661
-406.405
-407.15
-407.896
-408.642
-409.389
-410.137
-410.886
-411.635
-412.385
-413.135
-413.886
-414.638
-415.391
-416.144
-416.898
-417.652
-418.408
-419.163
-419.92
-420.677
-421.435
-422.193
-422.952
-423.712
-424.472
-425.233
-425.994
-426.756
-427.519
-428.282
-429.046
-429.81
-430.575
-431.341
-432.107
-432.874
-433.641
-434.409
-435.177
-435.946
-436.716
-437.486
-438.256
-439.027
-439.799
-440.571
-441.344
-442.117
-442.891
-443.665
-444.44
-445.215
-445.991
-446.767
-447.543
-448.321
-449.098
-449.876
-450.655
-451.434
-452.213
-452.993
-453.774
-454.555
-455.336
-456.118
-456.9
-457.682
-458.465
-459.249
-460.033
-460.817
-461.601
-462.386
-463.172
-463.958
-464.744
-465.53
-466.317
-467.105
-467.893
-468.681
-469.469
-470.258
-471.047
-471.836
-472.626
-473.416
-474.207
-474.998
-475.789
-476.58
-477.372
-478.164
-478.956
-479.749
-480.542
-481.335
-482.129
-482.922
-483.716
-372.269
-372.971
-373.674
-374.378
-375.083
-375.789
-376.496
-377.203
-377.912
-378.621
-379.331
-380.042
-380.754
-381.467
-382.18
-382.895
-383.61
-384.326
-385.043
-385.761
-386.479
-387.199
-387.919
-388.64
-389.362
-390.085
-390.809
-391.533
-392.259
-392.985
-393.712
-394.439
-395.168
-395.897
-396.627
-397.358
-398.09
-398.822
-399.555
-400.289
-401.024
-401.759
-402.495
-403.232
-403.97
-404.709
-405.448
-406.188
-406.929
-407.67
-408.412
-409.155
-409.899
-410.643
-411.388
-412.134
-412.88
-413.627
-414.375
-415.123
-415.873
-416.622
-417.373
-418.124
-418.876
-419.629
-420.382
-421.136
-421.89
-422.645
-423.401
-424.158
-424.915
-425.673
-426.431
-427.19
-427.95
-428.71
-429.471
-430.232
-430.994
-431.757
-432.52
-433.284
-434.048
-434.813
-435.579
-436.345
-437.112
-437.879
-438.647
-439.415
-440.184
-440.953
-441.724
-442.494
-443.265
-444.037
-444.809
-445.582
-446.355
-447.129
-447.903
-448.677
-449.453
-450.228
-451.005
-451.781
-452.558
-453.336
-454.114
-454.893
-455.672
-456.451
-457.231
-458.012
-458.792
-459.574
-460.355
-461.138
-461.92
-462.703
-463.487
-464.27
-465.055
-465.839
-466.624
-467.41
-468.196
-468.982
-469.768
-470.555
-471.343
-472.13
-472.918
-473.707
-474.496
-475.285
-476.074
-476.864
-477.654
-478.445
-479.235
-480.027
-480.818
-481.61
-482.402
-483.194
-483.987
-484.78
-485.573
-486.366
-487.16
-487.954
-377.209
-377.912
-378.616
-379.321
-380.027
-380.733
-381.441
-382.149
-382.859
-383.569
-384.28
-384.992
-385.704
-386.418
-387.132
-387.848
-388.564
-389.281
-389.999
-390.717
-391.437
-392.157
-392.878
-393.6
-394.323
-395.047
-395.771
-396.496
-397.223
-397.949
-398.677
-399.406
-400.135
-400.865
-401.596
-402.327
-403.06
-403.793
-404.527
-405.262
-405.997
-406.733
-407.47
-408.208
-408.946
-409.686
-410.426
-411.166
-411.908
-412.65
-413.393
-414.136
-414.881
-415.626
-416.371
-417.118
-417.865
-418.613
-419.361
-420.11
-420.86
-421.611
-422.362
-423.114
-423.867
-424.62
-425.374
-426.128
-426.883
-427.639
-428.396
-429.153
-429.91
-430.669
-431.428
-432.187
-432.948
-433.708
-434.47
-435.232
-435.995
-436.758
-437.522
-438.286
-439.051
-439.817
-440.583
-441.349
-442.117
-442.885
-443.653
-444.422
-445.191
-445.961
-446.732
-447.503
-448.275
-449.047
-449.819
-450.593
-451.366
-452.141
-452.915
-453.691
-454.466
-455.242
-456.019
-456.796
-457.574
-458.352
-459.131
-459.91
-460.689
-461.469
-462.249
-463.03
-463.812
-464.593
-465.375
-466.158
-466.941
-467.724
-468.508
-469.293
-470.077
-470.862
-471.648
-472.433
-473.22
-474.006
-474.793
-475.581
-476.368
-477.156
-477.945
-478.734
-479.523
-480.312
-481.102
-481.892
-482.683
-483.473
-484.264
-485.056
-485.848
-486.64
-487.432
-488.225
-489.018
-489.811
-490.604
-491.398
-492.192
-381.447
-382.15
-382.854
-383.559
-384.265
-384.971
-385.679
-386.387
-387.096
-387.807
-388.518
-389.229
-389.942
-390.656
-391.37
-392.085
-392.802
-393.519
-394.236
-394.955
-395.675
-396.395
-397.116
-397.838
-398.561
-399.285
-400.009
-400.734
-401.46
-402.187
-402.915
-403.643
-404.373
-405.103
-405.834
-406.565
-407.298
-408.031
-408.765
-409.499
-410.235
-410.971
-411.708
-412.446
-413.184
-413.923
-414.663
-415.404
-416.146
-416.888
-417.631
-418.374
-419.118
-419.863
-420.609
-421.356
-422.103
-422.851
-423.599
-424.348
-425.098
-425.849
-426.6
-427.352
-428.104
-428.858
-429.611
-430.366
-431.121
-431.877
-432.633
-433.391
-434.148
-434.907
-435.666
-436.425
-437.185
-437.946
-438.708
-439.47
-440.232
-440.996
-441.759
-442.524
-443.289
-444.054
-444.821
-445.587
-446.355
-447.122
-447.891
-448.66
-449.429
-450.199
-450.97
-451.741
-452.512
-453.285
-454.057
-454.831
-455.604
-456.378
-457.153
-457.928
-458.704
-459.48
-460.257
-461.034
-461.812
-462.59
-463.368
-464.147
-464.927
-465.707
-466.487
-467.268
-468.049
-468.831
-469.613
-470.396
-471.179
-471.962
-472.746
-473.53
-474.315
-475.1
-475.885
-476.671
-477.457
-478.244
-479.031
-479.818
-480.606
-481.394
-482.183
-482.971
-483.761
-484.55
-485.34
-486.13
-486.92
-487.711
-488.502
-489.294
-490.085
-490.878
-491.67
-492.463
-493.255
-494.049
-494.842
-495.636
-496.43
-386.387
-387.091
-387.796
-388.502
-389.209
-389.917
-390.625
-391.334
-392.044
-392.755
-393.467
-394.18
-394.893
-395.608
-396.323
-397.039
-397.756
-398.474
-399.193
-399.912
-400.633
-401.354
-402.076
-402.799
-403.522
-404.247
-404.972
-405.698
-406.425
-407.153
-407.881
-408.61
-409.341
-410.071
-410.803
-411.535
-412.269
-413.002
-413.737
-414.473
-415.209
-415.946
-416.684
-417.422
-418.161
-418.901
-419.642
-420.383
-421.126
-421.868
-422.612
-423.356
-424.101
-424.847
-425.593
-426.341
-427.088
-427.837
-428.586
-429.336
-430.086
-430.838
-431.59
-432.342
-433.095
-433.849
-434.604
-435.359
-436.115
-436.871
-437.628
-438.386
-439.144
-439.903
-440.663
-441.423
-442.184
-442.946
-443.708
-444.47
-445.233
-445.997
-446.762
-447.527
-448.292
-449.058
-449.825
-450.592
-451.36
-452.129
-452.898
-453.667
-454.437
-455.208
-455.979
-456.75
-457.523
-458.295
-459.068
-459.842
-460.616
-461.391
-462.166
-462.942
-463.718
-464.495
-465.272
-466.05
-466.828
-467.606
-468.385
-469.165
-469.945
-470.725
-471.506
-472.287
-473.069
-473.851
-474.634
-475.417
-476.2
-476.984
-477.768
-478.553
-479.338
-480.123
-480.909
-481.695
-482.482
-483.269
-484.056
-484.844
-485.632
-486.421
-487.209
-487.998
-488.788
-489.578
-490.368
-491.158
-491.949
-492.74
-493.532
-494.323
-495.115
-495.908
-496.7
-497.493
-498.287
-499.08
-499.874
-500.668
-391.329
-392.034
-392.74
-393.447
-394.154
-394.863
-395.572
-396.282
-396.993
-397.705
-398.418
-399.131
-399.846
-400.561
-401.277
-401.994
-402.712
-403.431
-404.15
-404.871
-405.592
-406.314
-407.037
-407.76
-408.485
-409.21
-409.936
-410.663
-411.391
-412.119
-412.848
-413.578
-414.309
-415.041
-415.773
-416.506
-417.24
-417.975
-418.71
-419.447
-420.184
-420.921
-421.66
-422.399
-423.139
-423.88
-424.621
-425.363
-426.106
-426.85
-427.594
-428.339
-429.085
-429.831
-430.578
-431.326
-432.075
-432.824
-433.574
-434.324
-435.076
-435.827
-436.58
-437.333
-438.087
-438.842
-439.597
-440.353
-441.109
-441.866
-442.624
-443.382
-444.141
-444.901
-445.661
-446.422
-447.183
-447.945
-448.708
-449.471
-450.235
-451
-451.765
-452.53
-453.296
-454.063
-454.83
-455.598
-456.366
-457.135
-457.905
-458.675
-459.445
-460.217
-460.988
-461.76
-462.533
-463.306
-464.08
-464.854
-465.629
-466.404
-467.18
-467.956
-468.733
-469.51
-470.287
-471.066
-471.844
-472.623
-473.403
-474.183
-474.963
-475.744
-476.525
-477.307
-478.089
-478.872
-479.655
-480.438
-481.222
-482.006
-482.791
-483.576
-484.361
-485.147
-485.933
-486.72
-487.507
-488.294
-489.082
-489.87
-490.658
-491.447
-492.236
-493.026
-493.815
-494.606
-495.396
-496.187
-496.978
-497.769
-498.561
-499.353
-500.146
-500.938
-501.731
-502.524
-503.318
-504.112
-504.906
-396.272
-396.978
-397.684
-398.392
-399.101
-399.81
-400.52
-401.231
-401.943
-402.655
-403.369
-404.083
-404.799
-405.515
-406.232
-406.95
-407.668
-408.388
-409.108
-409.829
-410.551
-411.274
-411.998
-412.722
-413.448
-414.174
-414.901
-415.628
-416.357
-417.086
-417.816
-418.547
-419.279
-420.011
-420.744
-421.478
-422.213
-422.948
-423.685
-424.421
-425.159
-425.898
-426.637
-427.377
-428.118
-428.859
-429.601
-430.344
-431.088
-431.832
-432.577
-433.323
-434.069
-434.816
-435.564
-436.313
-437.062
-437.812
-438.562
-439.313
-440.065
-440.818
-441.571
-442.325
-443.079
-443.835
-444.59
-445.347
-446.104
-446.862
-447.62
-448.379
-449.139
-449.899
-450.66
-451.421
-452.183
-452.946
-453.709
-454.473
-455.237
-456.002
-456.768
-457.534
-458.301
-459.068
-459.836
-460.604
-461.373
-462.143
-462.913
-463.683
-464.454
-465.226
-465.998
-466.771
-467.544
-468.318
-469.092
-469.867
-470.642
-471.418
-472.194
-472.971
-473.748
-474.525
-475.303
-476.082
-476.861
-477.641
-478.421
-479.201
-479.982
-480.763
-481.545
-482.327
-483.11
-483.893
-484.676
-485.46
-486.244
-487.029
-487.814
-488.599
-489.385
-490.171
-490.958
-491.745
-492.532
-493.32
-494.108
-494.896
-495.685
-496.474
-497.264
-498.053
-498.844
-499.634
-500.425
-501.216
-502.007
-502.799
-503.591
-504.384
-505.176
-505.969
-506.762
-507.556
-508.35
-509.144
-400.51
-401.215
-401.922
-402.63
-403.338
-404.048
-404.758
-405.469
-406.181
-406.893
-407.607
-408.321
-409.037
-409.753
-410.47
-411.188
-411.906
-412.626
-413.346
-414.067
-414.789
-415.512
-416.236
-416.96
-417.685
-418.412
-419.138
-419.866
-420.595
-421.324
-422.054
-422.785
-423.516
-424.249
-424.982
-425.716
-426.451
-427.186
-427.922
-428.659
-429.397
-430.135
-430.875
-431.615
-432.355
-433.097
-433.839
-434.582
-435.325
-436.07
-436.815
-437.56
-438.307
-439.054
-439.802
-440.55
-441.299
-442.049
-442.8
-443.551
-444.303
-445.056
-445.809
-446.563
-447.317
-448.072
-448.828
-449.585
-450.342
-451.1
-451.858
-452.617
-453.376
-454.137
-454.898
-455.659
-456.421
-457.184
-457.947
-458.711
-459.475
-460.24
-461.006
-461.772
-462.539
-463.306
-464.074
-464.842
-465.611
-466.38
-467.15
-467.921
-468.692
-469.464
-470.236
-471.009
-471.782
-472.556
-473.33
-474.104
-474.88
-475.655
-476.432
-477.208
-477.985
-478.763
-479.541
-480.32
-481.099
-481.878
-482.658
-483.439
-484.219
-485.001
-485.782
-486.565
-487.347
-488.13
-488.914
-489.697
-490.482
-491.266
-492.051
-492.837
-493.623
-494.409
-495.195
-495.982
-496.77
-497.557
-498.346
-499.134
-499.923
-500.712
-501.501
-502.291
-503.081
-503.872
-504.663
-505.454
-506.245
-507.037
-507.829
-508.621
-509.414
-510.207
-511
-511.794
-512.587
-513.381
-405.453
-406.16
-406.868
-407.576
-408.285
-408.995
-409.706
-410.418
-411.131
-411.845
-412.559
-413.274
-413.99
-414.707
-415.425
-416.144
-416.864
-417.584
-418.305
-419.027
-419.75
-420.474
-421.198
-421.923
-422.649
-423.376
-424.104
-424.832
-425.562
-426.292
-427.023
-427.754
-428.487
-429.22
-429.954
-430.688
-431.424
-432.16
-432.897
-433.635
-434.373
-435.113
-435.853
-436.593
-437.335
-438.077
-438.82
-439.563
-440.308
-441.053
-441.798
-442.545
-443.292
-444.04
-444.788
-445.537
-446.287
-447.038
-447.789
-448.541
-449.293
-450.047
-450.801
-451.555
-452.31
-453.066
-453.823
-454.58
-455.337
-456.096
-456.855
-457.614
-458.375
-459.135
-459.897
-460.659
-461.422
-462.185
-462.949
-463.713
-464.478
-465.244
-466.01
-466.777
-467.544
-468.312
-469.08
-469.849
-470.618
-471.389
-472.159
-472.93
-473.702
-474.474
-475.247
-476.02
-476.794
-477.568
-478.343
-479.118
-479.893
-480.67
-481.446
-482.223
-483.001
-483.779
-484.558
-485.337
-486.116
-486.896
-487.677
-488.458
-489.239
-490.021
-490.803
-491.585
-492.368
-493.152
-493.936
-494.72
-495.504
-496.29
-497.075
-497.861
-498.647
-499.434
-500.221
-501.008
-501.796
-502.584
-503.372
-504.161
-504.95
-505.739
-506.529
-507.319
-508.11
-508.901
-509.692
-510.483
-511.275
-512.067
-512.859
-513.652
-514.445
-515.238
-516.032
-516.826
-517.62
)
;

boundaryField
{
    inlet
    {
        type            zeroGradient;
    }
    outlet
    {
        type            fixedValue;
        value           nonuniform List<scalar> 0();
    }
    lowerWall
    {
        type            zeroGradient;
    }
    upperWall
    {
        type            zeroGradient;
    }
    frontAndBack
    {
        type            zeroGradient;
    }
    procBoundary7to1
    {
        type            processor;
        value           nonuniform List<scalar> 
85
(
-173.009
-177.251
-182.159
-182.159
-187.068
-187.068
-191.979
-191.979
-196.217
-201.128
-201.128
-206.041
-206.041
-210.279
-215.193
-215.193
-220.107
-220.107
-225.023
-225.023
-229.261
-234.178
-234.178
-239.096
-239.096
-244.015
-244.015
-248.253
-253.173
-253.173
-258.094
-258.094
-262.332
-267.254
-267.254
-272.177
-272.177
-277.101
-277.101
-281.339
-286.264
-286.264
-291.19
-291.19
-295.428
-300.355
-300.355
-305.283
-305.283
-310.212
-310.212
-314.45
-319.38
-319.38
-324.311
-324.311
-328.549
-333.481
-333.481
-338.414
-338.414
-343.348
-343.348
-347.586
-352.52
-352.52
-357.456
-357.456
-361.694
-366.631
-366.631
-371.569
-371.569
-376.507
-376.507
-380.745
-385.685
-385.685
-390.625
-390.625
-395.567
-395.567
-399.805
-404.747
-404.747
)
;
    }
    procBoundary7to2
    {
        type            processor;
        value           nonuniform List<scalar> 
50
(
-310.753
-314.995
-319.233
-323.47
-327.708
-331.946
-336.184
-340.422
-344.66
-348.898
-353.136
-357.374
-361.612
-365.85
-370.088
-374.325
-378.563
-382.801
-387.039
-391.277
-395.515
-399.753
-403.991
-408.229
-412.467
-416.704
-420.942
-425.18
-429.418
-433.656
-437.894
-442.132
-446.37
-450.608
-454.846
-459.083
-463.321
-467.559
-471.797
-476.035
-480.273
-484.511
-488.749
-492.987
-497.224
-501.462
-505.7
-509.938
-514.176
-518.414
)
;
    }
    procBoundary7to10
    {
        type            processor;
        value           nonuniform List<scalar> 
149
(
-409.691
-410.398
-411.106
-411.814
-412.523
-413.233
-413.944
-414.656
-415.369
-416.083
-416.797
-417.512
-418.228
-418.945
-419.663
-420.382
-421.101
-421.822
-422.543
-423.265
-423.988
-424.711
-425.436
-426.161
-426.887
-427.614
-428.342
-429.07
-429.8
-430.53
-431.26
-431.992
-432.725
-433.458
-434.192
-434.926
-435.662
-436.398
-437.135
-437.873
-438.611
-439.35
-440.09
-440.831
-441.573
-442.315
-443.058
-443.801
-444.545
-445.29
-446.036
-446.783
-447.53
-448.278
-449.026
-449.775
-450.525
-451.276
-452.027
-452.779
-453.531
-454.285
-455.038
-455.793
-456.548
-457.304
-458.06
-458.818
-459.575
-460.334
-461.093
-461.852
-462.612
-463.373
-464.135
-464.897
-465.659
-466.423
-467.186
-467.951
-468.716
-469.481
-470.248
-471.014
-471.782
-472.549
-473.318
-474.087
-474.856
-475.626
-476.397
-477.168
-477.94
-478.712
-479.484
-480.258
-481.031
-481.806
-482.58
-483.355
-484.131
-484.907
-485.684
-486.461
-487.239
-488.017
-488.796
-489.575
-490.354
-491.134
-491.914
-492.695
-493.477
-494.258
-495.04
-495.823
-496.606
-497.389
-498.173
-498.958
-499.742
-500.527
-501.313
-502.099
-502.885
-503.671
-504.458
-505.246
-506.033
-506.821
-507.61
-508.399
-509.188
-509.977
-510.767
-511.557
-512.348
-513.138
-513.93
-514.721
-515.513
-516.305
-517.097
-517.89
-518.683
-519.476
-520.27
-521.063
-521.857
)
;
    }
}


// ************************************************************************* //
