/*--------------------------------*- C++ -*----------------------------------*\
| =========                 |                                                 |
| \\      /  F ield         | OpenFOAM: The Open Source CFD Toolbox           |
|  \\    /   O peration     | Version:  2512                                  |
|   \\  /    A nd           | Website:  www.openfoam.com                      |
|    \\/     M anipulation  |                                                 |
\*---------------------------------------------------------------------------*/
FoamFile
{
    version     2.0;
    format      ascii;
    arch        "LSB;label=32;scalar=64";
    class       volScalarField;
    location    "0.1";
    object      pB;
}
// * * * * * * * * * * * * * * * * * * * * * * * * * * * * * * * * * * * * * //

dimensions      [1 1 -3 0 0 -1 0];

internalField   nonuniform List<scalar> 
8333
(
1.74757
1.68989
1.63241
1.57525
1.51823
1.46127
1.4044
1.34763
1.29099
1.2345
1.17819
1.12205
1.0661
1.01035
0.954805
0.899459
0.844326
0.789407
0.734703
0.680219
0.625949
0.571894
0.518055
0.464423
0.410994
0.357756
0.304698
0.251812
0.199089
0.146513
0.0940702
0.0417459
-0.0104781
-0.0626165
-0.114689
-0.166717
-0.218719
-0.27071
-0.322708
-0.374729
-0.426789
-0.478901
-0.531075
-0.58332
-0.635642
-0.68805
-0.740549
-0.79314
-0.845825
-0.898605
-0.951481
-1.00445
-1.05752
-1.11068
-1.16392
-1.21726
-1.27068
-1.32418
-1.37776
-1.43141
-1.48514
-1.53893
-1.59279
-1.64671
-1.70069
-1.75472
-1.8088
-1.86293
-1.9171
-1.97131
-2.02555
-2.07983
-2.13414
-2.18848
-2.24285
-2.29724
-2.35165
-2.40607
-2.46051
-2.51496
-2.56943
-2.6239
-2.67838
-2.73286
-2.78734
-2.84183
-2.89631
-2.95079
-3.00526
-3.05973
-3.11418
-3.16863
-3.22307
-3.2775
-3.33191
-3.38631
-3.44069
-3.49505
-3.5494
-3.60373
-3.65804
-3.71232
-3.76658
-3.82082
-3.87503
-3.92922
-3.98338
-4.03752
-4.09162
-4.1457
-4.19975
-4.25378
-4.30777
-4.36174
-4.41567
-4.46957
-4.52344
-4.57728
-4.63109
-4.68486
-4.73861
-4.79232
-4.84599
-4.89964
-4.95325
-5.00683
-5.06037
-5.11389
-5.16737
-5.22082
-5.27424
-5.32763
-5.38099
-5.43433
-5.48763
-5.5409
-5.59415
-5.64737
-5.70056
-5.75373
-5.80688
-5.86001
-5.91312
-5.96621
-6.01928
-6.07234
-6.12538
-6.17841
-6.23143
-6.28444
-6.33745
-6.39045
-6.44344
-6.49644
-6.54943
-6.60243
-6.65543
-6.70843
-6.76144
-6.81445
-6.86746
-6.92049
-6.97351
-7.02654
-7.07957
-7.1326
-7.18562
-7.23863
-7.29162
-7.34459
-7.39753
-7.45042
-7.50326
-7.55603
-7.60871
-7.66128
-7.71372
-7.76599
-7.81808
-7.86993
-7.92148
-7.97269
-8.02343
-8.07359
1.75093
1.69342
1.63603
1.57893
1.52198
1.46511
1.40832
1.35165
1.29509
1.2387
1.18248
1.12643
1.07057
1.0149
0.959443
0.904184
0.849139
0.794307
0.73969
0.685292
0.63111
0.577141
0.523387
0.469841
0.416498
0.363346
0.310373
0.257572
0.204933
0.152442
0.100083
0.0478438
-0.00429539
-0.05635
-0.108339
-0.160283
-0.212201
-0.264107
-0.316021
-0.367958
-0.419934
-0.47196
-0.524049
-0.576209
-0.628447
-0.68077
-0.733183
-0.785688
-0.838287
-0.890981
-0.94377
-0.996656
-1.04964
-1.10271
-1.15587
-1.20911
-1.26245
-1.31586
-1.36935
-1.42292
-1.47656
-1.53027
-1.58404
-1.63787
-1.69175
-1.7457
-1.79969
-1.85373
-1.90781
-1.96194
-2.01609
-2.07029
-2.12451
-2.17876
-2.23304
-2.28734
-2.34166
-2.39599
-2.45035
-2.50471
-2.55909
-2.61347
-2.66786
-2.72225
-2.77665
-2.83104
-2.88544
-2.93983
-2.99421
-3.04859
-3.10296
-3.15732
-3.21167
-3.26601
-3.32033
-3.37464
-3.42893
-3.48321
-3.53747
-3.59171
-3.64593
-3.70012
-3.75429
-3.80844
-3.86257
-3.91667
-3.97074
-4.02479
-4.07881
-4.1328
-4.18677
-4.2407
-4.29461
-4.34848
-4.40233
-4.45614
-4.50993
-4.56368
-4.6174
-4.67108
-4.72474
-4.77836
-4.83195
-4.88551
-4.93904
-4.99253
-5.04599
-5.09941
-5.15281
-5.20617
-5.25951
-5.31281
-5.36609
-5.41933
-5.47255
-5.52573
-5.57889
-5.63203
-5.68514
-5.73822
-5.79128
-5.84432
-5.89734
-5.95035
-6.00333
-6.0563
-6.10926
-6.16221
-6.21514
-6.26807
-6.32098
-6.3739
-6.42681
-6.47972
-6.53263
-6.58554
-6.63845
-6.69136
-6.74428
-6.79721
-6.85014
-6.90307
-6.95601
-7.00896
-7.0619
-7.11484
-7.16777
-7.2207
-7.27361
-7.32649
-7.37934
-7.43215
-7.4849
-7.53758
-7.59017
-7.64265
-7.695
-7.74719
-7.79918
-7.85093
-7.90239
-7.9535
-8.00415
-8.0542
1.69917
1.64195
1.58496
1.52814
1.47141
1.41477
1.35825
1.30184
1.2456
1.18953
1.13363
1.07791
1.0224
0.967081
0.91197
0.857073
0.802387
0.747915
0.693662
0.639625
0.585802
0.532192
0.478791
0.425591
0.372583
0.319754
0.267097
0.2146
0.162251
0.110034
0.0579372
0.00594093
-0.0459721
-0.0978192
-0.149621
-0.201397
-0.253162
-0.304933
-0.356728
-0.408562
-0.460447
-0.512393
-0.56441
-0.616504
-0.668684
-0.720953
-0.773315
-0.82577
-0.878319
-0.930964
-0.983705
-1.03654
-1.08947
-1.14248
-1.19558
-1.24877
-1.30204
-1.35538
-1.4088
-1.4623
-1.51585
-1.56948
-1.62316
-1.6769
-1.7307
-1.78454
-1.83844
-1.89237
-1.94635
-2.00036
-2.0544
-2.10848
-2.16258
-2.21671
-2.27086
-2.32503
-2.37922
-2.43342
-2.48764
-2.54187
-2.5961
-2.65034
-2.70459
-2.75884
-2.81308
-2.86733
-2.92157
-2.9758
-3.03003
-3.08426
-3.13847
-3.19267
-3.24686
-3.30104
-3.3552
-3.40934
-3.46347
-3.51758
-3.57167
-3.62574
-3.67979
-3.73382
-3.78782
-3.8418
-3.89575
-3.94968
-4.00358
-4.05745
-4.11129
-4.16511
-4.2189
-4.27265
-4.32638
-4.38008
-4.43375
-4.48739
-4.54099
-4.59456
-4.64811
-4.70161
-4.75509
-4.80854
-4.86195
-4.91532
-4.96867
-5.02198
-5.07526
-5.12851
-5.18173
-5.23492
-5.28808
-5.34121
-5.39431
-5.44738
-5.50042
-5.55343
-5.60642
-5.65938
-5.71232
-5.76524
-5.81814
-5.87101
-5.92387
-5.97671
-6.02954
-6.08235
-6.13515
-6.18794
-6.24072
-6.2935
-6.34627
-6.39903
-6.4518
-6.50456
-6.55732
-6.61009
-6.66286
-6.71564
-6.76842
-6.82121
-6.874
-6.92679
-6.97959
-7.03239
-7.08518
-7.13797
-7.19075
-7.24351
-7.29625
-7.34896
-7.40162
-7.45422
-7.50675
-7.5592
-7.61153
-7.66373
-7.71577
-7.76761
-7.81921
-7.87052
-7.92147
-7.97194
-8.02184
1.65064
1.59384
1.53719
1.48067
1.42426
1.36795
1.31177
1.25575
1.1999
1.14421
1.08872
1.03342
0.978327
0.923434
0.868754
0.814286
0.76003
0.705992
0.65217
0.598562
0.545167
0.491981
0.438995
0.3862
0.333584
0.281139
0.228856
0.176717
0.124712
0.0728264
0.0210419
-0.0306604
-0.0822964
-0.133887
-0.185451
-0.237005
-0.288566
-0.34015
-0.391772
-0.443446
-0.495181
-0.546985
-0.598867
-0.650834
-0.70289
-0.755038
-0.807278
-0.859613
-0.912044
-0.96457
-1.01719
-1.0699
-1.1227
-1.17558
-1.22855
-1.2816
-1.33473
-1.38794
-1.44121
-1.49455
-1.54796
-1.60142
-1.65495
-1.70852
-1.76215
-1.81582
-1.86954
-1.9233
-1.97709
-2.03091
-2.08477
-2.13865
-2.19256
-2.24649
-2.30044
-2.35441
-2.4084
-2.46239
-2.5164
-2.57042
-2.62444
-2.67846
-2.73249
-2.78651
-2.84054
-2.89456
-2.94858
-3.00258
-3.05659
-3.11058
-3.16456
-3.21853
-3.27249
-3.32643
-3.38035
-3.43426
-3.48815
-3.54203
-3.59588
-3.6497
-3.70351
-3.75729
-3.81105
-3.86478
-3.91849
-3.97217
-4.02583
-4.07945
-4.13305
-4.18662
-4.24016
-4.29367
-4.34715
-4.4006
-4.45402
-4.50741
-4.56076
-4.61408
-4.66738
-4.72064
-4.77386
-4.82706
-4.88022
-4.93335
-4.98644
-5.03951
-5.09254
-5.14554
-5.19851
-5.25146
-5.30437
-5.35725
-5.41011
-5.46293
-5.51573
-5.5685
-5.62125
-5.67397
-5.72668
-5.77936
-5.83202
-5.88466
-5.93729
-5.9899
-6.0425
-6.09508
-6.14766
-6.20022
-6.25278
-6.30534
-6.35789
-6.41044
-6.46299
-6.51554
-6.56809
-6.62065
-6.67321
-6.72578
-6.77835
-6.83092
-6.8835
-6.93609
-6.98867
-7.04125
-7.09382
-7.14639
-7.19894
-7.25146
-7.30395
-7.35639
-7.40878
-7.4611
-7.51332
-7.56544
-7.61742
-7.66924
-7.72085
-7.77223
-7.8233
-7.87402
-7.92426
-7.97392
1.6055
1.54909
1.49285
1.43673
1.38071
1.32482
1.26909
1.21353
1.15814
1.10293
1.04792
0.993114
0.938509
0.884115
0.829933
0.775962
0.722209
0.668672
0.615347
0.562235
0.509331
0.456628
0.404114
0.35178
0.299616
0.247612
0.195753
0.144027
0.0924201
0.0409151
-0.0105084
-0.0618657
-0.113177
-0.164463
-0.215738
-0.267021
-0.318326
-0.36967
-0.421064
-0.472519
-0.524043
-0.575645
-0.627331
-0.679106
-0.730972
-0.78293
-0.834982
-0.88713
-0.939373
-0.991708
-1.04413
-1.09665
-1.14925
-1.20193
-1.2547
-1.30754
-1.36046
-1.41344
-1.4665
-1.51962
-1.57279
-1.62603
-1.67932
-1.73266
-1.78604
-1.83947
-1.89293
-1.94644
-1.99997
-2.05354
-2.10713
-2.16075
-2.21439
-2.26805
-2.32173
-2.37543
-2.42913
-2.48285
-2.53657
-2.59031
-2.64404
-2.69778
-2.75151
-2.80525
-2.85898
-2.9127
-2.96642
-3.02013
-3.07384
-3.12753
-3.18121
-3.23487
-3.28852
-3.34216
-3.39578
-3.44938
-3.50296
-3.55652
-3.61006
-3.66358
-3.71707
-3.77054
-3.82399
-3.87741
-3.9308
-3.98416
-4.0375
-4.09081
-4.14409
-4.19734
-4.25057
-4.30376
-4.35692
-4.41005
-4.46315
-4.51622
-4.56925
-4.62226
-4.67523
-4.72817
-4.78108
-4.83395
-4.8868
-4.93961
-4.99238
-5.04513
-5.09785
-5.15054
-5.20319
-5.25582
-5.30842
-5.36099
-5.41353
-5.46604
-5.51853
-5.571
-5.62344
-5.67585
-5.72825
-5.78063
-5.83299
-5.88533
-5.93766
-5.98997
-6.04227
-6.09457
-6.14685
-6.19913
-6.2514
-6.30367
-6.35593
-6.4082
-6.46047
-6.51274
-6.56501
-6.61729
-6.66957
-6.72186
-6.77415
-6.82645
-6.87875
-6.93105
-6.98335
-7.03564
-7.08792
-7.14018
-7.19242
-7.24462
-7.29678
-7.34889
-7.40092
-7.45286
-7.50468
-7.55638
-7.6079
-7.65923
-7.7103
-7.76108
-7.81149
-7.86143
-7.91079
1.61986
1.56381
1.50789
1.45212
1.39646
1.34094
1.28557
1.23036
1.17533
1.12048
1.06583
1.01137
0.957122
0.903081
0.849253
0.795636
0.742234
0.689048
0.636074
0.583313
0.530759
0.478404
0.426238
0.374251
0.322434
0.270776
0.219264
0.167884
0.116622
0.0654624
0.0143842
-0.0366282
-0.087595
-0.138536
-0.189467
-0.240404
-0.291364
-0.342363
-0.393413
-0.444522
-0.4957
-0.546955
-0.598294
-0.649721
-0.701238
-0.752847
-0.80455
-0.856348
-0.90824
-0.960224
-1.0123
-1.06446
-1.11671
-1.16904
-1.22145
-1.27394
-1.3265
-1.37913
-1.43183
-1.48459
-1.53742
-1.59029
-1.64323
-1.69621
-1.74924
-1.80231
-1.85542
-1.90856
-1.96174
-2.01494
-2.06818
-2.12144
-2.17472
-2.22803
-2.28135
-2.33468
-2.38803
-2.44139
-2.49475
-2.54813
-2.6015
-2.65488
-2.70826
-2.76163
-2.815
-2.86837
-2.92173
-2.97508
-3.02843
-3.08176
-3.13508
-3.18839
-3.24168
-3.29496
-3.34822
-3.40146
-3.45469
-3.50789
-3.56107
-3.61423
-3.66736
-3.72048
-3.77356
-3.82663
-3.87966
-3.93267
-3.98565
-4.0386
-4.09153
-4.14442
-4.19729
-4.25013
-4.30293
-4.35571
-4.40845
-4.46116
-4.51385
-4.5665
-4.61912
-4.6717
-4.72425
-4.77677
-4.82926
-4.88172
-4.93414
-4.98654
-5.0389
-5.09124
-5.14354
-5.19582
-5.24806
-5.30028
-5.35247
-5.40463
-5.45677
-5.50888
-5.56097
-5.61303
-5.66508
-5.71711
-5.76912
-5.82111
-5.87308
-5.92505
-5.977
-6.02894
-6.08088
-6.1328
-6.18472
-6.23664
-6.28856
-6.34048
-6.39239
-6.44431
-6.49624
-6.54817
-6.6001
-6.65204
-6.70398
-6.75593
-6.80788
-6.85983
-6.91177
-6.96371
-7.01564
-7.06755
-7.11944
-7.17129
-7.2231
-7.27485
-7.32653
-7.37811
-7.42958
-7.48092
-7.53209
-7.58305
-7.63376
-7.68417
-7.73421
-7.78377
-7.83277
1.58127
1.52575
1.47037
1.41514
1.36005
1.30511
1.25032
1.19571
1.14129
1.08706
1.03303
0.9792
0.925578
0.872168
0.818971
0.765988
0.713218
0.660661
0.608315
0.556176
0.504235
0.452482
0.400908
0.349503
0.298257
0.247156
0.196186
0.145334
0.0945847
0.0439168
-0.00668604
-0.0572435
-0.107775
-0.158296
-0.208824
-0.259375
-0.309964
-0.360603
-0.411302
-0.462069
-0.512912
-0.563839
-0.614853
-0.665957
-0.717151
-0.76844
-0.819822
-0.871298
-0.922865
-0.974521
-1.02627
-1.07809
-1.13001
-1.182
-1.23407
-1.28621
-1.33842
-1.3907
-1.44304
-1.49544
-1.54789
-1.6004
-1.65296
-1.70556
-1.75821
-1.81089
-1.86361
-1.91636
-1.96915
-2.02196
-2.07479
-2.12765
-2.18053
-2.23342
-2.28633
-2.33925
-2.39219
-2.44513
-2.49807
-2.55102
-2.60397
-2.65692
-2.70987
-2.76282
-2.81576
-2.86869
-2.92162
-2.97454
-3.02744
-3.08034
-3.13322
-3.18609
-3.23894
-3.29178
-3.34459
-3.39739
-3.45017
-3.50293
-3.55566
-3.60837
-3.66106
-3.71372
-3.76636
-3.81897
-3.87156
-3.92411
-3.97664
-4.02915
-4.08162
-4.13406
-4.18648
-4.23886
-4.29121
-4.34354
-4.39583
-4.44809
-4.50032
-4.55252
-4.60468
-4.65681
-4.70891
-4.76098
-4.81302
-4.86502
-4.917
-4.96894
-5.02086
-5.07274
-5.1246
-5.17643
-5.22823
-5.28
-5.33174
-5.38346
-5.43516
-5.48683
-5.53848
-5.59011
-5.64172
-5.69331
-5.74489
-5.79645
-5.848
-5.89953
-5.95106
-6.00258
-6.05409
-6.10559
-6.1571
-6.2086
-6.2601
-6.3116
-6.3631
-6.41461
-6.46613
-6.51764
-6.56917
-6.62069
-6.67222
-6.72376
-6.77529
-6.82682
-6.87835
-6.92986
-6.98135
-7.03282
-7.08426
-7.13565
-7.18698
-7.23824
-7.2894
-7.34045
-7.39136
-7.4421
-7.49264
-7.54292
-7.5929
-7.64249
-7.69163
-7.74021
1.54636
1.49143
1.43669
1.3821
1.32765
1.27335
1.21923
1.1653
1.11156
1.05801
1.00467
0.951531
0.898604
0.845891
0.793391
0.741103
0.689026
0.63716
0.585499
0.534035
0.482759
0.431661
0.380731
0.32996
0.279334
0.228839
0.17846
0.128184
0.0779897
0.0278597
-0.0222252
-0.0722838
-0.122333
-0.172387
-0.222466
-0.272582
-0.322747
-0.372972
-0.423264
-0.473633
-0.524084
-0.574622
-0.625247
-0.675964
-0.726774
-0.777677
-0.828673
-0.879759
-0.930933
-0.982195
-1.03354
-1.08497
-1.13648
-1.18806
-1.23972
-1.29144
-1.34323
-1.39509
-1.447
-1.49897
-1.55099
-1.60306
-1.65517
-1.70733
-1.75952
-1.81175
-1.86401
-1.9163
-1.96862
-2.02097
-2.07334
-2.12572
-2.17812
-2.23054
-2.28297
-2.33541
-2.38786
-2.44032
-2.49277
-2.54523
-2.59769
-2.65015
-2.7026
-2.75505
-2.80749
-2.85993
-2.91236
-2.96477
-3.01718
-3.06957
-3.12194
-3.1743
-3.22665
-3.27897
-3.33128
-3.38357
-3.43584
-3.48808
-3.5403
-3.5925
-3.64467
-3.69682
-3.74894
-3.80104
-3.85311
-3.90515
-3.95716
-4.00915
-4.0611
-4.11303
-4.16493
-4.21679
-4.26863
-4.32044
-4.37221
-4.42395
-4.47566
-4.52734
-4.57899
-4.63061
-4.68219
-4.73374
-4.78526
-4.83675
-4.88822
-4.93965
-4.99105
-5.04242
-5.09377
-5.14509
-5.19637
-5.24764
-5.29888
-5.35009
-5.40128
-5.45245
-5.5036
-5.55473
-5.60584
-5.65693
-5.70801
-5.75908
-5.81014
-5.86118
-5.91222
-5.96325
-6.01428
-6.0653
-6.11632
-6.16734
-6.21837
-6.26939
-6.32042
-6.37145
-6.42249
-6.47353
-6.52458
-6.57563
-6.62669
-6.67774
-6.72879
-6.77983
-6.83087
-6.88188
-6.93287
-6.98382
-7.03473
-7.08558
-7.13635
-7.18703
-7.23759
-7.28802
-7.33827
-7.38831
-7.4381
-7.48758
-7.53668
-7.58532
-7.63341
1.56963
1.51527
1.46105
1.40701
1.35312
1.29938
1.24581
1.19243
1.13924
1.08625
1.03345
0.980864
0.928484
0.876318
0.824363
0.772619
0.721085
0.669762
0.618642
0.567717
0.51698
0.46642
0.416028
0.365794
0.315705
0.265747
0.215903
0.166162
0.116503
0.0669073
0.0173568
-0.032167
-0.0816812
-0.131202
-0.180745
-0.230326
-0.279956
-0.329645
-0.379401
-0.429233
-0.479146
-0.529145
-0.579231
-0.629408
-0.679677
-0.730038
-0.780491
-0.831033
-0.881664
-0.93238
-0.983181
-1.03406
-1.08502
-1.13606
-1.18717
-1.23834
-1.28958
-1.34089
-1.39225
-1.44366
-1.49513
-1.54665
-1.59821
-1.64981
-1.70145
-1.75313
-1.80484
-1.85657
-1.90834
-1.96013
-2.01194
-2.06377
-2.11562
-2.16748
-2.21935
-2.27124
-2.32313
-2.37503
-2.42693
-2.47883
-2.53074
-2.58264
-2.63454
-2.68643
-2.73832
-2.7902
-2.84207
-2.89393
-2.94578
-2.99761
-3.04943
-3.10124
-3.15303
-3.2048
-3.25655
-3.30829
-3.36
-3.41169
-3.46336
-3.515
-3.56662
-3.61822
-3.66979
-3.72133
-3.77284
-3.82433
-3.8758
-3.92723
-3.97863
-4.03001
-4.08136
-4.13267
-4.18396
-4.23521
-4.28644
-4.33763
-4.38879
-4.43992
-4.49102
-4.54209
-4.59313
-4.64413
-4.6951
-4.74605
-4.79696
-4.84785
-4.8987
-4.94953
-5.00033
-5.0511
-5.10185
-5.15256
-5.20326
-5.25393
-5.30457
-5.3552
-5.4058
-5.45639
-5.50696
-5.55751
-5.60805
-5.65857
-5.70908
-5.75959
-5.81008
-5.86057
-5.91106
-5.96154
-6.01202
-6.0625
-6.11298
-6.16346
-6.21395
-6.26444
-6.31493
-6.36543
-6.41594
-6.46645
-6.51696
-6.56747
-6.61798
-6.66848
-6.71896
-6.76943
-6.81988
-6.87029
-6.92065
-6.97095
-7.02118
-7.07131
-7.12132
-7.1712
-7.2209
-7.27038
-7.31961
-7.36853
-7.41707
-7.46516
-7.51272
1.54179
1.48819
1.43474
1.38146
1.32834
1.27539
1.22263
1.17005
1.11767
1.06548
1.0135
0.961732
0.910174
0.858826
0.807687
0.756758
0.706037
0.655518
0.605194
0.555056
0.505095
0.455302
0.405666
0.356174
0.306812
0.257565
0.20842
0.159355
0.110355
0.0613991
0.0124704
-0.0364486
-0.0853741
-0.134323
-0.183308
-0.232342
-0.281435
-0.330594
-0.379828
-0.429143
-0.478542
-0.528028
-0.577604
-0.627272
-0.67703
-0.726879
-0.776817
-0.826842
-0.876952
-0.927145
-0.977419
-1.02777
-1.0782
-1.12869
-1.17926
-1.22989
-1.28058
-1.33133
-1.38213
-1.43298
-1.48389
-1.53483
-1.58582
-1.63684
-1.6879
-1.73899
-1.79011
-1.84126
-1.89243
-1.94363
-1.99484
-2.04607
-2.09731
-2.14857
-2.19984
-2.25111
-2.30239
-2.35367
-2.40495
-2.45624
-2.50752
-2.5588
-2.61008
-2.66135
-2.71261
-2.76386
-2.8151
-2.86633
-2.91755
-2.96875
-3.01994
-3.07111
-3.12227
-3.1734
-3.22452
-3.27562
-3.32669
-3.37774
-3.42877
-3.47977
-3.53075
-3.58171
-3.63264
-3.68354
-3.73441
-3.78526
-3.83608
-3.88687
-3.93764
-3.98837
-4.03907
-4.08974
-4.14039
-4.191
-4.24158
-4.29213
-4.34265
-4.39314
-4.4436
-4.49403
-4.54442
-4.59479
-4.64512
-4.69543
-4.7457
-4.79595
-4.84617
-4.89637
-4.94653
-4.99667
-5.04678
-5.09687
-5.14693
-5.19697
-5.24699
-5.29699
-5.34697
-5.39693
-5.44688
-5.49682
-5.54674
-5.59665
-5.64654
-5.69644
-5.74632
-5.7962
-5.84608
-5.89596
-5.94583
-5.99571
-6.04559
-6.09547
-6.14536
-6.19525
-6.24515
-6.29505
-6.34496
-6.39486
-6.44477
-6.49467
-6.54457
-6.59445
-6.64432
-6.69415
-6.74396
-6.79371
-6.84341
-6.89303
-6.94255
-6.99195
-7.04121
-7.0903
-7.13917
-7.18778
-7.23608
-7.28401
-7.33149
-7.37845
1.51803
1.46524
1.41261
1.36017
1.3079
1.25581
1.2039
1.15219
1.10068
1.04937
0.998271
0.94738
0.896697
0.846224
0.795959
0.7459
0.696042
0.646377
0.596899
0.547596
0.49846
0.449481
0.400645
0.351939
0.303348
0.254857
0.206447
0.1581
0.109798
0.0615233
0.0132583
-0.0350134
-0.0833078
-0.131639
-0.180018
-0.228455
-0.276958
-0.325536
-0.374194
-0.422934
-0.471761
-0.520677
-0.569683
-0.61878
-0.667965
-0.717238
-0.766598
-0.816042
-0.865568
-0.915173
-0.964856
-1.01461
-1.06444
-1.11433
-1.16429
-1.21431
-1.26438
-1.31451
-1.36469
-1.41492
-1.46519
-1.5155
-1.56584
-1.61623
-1.66664
-1.71708
-1.76755
-1.81804
-1.86856
-1.91909
-1.96964
-2.02021
-2.07078
-2.12137
-2.17197
-2.22256
-2.27317
-2.32377
-2.37438
-2.42498
-2.47558
-2.52618
-2.57676
-2.62735
-2.67792
-2.72848
-2.77903
-2.82957
-2.8801
-2.93061
-2.9811
-3.03158
-3.08203
-3.13247
-3.18289
-3.23329
-3.28366
-3.33401
-3.38434
-3.43464
-3.48492
-3.53518
-3.5854
-3.6356
-3.68577
-3.73592
-3.78604
-3.83613
-3.88619
-3.93622
-3.98622
-4.03619
-4.08613
-4.13604
-4.18592
-4.23577
-4.28559
-4.33537
-4.38513
-4.43485
-4.48455
-4.53422
-4.58385
-4.63346
-4.68304
-4.7326
-4.78212
-4.83162
-4.88109
-4.93054
-4.97996
-5.02935
-5.07873
-5.12808
-5.17742
-5.22674
-5.27603
-5.32532
-5.37459
-5.42384
-5.47309
-5.52233
-5.57155
-5.62078
-5.66999
-5.71921
-5.76842
-5.81763
-5.86685
-5.91606
-5.96528
-6.01451
-6.06374
-6.11297
-6.16221
-6.21145
-6.26069
-6.30994
-6.35918
-6.40841
-6.45763
-6.50683
-6.556
-6.60514
-6.65423
-6.70325
-6.7522
-6.80106
-6.84979
-6.89838
-6.94679
-6.99499
-7.04293
-7.09055
-7.13781
-7.18462
-7.23093
1.49843
1.44651
1.3948
1.34327
1.29192
1.24074
1.18976
1.13898
1.0884
1.03802
0.987858
0.937899
0.888148
0.838605
0.789266
0.740128
0.691181
0.642419
0.593833
0.545412
0.497146
0.449024
0.401032
0.353153
0.305374
0.257677
0.210041
0.16245
0.114887
0.0673333
0.0197729
-0.0278098
-0.0754292
-0.123096
-0.170819
-0.218609
-0.266473
-0.314416
-0.36244
-0.41055
-0.458748
-0.507035
-0.555411
-0.603875
-0.652426
-0.701062
-0.749781
-0.798582
-0.847461
-0.896415
-0.945443
-0.994541
-1.0437
-1.09293
-1.14221
-1.19155
-1.24095
-1.2904
-1.33989
-1.38942
-1.439
-1.48861
-1.53825
-1.58793
-1.63764
-1.68737
-1.73712
-1.7869
-1.8367
-1.88651
-1.93633
-1.98617
-2.03602
-2.08587
-2.13573
-2.1856
-2.23546
-2.28533
-2.33519
-2.38505
-2.43491
-2.48476
-2.5346
-2.58443
-2.63426
-2.68407
-2.73387
-2.78366
-2.83343
-2.88318
-2.93292
-2.98264
-3.03234
-3.08202
-3.13168
-3.18132
-3.23094
-3.28053
-3.3301
-3.37964
-3.42916
-3.47865
-3.52812
-3.57755
-3.62697
-3.67635
-3.72571
-3.77503
-3.82433
-3.8736
-3.92284
-3.97205
-4.02123
-4.07038
-4.1195
-4.16859
-4.21764
-4.26667
-4.31567
-4.36464
-4.41358
-4.46249
-4.51137
-4.56022
-4.60905
-4.65785
-4.70662
-4.75537
-4.80409
-4.85278
-4.90146
-4.95011
-4.99874
-5.04735
-5.09594
-5.14452
-5.19308
-5.24163
-5.29016
-5.33869
-5.3872
-5.43571
-5.48421
-5.5327
-5.5812
-5.62969
-5.67818
-5.72667
-5.77517
-5.82367
-5.87217
-5.92068
-5.96919
-6.01771
-6.06623
-6.11475
-6.16327
-6.21178
-6.26029
-6.30879
-6.35727
-6.40571
-6.45413
-6.50249
-6.55079
-6.59902
-6.64715
-6.69515
-6.74301
-6.79069
-6.83816
-6.88536
-6.93226
-6.97878
-7.02488
-7.07048
1.53422
1.48311
1.43217
1.38143
1.33087
1.28048
1.23029
1.1803
1.1305
1.08091
1.03153
0.982351
0.933379
0.884615
0.836053
0.78769
0.739517
0.691528
0.643714
0.596064
0.548569
0.501217
0.453993
0.406884
0.359874
0.312944
0.266076
0.219252
0.172456
0.12567
0.0788771
0.0320623
-0.0147892
-0.0616872
-0.108642
-0.155663
-0.202756
-0.249927
-0.29718
-0.344517
-0.39194
-0.439452
-0.487051
-0.534737
-0.582509
-0.630364
-0.678302
-0.72632
-0.774415
-0.822585
-0.870827
-0.919137
-0.967512
-1.01595
-1.06444
-1.113
-1.1616
-1.21025
-1.25895
-1.3077
-1.35648
-1.40529
-1.45415
-1.50303
-1.55194
-1.60087
-1.64983
-1.69881
-1.74781
-1.79683
-1.84585
-1.89489
-1.94395
-1.993
-2.04206
-2.09113
-2.1402
-2.18927
-2.23833
-2.2874
-2.33646
-2.38551
-2.43455
-2.48359
-2.53262
-2.58163
-2.63064
-2.67963
-2.7286
-2.77756
-2.82651
-2.87543
-2.92434
-2.97322
-3.02208
-3.07093
-3.11975
-3.16855
-3.21732
-3.26607
-3.3148
-3.3635
-3.41217
-3.46082
-3.50944
-3.55803
-3.6066
-3.65514
-3.70364
-3.75212
-3.80057
-3.84899
-3.89739
-3.94575
-3.99408
-4.04238
-4.09065
-4.13889
-4.18711
-4.23529
-4.28344
-4.33157
-4.37967
-4.42774
-4.47578
-4.5238
-4.57179
-4.61975
-4.66769
-4.7156
-4.7635
-4.81137
-4.85922
-4.90705
-4.95486
-5.00266
-5.05044
-5.09821
-5.14596
-5.19371
-5.24144
-5.28917
-5.33689
-5.38461
-5.43233
-5.48004
-5.52775
-5.57547
-5.62318
-5.6709
-5.71863
-5.76636
-5.81409
-5.86183
-5.90957
-5.95731
-6.00505
-6.05279
-6.10052
-6.14824
-6.19593
-6.2436
-6.29123
-6.33882
-6.38634
-6.43378
-6.48112
-6.52834
-6.57542
-6.62231
-6.66899
-6.71541
-6.76152
-6.80726
-6.85259
-6.89744
1.52232
1.47223
1.42232
1.37259
1.32305
1.27372
1.22456
1.17561
1.12686
1.07832
1.02997
0.981836
0.933905
0.886174
0.838642
0.791299
0.744137
0.697149
0.650326
0.603655
0.557127
0.510728
0.464442
0.418255
0.372147
0.326102
0.2801
0.234125
0.188162
0.142191
0.0961985
0.0501697
0.00409454
-0.0420367
-0.0882332
-0.134502
-0.180847
-0.227273
-0.273782
-0.320376
-0.367057
-0.413824
-0.460677
-0.507615
-0.554635
-0.601735
-0.648915
-0.696171
-0.7435
-0.790901
-0.838369
-0.8859
-0.933492
-0.981142
-1.02885
-1.0766
-1.12441
-1.17226
-1.22015
-1.26809
-1.31605
-1.36405
-1.41208
-1.46014
-1.50822
-1.55633
-1.60446
-1.6526
-1.70077
-1.74894
-1.79713
-1.84532
-1.89353
-1.94174
-1.98995
-2.03816
-2.08638
-2.13459
-2.1828
-2.231
-2.2792
-2.32739
-2.37558
-2.42375
-2.47191
-2.52006
-2.5682
-2.61632
-2.66443
-2.71252
-2.76059
-2.80865
-2.85668
-2.90469
-2.95269
-3.00066
-3.04861
-3.09653
-3.14443
-3.19231
-3.24016
-3.28798
-3.33578
-3.38356
-3.4313
-3.47902
-3.52671
-3.57437
-3.62201
-3.66961
-3.71719
-3.76474
-3.81226
-3.85974
-3.9072
-3.95463
-4.00203
-4.0494
-4.09674
-4.14406
-4.19134
-4.2386
-4.28583
-4.33304
-4.38021
-4.42736
-4.47449
-4.52159
-4.56867
-4.61573
-4.66276
-4.70978
-4.75677
-4.80375
-4.85071
-4.89766
-4.94459
-4.99151
-5.03842
-5.08532
-5.13222
-5.17911
-5.22599
-5.27287
-5.31975
-5.36663
-5.41351
-5.46039
-5.50728
-5.55417
-5.60107
-5.64797
-5.69487
-5.74178
-5.78869
-5.83559
-5.88249
-5.92939
-5.97627
-6.02313
-6.06996
-6.11676
-6.16351
-6.21019
-6.25679
-6.3033
-6.34968
-6.39591
-6.44197
-6.48781
-6.53338
-6.57866
-6.62357
-6.66808
-6.71212
1.51491
1.46589
1.41703
1.3684
1.31996
1.2717
1.22364
1.17579
1.12814
1.08068
1.03344
0.986392
0.939546
0.892898
0.846438
0.800157
0.754049
0.708104
0.662312
0.616661
0.571139
0.525729
0.480418
0.435186
0.390016
0.344889
0.29979
0.254702
0.209606
0.164489
0.119336
0.0741367
0.028882
-0.0164373
-0.0618279
-0.107294
-0.15284
-0.198467
-0.244179
-0.289976
-0.335858
-0.381824
-0.427873
-0.474004
-0.520214
-0.566501
-0.612863
-0.659298
-0.705803
-0.752374
-0.799007
-0.8457
-0.89245
-0.939255
-0.986111
-1.03301
-1.07996
-1.12695
-1.17398
-1.22104
-1.26813
-1.31526
-1.36241
-1.40959
-1.45679
-1.504
-1.55124
-1.59849
-1.64576
-1.69304
-1.74033
-1.78762
-1.83492
-1.88222
-1.92953
-1.97683
-2.02413
-2.07143
-2.11873
-2.16602
-2.2133
-2.26058
-2.30784
-2.3551
-2.40234
-2.44957
-2.49678
-2.54398
-2.59117
-2.63833
-2.68548
-2.7326
-2.77971
-2.8268
-2.87387
-2.92091
-2.96793
-3.01493
-3.0619
-3.10884
-3.15577
-3.20266
-3.24953
-3.29638
-3.3432
-3.38999
-3.43675
-3.48348
-3.53019
-3.57687
-3.62351
-3.67013
-3.71672
-3.76329
-3.80982
-3.85632
-3.9028
-3.94924
-3.99566
-4.04205
-4.08842
-4.13475
-4.18107
-4.22735
-4.27361
-4.31984
-4.36605
-4.41224
-4.45841
-4.50455
-4.55068
-4.59678
-4.64287
-4.68894
-4.735
-4.78104
-4.82708
-4.8731
-4.91911
-4.96512
-5.01112
-5.05711
-5.10311
-5.1491
-5.19509
-5.24109
-5.28708
-5.33308
-5.37908
-5.42509
-5.4711
-5.51712
-5.56314
-5.60916
-5.65518
-5.70119
-5.7472
-5.79319
-5.83916
-5.8851
-5.93101
-5.97686
-6.02266
-6.06837
-6.11398
-6.15947
-6.20481
-6.24997
-6.29492
-6.3396
-6.38399
-6.42802
-6.47166
-6.51485
1.51205
1.46412
1.41643
1.36895
1.32164
1.27453
1.22762
1.18092
1.13441
1.0881
1.04199
0.996083
0.95037
0.904845
0.859498
0.814321
0.769307
0.724445
0.679723
0.635129
0.590647
0.546263
0.501959
0.457715
0.413517
0.369345
0.325183
0.281014
0.236824
0.192598
0.148327
0.104
0.0596094
0.0151484
-0.0293872
-0.0740007
-0.118695
-0.163472
-0.208333
-0.253277
-0.298305
-0.343414
-0.388602
-0.433869
-0.479211
-0.524628
-0.570116
-0.615672
-0.661293
-0.706975
-0.752716
-0.798514
-0.844364
-0.890265
-0.936212
-0.982203
-1.02824
-1.0743
-1.12041
-1.16654
-1.21271
-1.2589
-1.30511
-1.35135
-1.39761
-1.44389
-1.49018
-1.53648
-1.5828
-1.62912
-1.67545
-1.72179
-1.76813
-1.81447
-1.86081
-1.90715
-1.95349
-1.99982
-2.04615
-2.09247
-2.13878
-2.18509
-2.23138
-2.27766
-2.32393
-2.37018
-2.41642
-2.46264
-2.50884
-2.55503
-2.6012
-2.64735
-2.69347
-2.73958
-2.78567
-2.83173
-2.87777
-2.92378
-2.96977
-3.01574
-3.06168
-3.10759
-3.15348
-3.19935
-3.24518
-3.29099
-3.33677
-3.38252
-3.42825
-3.47395
-3.51962
-3.56526
-3.61087
-3.65645
-3.702
-3.74753
-3.79303
-3.8385
-3.88394
-3.92936
-3.97475
-4.02012
-4.06546
-4.11077
-4.15606
-4.20133
-4.24657
-4.29179
-4.33699
-4.38218
-4.42734
-4.47249
-4.51762
-4.56273
-4.60784
-4.65293
-4.69801
-4.74308
-4.78815
-4.83321
-4.87826
-4.92332
-4.96837
-5.01342
-5.05848
-5.10353
-5.14859
-5.19365
-5.23872
-5.28379
-5.32887
-5.37395
-5.41902
-5.4641
-5.50918
-5.55424
-5.59929
-5.64432
-5.68932
-5.73428
-5.7792
-5.82404
-5.86881
-5.91348
-5.95803
-6.00242
-6.04664
-6.09064
-6.13439
-6.17784
-6.22094
-6.26366
-6.30594
1.56071
1.51381
1.4671
1.42061
1.3743
1.32819
1.28229
1.23657
1.19106
1.14574
1.10062
1.0557
1.01097
0.966434
0.92207
0.877876
0.833843
0.789959
0.746217
0.702602
0.659098
0.615692
0.572364
0.529098
0.485877
0.442683
0.399499
0.356307
0.313093
0.269845
0.226551
0.183203
0.139791
0.0963099
0.0527552
0.00912405
-0.0345865
-0.0783785
-0.122253
-0.166209
-0.210247
-0.254365
-0.298561
-0.342833
-0.38718
-0.431599
-0.476089
-0.520645
-0.565264
-0.609945
-0.654683
-0.699476
-0.744321
-0.789215
-0.834155
-0.879138
-0.924161
-0.96922
-1.01431
-1.05944
-1.10459
-1.14977
-1.19497
-1.2402
-1.28544
-1.3307
-1.37598
-1.42127
-1.46657
-1.51188
-1.5572
-1.60252
-1.64784
-1.69317
-1.7385
-1.78382
-1.82915
-1.87446
-1.91978
-1.96508
-2.01038
-2.05567
-2.10095
-2.14621
-2.19147
-2.23671
-2.28193
-2.32714
-2.37233
-2.41751
-2.46266
-2.5078
-2.55292
-2.59801
-2.64309
-2.68814
-2.73317
-2.77817
-2.82315
-2.86811
-2.91305
-2.95795
-3.00284
-3.04769
-3.09252
-3.13733
-3.1821
-3.22685
-3.27157
-3.31627
-3.36093
-3.40557
-3.45018
-3.49476
-3.53931
-3.58384
-3.62834
-3.67281
-3.71726
-3.76168
-3.80607
-3.85044
-3.89478
-3.9391
-3.98339
-4.02766
-4.07191
-4.11614
-4.16035
-4.20454
-4.24871
-4.29286
-4.337
-4.38112
-4.42523
-4.46933
-4.51342
-4.5575
-4.60158
-4.64565
-4.68971
-4.73377
-4.77784
-4.8219
-4.86596
-4.91002
-4.95409
-4.99816
-5.04224
-5.08632
-5.1304
-5.17449
-5.21858
-5.26266
-5.30674
-5.35082
-5.39487
-5.43891
-5.48292
-5.52689
-5.57081
-5.61466
-5.65844
-5.70211
-5.74566
-5.78906
-5.83229
-5.8753
-5.91805
-5.96052
-6.00265
-6.0444
-6.08573
1.566
1.52033
1.47487
1.42961
1.38456
1.3397
1.29503
1.25055
1.20628
1.1622
1.11832
1.07462
1.03112
0.987785
0.944621
0.901618
0.858762
0.816048
0.773459
0.730982
0.688602
0.646301
0.604062
0.561868
0.5197
0.477541
0.435375
0.393186
0.350964
0.308697
0.266375
0.223991
0.181539
0.139014
0.0964139
0.0537359
0.010978
-0.0318608
-0.07478
-0.117779
-0.160856
-0.20401
-0.247239
-0.29054
-0.333913
-0.377354
-0.42086
-0.464429
-0.508057
-0.551742
-0.59548
-0.63927
-0.683107
-0.72699
-0.770914
-0.814878
-0.858877
-0.90291
-0.946972
-0.991063
-1.03518
-1.07932
-1.12348
-1.16766
-1.21186
-1.25607
-1.3003
-1.34453
-1.38878
-1.43303
-1.47728
-1.52154
-1.5658
-1.61006
-1.65432
-1.69858
-1.74283
-1.78708
-1.83132
-1.87555
-1.91978
-1.96399
-2.00819
-2.05238
-2.09656
-2.14072
-2.18487
-2.22899
-2.27311
-2.3172
-2.36127
-2.40533
-2.44936
-2.49338
-2.53737
-2.58134
-2.62528
-2.66921
-2.71311
-2.75698
-2.80083
-2.84466
-2.88846
-2.93223
-2.97598
-3.0197
-3.0634
-3.10706
-3.1507
-3.19432
-3.2379
-3.28146
-3.32499
-3.36849
-3.41197
-3.45542
-3.49884
-3.54224
-3.58561
-3.62896
-3.67228
-3.71557
-3.75885
-3.80209
-3.84532
-3.88853
-3.93171
-3.97487
-4.01802
-4.06114
-4.10426
-4.14735
-4.19043
-4.2335
-4.27656
-4.31961
-4.36265
-4.40568
-4.44871
-4.49174
-4.53476
-4.57778
-4.6208
-4.66382
-4.70684
-4.74987
-4.7929
-4.83594
-4.87898
-4.92202
-4.96507
-5.00811
-5.05115
-5.09419
-5.13722
-5.18024
-5.22323
-5.2662
-5.30913
-5.352
-5.39481
-5.43755
-5.48018
-5.52269
-5.56505
-5.60723
-5.6492
-5.69092
-5.73235
-5.77346
-5.8142
-5.85454
1.57605
1.53166
1.4875
1.44355
1.39978
1.3562
1.31282
1.26963
1.22664
1.18384
1.14123
1.09881
1.05655
1.01447
0.972539
0.930759
0.889119
0.847606
0.806203
0.764896
0.723669
0.682503
0.641382
0.600288
0.559203
0.518109
0.476994
0.435844
0.394651
0.353403
0.312094
0.270717
0.22927
0.187748
0.14615
0.104474
0.0627181
0.0208839
-0.0210286
-0.0630174
-0.105081
-0.147218
-0.189426
-0.231704
-0.274048
-0.316457
-0.358926
-0.401454
-0.444037
-0.486672
-0.529358
-0.57209
-0.614866
-0.657683
-0.700539
-0.743429
-0.786352
-0.829304
-0.872283
-0.915288
-0.958317
-1.00137
-1.04443
-1.08752
-1.13062
-1.17373
-1.21685
-1.25998
-1.30311
-1.34626
-1.3894
-1.43255
-1.47569
-1.51884
-1.56198
-1.60512
-1.64825
-1.69138
-1.7345
-1.77761
-1.8207
-1.86379
-1.90687
-1.94993
-1.99298
-2.03601
-2.07903
-2.12203
-2.16501
-2.20797
-2.25092
-2.29384
-2.33675
-2.37963
-2.42249
-2.46533
-2.50814
-2.55094
-2.5937
-2.63645
-2.67917
-2.72186
-2.76453
-2.80718
-2.84979
-2.89239
-2.93495
-2.97749
-3.02
-3.06249
-3.10494
-3.14737
-3.18978
-3.23215
-3.27451
-3.31683
-3.35913
-3.40141
-3.44366
-3.48588
-3.52809
-3.57026
-3.61242
-3.65455
-3.69666
-3.73875
-3.78083
-3.82288
-3.86492
-3.90694
-3.94894
-3.99093
-4.03291
-4.07488
-4.11684
-4.15879
-4.20074
-4.24267
-4.28461
-4.32654
-4.36847
-4.41041
-4.45234
-4.49428
-4.53621
-4.57816
-4.6201
-4.66205
-4.70401
-4.74596
-4.78792
-4.82987
-4.87182
-4.91376
-4.95569
-4.99759
-5.03947
-5.0813
-5.12309
-5.16481
-5.20645
-5.24799
-5.28941
-5.33068
-5.37178
-5.41266
-5.4533
-5.49366
-5.5337
-5.57338
-5.61268
1.63417
1.59094
1.5479
1.50509
1.46246
1.42001
1.37777
1.33572
1.29386
1.25219
1.21071
1.16941
1.12828
1.08732
1.04651
1.00586
0.965336
0.924943
0.88466
0.844472
0.804364
0.764318
0.724317
0.684342
0.644376
0.604401
0.564404
0.524374
0.484299
0.444171
0.403982
0.363727
0.323403
0.283006
0.242533
0.201985
0.161359
0.120656
0.0798761
0.0390219
-0.00190529
-0.0429037
-0.0839718
-0.125108
-0.16631
-0.207573
-0.248896
-0.290276
-0.33171
-0.373196
-0.41473
-0.456309
-0.497932
-0.539595
-0.581295
-0.62303
-0.664795
-0.706589
-0.74841
-0.790256
-0.832125
-0.874014
-0.915921
-0.957843
-0.99978
-1.04173
-1.08369
-1.12566
-1.16763
-1.20961
-1.25159
-1.29358
-1.33556
-1.37754
-1.41952
-1.4615
-1.50347
-1.54543
-1.58739
-1.62934
-1.67128
-1.7132
-1.75512
-1.79702
-1.83891
-1.88078
-1.92264
-1.96448
-2.0063
-2.04811
-2.08989
-2.13166
-2.17341
-2.21513
-2.25684
-2.29852
-2.34018
-2.38182
-2.42343
-2.46502
-2.50659
-2.54813
-2.58965
-2.63114
-2.67261
-2.71405
-2.75546
-2.79685
-2.83822
-2.87955
-2.92086
-2.96215
-3.00341
-3.04464
-3.08584
-3.12702
-3.16818
-3.20931
-3.25042
-3.2915
-3.33256
-3.3736
-3.41462
-3.45561
-3.49658
-3.53753
-3.57847
-3.61938
-3.66028
-3.70116
-3.74203
-3.78289
-3.82373
-3.86456
-3.90538
-3.9462
-3.98701
-4.02781
-4.06861
-4.10941
-4.15021
-4.191
-4.2318
-4.2726
-4.3134
-4.35421
-4.39502
-4.43583
-4.47665
-4.51747
-4.55829
-4.59911
-4.63992
-4.68072
-4.72151
-4.76228
-4.80302
-4.84372
-4.88437
-4.92495
-4.96546
-5.00586
-5.04615
-5.08628
-5.12625
-5.166
-5.20552
-5.24476
-5.28369
-5.32227
-5.36049
1.6526
1.61075
1.5691
1.52765
1.48639
1.44533
1.40446
1.36377
1.32328
1.28298
1.24284
1.20289
1.16309
1.12345
1.08396
1.0446
1.00537
0.966254
0.92723
0.888286
0.849404
0.810567
0.771756
0.732953
0.694141
0.655307
0.61644
0.577528
0.538564
0.49954
0.460451
0.421294
0.382066
0.342764
0.303387
0.263935
0.224408
0.184807
0.145132
0.105386
0.0655715
0.0256884
-0.0142608
-0.054274
-0.0943477
-0.134479
-0.174666
-0.214905
-0.255195
-0.295532
-0.335914
-0.376337
-0.4168
-0.457299
-0.497831
-0.538394
-0.578984
-0.6196
-0.660241
-0.700905
-0.741588
-0.782288
-0.823003
-0.863733
-0.904475
-0.945226
-0.985986
-1.02675
-1.06752
-1.1083
-1.14907
-1.18985
-1.23062
-1.27139
-1.31216
-1.35292
-1.39368
-1.43443
-1.47517
-1.5159
-1.55662
-1.59732
-1.63802
-1.6787
-1.71937
-1.76002
-1.80065
-1.84127
-1.88187
-1.92245
-1.96302
-2.00356
-2.04408
-2.08459
-2.12507
-2.16553
-2.20596
-2.24638
-2.28677
-2.32714
-2.36748
-2.4078
-2.4481
-2.48837
-2.52861
-2.56883
-2.60903
-2.6492
-2.68934
-2.72946
-2.76955
-2.80961
-2.84966
-2.88967
-2.92966
-2.96963
-3.00957
-3.04949
-3.08939
-3.12926
-3.16911
-3.20894
-3.24875
-3.28854
-3.3283
-3.36805
-3.40778
-3.4475
-3.4872
-3.52689
-3.56656
-3.60622
-3.64587
-3.68551
-3.72515
-3.76477
-3.8044
-3.84402
-3.88363
-3.92325
-3.96286
-4.00248
-4.0421
-4.08172
-4.12135
-4.16098
-4.20061
-4.24025
-4.27989
-4.31953
-4.35916
-4.39879
-4.43841
-4.47802
-4.51761
-4.55716
-4.59668
-4.63615
-4.67555
-4.71487
-4.7541
-4.7932
-4.83216
-4.87095
-4.90954
-4.94789
-4.98597
-5.02375
-5.06119
-5.09828
1.67596
1.63553
1.59528
1.55525
1.51542
1.47577
1.4363
1.39703
1.35794
1.31902
1.28027
1.24169
1.20325
1.16497
1.12682
1.0888
1.05089
1.01307
0.975333
0.937658
0.900027
0.862423
0.824826
0.78722
0.749592
0.711931
0.674225
0.636467
0.59865
0.56077
0.522824
0.484807
0.446719
0.408558
0.370323
0.332015
0.293635
0.255183
0.216663
0.178075
0.13942
0.100702
0.0619208
0.0230811
-0.0158148
-0.0547644
-0.0937655
-0.132815
-0.171911
-0.211051
-0.250231
-0.289449
-0.328702
-0.367988
-0.407303
-0.446645
-0.486012
-0.525404
-0.564817
-0.604249
-0.643698
-0.683162
-0.72264
-0.762129
-0.801629
-0.841135
-0.880648
-0.920165
-0.959685
-0.999207
-1.03873
-1.07825
-1.11777
-1.15728
-1.19679
-1.2363
-1.27579
-1.31528
-1.35476
-1.39422
-1.43368
-1.47312
-1.51255
-1.55197
-1.59137
-1.63076
-1.67012
-1.70948
-1.74881
-1.78813
-1.82742
-1.8667
-1.90595
-1.94519
-1.9844
-2.02359
-2.06276
-2.10191
-2.14104
-2.18014
-2.21921
-2.25827
-2.2973
-2.3363
-2.37528
-2.41424
-2.45317
-2.49208
-2.53096
-2.56981
-2.60864
-2.64745
-2.68623
-2.72499
-2.76372
-2.80243
-2.84112
-2.87978
-2.91843
-2.95705
-2.99565
-3.03422
-3.07278
-3.11132
-3.14984
-3.18835
-3.22684
-3.26531
-3.30377
-3.34222
-3.38065
-3.41908
-3.45749
-3.4959
-3.53431
-3.5727
-3.6111
-3.64949
-3.68788
-3.72628
-3.76467
-3.80306
-3.84146
-3.87986
-3.91827
-3.95668
-3.99509
-4.0335
-4.07191
-4.11032
-4.14873
-4.18713
-4.22551
-4.26387
-4.3022
-4.34049
-4.37873
-4.41691
-4.45501
-4.49301
-4.5309
-4.56864
-4.60621
-4.64358
-4.68072
-4.7176
-4.75419
-4.79045
-4.82638
1.70428
1.66528
1.62651
1.58795
1.54956
1.51136
1.47335
1.43551
1.39785
1.36035
1.32302
1.28584
1.2488
1.2119
1.17513
1.13846
1.10189
1.0654
1.02898
0.992593
0.956236
0.919887
0.883529
0.847148
0.810734
0.774275
0.737765
0.701197
0.664567
0.627872
0.591108
0.554275
0.517371
0.480396
0.443349
0.406232
0.369046
0.331792
0.294473
0.25709
0.219644
0.182138
0.144574
0.106957
0.0692866
0.0315666
-0.00620082
-0.044013
-0.0818672
-0.119761
-0.157692
-0.195657
-0.233653
-0.271677
-0.309728
-0.347804
-0.385903
-0.424023
-0.462161
-0.500316
-0.538486
-0.576668
-0.614862
-0.653066
-0.691276
-0.729493
-0.767714
-0.805937
-0.844163
-0.882389
-0.920613
-0.958835
-0.997053
-1.03527
-1.07347
-1.11167
-1.14986
-1.18805
-1.22622
-1.26438
-1.30253
-1.34067
-1.37879
-1.4169
-1.45499
-1.49306
-1.53112
-1.56917
-1.60719
-1.6452
-1.68318
-1.72115
-1.75909
-1.79702
-1.83492
-1.87281
-1.91067
-1.94851
-1.98632
-2.02411
-2.06188
-2.09963
-2.13735
-2.17505
-2.21272
-2.25037
-2.288
-2.3256
-2.36318
-2.40073
-2.43826
-2.47576
-2.51324
-2.5507
-2.58814
-2.62555
-2.66294
-2.70031
-2.73766
-2.77498
-2.81229
-2.84958
-2.88685
-2.9241
-2.96133
-2.99855
-3.03576
-3.07295
-3.11013
-3.14729
-3.18445
-3.2216
-3.25874
-3.29588
-3.33301
-3.37014
-3.40726
-3.44439
-3.48151
-3.51864
-3.55577
-3.5929
-3.63003
-3.66717
-3.70431
-3.74146
-3.7786
-3.81575
-3.85289
-3.89003
-3.92716
-3.96427
-4.00136
-4.03843
-4.07545
-4.11243
-4.14934
-4.18618
-4.22291
-4.25954
-4.29602
-4.33233
-4.36845
-4.40435
-4.43999
-4.47534
-4.51039
-4.54511
1.77526
1.73759
1.7001
1.66284
1.62576
1.58886
1.55215
1.51561
1.47924
1.44304
1.40699
1.3711
1.33535
1.29974
1.26426
1.22888
1.1936
1.15839
1.12325
1.08816
1.05309
1.01803
0.982958
0.947864
0.912736
0.877564
0.842342
0.807062
0.771723
0.736319
0.700849
0.665311
0.629704
0.594028
0.558283
0.52247
0.486589
0.450644
0.414634
0.378563
0.34243
0.30624
0.269994
0.233695
0.197345
0.160948
0.124504
0.0880165
0.0514886
0.0149223
-0.0216796
-0.0583145
-0.0949797
-0.131672
-0.168391
-0.205133
-0.241898
-0.278683
-0.315486
-0.352305
-0.389139
-0.425985
-0.462842
-0.499708
-0.536581
-0.573459
-0.610342
-0.647228
-0.684115
-0.721003
-0.757889
-0.794772
-0.831652
-0.868528
-0.905397
-0.94226
-0.979114
-1.01596
-1.0528
-1.08962
-1.12643
-1.16323
-1.20002
-1.23679
-1.27355
-1.31029
-1.34702
-1.38373
-1.42042
-1.45709
-1.49375
-1.53038
-1.567
-1.60359
-1.64017
-1.67672
-1.71325
-1.74977
-1.78625
-1.82272
-1.85916
-1.89559
-1.93198
-1.96836
-2.00471
-2.04104
-2.07734
-2.11362
-2.14988
-2.18611
-2.22232
-2.25851
-2.29467
-2.33081
-2.36693
-2.40303
-2.43911
-2.47516
-2.51119
-2.54721
-2.5832
-2.61918
-2.65513
-2.69107
-2.727
-2.76291
-2.7988
-2.83468
-2.87055
-2.90641
-2.94226
-2.9781
-3.01394
-3.04976
-3.08559
-3.12141
-3.15723
-3.19304
-3.22886
-3.26468
-3.3005
-3.33632
-3.37215
-3.40798
-3.44381
-3.47965
-3.51549
-3.55132
-3.58716
-3.62299
-3.65881
-3.69461
-3.7304
-3.76615
-3.80187
-3.83754
-3.87315
-3.90868
-3.94411
-3.97943
-4.01461
-4.04963
-4.08446
-4.11907
-4.15343
-4.18752
-4.22131
-4.25478
1.81211
1.77596
1.74001
1.70427
1.66872
1.63335
1.59814
1.5631
1.52823
1.49351
1.45895
1.42453
1.39025
1.35609
1.32204
1.28808
1.2542
1.22039
1.18662
1.15288
1.11914
1.0854
1.05163
1.01783
0.983979
0.950082
0.91613
0.882119
0.848045
0.813907
0.779703
0.745433
0.711095
0.67669
0.642219
0.607683
0.573085
0.538425
0.503704
0.468925
0.434089
0.399199
0.364259
0.32927
0.294234
0.259153
0.224031
0.188869
0.15367
0.118437
0.0831719
0.0478776
0.0125568
-0.0227889
-0.058158
-0.0935487
-0.128959
-0.164387
-0.19983
-0.235287
-0.270756
-0.306236
-0.341724
-0.37722
-0.41272
-0.448225
-0.483732
-0.519242
-0.554751
-0.590258
-0.625764
-0.661265
-0.696763
-0.732254
-0.767739
-0.803216
-0.838684
-0.874143
-0.909591
-0.945028
-0.980453
-1.01586
-1.05126
-1.08664
-1.12201
-1.15736
-1.1927
-1.22802
-1.26332
-1.2986
-1.33387
-1.36911
-1.40434
-1.43954
-1.47473
-1.50989
-1.54504
-1.58016
-1.61526
-1.65034
-1.68539
-1.72043
-1.75544
-1.79043
-1.8254
-1.86034
-1.89526
-1.93015
-1.96503
-1.99988
-2.03471
-2.06951
-2.1043
-2.13906
-2.1738
-2.20853
-2.24323
-2.27791
-2.31257
-2.34721
-2.38183
-2.41644
-2.45103
-2.4856
-2.52016
-2.55471
-2.58924
-2.62376
-2.65827
-2.69278
-2.72727
-2.76176
-2.79624
-2.83071
-2.86519
-2.89966
-2.93413
-2.9686
-3.00307
-3.03754
-3.07202
-3.1065
-3.14098
-3.17547
-3.20996
-3.24445
-3.27893
-3.31342
-3.3479
-3.38238
-3.41683
-3.45127
-3.48568
-3.52005
-3.55437
-3.58864
-3.62282
-3.65691
-3.69089
-3.72474
-3.75843
-3.79193
-3.82521
-3.85826
-3.89105
-3.92354
-3.95574
1.85399
1.8194
1.78503
1.75086
1.71686
1.68302
1.64935
1.61585
1.5825
1.5493
1.51625
1.48332
1.45053
1.41784
1.38524
1.35273
1.32028
1.28787
1.25549
1.22312
1.19074
1.15833
1.12589
1.0934
1.06087
1.02828
0.995636
0.96293
0.930161
0.897329
0.864432
0.83147
0.798442
0.765352
0.732198
0.698984
0.665711
0.632379
0.598991
0.565548
0.532053
0.498509
0.464919
0.431282
0.397603
0.363884
0.330127
0.296334
0.262507
0.228651
0.194765
0.160855
0.12692
0.092963
0.058985
0.0249879
-0.00902597
-0.0430547
-0.0770968
-0.111151
-0.145214
-0.179286
-0.213365
-0.247449
-0.281537
-0.315627
-0.349719
-0.383811
-0.417902
-0.45199
-0.486075
-0.520156
-0.554231
-0.588299
-0.62236
-0.656412
-0.690455
-0.724488
-0.75851
-0.79252
-0.826517
-0.860501
-0.89447
-0.928425
-0.962364
-0.996288
-1.0302
-1.06409
-1.09796
-1.13181
-1.16565
-1.19947
-1.23326
-1.26704
-1.3008
-1.33454
-1.36826
-1.40195
-1.43563
-1.46928
-1.50291
-1.53652
-1.57011
-1.60368
-1.63722
-1.67074
-1.70424
-1.73772
-1.77117
-1.8046
-1.83801
-1.8714
-1.90477
-1.93812
-1.97145
-2.00476
-2.03805
-2.07132
-2.10457
-2.13781
-2.17102
-2.20423
-2.23741
-2.27058
-2.30374
-2.33689
-2.37002
-2.40315
-2.43626
-2.46937
-2.50247
-2.53557
-2.56866
-2.60175
-2.63483
-2.66792
-2.70101
-2.73409
-2.76718
-2.80027
-2.83337
-2.86646
-2.89956
-2.93267
-2.96577
-2.99887
-3.03197
-3.06507
-3.09816
-3.13123
-3.16428
-3.1973
-3.23029
-3.26323
-3.29611
-3.32892
-3.36163
-3.39424
-3.42671
-3.45903
-3.49116
-3.52309
-3.55479
-3.58624
-3.6174
-3.64828
1.93408
1.90092
1.86795
1.83519
1.8026
1.77016
1.73791
1.7058
1.67385
1.64205
1.6104
1.57887
1.54747
1.51618
1.48498
1.45387
1.42282
1.39181
1.36083
1.32985
1.29887
1.26786
1.23681
1.20573
1.17459
1.1434
1.11216
1.08085
1.04949
1.01806
0.986577
0.955026
0.923413
0.891738
0.860003
0.828211
0.79636
0.764454
0.732492
0.700479
0.668415
0.636305
0.604149
0.57195
0.539709
0.507429
0.475113
0.442763
0.41038
0.377969
0.34553
0.313066
0.28058
0.248072
0.215543
0.182997
0.150434
0.117857
0.0852668
0.0526657
0.020055
-0.0125636
-0.0451886
-0.0778185
-0.110452
-0.143089
-0.175726
-0.208364
-0.241
-0.273634
-0.306265
-0.338892
-0.371513
-0.404128
-0.436735
-0.469335
-0.501925
-0.534505
-0.567075
-0.599633
-0.632179
-0.664711
-0.69723
-0.729735
-0.762225
-0.7947
-0.82716
-0.859602
-0.892028
-0.924435
-0.956825
-0.989197
-1.02155
-1.05389
-1.0862
-1.1185
-1.15077
-1.18303
-1.21526
-1.24747
-1.27967
-1.31184
-1.34399
-1.37612
-1.40822
-1.44031
-1.47237
-1.50441
-1.53644
-1.56844
-1.60042
-1.63237
-1.66431
-1.69623
-1.72813
-1.76001
-1.79187
-1.82372
-1.85554
-1.88735
-1.91914
-1.95092
-1.98268
-2.01443
-2.04616
-2.07789
-2.1096
-2.1413
-2.17299
-2.20468
-2.23636
-2.26803
-2.2997
-2.33137
-2.36303
-2.3947
-2.42636
-2.45803
-2.48969
-2.52136
-2.55304
-2.58471
-2.61639
-2.64807
-2.67975
-2.71143
-2.74311
-2.77479
-2.80645
-2.8381
-2.86973
-2.90133
-2.9329
-2.96442
-2.99589
-3.02728
-3.05858
-3.08977
-3.12083
-3.15175
-3.18249
-3.21303
-3.24334
-3.27342
-3.30322
-3.33275
1.9845
1.95297
1.92163
1.89047
1.85948
1.82867
1.798
1.76748
1.73712
1.70689
1.6768
1.64683
1.61697
1.5872
1.55752
1.5279
1.49832
1.46878
1.43923
1.40968
1.3801
1.35049
1.32083
1.29113
1.26137
1.23156
1.2017
1.17177
1.14179
1.11174
1.08164
1.05147
1.02125
0.990968
0.960631
0.930239
0.899792
0.869293
0.838744
0.808147
0.777505
0.746819
0.716092
0.685324
0.65452
0.623681
0.592808
0.561905
0.530974
0.500017
0.469036
0.438033
0.40701
0.375967
0.344906
0.31383
0.28274
0.251638
0.220525
0.189403
0.158274
0.127138
0.0959978
0.0648537
0.0337072
0.00255955
-0.028588
-0.0597343
-0.0908784
-0.122019
-0.153156
-0.184288
-0.215414
-0.246532
-0.277642
-0.308744
-0.339836
-0.370918
-0.401988
-0.433047
-0.464093
-0.495126
-0.526145
-0.557151
-0.588141
-0.619116
-0.650076
-0.681018
-0.711944
-0.742852
-0.773743
-0.804617
-0.835472
-0.866308
-0.897125
-0.927923
-0.958701
-0.989458
-1.0202
-1.05091
-1.08161
-1.11229
-1.14295
-1.17358
-1.2042
-1.23479
-1.26536
-1.29591
-1.32645
-1.35696
-1.38745
-1.41793
-1.44838
-1.47882
-1.50923
-1.53963
-1.57001
-1.60037
-1.63072
-1.66105
-1.69137
-1.72167
-1.75196
-1.78224
-1.8125
-1.84275
-1.873
-1.90323
-1.93346
-1.96368
-1.9939
-2.02412
-2.05433
-2.08453
-2.11474
-2.14495
-2.17516
-2.20537
-2.23558
-2.2658
-2.29602
-2.32624
-2.35646
-2.38668
-2.41691
-2.44713
-2.47735
-2.50755
-2.53775
-2.56792
-2.59807
-2.62818
-2.65825
-2.68826
-2.7182
-2.74805
-2.7778
-2.80743
-2.8369
-2.86621
-2.89533
-2.92423
-2.9529
-2.98131
-3.00945
2.03999
2.01012
1.9804
1.95089
1.92155
1.89235
1.8633
1.8344
1.80564
1.77701
1.7485
1.7201
1.6918
1.66358
1.63542
1.60731
1.57923
1.55115
1.52306
1.49495
1.46679
1.4386
1.41036
1.38207
1.35373
1.32534
1.29688
1.26837
1.23981
1.21118
1.1825
1.15376
1.12496
1.09611
1.06721
1.03826
1.00926
0.980205
0.951109
0.921969
0.892787
0.863565
0.834305
0.805009
0.775681
0.74632
0.716931
0.687514
0.658073
0.628608
0.599123
0.569618
0.540095
0.510554
0.480999
0.451431
0.42185
0.39226
0.362661
0.333055
0.303443
0.273827
0.244207
0.214584
0.184961
0.155338
0.125716
0.0960957
0.0664788
0.0368658
0.00725777
-0.0223442
-0.0519391
-0.0815262
-0.111105
-0.140675
-0.170235
-0.199784
-0.229321
-0.258846
-0.288359
-0.317858
-0.347345
-0.376817
-0.406274
-0.435715
-0.465141
-0.49455
-0.523943
-0.55332
-0.582679
-0.61202
-0.641344
-0.670649
-0.699935
-0.729201
-0.758449
-0.787678
-0.816888
-0.846078
-0.875249
-0.904399
-0.933529
-0.962639
-0.991728
-1.0208
-1.04985
-1.07888
-1.10789
-1.13688
-1.16586
-1.19481
-1.22375
-1.25267
-1.28157
-1.31045
-1.33932
-1.36817
-1.39701
-1.42583
-1.45464
-1.48344
-1.51222
-1.54099
-1.56976
-1.59851
-1.62725
-1.65599
-1.68472
-1.71345
-1.74217
-1.77089
-1.79961
-1.82833
-1.85705
-1.88577
-1.91449
-1.94321
-1.97193
-2.00066
-2.02939
-2.05813
-2.08686
-2.11559
-2.14432
-2.17305
-2.20177
-2.23047
-2.25916
-2.28781
-2.31644
-2.34502
-2.37355
-2.402
-2.43038
-2.45865
-2.4868
-2.51481
-2.54266
-2.57032
-2.59778
-2.625
-2.65199
-2.67872
2.10055
2.07232
2.0443
2.01646
1.98876
1.9612
1.9338
1.90654
1.8794
1.85238
1.82548
1.79867
1.77194
1.74528
1.71867
1.69208
1.6655
1.6389
1.61228
1.58562
1.55893
1.53218
1.50539
1.47855
1.45165
1.4247
1.3977
1.37064
1.34353
1.31636
1.28913
1.26186
1.23453
1.20715
1.17972
1.15225
1.12473
1.09716
1.06955
1.04191
1.01423
0.986505
0.958751
0.930965
0.903149
0.875305
0.847436
0.819543
0.791628
0.763693
0.735739
0.707767
0.67978
0.651778
0.623764
0.595738
0.567703
0.53966
0.51161
0.483555
0.455495
0.427431
0.399366
0.371299
0.343233
0.315168
0.287105
0.259045
0.230989
0.202938
0.174892
0.146853
0.118822
0.0907987
0.0627841
0.0347792
0.00678457
-0.0211989
-0.0491707
-0.0771305
-0.105078
-0.133012
-0.160933
-0.188839
-0.216731
-0.244607
-0.272467
-0.300312
-0.328141
-0.355953
-0.383749
-0.411526
-0.439287
-0.467029
-0.494752
-0.522458
-0.550145
-0.577814
-0.605464
-0.633095
-0.660706
-0.688298
-0.715871
-0.743424
-0.770958
-0.798473
-0.82597
-0.853448
-0.880909
-0.908351
-0.935775
-0.963182
-0.990572
-1.01794
-1.0453
-1.07264
-1.09997
-1.12728
-1.15457
-1.18186
-1.20913
-1.23639
-1.26363
-1.29087
-1.3181
-1.34532
-1.37254
-1.39975
-1.42695
-1.45415
-1.48135
-1.50855
-1.53574
-1.56294
-1.59014
-1.61733
-1.64453
-1.67174
-1.69894
-1.72615
-1.75336
-1.78057
-1.80778
-1.83499
-1.86219
-1.88939
-1.91657
-1.94373
-1.97087
-1.99797
-2.02504
-2.05205
-2.07899
-2.10585
-2.13262
-2.15927
-2.18578
-2.21213
-2.23831
-2.26429
-2.29005
-2.31558
-2.34087
2.19281
2.16614
2.13963
2.11331
2.08714
2.06111
2.03524
2.00949
1.98388
1.95838
1.933
1.90771
1.88251
1.85738
1.83229
1.80723
1.78217
1.7571
1.732
1.70686
1.68169
1.65647
1.63121
1.60589
1.58053
1.55511
1.52964
1.50412
1.47855
1.45292
1.42724
1.40152
1.37574
1.34991
1.32404
1.29813
1.27217
1.24616
1.22012
1.19404
1.16793
1.14178
1.1156
1.08939
1.06315
1.03688
1.01059
0.984273
0.957938
0.931585
0.905213
0.878825
0.852421
0.826004
0.799575
0.773136
0.746687
0.720231
0.693768
0.6673
0.640828
0.614353
0.587876
0.561398
0.53492
0.508443
0.481969
0.455497
0.429028
0.402565
0.376107
0.349655
0.323211
0.296775
0.270347
0.243928
0.217519
0.19112
0.164733
0.138358
0.111994
0.0856426
0.0593043
0.0329798
0.00666967
-0.0196258
-0.0459063
-0.0721717
-0.0984218
-0.124656
-0.150874
-0.177076
-0.20326
-0.229427
-0.255576
-0.281708
-0.307823
-0.33392
-0.359999
-0.386059
-0.412101
-0.438125
-0.464129
-0.490115
-0.516083
-0.542032
-0.567964
-0.593879
-0.619776
-0.645655
-0.671518
-0.697363
-0.723193
-0.749006
-0.774803
-0.800585
-0.826352
-0.852105
-0.877845
-0.903572
-0.929287
-0.954991
-0.980685
-1.00637
-1.03204
-1.05771
-1.08337
-1.10903
-1.13468
-1.16033
-1.18597
-1.21162
-1.23726
-1.2629
-1.28855
-1.31419
-1.33984
-1.36549
-1.39114
-1.41679
-1.44245
-1.46811
-1.49376
-1.51942
-1.54507
-1.57071
-1.59634
-1.62195
-1.64754
-1.67309
-1.69861
-1.72407
-1.74947
-1.77479
-1.80002
-1.82514
-1.85012
-1.87496
-1.89962
-1.9241
-1.94837
-1.97241
-1.99623
2.26176
2.2368
2.21201
2.1874
2.16293
2.13861
2.11441
2.09035
2.0664
2.04257
2.01883
1.99518
1.9716
1.94806
1.92455
1.90105
1.87753
1.85398
1.83039
1.80677
1.78311
1.7594
1.73564
1.71184
1.68798
1.66408
1.64012
1.61612
1.59207
1.56796
1.54381
1.51962
1.49537
1.47109
1.44676
1.42239
1.39798
1.37353
1.34905
1.32453
1.29998
1.2754
1.25079
1.22616
1.2015
1.17681
1.15211
1.12738
1.10264
1.07788
1.05311
1.02832
1.00351
0.978701
0.953877
0.929044
0.904205
0.879359
0.854509
0.829654
0.804797
0.779938
0.755078
0.730218
0.705359
0.680503
0.655649
0.630798
0.605952
0.581112
0.556277
0.53145
0.50663
0.481818
0.457015
0.432222
0.407438
0.382666
0.357904
0.333153
0.308415
0.283689
0.258976
0.234277
0.209592
0.184921
0.160264
0.135622
0.110996
0.0863842
0.0617889
0.03721
0.0126477
-0.0118979
-0.0364269
-0.0609391
-0.0854345
-0.109913
-0.134374
-0.158816
-0.183242
-0.207649
-0.232038
-0.25641
-0.280765
-0.305102
-0.329423
-0.353727
-0.378015
-0.402286
-0.426542
-0.450781
-0.475005
-0.499214
-0.523408
-0.547588
-0.571755
-0.595909
-0.620051
-0.644181
-0.668301
-0.69241
-0.716511
-0.740603
-0.764688
-0.788767
-0.81284
-0.836909
-0.860974
-0.885037
-0.909098
-0.933159
-0.957219
-0.98128
-1.00534
-1.02941
-1.05347
-1.07754
-1.10161
-1.12569
-1.14976
-1.17383
-1.19791
-1.22197
-1.24603
-1.27008
-1.29411
-1.31812
-1.3421
-1.36604
-1.38993
-1.41375
-1.43751
-1.46117
-1.48473
-1.50816
-1.53145
-1.55457
-1.57752
-1.60026
-1.6228
-1.64511
2.33572
2.31249
2.28945
2.26657
2.24382
2.2212
2.19871
2.17634
2.15408
2.13192
2.10985
2.08784
2.06589
2.04396
2.02203
2.00009
1.97812
1.95611
1.93407
1.91198
1.88985
1.86768
1.84546
1.8232
1.80088
1.77852
1.75612
1.73366
1.71116
1.68862
1.66603
1.6434
1.62072
1.59801
1.57525
1.55247
1.52964
1.50678
1.48389
1.46097
1.43802
1.41504
1.39204
1.36901
1.34597
1.3229
1.29981
1.27671
1.25359
1.23045
1.20731
1.18415
1.16097
1.1378
1.11461
1.09141
1.06821
1.04501
1.0218
0.998588
0.975375
0.952161
0.928948
0.905736
0.882526
0.859318
0.836114
0.812914
0.789719
0.76653
0.743348
0.720173
0.697005
0.673846
0.650697
0.627556
0.604426
0.581307
0.558198
0.5351
0.512014
0.488941
0.465881
0.442835
0.419802
0.396782
0.373777
0.350786
0.327809
0.304848
0.281903
0.258973
0.23606
0.213162
0.19028
0.167414
0.144564
0.121732
0.0989157
0.0761169
0.0533351
0.0305703
0.00782217
-0.0149095
-0.037625
-0.0603245
-0.0830081
-0.105676
-0.128328
-0.150965
-0.173587
-0.196194
-0.218787
-0.241365
-0.263931
-0.286483
-0.309023
-0.331552
-0.35407
-0.376577
-0.399075
-0.421564
-0.444045
-0.46652
-0.488988
-0.511451
-0.533909
-0.556365
-0.578817
-0.601269
-0.623719
-0.646169
-0.66862
-0.691072
-0.713526
-0.735982
-0.758441
-0.780902
-0.803364
-0.825827
-0.848291
-0.870752
-0.893209
-0.915659
-0.938097
-0.96052
-0.98292
-1.00529
-1.02763
-1.04991
-1.07214
-1.0943
-1.11637
-1.13834
-1.1602
-1.18191
-1.20347
-1.22486
-1.24606
-1.26706
-1.28784
2.43627
2.41467
2.39321
2.37194
2.35079
2.32976
2.30887
2.2881
2.26744
2.24688
2.22641
2.20601
2.18565
2.16533
2.14501
2.12467
2.1043
2.08389
2.06345
2.04297
2.02245
2.00189
1.98128
1.96063
1.93993
1.91919
1.89841
1.87758
1.85671
1.83579
1.81484
1.79384
1.77281
1.75174
1.73063
1.70948
1.68831
1.6671
1.64586
1.6246
1.6033
1.58198
1.56064
1.53927
1.51789
1.49648
1.47506
1.45362
1.43217
1.4107
1.38922
1.36773
1.34623
1.32472
1.30321
1.28169
1.26016
1.23863
1.21709
1.19555
1.17401
1.15247
1.13093
1.10939
1.08785
1.06632
1.04479
1.02326
1.00174
0.980223
0.958713
0.937209
0.915713
0.894225
0.872746
0.851276
0.829815
0.808364
0.786923
0.765494
0.744075
0.722669
0.701275
0.679893
0.658525
0.637169
0.615827
0.594498
0.573183
0.551883
0.530598
0.509328
0.488072
0.466832
0.445607
0.424397
0.403203
0.382025
0.360863
0.339716
0.318587
0.297473
0.276375
0.255293
0.234226
0.213174
0.192138
0.171116
0.150109
0.129117
0.108139
0.0871754
0.0662253
0.0452886
0.0243646
0.00345278
-0.0174474
-0.0383364
-0.059215
-0.0800839
-0.100944
-0.121795
-0.142639
-0.163476
-0.184307
-0.205134
-0.225956
-0.246775
-0.267591
-0.288406
-0.30922
-0.330034
-0.350848
-0.371664
-0.392481
-0.413301
-0.434122
-0.454946
-0.475771
-0.496598
-0.517424
-0.538248
-0.559069
-0.579882
-0.600685
-0.621474
-0.642241
-0.662981
-0.683686
-0.704347
-0.724952
-0.745489
-0.765945
-0.786305
-0.806551
-0.826668
-0.846638
-0.866444
-0.886072
-0.90551
-0.924746
2.51844
2.49861
2.47894
2.4594
2.44
2.42074
2.40159
2.38254
2.36361
2.34476
2.32598
2.30726
2.28856
2.26987
2.25115
2.23241
2.21363
2.19481
2.17596
2.15707
2.13814
2.11917
2.10016
2.08111
2.06201
2.04287
2.02369
2.00448
1.98522
1.96592
1.94659
1.92721
1.90781
1.88837
1.8689
1.84939
1.82986
1.8103
1.79071
1.7711
1.75146
1.73181
1.71213
1.69243
1.67271
1.65298
1.63323
1.61347
1.5937
1.57391
1.55412
1.53431
1.5145
1.49468
1.47485
1.45502
1.43519
1.41535
1.39551
1.37567
1.35583
1.33599
1.31615
1.29631
1.27647
1.25664
1.23681
1.21699
1.19717
1.17735
1.15755
1.13775
1.11796
1.09817
1.0784
1.05863
1.03887
1.01913
0.999391
0.979665
0.95995
0.940247
0.920556
0.900878
0.881211
0.861557
0.841916
0.822288
0.802674
0.783074
0.763488
0.743917
0.724359
0.704816
0.685288
0.665774
0.646275
0.626791
0.607323
0.58787
0.568433
0.54901
0.529602
0.510209
0.49083
0.471466
0.452115
0.432779
0.413456
0.394148
0.374852
0.35557
0.3363
0.317042
0.297796
0.27856
0.259336
0.240121
0.220916
0.201719
0.18253
0.163348
0.144173
0.125004
0.105839
0.0866784
0.0675208
0.0483657
0.029212
0.0100592
-0.00909331
-0.0282465
-0.0474007
-0.0665564
-0.0857142
-0.104874
-0.124036
-0.143199
-0.162363
-0.181528
-0.200691
-0.21985
-0.239003
-0.258146
-0.277275
-0.296384
-0.315468
-0.334519
-0.353528
-0.372485
-0.391378
-0.410194
-0.428919
-0.447538
-0.466033
-0.48439
-0.502592
-0.520625
-0.538479
-0.556142
2.60554
2.58749
2.56958
2.55183
2.53421
2.5167
2.4993
2.48201
2.4648
2.44767
2.43059
2.41355
2.3965
2.37944
2.36234
2.3452
2.32804
2.31084
2.2936
2.27633
2.25902
2.24167
2.22428
2.20685
2.18938
2.17187
2.15433
2.13675
2.11914
2.10149
2.0838
2.06609
2.04834
2.03056
2.01276
1.99492
1.97706
1.95918
1.94127
1.92334
1.90539
1.88742
1.86943
1.85143
1.83341
1.81538
1.79733
1.77928
1.76121
1.74313
1.72505
1.70695
1.68885
1.67075
1.65264
1.63453
1.61641
1.59829
1.58018
1.56206
1.54394
1.52582
1.5077
1.48959
1.47148
1.45337
1.43527
1.41717
1.39908
1.38099
1.36291
1.34484
1.32678
1.30872
1.29068
1.27264
1.25461
1.23659
1.21858
1.20058
1.18259
1.16461
1.14665
1.12869
1.11075
1.09282
1.07491
1.057
1.03911
1.02123
1.00337
0.985518
0.96768
0.949857
0.932047
0.914251
0.89647
0.878703
0.860951
0.843213
0.825489
0.807779
0.790083
0.772401
0.754732
0.737076
0.719434
0.701804
0.684188
0.666584
0.648993
0.631413
0.613845
0.596288
0.578741
0.561204
0.543677
0.526158
0.508648
0.491145
0.473649
0.45616
0.438675
0.421196
0.40372
0.386247
0.368776
0.351307
0.333839
0.316371
0.298903
0.281434
0.263963
0.24649
0.229016
0.21154
0.194062
0.176583
0.159103
0.141626
0.124151
0.106683
0.0892231
0.0717765
0.0543477
0.0369428
0.0195688
0.00223399
-0.0150519
-0.032278
-0.049432
-0.0665004
-0.0834685
-0.100321
-0.117043
-0.133619
-0.150036
-0.166285
-0.182352
2.69751
2.68124
2.66514
2.64919
2.63333
2.6176
2.60197
2.58643
2.57096
2.55555
2.54018
2.5248
2.5094
2.49397
2.4785
2.46301
2.44748
2.43192
2.41633
2.40069
2.38502
2.36932
2.35358
2.3378
2.32199
2.30615
2.29027
2.27436
2.25841
2.24244
2.22643
2.2104
2.19434
2.17825
2.16214
2.146
2.12984
2.11366
2.09746
2.08124
2.065
2.04875
2.03248
2.0162
1.9999
1.9836
1.96728
1.95095
1.93462
1.91827
1.90192
1.88556
1.8692
1.85284
1.83647
1.8201
1.80372
1.78735
1.77097
1.7546
1.73823
1.72186
1.70549
1.68912
1.67276
1.6564
1.64005
1.6237
1.60736
1.59102
1.57469
1.55837
1.54205
1.52575
1.50945
1.49316
1.47688
1.46061
1.44435
1.42809
1.41185
1.39563
1.37941
1.3632
1.347
1.33082
1.31465
1.29849
1.28234
1.2662
1.25008
1.23397
1.21788
1.20179
1.18572
1.16967
1.15362
1.13759
1.12158
1.10557
1.08958
1.07361
1.05764
1.04169
1.02575
1.00983
0.993912
0.97801
0.96212
0.946242
0.930374
0.914518
0.898672
0.882835
0.867008
0.85119
0.835381
0.819579
0.803784
0.787996
0.772213
0.756436
0.740663
0.724894
0.709128
0.693364
0.677602
0.661841
0.64608
0.630318
0.614556
0.598792
0.583027
0.567259
0.55149
0.53572
0.519948
0.504176
0.488406
0.472638
0.456876
0.441121
0.425379
0.409653
0.393949
0.378273
0.362634
0.34704
0.331502
0.316031
0.30064
0.285343
0.270154
0.255087
0.240157
0.225377
0.210754
0.196302
2.80886
2.79429
2.77985
2.76557
2.7514
2.73734
2.7234
2.70954
2.69575
2.68203
2.66835
2.65466
2.64094
2.62719
2.61342
2.59961
2.58578
2.57191
2.55801
2.54408
2.53011
2.51611
2.50208
2.48802
2.47392
2.45979
2.44564
2.43145
2.41723
2.40298
2.38871
2.37441
2.36009
2.34574
2.33137
2.31698
2.30256
2.28813
2.27368
2.25921
2.24473
2.23023
2.21571
2.20119
2.18665
2.1721
2.15754
2.14298
2.1284
2.11382
2.09923
2.08464
2.07004
2.05544
2.04084
2.02623
2.01162
1.99702
1.98241
1.9678
1.95319
1.93859
1.92398
1.90938
1.89478
1.88019
1.8656
1.85102
1.83644
1.82187
1.8073
1.79274
1.77819
1.76365
1.74911
1.73458
1.72006
1.70555
1.69104
1.67655
1.66207
1.6476
1.63313
1.61868
1.60424
1.58981
1.57539
1.56098
1.54658
1.5322
1.51783
1.50347
1.48912
1.47478
1.46046
1.44614
1.43185
1.41756
1.40329
1.38902
1.37478
1.36054
1.34631
1.3321
1.3179
1.30371
1.28953
1.27536
1.26121
1.24706
1.23293
1.2188
1.20469
1.19058
1.17649
1.1624
1.14832
1.13425
1.12018
1.10612
1.09207
1.07802
1.06397
1.04993
1.03589
1.02185
1.00782
0.993784
0.979751
0.965716
0.951682
0.937646
0.923608
0.909569
0.895528
0.881485
0.867441
0.853397
0.839354
0.825314
0.811278
0.797249
0.783231
0.769228
0.755245
0.741288
0.727365
0.713483
0.699653
0.685884
0.67219
0.658583
0.645076
0.631684
0.618419
0.605294
0.592317
0.579499
2.90864
2.89588
2.88326
2.87079
2.85844
2.84619
2.83402
2.82194
2.80992
2.79794
2.78596
2.77395
2.7619
2.74983
2.73773
2.7256
2.71345
2.70126
2.68905
2.67681
2.66453
2.65223
2.63989
2.62753
2.61514
2.60272
2.59028
2.57781
2.56531
2.55279
2.54024
2.52767
2.51508
2.50247
2.48984
2.4772
2.46453
2.45185
2.43915
2.42643
2.41371
2.40097
2.38822
2.37546
2.36269
2.34991
2.33713
2.32433
2.31153
2.29873
2.28592
2.2731
2.26029
2.24747
2.23465
2.22182
2.209
2.19617
2.18335
2.17053
2.15771
2.14489
2.13207
2.11926
2.10645
2.09365
2.08085
2.06805
2.05526
2.04248
2.0297
2.01693
2.00417
1.99141
1.97866
1.96592
1.95319
1.94047
1.92775
1.91504
1.90235
1.88966
1.87698
1.86431
1.85166
1.83901
1.82637
1.81375
1.80113
1.78853
1.77593
1.76335
1.75078
1.73822
1.72568
1.71314
1.70062
1.6881
1.6756
1.66311
1.65064
1.63817
1.62571
1.61327
1.60084
1.58841
1.576
1.5636
1.55121
1.53882
1.52645
1.51409
1.50173
1.48938
1.47704
1.46471
1.45239
1.44007
1.42776
1.41545
1.40315
1.39085
1.37855
1.36626
1.35397
1.34168
1.32939
1.3171
1.30482
1.29253
1.28024
1.26795
1.25566
1.24336
1.23107
1.21877
1.20647
1.19418
1.18188
1.16959
1.15731
1.14503
1.13277
1.12053
1.10831
1.09612
1.08397
1.07186
1.05982
1.04784
1.03594
1.02413
1.01243
1.00085
0.989397
0.978084
0.966918
3.01312
3.00219
2.99142
2.98078
2.97024
2.95978
2.94941
2.93912
2.92886
2.9186
2.9083
2.89797
2.88762
2.87724
2.86685
2.85642
2.84597
2.83549
2.82498
2.81445
2.80389
2.79331
2.7827
2.77206
2.7614
2.75071
2.74
2.72927
2.71852
2.70774
2.69695
2.68614
2.67531
2.66446
2.65359
2.64271
2.63181
2.6209
2.60998
2.59904
2.5881
2.57714
2.56618
2.5552
2.54422
2.53323
2.52224
2.51124
2.50023
2.48923
2.47821
2.4672
2.45618
2.44516
2.43414
2.42312
2.4121
2.40108
2.39006
2.37904
2.36803
2.35701
2.346
2.335
2.324
2.313
2.302
2.29102
2.28003
2.26906
2.25809
2.24712
2.23616
2.22521
2.21427
2.20333
2.1924
2.18148
2.17057
2.15967
2.14877
2.13789
2.12701
2.11614
2.10529
2.09444
2.0836
2.07277
2.06196
2.05115
2.04035
2.02957
2.01879
2.00802
1.99727
1.98653
1.97579
1.96507
1.95436
1.94366
1.93297
1.92229
1.91162
1.90096
1.89031
1.87967
1.86903
1.85841
1.8478
1.8372
1.8266
1.81601
1.80543
1.79486
1.78429
1.77373
1.76318
1.75263
1.74209
1.73155
1.72102
1.71049
1.69996
1.68943
1.67891
1.66838
1.65786
1.64734
1.63681
1.62629
1.61576
1.60523
1.5947
1.58417
1.57364
1.56311
1.55258
1.54205
1.53152
1.521
1.51048
1.49998
1.48949
1.47903
1.46859
1.45819
1.44783
1.43752
1.42727
1.4171
1.40701
1.39701
1.38713
1.37737
1.36773
1.35824
3.13144
3.12225
3.11319
3.10426
3.09545
3.08672
3.07807
3.06951
3.06099
3.05246
3.0439
3.0353
3.02668
3.01804
3.00939
3.00071
2.992
2.98328
2.97452
2.96575
2.95695
2.94813
2.93928
2.93042
2.92153
2.91262
2.90369
2.89474
2.88577
2.87679
2.86778
2.85876
2.84972
2.84067
2.8316
2.82252
2.81343
2.80432
2.79521
2.78608
2.77694
2.7678
2.75864
2.74948
2.74031
2.73114
2.72196
2.71278
2.70359
2.6944
2.6852
2.67601
2.66681
2.65761
2.64841
2.63921
2.63
2.6208
2.6116
2.60241
2.59321
2.58402
2.57483
2.56564
2.55645
2.54727
2.5381
2.52893
2.51976
2.5106
2.50145
2.4923
2.48316
2.47402
2.46489
2.45577
2.44665
2.43754
2.42844
2.41935
2.41026
2.40119
2.39212
2.38306
2.37401
2.36496
2.35593
2.34691
2.33789
2.32889
2.31989
2.3109
2.30193
2.29296
2.284
2.27506
2.26612
2.25719
2.24827
2.23937
2.23047
2.22158
2.2127
2.20383
2.19497
2.18611
2.17727
2.16843
2.15961
2.15079
2.14198
2.13317
2.12438
2.11559
2.1068
2.09803
2.08925
2.08049
2.07172
2.06297
2.05421
2.04546
2.03671
2.02797
2.01922
2.01048
2.00173
1.99299
1.98425
1.9755
1.96676
1.95801
1.94926
1.94051
1.93176
1.92301
1.91426
1.90551
1.89676
1.88802
1.87928
1.87055
1.86184
1.85315
1.84448
1.83584
1.82723
1.81868
1.81018
1.80174
1.79338
1.78511
1.77694
1.76889
1.76095
1.75313
3.24335
3.23601
3.2288
3.22171
3.21472
3.20782
3.20099
3.19422
3.18744
3.18062
3.17376
3.16689
3.16001
3.15311
3.14619
3.13925
3.13228
3.1253
3.1183
3.11127
3.10423
3.09717
3.09009
3.08299
3.07587
3.06873
3.06158
3.05441
3.04722
3.04003
3.03281
3.02558
3.01834
3.01109
3.00382
2.99655
2.98926
2.98196
2.97466
2.96735
2.96003
2.9527
2.94537
2.93803
2.93068
2.92333
2.91598
2.90862
2.90126
2.8939
2.88654
2.87917
2.87181
2.86444
2.85708
2.84971
2.84234
2.83498
2.82761
2.82025
2.81289
2.80554
2.79818
2.79083
2.78349
2.77614
2.76881
2.76147
2.75414
2.74682
2.7395
2.73219
2.72488
2.71758
2.71028
2.703
2.69571
2.68844
2.68117
2.67391
2.66666
2.65941
2.65217
2.64494
2.63772
2.63051
2.6233
2.6161
2.60892
2.60174
2.59456
2.5874
2.58025
2.5731
2.56597
2.55884
2.55172
2.54462
2.53752
2.53042
2.52334
2.51627
2.5092
2.50214
2.49509
2.48805
2.48102
2.47399
2.46697
2.45996
2.45295
2.44595
2.43896
2.43197
2.42499
2.41802
2.41105
2.40408
2.39712
2.39016
2.3832
2.37625
2.3693
2.36235
2.3554
2.34845
2.3415
2.33455
2.3276
2.32065
2.3137
2.30675
2.2998
2.29284
2.28589
2.27893
2.27197
2.26502
2.25807
2.25112
2.24419
2.23726
2.23035
2.22346
2.2166
2.20977
2.20298
2.19624
2.18956
2.18295
2.17642
2.16998
2.16364
2.1574
2.15129
3.35979
3.3543
3.34893
3.34368
3.33853
3.33346
3.32845
3.32342
3.31835
3.31325
3.30815
3.30303
3.2979
3.29275
3.28758
3.2824
3.27719
3.27197
3.26674
3.26149
3.25622
3.25093
3.24564
3.24032
3.23499
3.22965
3.22429
3.21892
3.21354
3.20815
3.20274
3.19733
3.1919
3.18647
3.18102
3.17557
3.1701
3.16463
3.15916
3.15368
3.14819
3.1427
3.1372
3.1317
3.12619
3.12069
3.11517
3.10966
3.10415
3.09863
3.09311
3.08759
3.08207
3.07655
3.07104
3.06552
3.06
3.05449
3.04897
3.04346
3.03795
3.03245
3.02694
3.02144
3.01595
3.01046
3.00497
2.99948
2.994
2.98853
2.98306
2.97759
2.97214
2.96668
2.96123
2.95579
2.95036
2.94493
2.9395
2.93409
2.92868
2.92328
2.91788
2.91249
2.90711
2.90174
2.89637
2.89101
2.88566
2.88032
2.87498
2.86966
2.86434
2.85903
2.85373
2.84843
2.84314
2.83787
2.83259
2.82733
2.82207
2.81683
2.81159
2.80635
2.80112
2.79591
2.79069
2.78549
2.78029
2.77509
2.76991
2.76472
2.75955
2.75438
2.74921
2.74405
2.73889
2.73374
2.72858
2.72344
2.71829
2.71315
2.70801
2.70286
2.69772
2.69259
2.68745
2.68231
2.67716
2.67202
2.66688
2.66173
2.65659
2.65144
2.64629
2.64114
2.636
2.63085
2.62571
2.62058
2.61546
2.61034
2.60525
2.60018
2.59513
2.59013
2.58516
2.58024
2.57539
2.57061
2.56591
2.5613
2.55679
2.55238
3.48066
3.47701
3.47351
3.47011
3.4668
3.46355
3.4603
3.45699
3.45366
3.45032
3.44698
3.44363
3.44026
3.43688
3.43349
3.43008
3.42666
3.42322
3.41977
3.41631
3.41283
3.40935
3.40585
3.40234
3.39882
3.39529
3.39174
3.38819
3.38463
3.38106
3.37748
3.37389
3.3703
3.3667
3.36309
3.35947
3.35585
3.35222
3.34859
3.34496
3.34132
3.33767
3.33403
3.33038
3.32673
3.32307
3.31942
3.31576
3.3121
3.30844
3.30478
3.30113
3.29747
3.29381
3.29015
3.28649
3.28284
3.27918
3.27553
3.27188
3.26824
3.26459
3.26095
3.25731
3.25368
3.25005
3.24642
3.2428
3.23918
3.23557
3.23196
3.22835
3.22475
3.22116
3.21757
3.21398
3.2104
3.20683
3.20326
3.1997
3.19615
3.1926
3.18906
3.18552
3.18199
3.17847
3.17495
3.17144
3.16794
3.16444
3.16095
3.15747
3.154
3.15053
3.14707
3.14362
3.14017
3.13674
3.1333
3.12988
3.12646
3.12305
3.11964
3.11624
3.11285
3.10946
3.10608
3.1027
3.09933
3.09597
3.09261
3.08926
3.08591
3.08256
3.07922
3.07588
3.07255
3.06922
3.06589
3.06256
3.05924
3.05592
3.0526
3.04928
3.04596
3.04264
3.03932
3.036
3.03268
3.02936
3.02603
3.02271
3.01938
3.01605
3.01272
3.0094
3.00607
3.00275
2.99943
2.99612
2.99282
2.98953
2.98626
2.98301
2.97979
2.97661
2.97347
2.97039
2.96737
2.96442
2.96155
2.95877
2.95609
3.60774
3.60586
3.6041
3.60246
3.60091
3.59944
3.59795
3.59641
3.59486
3.59331
3.59175
3.59019
3.58862
3.58703
3.58544
3.58383
3.58222
3.58059
3.57896
3.57731
3.57565
3.57399
3.57232
3.57064
3.56895
3.56725
3.56555
3.56383
3.56212
3.56039
3.55866
3.55692
3.55518
3.55343
3.55167
3.54991
3.54815
3.54638
3.54462
3.54284
3.54107
3.53929
3.53751
3.53572
3.53394
3.53215
3.53036
3.52858
3.52679
3.525
3.52321
3.52142
3.51963
3.51785
3.51606
3.51427
3.51249
3.51071
3.50892
3.50715
3.50537
3.50359
3.50182
3.50005
3.49829
3.49653
3.49477
3.49301
3.49126
3.48951
3.48777
3.48602
3.48429
3.48256
3.48083
3.47911
3.47739
3.47568
3.47397
3.47227
3.47057
3.46888
3.46719
3.46551
3.46383
3.46216
3.4605
3.45884
3.45719
3.45555
3.45391
3.45227
3.45065
3.44903
3.44741
3.4458
3.4442
3.4426
3.44101
3.43943
3.43785
3.43628
3.43471
3.43315
3.43159
3.43004
3.42849
3.42695
3.42542
3.42389
3.42236
3.42084
3.41932
3.41781
3.4163
3.41479
3.41329
3.41179
3.41029
3.40879
3.4073
3.40581
3.40432
3.40283
3.40134
3.39985
3.39836
3.39687
3.39538
3.39389
3.3924
3.39091
3.38941
3.38791
3.38642
3.38492
3.38342
3.38192
3.38043
3.37894
3.37746
3.37599
3.37453
3.37309
3.37168
3.37029
3.36894
3.36763
3.36638
3.36519
3.36408
3.36304
3.36208
3.73537
3.73537
3.73546
3.73568
3.73599
3.73627
3.73651
3.73675
3.73699
3.73723
3.73746
3.73769
3.73791
3.73813
3.73833
3.73853
3.73873
3.73891
3.73909
3.73927
3.73943
3.7396
3.73975
3.7399
3.74005
3.74019
3.74033
3.74046
3.74059
3.74072
3.74084
3.74095
3.74106
3.74117
3.74128
3.74139
3.74149
3.74159
3.74169
3.74178
3.74188
3.74197
3.74206
3.74216
3.74225
3.74234
3.74242
3.74251
3.74261
3.7427
3.74279
3.74288
3.74297
3.74306
3.74316
3.74325
3.74335
3.74345
3.74355
3.74365
3.74375
3.74386
3.74397
3.74408
3.7442
3.74431
3.74443
3.74456
3.74468
3.74481
3.74495
3.74509
3.74523
3.74537
3.74552
3.74567
3.74583
3.74599
3.74615
3.74632
3.7465
3.74667
3.74686
3.74705
3.74724
3.74744
3.74764
3.74785
3.74806
3.74828
3.7485
3.74873
3.74897
3.74921
3.74945
3.7497
3.74996
3.75022
3.75048
3.75075
3.75103
3.75131
3.75159
3.75188
3.75218
3.75247
3.75278
3.75308
3.7534
3.75371
3.75403
3.75435
3.75468
3.75501
3.75534
3.75568
3.75602
3.75636
3.7567
3.75705
3.7574
3.75775
3.7581
3.75845
3.7588
3.75915
3.7595
3.75985
3.7602
3.76055
3.76089
3.76124
3.76158
3.76192
3.76227
3.7626
3.76294
3.76329
3.76363
3.76398
3.76433
3.76469
3.76507
3.76547
3.76588
3.76633
3.76681
3.76734
3.76792
3.76856
3.76927
3.77006
3.86721
3.86904
3.871
3.87308
3.87515
3.87718
3.87921
3.88125
3.88329
3.88533
3.88736
3.8894
3.89143
3.89346
3.89548
3.8975
3.89951
3.90153
3.90354
3.90554
3.90755
3.90955
3.91155
3.91355
3.91554
3.91754
3.91953
3.92152
3.92351
3.92549
3.92748
3.92946
3.93144
3.93342
3.9354
3.93738
3.93936
3.94134
3.94331
3.94529
3.94726
3.94924
3.95121
3.95319
3.95516
3.95714
3.95911
3.96109
3.96307
3.96505
3.96702
3.969
3.97098
3.97297
3.97495
3.97693
3.97892
3.98091
3.98289
3.98489
3.98688
3.98887
3.99087
3.99287
3.99487
3.99687
3.99888
4.00089
4.0029
4.00492
4.00694
4.00896
4.01098
4.01301
4.01504
4.01707
4.01911
4.02115
4.02319
4.02524
4.02729
4.02934
4.0314
4.03347
4.03553
4.0376
4.03968
4.04176
4.04384
4.04593
4.04803
4.05012
4.05222
4.05433
4.05644
4.05855
4.06067
4.0628
4.06492
4.06705
4.06919
4.07133
4.07347
4.07561
4.07776
4.07992
4.08208
4.08424
4.0864
4.08857
4.09074
4.09291
4.09509
4.09727
4.09945
4.10164
4.10383
4.10602
4.10821
4.11041
4.1126
4.1148
4.117
4.1192
4.12139
4.12359
4.12579
4.12799
4.13018
4.13238
4.13457
4.13676
4.13895
4.14114
4.14332
4.14551
4.14769
4.14987
4.15206
4.15424
4.15644
4.15864
4.16085
4.16308
4.16533
4.1676
4.16991
4.17227
4.17468
4.17715
4.17968
4.00306
4.00677
4.01062
4.01447
4.0183
4.02213
4.02597
4.02982
4.03367
4.03752
4.04137
4.04523
4.04908
4.05293
4.05678
4.06063
4.06448
4.06834
4.07219
4.07604
4.07989
4.08375
4.0876
4.09146
4.09532
4.09917
4.10303
4.10689
4.11075
4.1146
4.11846
4.12232
4.12618
4.13004
4.13391
4.13777
4.14163
4.14549
4.14936
4.15322
4.15708
4.16095
4.16481
4.16868
4.17255
4.17641
4.18028
4.18415
4.18802
4.1919
4.19577
4.19964
4.20352
4.20739
4.21127
4.21515
4.21903
4.22291
4.2268
4.23068
4.23457
4.23845
4.24234
4.24624
4.25013
4.25403
4.25792
4.26182
4.26573
4.26963
4.27354
4.27745
4.28136
4.28527
4.28919
4.29311
4.29703
4.30095
4.30488
4.30881
4.31274
4.31668
4.32062
4.32456
4.32851
4.33246
4.33641
4.34036
4.34432
4.34829
4.35225
4.35622
4.36019
4.36417
4.36815
4.37213
4.37612
4.38011
4.3841
4.38809
4.39209
4.3961
4.4001
4.40411
4.40812
4.41213
4.41615
4.42017
4.42419
4.42822
4.43224
4.43628
4.44031
4.44434
4.44838
4.45242
4.45647
4.46051
4.46456
4.46861
4.47266
4.47671
4.48076
4.48481
4.48887
4.49292
4.49697
4.50102
4.50507
4.50911
4.51316
4.5172
4.52124
4.52527
4.52931
4.53334
4.53737
4.54139
4.54542
4.54945
4.55348
4.55752
4.56156
4.56562
4.56969
4.5738
4.57793
4.58211
4.58634
4.59063
4.13742
4.14289
4.14848
4.15412
4.15975
4.16539
4.17104
4.1767
4.18237
4.18804
4.19372
4.1994
4.20508
4.21076
4.21645
4.22214
4.22784
4.23354
4.23924
4.24495
4.25066
4.25637
4.26208
4.2678
4.27353
4.27926
4.28499
4.29072
4.29645
4.30219
4.30793
4.31367
4.31942
4.32516
4.33091
4.33666
4.34241
4.34817
4.35392
4.35968
4.36543
4.37119
4.37695
4.38272
4.38848
4.39424
4.40001
4.40578
4.41155
4.41732
4.42309
4.42886
4.43463
4.44041
4.44618
4.45196
4.45774
4.46352
4.4693
4.47508
4.48086
4.48664
4.49243
4.49822
4.504
4.50979
4.51559
4.52138
4.52717
4.53297
4.53877
4.54457
4.55037
4.55617
4.56197
4.56778
4.57359
4.57939
4.58521
4.59102
4.59683
4.60265
4.60847
4.61429
4.62012
4.62594
4.63177
4.63761
4.64344
4.64928
4.65512
4.66096
4.6668
4.67265
4.6785
4.68435
4.6902
4.69606
4.70192
4.70778
4.71364
4.71951
4.72538
4.73125
4.73712
4.74299
4.74887
4.75475
4.76063
4.76652
4.7724
4.77829
4.78419
4.79008
4.79598
4.80187
4.80777
4.81368
4.81958
4.82549
4.83139
4.8373
4.84321
4.84912
4.85503
4.86094
4.86685
4.87276
4.87866
4.88457
4.89047
4.89637
4.90227
4.90816
4.91405
4.91993
4.92581
4.93169
4.93756
4.94343
4.94929
4.95516
4.96102
4.96689
4.97278
4.97867
4.9846
4.99055
4.99655
5.0026
4.27924
4.28657
4.29399
4.30144
4.30889
4.31635
4.32383
4.33131
4.33881
4.34631
4.35382
4.36133
4.36886
4.37638
4.38392
4.39146
4.39901
4.40657
4.41413
4.4217
4.42927
4.43685
4.44444
4.45203
4.45963
4.46724
4.47485
4.48246
4.49008
4.49771
4.50533
4.51297
4.5206
4.52824
4.53588
4.54353
4.55117
4.55882
4.56648
4.57413
4.58179
4.58944
4.5971
4.60477
4.61243
4.6201
4.62777
4.63544
4.64311
4.65078
4.65846
4.66613
4.67381
4.68148
4.68916
4.69684
4.70452
4.7122
4.71988
4.72756
4.73524
4.74293
4.75061
4.7583
4.76599
4.77367
4.78136
4.78905
4.79674
4.80443
4.81213
4.81982
4.82751
4.83521
4.8429
4.8506
4.8583
4.86599
4.87369
4.8814
4.8891
4.8968
4.90451
4.91221
4.91992
4.92763
4.93534
4.94305
4.95077
4.95848
4.9662
4.97392
4.98164
4.98936
4.99708
5.00481
5.01254
5.02026
5.02799
5.03572
5.04346
5.05119
5.05893
5.06666
5.0744
5.08214
5.08989
5.09763
5.10538
5.11313
5.12088
5.12863
5.13638
5.14414
5.1519
5.15966
5.16742
5.17519
5.18296
5.19072
5.19849
5.20626
5.21403
5.2218
5.22957
5.23734
5.24511
5.25288
5.26065
5.26841
5.27617
5.28393
5.29168
5.29943
5.30717
5.3149
5.32263
5.33035
5.33806
5.34576
5.35346
5.36115
5.36884
5.37653
5.38422
5.39194
5.39967
5.40744
5.41525
)
;

boundaryField
{
    inlet
    {
        type            fixedValue;
        value           nonuniform List<scalar> 0();
    }
    outlet
    {
        type            fixedValue;
        value           nonuniform List<scalar> 0();
    }
    lowerWall
    {
        type            zeroGradient;
    }
    upperWall
    {
        type            zeroGradient;
    }
    frontAndBack
    {
        type            zeroGradient;
    }
    procBoundary7to1
    {
        type            processor;
        value           nonuniform List<scalar> 
85
(
1.80504
1.80829
1.75644
1.75644
1.70757
1.70757
1.662
1.662
1.67595
1.63684
1.63684
1.60136
1.60136
1.62402
1.59548
1.59548
1.57091
1.57091
1.55046
1.55046
1.58539
1.57252
1.57252
1.56405
1.56405
1.56009
1.56009
1.60768
1.61178
1.61178
1.6206
1.6206
1.67748
1.69457
1.69457
1.71653
1.71653
1.74342
1.74342
1.81301
1.84836
1.84836
1.88872
1.88872
1.96731
2.01613
2.01613
2.06999
2.06999
2.12889
2.12889
2.21954
2.2868
2.2868
2.35907
2.35907
2.45792
2.53834
2.53834
2.62366
2.62366
2.71386
2.71386
2.82345
2.92143
2.92143
3.02413
3.02413
3.14063
3.25073
3.25073
3.36532
3.36532
3.48437
3.48437
3.60961
3.73542
3.73542
3.86539
3.86539
3.99945
3.99945
4.13196
4.27196
4.27196
)
;
    }
    procBoundary7to2
    {
        type            processor;
        value           nonuniform List<scalar> 
50
(
-8.12303
-8.10354
-8.07102
-8.02288
-7.95947
-7.88111
-7.78814
-7.68089
-7.55968
-7.42484
-7.27669
-7.11557
-6.94179
-6.75568
-6.55757
-6.34778
-6.12664
-5.89446
-5.65158
-5.39832
-5.135
-4.86194
-4.57948
-4.28793
-3.98761
-3.67886
-3.36199
-3.03732
-2.70519
-2.36591
-2.0198
-1.6672
-1.30842
-0.943783
-0.573616
-0.198241
0.182019
0.566842
0.955904
1.34888
1.74546
2.1453
2.54809
2.95351
3.36123
3.77093
4.18229
4.59498
5.00869
5.4231
)
;
    }
    procBoundary7to10
    {
        type            processor;
        value           nonuniform List<scalar> 
149
(
4.41563
4.42473
4.43393
4.44319
4.45246
4.46174
4.47103
4.48034
4.48966
4.49899
4.50833
4.51768
4.52704
4.53641
4.54578
4.55518
4.56458
4.57398
4.5834
4.59283
4.60227
4.61172
4.62117
4.63064
4.64011
4.64959
4.65908
4.66858
4.67808
4.68759
4.6971
4.70662
4.71615
4.72568
4.73521
4.74475
4.75429
4.76384
4.77339
4.78294
4.7925
4.80205
4.81161
4.82118
4.83074
4.84031
4.84988
4.85945
4.86903
4.8786
4.88818
4.89776
4.90733
4.91691
4.92649
4.93607
4.94565
4.95524
4.96482
4.9744
4.98398
4.99357
5.00315
5.01274
5.02232
5.03191
5.04149
5.05108
5.06066
5.07025
5.07984
5.08942
5.09901
5.1086
5.11818
5.12777
5.13736
5.14694
5.15653
5.16612
5.17571
5.1853
5.19488
5.20447
5.21406
5.22366
5.23325
5.24284
5.25243
5.26202
5.27162
5.28121
5.29081
5.3004
5.31
5.31959
5.32919
5.33879
5.34839
5.35799
5.36759
5.37719
5.38679
5.3964
5.406
5.41561
5.42521
5.43482
5.44443
5.45404
5.46365
5.47327
5.48289
5.49251
5.50213
5.51175
5.52137
5.531
5.54063
5.55025
5.55989
5.56952
5.57915
5.58878
5.59842
5.60805
5.61768
5.62731
5.63694
5.64657
5.65619
5.66581
5.67542
5.68503
5.69462
5.70421
5.71379
5.72336
5.73291
5.74246
5.75199
5.7615
5.77101
5.78051
5.79001
5.79951
5.80902
5.81857
5.82813
)
;
    }
}


// ************************************************************************* //
