/*--------------------------------*- C++ -*----------------------------------*\
| =========                 |                                                 |
| \\      /  F ield         | OpenFOAM: The Open Source CFD Toolbox           |
|  \\    /   O peration     | Version:  2512                                  |
|   \\  /    A nd           | Website:  www.openfoam.com                      |
|    \\/     M anipulation  |                                                 |
\*---------------------------------------------------------------------------*/
FoamFile
{
    version     2.0;
    format      ascii;
    arch        "LSB;label=32;scalar=64";
    class       volScalarField;
    location    "0.1";
    object      p;
}
// * * * * * * * * * * * * * * * * * * * * * * * * * * * * * * * * * * * * * //

dimensions      [1 -1 -2 0 0 0 0];

internalField   nonuniform List<scalar> 
8334
(
-230.875
-231.105
-231.336
-231.569
-231.804
-232.04
-232.278
-232.517
-232.758
-233
-233.244
-233.489
-233.736
-233.984
-234.234
-234.486
-234.739
-234.993
-235.249
-235.506
-235.765
-236.026
-236.288
-236.551
-236.816
-237.083
-237.351
-237.621
-237.892
-238.164
-238.438
-238.714
-238.991
-239.27
-239.55
-239.832
-240.116
-240.401
-240.687
-240.975
-241.264
-241.555
-241.847
-242.141
-242.436
-242.732
-243.03
-243.329
-243.63
-243.932
-244.236
-244.541
-244.847
-245.155
-245.464
-245.775
-246.088
-246.401
-246.716
-247.033
-247.351
-247.67
-247.991
-248.313
-248.637
-248.962
-249.289
-249.617
-249.947
-250.277
-250.61
-250.944
-251.279
-251.615
-251.953
-252.293
-252.634
-252.976
-253.32
-253.665
-254.012
-254.36
-254.71
-255.06
-255.413
-255.767
-256.122
-256.478
-256.836
-257.196
-257.557
-257.919
-258.283
-258.648
-259.015
-259.383
-259.752
-260.123
-260.495
-260.869
-261.244
-261.621
-261.998
-262.378
-262.759
-263.141
-263.524
-263.909
-264.296
-264.684
-265.073
-265.463
-265.856
-266.249
-266.644
-267.04
-267.438
-267.837
-268.237
-268.639
-269.043
-269.447
-269.853
-270.261
-270.67
-271.08
-271.492
-271.905
-272.319
-272.735
-273.153
-273.571
-273.991
-274.413
-274.836
-275.26
-275.685
-276.113
-276.541
-276.971
-277.402
-277.834
-278.268
-278.704
-279.14
-279.579
-280.018
-280.459
-280.901
-281.345
-281.79
-282.236
-282.684
-283.133
-283.583
-284.035
-284.488
-284.943
-285.399
-285.856
-286.315
-286.775
-287.236
-287.699
-288.163
-288.629
-289.096
-289.564
-290.034
-290.504
-290.977
-291.45
-291.925
-292.402
-292.879
-293.358
-293.839
-294.321
-294.804
-295.288
-295.774
-296.261
-296.749
-297.239
-235.112
-235.343
-235.574
-235.807
-236.042
-236.278
-236.516
-236.755
-236.996
-237.238
-237.482
-237.727
-237.974
-238.223
-238.473
-238.724
-238.977
-239.231
-239.487
-239.745
-240.004
-240.264
-240.526
-240.79
-241.055
-241.321
-241.589
-241.859
-242.13
-242.402
-242.677
-242.952
-243.229
-243.508
-243.789
-244.07
-244.354
-244.639
-244.926
-245.213
-245.503
-245.793
-246.085
-246.379
-246.674
-246.97
-247.268
-247.567
-247.868
-248.17
-248.474
-248.779
-249.085
-249.393
-249.703
-250.013
-250.326
-250.639
-250.954
-251.271
-251.589
-251.908
-252.229
-252.552
-252.875
-253.201
-253.527
-253.855
-254.185
-254.516
-254.848
-255.182
-255.517
-255.854
-256.192
-256.531
-256.872
-257.214
-257.558
-257.903
-258.25
-258.598
-258.948
-259.299
-259.651
-260.005
-260.36
-260.717
-261.075
-261.434
-261.795
-262.157
-262.521
-262.886
-263.253
-263.621
-263.99
-264.361
-264.733
-265.107
-265.482
-265.859
-266.237
-266.616
-266.997
-267.379
-267.763
-268.148
-268.534
-268.922
-269.311
-269.702
-270.094
-270.487
-270.882
-271.278
-271.676
-272.075
-272.476
-272.877
-273.281
-273.685
-274.092
-274.499
-274.908
-275.318
-275.73
-276.143
-276.558
-276.973
-277.391
-277.809
-278.229
-278.651
-279.074
-279.498
-279.924
-280.351
-280.779
-281.209
-281.64
-282.073
-282.507
-282.942
-283.379
-283.817
-284.256
-284.697
-285.139
-285.583
-286.028
-286.474
-286.922
-287.371
-287.822
-288.274
-288.727
-289.181
-289.637
-290.095
-290.553
-291.013
-291.475
-291.938
-292.402
-292.867
-293.334
-293.802
-294.272
-294.743
-295.215
-295.689
-296.164
-296.64
-297.118
-297.597
-298.077
-298.559
-299.042
-299.527
-300.012
-300.499
-300.988
-301.478
-239.58
-239.812
-240.045
-240.28
-240.516
-240.754
-240.993
-241.234
-241.476
-241.72
-241.965
-242.212
-242.461
-242.711
-242.962
-243.215
-243.469
-243.725
-243.983
-244.242
-244.502
-244.764
-245.028
-245.293
-245.559
-245.827
-246.097
-246.368
-246.641
-246.915
-247.19
-247.468
-247.746
-248.027
-248.309
-248.592
-248.877
-249.164
-249.451
-249.741
-250.031
-250.323
-250.617
-250.912
-251.208
-251.506
-251.805
-252.106
-252.408
-252.712
-253.017
-253.323
-253.631
-253.941
-254.252
-254.564
-254.877
-255.193
-255.509
-255.827
-256.147
-256.467
-256.79
-257.113
-257.439
-257.765
-258.093
-258.423
-258.754
-259.086
-259.42
-259.755
-260.092
-260.43
-260.769
-261.11
-261.453
-261.796
-262.142
-262.488
-262.836
-263.186
-263.537
-263.889
-264.243
-264.598
-264.955
-265.313
-265.672
-266.033
-266.395
-266.759
-267.124
-267.491
-267.859
-268.228
-268.599
-268.972
-269.345
-269.72
-270.097
-270.475
-270.854
-271.235
-271.617
-272.001
-272.386
-272.772
-273.16
-273.549
-273.94
-274.332
-274.725
-275.12
-275.516
-275.914
-276.313
-276.714
-277.116
-277.519
-277.924
-278.33
-278.737
-279.146
-279.556
-279.968
-280.381
-280.796
-281.212
-281.629
-282.047
-282.468
-282.889
-283.312
-283.736
-284.162
-284.589
-285.017
-285.447
-285.878
-286.311
-286.745
-287.18
-287.617
-288.055
-288.494
-288.935
-289.377
-289.821
-290.266
-290.712
-291.16
-291.609
-292.06
-292.512
-292.965
-293.419
-293.875
-294.333
-294.791
-295.251
-295.713
-296.176
-296.64
-297.105
-297.572
-298.04
-298.51
-298.981
-299.453
-299.927
-300.402
-300.878
-301.356
-301.835
-302.315
-302.797
-303.28
-303.764
-304.25
-304.737
-305.226
-305.715
-244.05
-244.283
-244.518
-244.754
-244.992
-245.231
-245.472
-245.714
-245.958
-246.204
-246.45
-246.699
-246.949
-247.2
-247.453
-247.707
-247.963
-248.221
-248.48
-248.74
-249.002
-249.266
-249.531
-249.797
-250.066
-250.335
-250.606
-250.879
-251.153
-251.429
-251.706
-251.985
-252.265
-252.547
-252.83
-253.115
-253.402
-253.69
-253.979
-254.269
-254.562
-254.855
-255.15
-255.446
-255.744
-256.044
-256.344
-256.646
-256.95
-257.255
-257.562
-257.87
-258.179
-258.49
-258.802
-259.116
-259.431
-259.747
-260.065
-260.385
-260.706
-261.028
-261.352
-261.677
-262.003
-262.331
-262.661
-262.992
-263.324
-263.658
-263.993
-264.33
-264.668
-265.007
-265.348
-265.691
-266.034
-266.38
-266.726
-267.074
-267.424
-267.775
-268.127
-268.481
-268.836
-269.193
-269.551
-269.91
-270.271
-270.634
-270.997
-271.363
-271.729
-272.097
-272.467
-272.837
-273.21
-273.583
-273.958
-274.335
-274.713
-275.092
-275.473
-275.855
-276.239
-276.624
-277.01
-277.398
-277.787
-278.178
-278.57
-278.963
-279.358
-279.755
-280.152
-280.551
-280.952
-281.354
-281.757
-282.162
-282.568
-282.975
-283.384
-283.795
-284.206
-284.619
-285.034
-285.45
-285.867
-286.286
-286.706
-287.127
-287.55
-287.974
-288.4
-288.827
-289.255
-289.685
-290.116
-290.549
-290.983
-291.418
-291.855
-292.293
-292.732
-293.173
-293.616
-294.059
-294.504
-294.951
-295.398
-295.847
-296.298
-296.75
-297.203
-297.658
-298.114
-298.571
-299.03
-299.49
-299.951
-300.414
-300.878
-301.344
-301.81
-302.279
-302.748
-303.219
-303.691
-304.165
-304.64
-305.116
-305.594
-306.073
-306.553
-307.035
-307.518
-308.003
-308.488
-308.975
-309.464
-309.954
-248.521
-248.756
-248.992
-249.23
-249.469
-249.71
-249.952
-250.196
-250.442
-250.688
-250.937
-251.187
-251.438
-251.691
-251.946
-252.201
-252.459
-252.718
-252.978
-253.24
-253.504
-253.769
-254.036
-254.304
-254.573
-254.844
-255.117
-255.391
-255.667
-255.944
-256.223
-256.503
-256.785
-257.069
-257.354
-257.64
-257.928
-258.217
-258.508
-258.8
-259.093
-259.388
-259.685
-259.982
-260.282
-260.582
-260.885
-261.188
-261.493
-261.8
-262.108
-262.417
-262.728
-263.04
-263.354
-263.669
-263.985
-264.303
-264.623
-264.944
-265.266
-265.59
-265.915
-266.242
-266.57
-266.899
-267.23
-267.562
-267.896
-268.231
-268.568
-268.906
-269.246
-269.586
-269.929
-270.273
-270.618
-270.964
-271.313
-271.662
-272.013
-272.365
-272.719
-273.074
-273.431
-273.789
-274.148
-274.509
-274.872
-275.235
-275.601
-275.967
-276.335
-276.705
-277.076
-277.448
-277.821
-278.197
-278.573
-278.951
-279.33
-279.711
-280.093
-280.477
-280.862
-281.248
-281.636
-282.025
-282.416
-282.808
-283.202
-283.596
-283.993
-284.39
-284.789
-285.19
-285.592
-285.995
-286.4
-286.806
-287.213
-287.622
-288.033
-288.444
-288.857
-289.272
-289.688
-290.105
-290.524
-290.944
-291.365
-291.788
-292.212
-292.638
-293.065
-293.493
-293.923
-294.354
-294.787
-295.221
-295.656
-296.093
-296.531
-296.971
-297.411
-297.854
-298.297
-298.742
-299.189
-299.636
-300.085
-300.536
-300.988
-301.441
-301.896
-302.352
-302.809
-303.268
-303.728
-304.189
-304.652
-305.116
-305.582
-306.048
-306.517
-306.986
-307.457
-307.929
-308.403
-308.878
-309.354
-309.832
-310.311
-310.791
-311.273
-311.756
-312.241
-312.726
-313.213
-313.702
-314.192
-252.759
-252.994
-253.23
-253.468
-253.707
-253.948
-254.19
-254.434
-254.68
-254.927
-255.175
-255.425
-255.676
-255.929
-256.184
-256.44
-256.697
-256.956
-257.217
-257.479
-257.742
-258.007
-258.274
-258.542
-258.811
-259.083
-259.355
-259.629
-259.905
-260.182
-260.461
-260.741
-261.023
-261.307
-261.592
-261.878
-262.166
-262.455
-262.746
-263.038
-263.331
-263.626
-263.923
-264.22
-264.52
-264.82
-265.123
-265.426
-265.731
-266.038
-266.346
-266.655
-266.966
-267.278
-267.592
-267.907
-268.224
-268.542
-268.861
-269.182
-269.504
-269.828
-270.153
-270.48
-270.808
-271.137
-271.468
-271.8
-272.134
-272.469
-272.806
-273.144
-273.484
-273.825
-274.167
-274.511
-274.856
-275.203
-275.551
-275.9
-276.251
-276.603
-276.957
-277.312
-277.669
-278.027
-278.387
-278.748
-279.11
-279.474
-279.839
-280.205
-280.573
-280.943
-281.314
-281.686
-282.06
-282.435
-282.811
-283.189
-283.568
-283.949
-284.331
-284.715
-285.1
-285.486
-285.874
-286.263
-286.654
-287.046
-287.44
-287.835
-288.231
-288.628
-289.028
-289.428
-289.83
-290.233
-290.638
-291.044
-291.452
-291.86
-292.271
-292.682
-293.096
-293.51
-293.926
-294.343
-294.762
-295.182
-295.603
-296.026
-296.451
-296.876
-297.303
-297.732
-298.161
-298.593
-299.025
-299.459
-299.894
-300.331
-300.769
-301.209
-301.65
-302.092
-302.535
-302.98
-303.427
-303.874
-304.324
-304.774
-305.226
-305.679
-306.134
-306.59
-307.047
-307.506
-307.966
-308.427
-308.89
-309.354
-309.82
-310.287
-310.755
-311.224
-311.695
-312.168
-312.641
-313.116
-313.592
-314.07
-314.549
-315.03
-315.511
-315.994
-316.479
-316.964
-317.452
-317.94
-318.43
-257.231
-257.468
-257.706
-257.945
-258.186
-258.428
-258.672
-258.918
-259.165
-259.413
-259.663
-259.914
-260.167
-260.422
-260.678
-260.935
-261.194
-261.455
-261.717
-261.98
-262.245
-262.512
-262.78
-263.05
-263.321
-263.593
-263.868
-264.143
-264.421
-264.699
-264.98
-265.262
-265.545
-265.83
-266.116
-266.404
-266.693
-266.984
-267.276
-267.569
-267.864
-268.161
-268.459
-268.758
-269.059
-269.361
-269.664
-269.969
-270.276
-270.584
-270.893
-271.204
-271.516
-271.83
-272.145
-272.462
-272.78
-273.099
-273.42
-273.742
-274.066
-274.391
-274.718
-275.046
-275.375
-275.706
-276.039
-276.372
-276.708
-277.044
-277.382
-277.722
-278.063
-278.405
-278.749
-279.094
-279.441
-279.789
-280.138
-280.489
-280.842
-281.195
-281.551
-281.907
-282.265
-282.625
-282.986
-283.348
-283.712
-284.077
-284.443
-284.811
-285.181
-285.552
-285.924
-286.298
-286.673
-287.049
-287.427
-287.807
-288.187
-288.57
-288.953
-289.338
-289.725
-290.112
-290.502
-290.892
-291.284
-291.678
-292.073
-292.469
-292.867
-293.266
-293.666
-294.068
-294.471
-294.876
-295.282
-295.69
-296.099
-296.509
-296.921
-297.334
-297.748
-298.164
-298.581
-299
-299.42
-299.842
-300.264
-300.689
-301.114
-301.541
-301.97
-302.399
-302.831
-303.263
-303.697
-304.133
-304.569
-305.007
-305.447
-305.888
-306.33
-306.773
-307.218
-307.665
-308.113
-308.562
-309.012
-309.464
-309.917
-310.372
-310.828
-311.285
-311.744
-312.204
-312.665
-313.128
-313.592
-314.058
-314.525
-314.993
-315.462
-315.933
-316.406
-316.879
-317.354
-317.831
-318.308
-318.787
-319.268
-319.749
-320.232
-320.717
-321.203
-321.69
-322.178
-322.668
-261.706
-261.944
-262.183
-262.424
-262.666
-262.91
-263.156
-263.403
-263.651
-263.901
-264.152
-264.405
-264.66
-264.916
-265.173
-265.432
-265.693
-265.955
-266.218
-266.483
-266.75
-267.018
-267.288
-267.559
-267.832
-268.106
-268.381
-268.659
-268.938
-269.218
-269.5
-269.783
-270.068
-270.354
-270.642
-270.931
-271.222
-271.514
-271.807
-272.102
-272.399
-272.697
-272.996
-273.297
-273.599
-273.902
-274.208
-274.514
-274.822
-275.131
-275.442
-275.754
-276.068
-276.383
-276.7
-277.018
-277.337
-277.658
-277.98
-278.304
-278.629
-278.956
-279.284
-279.613
-279.944
-280.277
-280.61
-280.946
-281.282
-281.62
-281.96
-282.301
-282.643
-282.987
-283.332
-283.679
-284.027
-284.376
-284.727
-285.08
-285.433
-285.789
-286.145
-286.503
-286.863
-287.224
-287.586
-287.95
-288.315
-288.682
-289.05
-289.419
-289.79
-290.162
-290.536
-290.911
-291.287
-291.665
-292.045
-292.425
-292.808
-293.191
-293.576
-293.963
-294.35
-294.74
-295.13
-295.522
-295.916
-296.311
-296.707
-297.105
-297.504
-297.904
-298.306
-298.709
-299.114
-299.52
-299.928
-300.337
-300.747
-301.159
-301.572
-301.986
-302.402
-302.819
-303.238
-303.658
-304.08
-304.502
-304.927
-305.352
-305.779
-306.208
-306.638
-307.069
-307.501
-307.935
-308.371
-308.807
-309.245
-309.685
-310.126
-310.568
-311.012
-311.457
-311.903
-312.351
-312.8
-313.25
-313.702
-314.155
-314.61
-315.066
-315.523
-315.982
-316.442
-316.903
-317.366
-317.83
-318.296
-318.763
-319.231
-319.701
-320.171
-320.644
-321.117
-321.592
-322.069
-322.546
-323.025
-323.506
-323.987
-324.471
-324.955
-325.441
-325.928
-326.416
-326.906
-265.944
-266.182
-266.421
-266.662
-266.904
-267.148
-267.394
-267.641
-267.889
-268.139
-268.39
-268.643
-268.898
-269.154
-269.411
-269.67
-269.931
-270.193
-270.456
-270.722
-270.988
-271.256
-271.526
-271.797
-272.07
-272.344
-272.62
-272.897
-273.176
-273.456
-273.738
-274.021
-274.306
-274.592
-274.88
-275.169
-275.46
-275.752
-276.045
-276.34
-276.637
-276.935
-277.234
-277.535
-277.837
-278.141
-278.446
-278.752
-279.06
-279.369
-279.68
-279.992
-280.306
-280.621
-280.938
-281.256
-281.575
-281.896
-282.218
-282.542
-282.867
-283.194
-283.522
-283.851
-284.182
-284.515
-284.849
-285.184
-285.52
-285.858
-286.198
-286.539
-286.881
-287.225
-287.57
-287.917
-288.265
-288.614
-288.965
-289.318
-289.672
-290.027
-290.383
-290.741
-291.101
-291.462
-291.824
-292.188
-292.553
-292.92
-293.288
-293.657
-294.028
-294.4
-294.774
-295.149
-295.526
-295.903
-296.283
-296.664
-297.046
-297.429
-297.814
-298.201
-298.589
-298.978
-299.368
-299.761
-300.154
-300.549
-300.945
-301.343
-301.742
-302.142
-302.544
-302.948
-303.352
-303.758
-304.166
-304.575
-304.985
-305.397
-305.81
-306.224
-306.64
-307.058
-307.476
-307.896
-308.318
-308.741
-309.165
-309.59
-310.017
-310.446
-310.876
-311.307
-311.739
-312.173
-312.609
-313.045
-313.484
-313.923
-314.364
-314.806
-315.25
-315.695
-316.141
-316.589
-317.038
-317.488
-317.94
-318.393
-318.848
-319.304
-319.761
-320.22
-320.68
-321.142
-321.604
-322.068
-322.534
-323.001
-323.469
-323.939
-324.41
-324.882
-325.355
-325.83
-326.307
-326.784
-327.263
-327.744
-328.226
-328.709
-329.193
-329.679
-330.166
-330.654
-331.144
-270.419
-270.659
-270.9
-271.142
-271.386
-271.632
-271.879
-272.127
-272.377
-272.628
-272.881
-273.136
-273.392
-273.649
-273.908
-274.169
-274.431
-274.695
-274.96
-275.226
-275.494
-275.764
-276.035
-276.308
-276.582
-276.858
-277.135
-277.414
-277.694
-277.976
-278.259
-278.544
-278.83
-279.118
-279.407
-279.698
-279.99
-280.284
-280.579
-280.875
-281.173
-281.472
-281.773
-282.075
-282.379
-282.684
-282.99
-283.298
-283.607
-283.918
-284.231
-284.544
-284.859
-285.176
-285.494
-285.813
-286.134
-286.457
-286.78
-287.105
-287.432
-287.76
-288.09
-288.42
-288.753
-289.087
-289.422
-289.758
-290.097
-290.436
-290.777
-291.119
-291.463
-291.808
-292.155
-292.503
-292.853
-293.204
-293.556
-293.91
-294.265
-294.622
-294.98
-295.339
-295.7
-296.062
-296.426
-296.791
-297.158
-297.526
-297.895
-298.266
-298.638
-299.012
-299.387
-299.764
-300.142
-300.521
-300.902
-301.284
-301.667
-302.052
-302.439
-302.827
-303.216
-303.607
-303.999
-304.392
-304.787
-305.183
-305.581
-305.98
-306.38
-306.782
-307.186
-307.59
-307.996
-308.404
-308.813
-309.223
-309.635
-310.048
-310.462
-310.878
-311.296
-311.714
-312.134
-312.556
-312.979
-313.403
-313.829
-314.256
-314.684
-315.114
-315.545
-315.978
-316.411
-316.847
-317.284
-317.722
-318.161
-318.602
-319.044
-319.488
-319.933
-320.379
-320.827
-321.276
-321.726
-322.178
-322.632
-323.086
-323.542
-323.999
-324.458
-324.918
-325.38
-325.842
-326.307
-326.772
-327.239
-327.707
-328.177
-328.648
-329.12
-329.594
-330.069
-330.545
-331.023
-331.502
-331.982
-332.464
-332.947
-333.431
-333.917
-334.404
-334.892
-335.382
-274.897
-275.138
-275.38
-275.624
-275.87
-276.117
-276.365
-276.615
-276.866
-277.119
-277.374
-277.63
-277.887
-278.146
-278.407
-278.669
-278.933
-279.198
-279.464
-279.732
-280.002
-280.273
-280.546
-280.82
-281.096
-281.373
-281.652
-281.932
-282.214
-282.497
-282.782
-283.068
-283.356
-283.645
-283.936
-284.228
-284.522
-284.817
-285.113
-285.411
-285.71
-286.011
-286.313
-286.617
-286.922
-287.228
-287.536
-287.846
-288.156
-288.469
-288.782
-289.097
-289.414
-289.732
-290.051
-290.372
-290.695
-291.018
-291.344
-291.67
-291.998
-292.328
-292.659
-292.991
-293.325
-293.66
-293.997
-294.335
-294.674
-295.015
-295.357
-295.701
-296.046
-296.393
-296.741
-297.091
-297.442
-297.794
-298.148
-298.503
-298.86
-299.218
-299.577
-299.938
-300.3
-300.664
-301.029
-301.396
-301.764
-302.133
-302.504
-302.876
-303.25
-303.625
-304.002
-304.38
-304.759
-305.14
-305.522
-305.906
-306.291
-306.677
-307.065
-307.454
-307.845
-308.237
-308.63
-309.025
-309.421
-309.819
-310.218
-310.619
-311.02
-311.424
-311.828
-312.235
-312.642
-313.051
-313.461
-313.873
-314.286
-314.701
-315.116
-315.534
-315.952
-316.372
-316.794
-317.217
-317.641
-318.067
-318.494
-318.922
-319.352
-319.783
-320.216
-320.65
-321.085
-321.522
-321.96
-322.399
-322.84
-323.282
-323.726
-324.171
-324.617
-325.065
-325.514
-325.965
-326.416
-326.87
-327.324
-327.78
-328.238
-328.696
-329.156
-329.618
-330.081
-330.545
-331.01
-331.477
-331.945
-332.415
-332.886
-333.358
-333.832
-334.307
-334.783
-335.261
-335.74
-336.22
-336.702
-337.185
-337.669
-338.155
-338.642
-339.131
-339.62
-279.376
-279.618
-279.862
-280.108
-280.354
-280.603
-280.853
-281.104
-281.357
-281.612
-281.868
-282.125
-282.384
-282.645
-282.907
-283.171
-283.436
-283.702
-283.97
-284.24
-284.511
-284.784
-285.058
-285.334
-285.611
-285.89
-286.17
-286.452
-286.735
-287.02
-287.307
-287.594
-287.883
-288.174
-288.466
-288.76
-289.055
-289.351
-289.649
-289.948
-290.249
-290.551
-290.855
-291.16
-291.466
-291.774
-292.084
-292.394
-292.707
-293.02
-293.336
-293.652
-293.97
-294.29
-294.61
-294.933
-295.256
-295.582
-295.908
-296.236
-296.566
-296.897
-297.229
-297.563
-297.898
-298.235
-298.573
-298.912
-299.253
-299.596
-299.939
-300.285
-300.631
-300.979
-301.329
-301.68
-302.032
-302.386
-302.741
-303.098
-303.456
-303.815
-304.176
-304.538
-304.902
-305.267
-305.634
-306.002
-306.371
-306.742
-307.115
-307.488
-307.863
-308.24
-308.618
-308.997
-309.378
-309.76
-310.144
-310.529
-310.915
-311.303
-311.692
-312.083
-312.475
-312.868
-313.263
-313.659
-314.057
-314.456
-314.857
-315.259
-315.662
-316.067
-316.473
-316.88
-317.289
-317.699
-318.111
-318.524
-318.939
-319.355
-319.772
-320.19
-320.611
-321.032
-321.455
-321.879
-322.305
-322.732
-323.16
-323.59
-324.021
-324.454
-324.888
-325.323
-325.76
-326.198
-326.637
-327.078
-327.52
-327.964
-328.409
-328.855
-329.303
-329.752
-330.203
-330.655
-331.108
-331.562
-332.018
-332.476
-332.934
-333.394
-333.856
-334.319
-334.783
-335.248
-335.715
-336.183
-336.653
-337.124
-337.596
-338.07
-338.545
-339.021
-339.499
-339.978
-340.458
-340.94
-341.423
-341.907
-342.393
-342.88
-343.369
-343.858
-283.613
-283.856
-284.1
-284.346
-284.592
-284.841
-285.091
-285.342
-285.595
-285.85
-286.106
-286.363
-286.622
-286.883
-287.145
-287.409
-287.674
-287.94
-288.209
-288.478
-288.749
-289.022
-289.296
-289.572
-289.849
-290.128
-290.408
-290.69
-290.974
-291.258
-291.545
-291.832
-292.122
-292.412
-292.704
-292.998
-293.293
-293.589
-293.887
-294.186
-294.487
-294.789
-295.093
-295.398
-295.704
-296.012
-296.322
-296.633
-296.945
-297.258
-297.574
-297.89
-298.208
-298.528
-298.848
-299.171
-299.495
-299.82
-300.146
-300.474
-300.804
-301.135
-301.467
-301.801
-302.136
-302.473
-302.811
-303.15
-303.491
-303.834
-304.177
-304.523
-304.869
-305.217
-305.567
-305.918
-306.27
-306.624
-306.979
-307.336
-307.694
-308.053
-308.414
-308.777
-309.14
-309.505
-309.872
-310.24
-310.609
-310.98
-311.353
-311.726
-312.101
-312.478
-312.856
-313.235
-313.616
-313.998
-314.382
-314.767
-315.153
-315.541
-315.93
-316.321
-316.713
-317.106
-317.501
-317.897
-318.295
-318.694
-319.095
-319.497
-319.9
-320.305
-320.711
-321.118
-321.527
-321.937
-322.349
-322.762
-323.177
-323.593
-324.01
-324.429
-324.849
-325.27
-325.693
-326.117
-326.543
-326.97
-327.398
-327.828
-328.259
-328.692
-329.126
-329.561
-329.998
-330.436
-330.875
-331.316
-331.758
-332.202
-332.647
-333.093
-333.541
-333.99
-334.441
-334.893
-335.346
-335.8
-336.256
-336.714
-337.172
-337.632
-338.094
-338.557
-339.021
-339.486
-339.953
-340.421
-340.891
-341.362
-341.834
-342.308
-342.783
-343.259
-343.737
-344.216
-344.696
-345.178
-345.661
-346.145
-346.631
-347.118
-347.607
-348.097
-288.094
-288.338
-288.583
-288.83
-289.079
-289.329
-289.58
-289.833
-290.088
-290.344
-290.601
-290.86
-291.121
-291.383
-291.647
-291.912
-292.178
-292.447
-292.716
-292.987
-293.26
-293.534
-293.81
-294.087
-294.366
-294.647
-294.928
-295.212
-295.496
-295.783
-296.07
-296.36
-296.65
-296.942
-297.236
-297.531
-297.827
-298.125
-298.424
-298.725
-299.027
-299.331
-299.636
-299.942
-300.25
-300.56
-300.871
-301.183
-301.497
-301.812
-302.128
-302.446
-302.766
-303.087
-303.409
-303.733
-304.058
-304.384
-304.712
-305.042
-305.373
-305.705
-306.039
-306.374
-306.711
-307.049
-307.388
-307.729
-308.072
-308.415
-308.761
-309.107
-309.455
-309.805
-310.156
-310.508
-310.862
-311.217
-311.574
-311.932
-312.291
-312.652
-313.015
-313.378
-313.744
-314.11
-314.478
-314.848
-315.218
-315.591
-315.964
-316.339
-316.716
-317.094
-317.473
-317.854
-318.236
-318.62
-319.005
-319.391
-319.779
-320.168
-320.559
-320.951
-321.344
-321.739
-322.136
-322.533
-322.932
-323.333
-323.735
-324.138
-324.543
-324.949
-325.356
-325.765
-326.175
-326.587
-327
-327.415
-327.831
-328.248
-328.667
-329.087
-329.508
-329.931
-330.355
-330.781
-331.208
-331.636
-332.066
-332.497
-332.93
-333.364
-333.799
-334.236
-334.674
-335.113
-335.554
-335.996
-336.44
-336.885
-337.331
-337.779
-338.228
-338.679
-339.131
-339.584
-340.038
-340.494
-340.952
-341.41
-341.871
-342.332
-342.795
-343.259
-343.724
-344.191
-344.659
-345.129
-345.6
-346.072
-346.546
-347.021
-347.497
-347.975
-348.454
-348.934
-349.416
-349.899
-350.383
-350.869
-351.356
-351.845
-352.335
-292.576
-292.821
-293.068
-293.317
-293.567
-293.818
-294.071
-294.326
-294.582
-294.839
-295.098
-295.359
-295.621
-295.885
-296.15
-296.416
-296.685
-296.954
-297.225
-297.498
-297.772
-298.048
-298.325
-298.604
-298.885
-299.166
-299.45
-299.734
-300.021
-300.308
-300.598
-300.888
-301.18
-301.474
-301.769
-302.065
-302.363
-302.662
-302.963
-303.265
-303.569
-303.874
-304.181
-304.488
-304.798
-305.109
-305.421
-305.735
-306.05
-306.366
-306.684
-307.004
-307.325
-307.647
-307.971
-308.296
-308.622
-308.95
-309.28
-309.611
-309.943
-310.277
-310.612
-310.949
-311.287
-311.626
-311.967
-312.31
-312.654
-312.999
-313.345
-313.693
-314.043
-314.394
-314.746
-315.1
-315.455
-315.812
-316.17
-316.529
-316.89
-317.253
-317.616
-317.982
-318.348
-318.716
-319.086
-319.456
-319.829
-320.202
-320.578
-320.954
-321.332
-321.711
-322.092
-322.474
-322.858
-323.243
-323.629
-324.017
-324.406
-324.797
-325.189
-325.582
-325.977
-326.374
-326.771
-327.17
-327.571
-327.973
-328.376
-328.781
-329.187
-329.594
-330.003
-330.414
-330.825
-331.238
-331.653
-332.069
-332.486
-332.905
-333.325
-333.746
-334.169
-334.593
-335.019
-335.446
-335.874
-336.304
-336.735
-337.168
-337.602
-338.037
-338.474
-338.912
-339.351
-339.792
-340.235
-340.678
-341.123
-341.57
-342.017
-342.466
-342.917
-343.369
-343.822
-344.277
-344.733
-345.19
-345.649
-346.109
-346.57
-347.033
-347.497
-347.962
-348.429
-348.898
-349.367
-349.838
-350.31
-350.784
-351.259
-351.735
-352.213
-352.692
-353.172
-353.654
-354.137
-354.622
-355.107
-355.594
-356.083
-356.573
-296.813
-297.059
-297.306
-297.555
-297.805
-298.056
-298.309
-298.564
-298.82
-299.077
-299.336
-299.597
-299.859
-300.123
-300.388
-300.654
-300.923
-301.192
-301.463
-301.736
-302.01
-302.286
-302.564
-302.842
-303.123
-303.404
-303.688
-303.973
-304.259
-304.546
-304.836
-305.126
-305.418
-305.712
-306.007
-306.303
-306.601
-306.9
-307.201
-307.503
-307.807
-308.112
-308.419
-308.727
-309.036
-309.347
-309.659
-309.973
-310.288
-310.604
-310.922
-311.242
-311.563
-311.885
-312.209
-312.534
-312.861
-313.189
-313.518
-313.849
-314.181
-314.515
-314.85
-315.187
-315.525
-315.865
-316.205
-316.548
-316.892
-317.237
-317.583
-317.932
-318.281
-318.632
-318.984
-319.338
-319.693
-320.05
-320.408
-320.767
-321.128
-321.491
-321.854
-322.22
-322.586
-322.954
-323.324
-323.695
-324.067
-324.44
-324.816
-325.192
-325.57
-325.949
-326.33
-326.712
-327.096
-327.481
-327.867
-328.255
-328.644
-329.035
-329.427
-329.821
-330.215
-330.612
-331.009
-331.408
-331.809
-332.211
-332.614
-333.019
-333.425
-333.832
-334.241
-334.652
-335.063
-335.476
-335.891
-336.307
-336.724
-337.143
-337.563
-337.984
-338.407
-338.831
-339.257
-339.684
-340.112
-340.542
-340.973
-341.406
-341.84
-342.275
-342.712
-343.15
-343.59
-344.03
-344.473
-344.916
-345.361
-345.808
-346.255
-346.704
-347.155
-347.607
-348.06
-348.515
-348.971
-349.428
-349.887
-350.347
-350.808
-351.271
-351.735
-352.2
-352.667
-353.136
-353.605
-354.076
-354.548
-355.022
-355.497
-355.973
-356.451
-356.93
-357.41
-357.892
-358.375
-358.86
-359.345
-359.832
-360.321
-360.811
-301.297
-301.544
-301.793
-302.043
-302.294
-302.547
-302.802
-303.058
-303.315
-303.574
-303.835
-304.097
-304.361
-304.626
-304.892
-305.161
-305.43
-305.701
-305.974
-306.248
-306.524
-306.802
-307.08
-307.361
-307.642
-307.926
-308.211
-308.497
-308.785
-309.074
-309.364
-309.656
-309.95
-310.245
-310.541
-310.839
-311.139
-311.439
-311.741
-312.045
-312.35
-312.657
-312.965
-313.274
-313.585
-313.897
-314.211
-314.526
-314.842
-315.16
-315.48
-315.801
-316.123
-316.447
-316.772
-317.099
-317.427
-317.756
-318.087
-318.419
-318.753
-319.088
-319.425
-319.763
-320.103
-320.443
-320.786
-321.13
-321.475
-321.822
-322.17
-322.519
-322.87
-323.222
-323.576
-323.931
-324.288
-324.646
-325.006
-325.366
-325.729
-326.093
-326.458
-326.824
-327.192
-327.562
-327.933
-328.305
-328.679
-329.054
-329.43
-329.808
-330.187
-330.568
-330.95
-331.334
-331.719
-332.105
-332.493
-332.882
-333.273
-333.665
-334.059
-334.453
-334.85
-335.247
-335.646
-336.047
-336.449
-336.852
-337.257
-337.663
-338.07
-338.479
-338.89
-339.301
-339.714
-340.129
-340.545
-340.962
-341.381
-341.801
-342.222
-342.645
-343.069
-343.495
-343.922
-344.35
-344.78
-345.211
-345.644
-346.078
-346.513
-346.95
-347.388
-347.828
-348.268
-348.711
-349.154
-349.599
-350.046
-350.493
-350.942
-351.393
-351.845
-352.298
-352.753
-353.209
-353.666
-354.125
-354.585
-355.046
-355.509
-355.973
-356.439
-356.905
-357.374
-357.843
-358.314
-358.786
-359.26
-359.735
-360.211
-360.689
-361.168
-361.648
-362.13
-362.613
-363.098
-363.583
-364.071
-364.559
-365.049
-305.781
-306.03
-306.28
-306.532
-306.785
-307.039
-307.296
-307.553
-307.812
-308.073
-308.335
-308.599
-308.864
-309.13
-309.399
-309.668
-309.939
-310.212
-310.486
-310.762
-311.04
-311.318
-311.599
-311.88
-312.164
-312.449
-312.735
-313.023
-313.312
-313.602
-313.894
-314.188
-314.483
-314.779
-315.077
-315.377
-315.677
-315.979
-316.283
-316.588
-316.895
-317.203
-317.512
-317.823
-318.135
-318.449
-318.764
-319.08
-319.398
-319.718
-320.039
-320.361
-320.685
-321.01
-321.337
-321.665
-321.994
-322.325
-322.657
-322.991
-323.326
-323.663
-324.001
-324.341
-324.682
-325.024
-325.368
-325.713
-326.06
-326.408
-326.757
-327.108
-327.46
-327.814
-328.169
-328.526
-328.884
-329.244
-329.605
-329.967
-330.331
-330.696
-331.062
-331.43
-331.8
-332.171
-332.543
-332.917
-333.292
-333.668
-334.046
-334.425
-334.806
-335.188
-335.572
-335.957
-336.343
-336.731
-337.12
-337.511
-337.903
-338.297
-338.691
-339.088
-339.485
-339.885
-340.285
-340.687
-341.09
-341.495
-341.901
-342.309
-342.717
-343.128
-343.539
-343.953
-344.367
-344.783
-345.2
-345.619
-346.039
-346.46
-346.883
-347.307
-347.733
-348.16
-348.589
-349.018
-349.45
-349.882
-350.316
-350.751
-351.188
-351.626
-352.066
-352.506
-352.949
-353.392
-353.837
-354.284
-354.731
-355.181
-355.631
-356.083
-356.536
-356.991
-357.447
-357.904
-358.363
-358.823
-359.284
-359.747
-360.211
-360.677
-361.143
-361.612
-362.081
-362.552
-363.024
-363.498
-363.973
-364.449
-364.927
-365.406
-365.886
-366.368
-366.851
-367.336
-367.821
-368.309
-368.797
-369.287
-310.269
-310.518
-310.77
-311.023
-311.277
-311.533
-311.791
-312.05
-312.311
-312.573
-312.836
-313.102
-313.368
-313.636
-313.906
-314.177
-314.45
-314.724
-315
-315.278
-315.556
-315.837
-316.118
-316.402
-316.687
-316.973
-317.261
-317.55
-317.84
-318.132
-318.426
-318.721
-319.017
-319.315
-319.615
-319.915
-320.217
-320.521
-320.826
-321.133
-321.441
-321.75
-322.061
-322.373
-322.687
-323.002
-323.318
-323.636
-323.956
-324.277
-324.599
-324.923
-325.248
-325.575
-325.903
-326.232
-326.563
-326.895
-327.229
-327.564
-327.901
-328.239
-328.579
-328.92
-329.262
-329.606
-329.951
-330.298
-330.646
-330.995
-331.346
-331.698
-332.052
-332.407
-332.764
-333.122
-333.482
-333.843
-334.205
-334.569
-334.934
-335.3
-335.668
-336.038
-336.409
-336.781
-337.155
-337.53
-337.906
-338.284
-338.664
-339.044
-339.426
-339.81
-340.195
-340.581
-340.969
-341.359
-341.749
-342.141
-342.535
-342.93
-343.326
-343.723
-344.123
-344.523
-344.925
-345.328
-345.733
-346.139
-346.547
-346.955
-347.366
-347.777
-348.191
-348.605
-349.021
-349.438
-349.857
-350.277
-350.698
-351.121
-351.546
-351.971
-352.398
-352.827
-353.256
-353.688
-354.12
-354.554
-354.989
-355.426
-355.864
-356.304
-356.745
-357.187
-357.63
-358.075
-358.522
-358.969
-359.419
-359.869
-360.321
-360.774
-361.229
-361.685
-362.142
-362.601
-363.061
-363.522
-363.985
-364.449
-364.915
-365.381
-365.85
-366.319
-366.79
-367.262
-367.736
-368.211
-368.687
-369.165
-369.644
-370.125
-370.606
-371.089
-371.574
-372.06
-372.547
-373.035
-373.525
-314.506
-314.756
-315.007
-315.261
-315.515
-315.771
-316.029
-316.288
-316.549
-316.811
-317.074
-317.34
-317.606
-317.874
-318.144
-318.415
-318.688
-318.962
-319.238
-319.516
-319.794
-320.075
-320.357
-320.64
-320.925
-321.211
-321.499
-321.788
-322.078
-322.37
-322.664
-322.959
-323.255
-323.553
-323.853
-324.153
-324.456
-324.759
-325.064
-325.371
-325.679
-325.988
-326.299
-326.611
-326.925
-327.24
-327.557
-327.875
-328.194
-328.515
-328.837
-329.161
-329.486
-329.813
-330.141
-330.47
-330.801
-331.133
-331.467
-331.802
-332.139
-332.477
-332.817
-333.158
-333.5
-333.844
-334.189
-334.536
-334.884
-335.233
-335.584
-335.937
-336.29
-336.646
-337.002
-337.36
-337.72
-338.081
-338.443
-338.807
-339.172
-339.538
-339.906
-340.276
-340.647
-341.019
-341.393
-341.768
-342.144
-342.522
-342.902
-343.282
-343.664
-344.048
-344.433
-344.819
-345.207
-345.597
-345.987
-346.379
-346.773
-347.168
-347.564
-347.962
-348.361
-348.761
-349.163
-349.566
-349.971
-350.377
-350.785
-351.193
-351.604
-352.015
-352.429
-352.843
-353.259
-353.676
-354.095
-354.515
-354.936
-355.359
-355.784
-356.209
-356.636
-357.065
-357.494
-357.926
-358.358
-358.792
-359.227
-359.664
-360.102
-360.542
-360.983
-361.425
-361.868
-362.313
-362.76
-363.208
-363.657
-364.107
-364.559
-365.012
-365.467
-365.923
-366.38
-366.839
-367.299
-367.76
-368.223
-368.687
-369.153
-369.62
-370.088
-370.557
-371.028
-371.501
-371.974
-372.449
-372.925
-373.403
-373.882
-374.363
-374.844
-375.327
-375.812
-376.298
-376.785
-377.273
-377.763
-318.994
-319.246
-319.499
-319.753
-320.009
-320.267
-320.526
-320.786
-321.049
-321.312
-321.577
-321.844
-322.112
-322.382
-322.653
-322.926
-323.2
-323.476
-323.754
-324.032
-324.313
-324.594
-324.878
-325.163
-325.449
-325.737
-326.026
-326.316
-326.608
-326.902
-327.197
-327.493
-327.791
-328.091
-328.391
-328.694
-328.997
-329.302
-329.609
-329.917
-330.226
-330.537
-330.849
-331.163
-331.478
-331.795
-332.113
-332.432
-332.753
-333.075
-333.399
-333.724
-334.051
-334.379
-334.708
-335.039
-335.372
-335.705
-336.041
-336.377
-336.715
-337.055
-337.396
-337.738
-338.082
-338.427
-338.774
-339.122
-339.471
-339.822
-340.175
-340.528
-340.884
-341.24
-341.598
-341.958
-342.319
-342.681
-343.045
-343.41
-343.776
-344.144
-344.514
-344.885
-345.257
-345.631
-346.006
-346.382
-346.76
-347.14
-347.52
-347.903
-348.286
-348.671
-349.058
-349.445
-349.835
-350.225
-350.617
-351.011
-351.406
-351.802
-352.2
-352.599
-352.999
-353.401
-353.804
-354.209
-354.615
-355.023
-355.432
-355.842
-356.254
-356.667
-357.081
-357.497
-357.914
-358.333
-358.753
-359.174
-359.597
-360.022
-360.447
-360.874
-361.303
-361.732
-362.164
-362.596
-363.03
-363.465
-363.902
-364.34
-364.78
-365.221
-365.663
-366.106
-366.551
-366.998
-367.446
-367.895
-368.345
-368.797
-369.25
-369.705
-370.161
-370.618
-371.077
-371.537
-371.998
-372.461
-372.925
-373.391
-373.858
-374.326
-374.795
-375.266
-375.739
-376.212
-376.687
-377.164
-377.641
-378.12
-378.601
-379.082
-379.565
-380.05
-380.536
-381.023
-381.511
-382.001
-323.483
-323.736
-323.991
-324.247
-324.505
-324.764
-325.024
-325.287
-325.55
-325.815
-326.082
-326.35
-326.62
-326.891
-327.164
-327.438
-327.714
-327.991
-328.27
-328.551
-328.832
-329.116
-329.401
-329.687
-329.975
-330.264
-330.554
-330.846
-331.14
-331.435
-331.731
-332.029
-332.329
-332.629
-332.932
-333.235
-333.54
-333.847
-334.155
-334.464
-334.775
-335.087
-335.401
-335.716
-336.033
-336.351
-336.67
-336.991
-337.313
-337.637
-337.962
-338.289
-338.617
-338.946
-339.277
-339.61
-339.943
-340.279
-340.615
-340.953
-341.293
-341.634
-341.976
-342.32
-342.665
-343.012
-343.36
-343.709
-344.06
-344.413
-344.766
-345.122
-345.478
-345.836
-346.196
-346.557
-346.919
-347.283
-347.648
-348.014
-348.382
-348.752
-349.123
-349.495
-349.869
-350.244
-350.62
-350.998
-351.378
-351.758
-352.141
-352.524
-352.909
-353.296
-353.683
-354.073
-354.463
-354.855
-355.249
-355.644
-356.04
-356.438
-356.837
-357.237
-357.639
-358.042
-358.447
-358.853
-359.261
-359.67
-360.08
-360.492
-360.905
-361.319
-361.735
-362.152
-362.571
-362.991
-363.413
-363.835
-364.26
-364.685
-365.112
-365.541
-365.97
-366.402
-366.834
-367.268
-367.703
-368.14
-368.578
-369.018
-369.459
-369.901
-370.344
-370.789
-371.236
-371.684
-372.133
-372.583
-373.035
-373.488
-373.943
-374.399
-374.856
-375.315
-375.775
-376.236
-376.699
-377.163
-377.629
-378.096
-378.564
-379.033
-379.504
-379.977
-380.45
-380.925
-381.402
-381.879
-382.358
-382.839
-383.32
-383.803
-384.288
-384.774
-385.261
-385.749
-386.239
-327.974
-328.229
-328.485
-328.742
-329.002
-329.262
-329.524
-329.788
-330.053
-330.32
-330.588
-330.858
-331.129
-331.402
-331.676
-331.952
-332.229
-332.508
-332.789
-333.07
-333.354
-333.639
-333.925
-334.213
-334.502
-334.792
-335.084
-335.378
-335.673
-335.969
-336.267
-336.567
-336.867
-337.17
-337.473
-337.778
-338.085
-338.393
-338.702
-339.013
-339.325
-339.639
-339.954
-340.271
-340.589
-340.908
-341.229
-341.551
-341.875
-342.2
-342.527
-342.855
-343.184
-343.515
-343.848
-344.181
-344.517
-344.853
-345.191
-345.531
-345.872
-346.214
-346.558
-346.903
-347.25
-347.598
-347.947
-348.298
-348.651
-349.004
-349.36
-349.716
-350.074
-350.434
-350.795
-351.157
-351.521
-351.886
-352.253
-352.621
-352.99
-353.361
-353.733
-354.107
-354.482
-354.858
-355.236
-355.616
-355.996
-356.379
-356.762
-357.147
-357.534
-357.921
-358.311
-358.701
-359.093
-359.487
-359.882
-360.278
-360.676
-361.075
-361.475
-361.877
-362.28
-362.685
-363.091
-363.499
-363.908
-364.318
-364.73
-365.143
-365.557
-365.973
-366.39
-366.809
-367.229
-367.651
-368.073
-368.498
-368.923
-369.35
-369.779
-370.208
-370.64
-371.072
-371.506
-371.942
-372.378
-372.816
-373.256
-373.697
-374.139
-374.583
-375.027
-375.474
-375.922
-376.371
-376.821
-377.273
-377.726
-378.181
-378.637
-379.094
-379.553
-380.013
-380.474
-380.937
-381.401
-381.867
-382.334
-382.802
-383.271
-383.742
-384.215
-384.688
-385.163
-385.64
-386.117
-386.596
-387.077
-387.558
-388.041
-388.526
-389.012
-389.499
-389.987
-390.477
-332.212
-332.467
-332.723
-332.98
-333.239
-333.5
-333.762
-334.026
-334.291
-334.558
-334.826
-335.096
-335.367
-335.64
-335.914
-336.19
-336.467
-336.746
-337.027
-337.308
-337.592
-337.877
-338.163
-338.451
-338.74
-339.03
-339.322
-339.616
-339.911
-340.207
-340.505
-340.805
-341.105
-341.408
-341.711
-342.016
-342.323
-342.631
-342.94
-343.251
-343.563
-343.877
-344.192
-344.509
-344.827
-345.146
-345.467
-345.789
-346.113
-346.438
-346.765
-347.093
-347.422
-347.753
-348.086
-348.419
-348.755
-349.091
-349.429
-349.769
-350.11
-350.452
-350.796
-351.141
-351.488
-351.836
-352.185
-352.536
-352.889
-353.242
-353.598
-353.954
-354.312
-354.672
-355.033
-355.395
-355.759
-356.124
-356.491
-356.859
-357.228
-357.599
-357.971
-358.345
-358.72
-359.096
-359.474
-359.854
-360.234
-360.617
-361
-361.385
-361.772
-362.159
-362.549
-362.939
-363.331
-363.725
-364.12
-364.516
-364.914
-365.313
-365.713
-366.115
-366.518
-366.923
-367.329
-367.737
-368.146
-368.556
-368.968
-369.381
-369.795
-370.211
-370.628
-371.047
-371.467
-371.889
-372.311
-372.736
-373.161
-373.588
-374.017
-374.447
-374.878
-375.31
-375.744
-376.18
-376.616
-377.054
-377.494
-377.935
-378.377
-378.821
-379.266
-379.712
-380.16
-380.609
-381.059
-381.511
-381.964
-382.419
-382.875
-383.332
-383.791
-384.251
-384.712
-385.175
-385.639
-386.105
-386.572
-387.04
-387.509
-387.98
-388.453
-388.926
-389.401
-389.878
-390.355
-390.834
-391.315
-391.796
-392.279
-392.764
-393.25
-393.737
-394.225
-394.715
-336.704
-336.96
-337.218
-337.477
-337.738
-338
-338.264
-338.529
-338.796
-339.064
-339.334
-339.605
-339.878
-340.152
-340.428
-340.705
-340.984
-341.264
-341.546
-341.83
-342.114
-342.401
-342.689
-342.978
-343.268
-343.56
-343.854
-344.149
-344.445
-344.743
-345.043
-345.343
-345.646
-345.949
-346.254
-346.561
-346.869
-347.178
-347.489
-347.801
-348.115
-348.43
-348.747
-349.065
-349.384
-349.705
-350.027
-350.351
-350.676
-351.003
-351.331
-351.66
-351.991
-352.324
-352.657
-352.993
-353.329
-353.667
-354.007
-354.348
-354.69
-355.034
-355.379
-355.726
-356.074
-356.423
-356.774
-357.127
-357.48
-357.836
-358.192
-358.55
-358.91
-359.271
-359.633
-359.997
-360.362
-360.729
-361.097
-361.466
-361.837
-362.209
-362.583
-362.958
-363.334
-363.712
-364.092
-364.472
-364.855
-365.238
-365.623
-366.01
-366.397
-366.787
-367.177
-367.569
-367.963
-368.358
-368.754
-369.152
-369.551
-369.951
-370.353
-370.756
-371.161
-371.567
-371.975
-372.384
-372.794
-373.206
-373.619
-374.033
-374.449
-374.866
-375.285
-375.705
-376.127
-376.549
-376.974
-377.399
-377.826
-378.255
-378.685
-379.116
-379.548
-379.982
-380.418
-380.854
-381.292
-381.732
-382.173
-382.615
-383.059
-383.504
-383.95
-384.398
-384.847
-385.297
-385.749
-386.202
-386.657
-387.113
-387.57
-388.029
-388.489
-388.95
-389.413
-389.877
-390.343
-390.81
-391.278
-391.747
-392.218
-392.691
-393.164
-393.639
-394.116
-394.593
-395.072
-395.553
-396.034
-396.517
-397.002
-397.488
-397.975
-398.463
-398.953
-341.199
-341.456
-341.715
-341.976
-342.238
-342.502
-342.767
-343.034
-343.302
-343.572
-343.843
-344.116
-344.39
-344.666
-344.943
-345.222
-345.502
-345.784
-346.068
-346.352
-346.639
-346.926
-347.216
-347.506
-347.798
-348.092
-348.387
-348.683
-348.981
-349.281
-349.581
-349.884
-350.187
-350.492
-350.799
-351.107
-351.416
-351.727
-352.039
-352.353
-352.668
-352.985
-353.303
-353.622
-353.943
-354.265
-354.589
-354.914
-355.241
-355.569
-355.898
-356.229
-356.562
-356.895
-357.231
-357.567
-357.905
-358.245
-358.586
-358.928
-359.272
-359.617
-359.964
-360.312
-360.661
-361.012
-361.365
-361.718
-362.074
-362.43
-362.788
-363.148
-363.509
-363.871
-364.235
-364.6
-364.967
-365.335
-365.704
-366.075
-366.447
-366.821
-367.196
-367.572
-367.95
-368.33
-368.71
-369.093
-369.476
-369.861
-370.248
-370.635
-371.025
-371.415
-371.807
-372.201
-372.596
-372.992
-373.39
-373.789
-374.189
-374.591
-374.994
-375.399
-375.805
-376.213
-376.622
-377.032
-377.444
-377.857
-378.271
-378.687
-379.104
-379.523
-379.943
-380.365
-380.787
-381.212
-381.637
-382.064
-382.493
-382.923
-383.354
-383.786
-384.22
-384.656
-385.092
-385.53
-385.97
-386.411
-386.853
-387.297
-387.742
-388.188
-388.636
-389.085
-389.535
-389.987
-390.44
-390.895
-391.351
-391.808
-392.267
-392.727
-393.188
-393.651
-394.115
-394.581
-395.048
-395.516
-395.985
-396.456
-396.929
-397.402
-397.877
-398.354
-398.831
-399.31
-399.791
-400.272
-400.756
-401.24
-401.726
-402.213
-402.701
-403.191
-345.436
-345.694
-345.953
-346.214
-346.476
-346.739
-347.005
-347.271
-347.54
-347.809
-348.081
-348.354
-348.628
-348.904
-349.181
-349.46
-349.74
-350.022
-350.306
-350.59
-350.877
-351.164
-351.454
-351.744
-352.036
-352.33
-352.625
-352.921
-353.219
-353.519
-353.819
-354.122
-354.425
-354.73
-355.037
-355.345
-355.654
-355.965
-356.277
-356.591
-356.906
-357.223
-357.541
-357.86
-358.181
-358.503
-358.827
-359.152
-359.479
-359.807
-360.136
-360.467
-360.8
-361.133
-361.469
-361.805
-362.143
-362.483
-362.824
-363.166
-363.51
-363.855
-364.202
-364.55
-364.899
-365.25
-365.603
-365.956
-366.312
-366.668
-367.026
-367.386
-367.747
-368.109
-368.473
-368.838
-369.205
-369.573
-369.942
-370.313
-370.685
-371.059
-371.434
-371.81
-372.188
-372.568
-372.948
-373.331
-373.714
-374.099
-374.486
-374.873
-375.263
-375.653
-376.045
-376.439
-376.834
-377.23
-377.628
-378.027
-378.427
-378.829
-379.232
-379.637
-380.043
-380.451
-380.86
-381.27
-381.682
-382.095
-382.509
-382.925
-383.342
-383.761
-384.181
-384.603
-385.025
-385.45
-385.875
-386.302
-386.731
-387.161
-387.592
-388.024
-388.458
-388.894
-389.33
-389.768
-390.208
-390.649
-391.091
-391.535
-391.98
-392.426
-392.874
-393.323
-393.773
-394.225
-394.678
-395.133
-395.589
-396.046
-396.505
-396.965
-397.426
-397.889
-398.353
-398.819
-399.286
-399.754
-400.223
-400.694
-401.167
-401.64
-402.115
-402.592
-403.069
-403.548
-404.029
-404.51
-404.994
-405.478
-405.964
-406.451
-406.939
-407.429
-349.931
-350.191
-350.451
-350.713
-350.977
-351.242
-351.509
-351.777
-352.047
-352.319
-352.591
-352.866
-353.142
-353.419
-353.698
-353.978
-354.26
-354.543
-354.828
-355.115
-355.402
-355.692
-355.982
-356.274
-356.568
-356.863
-357.159
-357.457
-357.757
-358.057
-358.36
-358.663
-358.968
-359.275
-359.583
-359.892
-360.203
-360.515
-360.829
-361.144
-361.461
-361.779
-362.098
-362.419
-362.741
-363.065
-363.39
-363.717
-364.045
-364.374
-364.705
-365.038
-365.371
-365.707
-366.043
-366.381
-366.721
-367.062
-367.404
-367.748
-368.093
-368.44
-368.788
-369.137
-369.488
-369.841
-370.194
-370.55
-370.906
-371.264
-371.624
-371.985
-372.347
-372.711
-373.076
-373.443
-373.811
-374.18
-374.551
-374.923
-375.297
-375.672
-376.048
-376.426
-376.806
-377.186
-377.569
-377.952
-378.337
-378.724
-379.111
-379.501
-379.891
-380.283
-380.677
-381.072
-381.468
-381.866
-382.265
-382.665
-383.067
-383.47
-383.875
-384.281
-384.689
-385.098
-385.508
-385.92
-386.333
-386.747
-387.163
-387.58
-387.999
-388.419
-388.841
-389.263
-389.688
-390.113
-390.54
-390.969
-391.399
-391.83
-392.262
-392.696
-393.132
-393.568
-394.006
-394.446
-394.887
-395.329
-395.773
-396.218
-396.664
-397.112
-397.561
-398.011
-398.463
-398.916
-399.371
-399.827
-400.284
-400.743
-401.203
-401.664
-402.127
-402.591
-403.057
-403.524
-403.992
-404.461
-404.932
-405.405
-405.878
-406.353
-406.83
-407.307
-407.786
-408.267
-408.748
-409.232
-409.716
-410.202
-410.689
-411.177
-411.667
-354.428
-354.689
-354.951
-355.215
-355.48
-355.747
-356.015
-356.285
-356.556
-356.829
-357.104
-357.379
-357.657
-357.936
-358.216
-358.498
-358.781
-359.066
-359.353
-359.64
-359.93
-360.22
-360.512
-360.806
-361.101
-361.397
-361.695
-361.995
-362.295
-362.598
-362.901
-363.206
-363.513
-363.821
-364.13
-364.441
-364.753
-365.067
-365.382
-365.699
-366.017
-366.336
-366.657
-366.979
-367.303
-367.628
-367.955
-368.283
-368.612
-368.943
-369.276
-369.609
-369.945
-370.281
-370.619
-370.959
-371.3
-371.642
-371.986
-372.331
-372.678
-373.026
-373.375
-373.726
-374.079
-374.432
-374.788
-375.144
-375.502
-375.862
-376.223
-376.585
-376.949
-377.314
-377.681
-378.049
-378.418
-378.789
-379.161
-379.535
-379.91
-380.286
-380.664
-381.044
-381.424
-381.807
-382.19
-382.575
-382.962
-383.349
-383.739
-384.129
-384.521
-384.915
-385.31
-385.706
-386.104
-386.503
-386.903
-387.305
-387.708
-388.113
-388.519
-388.927
-389.336
-389.746
-390.158
-390.571
-390.985
-391.401
-391.818
-392.237
-392.657
-393.079
-393.501
-393.926
-394.351
-394.778
-395.207
-395.637
-396.068
-396.5
-396.934
-397.37
-397.806
-398.244
-398.684
-399.125
-399.567
-400.011
-400.456
-400.902
-401.35
-401.799
-402.249
-402.701
-403.154
-403.609
-404.065
-404.522
-404.981
-405.441
-405.902
-406.365
-406.829
-407.295
-407.762
-408.23
-408.699
-409.17
-409.643
-410.116
-410.591
-411.068
-411.545
-412.024
-412.505
-412.986
-413.469
-413.954
-414.44
-414.927
-415.415
-415.905
-358.927
-359.189
-359.453
-359.718
-359.985
-360.253
-360.523
-360.794
-361.067
-361.341
-361.617
-361.895
-362.174
-362.454
-362.736
-363.019
-363.304
-363.59
-363.878
-364.167
-364.458
-364.75
-365.044
-365.339
-365.635
-365.933
-366.233
-366.533
-366.835
-367.139
-367.444
-367.751
-368.059
-368.368
-368.679
-368.991
-369.305
-369.62
-369.937
-370.255
-370.574
-370.895
-371.217
-371.541
-371.866
-372.193
-372.521
-372.85
-373.181
-373.514
-373.847
-374.183
-374.519
-374.857
-375.197
-375.538
-375.88
-376.224
-376.569
-376.916
-377.264
-377.613
-377.964
-378.317
-378.67
-379.026
-379.382
-379.74
-380.1
-380.461
-380.823
-381.187
-381.552
-381.919
-382.287
-382.656
-383.027
-383.399
-383.773
-384.148
-384.524
-384.902
-385.282
-385.662
-386.045
-386.428
-386.813
-387.2
-387.587
-387.977
-388.367
-388.759
-389.153
-389.548
-389.944
-390.342
-390.741
-391.141
-391.543
-391.946
-392.351
-392.757
-393.165
-393.574
-393.984
-394.396
-394.809
-395.223
-395.639
-396.056
-396.475
-396.895
-397.317
-397.739
-398.164
-398.589
-399.016
-399.445
-399.874
-400.306
-400.738
-401.172
-401.608
-402.044
-402.482
-402.922
-403.363
-403.805
-404.249
-404.693
-405.14
-405.588
-406.037
-406.487
-406.939
-407.392
-407.847
-408.303
-408.76
-409.219
-409.679
-410.14
-410.603
-411.067
-411.533
-412
-412.468
-412.937
-413.408
-413.881
-414.354
-414.829
-415.306
-415.783
-416.262
-416.743
-417.224
-417.707
-418.192
-418.678
-419.165
-419.653
-420.143
-363.164
-363.427
-363.691
-363.956
-364.223
-364.491
-364.761
-365.032
-365.305
-365.579
-365.855
-366.133
-366.411
-366.692
-366.974
-367.257
-367.542
-367.828
-368.116
-368.405
-368.696
-368.988
-369.282
-369.577
-369.873
-370.171
-370.47
-370.771
-371.073
-371.377
-371.682
-371.989
-372.297
-372.606
-372.917
-373.229
-373.543
-373.858
-374.175
-374.493
-374.812
-375.133
-375.455
-375.779
-376.104
-376.431
-376.759
-377.088
-377.419
-377.752
-378.085
-378.421
-378.757
-379.095
-379.435
-379.776
-380.118
-380.462
-380.807
-381.154
-381.502
-381.851
-382.202
-382.555
-382.908
-383.264
-383.62
-383.978
-384.338
-384.699
-385.061
-385.425
-385.79
-386.156
-386.524
-386.894
-387.265
-387.637
-388.011
-388.386
-388.762
-389.14
-389.52
-389.9
-390.283
-390.666
-391.051
-391.438
-391.825
-392.215
-392.605
-392.997
-393.391
-393.786
-394.182
-394.58
-394.979
-395.379
-395.781
-396.184
-396.589
-396.995
-397.403
-397.812
-398.222
-398.634
-399.047
-399.461
-399.877
-400.294
-400.713
-401.133
-401.555
-401.977
-402.402
-402.827
-403.254
-403.683
-404.112
-404.544
-404.976
-405.41
-405.845
-406.282
-406.72
-407.16
-407.601
-408.043
-408.486
-408.931
-409.378
-409.826
-410.275
-410.725
-411.177
-411.63
-412.085
-412.541
-412.998
-413.457
-413.917
-414.378
-414.841
-415.305
-415.771
-416.238
-416.706
-417.175
-417.646
-418.119
-418.592
-419.067
-419.544
-420.021
-420.5
-420.981
-421.462
-421.945
-422.43
-422.916
-423.403
-423.891
-424.381
-367.664
-367.928
-368.193
-368.46
-368.729
-368.998
-369.27
-369.543
-369.817
-370.093
-370.37
-370.649
-370.93
-371.212
-371.495
-371.78
-372.066
-372.354
-372.643
-372.934
-373.226
-373.52
-373.815
-374.111
-374.409
-374.708
-375.009
-375.311
-375.615
-375.92
-376.227
-376.535
-376.844
-377.155
-377.467
-377.781
-378.096
-378.412
-378.73
-379.05
-379.371
-379.693
-380.017
-380.342
-380.669
-380.997
-381.326
-381.657
-381.989
-382.323
-382.658
-382.995
-383.333
-383.673
-384.014
-384.356
-384.7
-385.045
-385.392
-385.74
-386.089
-386.44
-386.793
-387.146
-387.502
-387.858
-388.216
-388.576
-388.937
-389.299
-389.663
-390.028
-390.394
-390.762
-391.132
-391.503
-391.875
-392.249
-392.624
-393
-393.378
-393.758
-394.138
-394.521
-394.904
-395.289
-395.676
-396.063
-396.453
-396.843
-397.235
-397.629
-398.024
-398.42
-398.818
-399.217
-399.617
-400.019
-400.422
-400.827
-401.233
-401.641
-402.05
-402.46
-402.872
-403.285
-403.699
-404.115
-404.532
-404.951
-405.371
-405.792
-406.215
-406.64
-407.065
-407.492
-407.921
-408.35
-408.782
-409.214
-409.648
-410.083
-410.52
-410.958
-411.398
-411.839
-412.281
-412.724
-413.169
-413.616
-414.064
-414.513
-414.963
-415.415
-415.868
-416.323
-416.779
-417.236
-417.695
-418.155
-418.616
-419.079
-419.543
-420.009
-420.476
-420.944
-421.413
-421.884
-422.357
-422.83
-423.305
-423.782
-424.259
-424.738
-425.219
-425.7
-426.183
-426.668
-427.154
-427.641
-428.129
-428.619
-372.166
-372.431
-372.698
-372.966
-373.236
-373.507
-373.78
-374.055
-374.331
-374.608
-374.887
-375.168
-375.45
-375.733
-376.018
-376.304
-376.592
-376.881
-377.172
-377.464
-377.758
-378.053
-378.349
-378.647
-378.946
-379.247
-379.549
-379.853
-380.158
-380.465
-380.773
-381.082
-381.393
-381.705
-382.019
-382.334
-382.65
-382.968
-383.288
-383.609
-383.931
-384.255
-384.58
-384.907
-385.235
-385.564
-385.895
-386.227
-386.561
-386.896
-387.233
-387.571
-387.911
-388.252
-388.594
-388.938
-389.283
-389.63
-389.978
-390.327
-390.678
-391.031
-391.384
-391.74
-392.096
-392.454
-392.814
-393.175
-393.537
-393.901
-394.266
-394.632
-395
-395.37
-395.741
-396.113
-396.487
-396.862
-397.238
-397.616
-397.996
-398.376
-398.758
-399.142
-399.527
-399.913
-400.301
-400.691
-401.081
-401.473
-401.867
-402.262
-402.658
-403.056
-403.455
-403.855
-404.257
-404.66
-405.065
-405.471
-405.879
-406.287
-406.698
-407.109
-407.523
-407.937
-408.353
-408.77
-409.189
-409.609
-410.03
-410.453
-410.878
-411.303
-411.73
-412.159
-412.588
-413.02
-413.452
-413.886
-414.321
-414.758
-415.196
-415.636
-416.077
-416.519
-416.962
-417.407
-417.854
-418.302
-418.751
-419.201
-419.653
-420.106
-420.561
-421.017
-421.474
-421.933
-422.393
-422.854
-423.317
-423.781
-424.247
-424.714
-425.182
-425.651
-426.122
-426.595
-427.068
-427.543
-428.019
-428.497
-428.976
-429.457
-429.938
-430.421
-430.906
-431.392
-431.879
-432.367
-432.857
-376.403
-376.669
-376.936
-377.204
-377.474
-377.745
-378.018
-378.293
-378.568
-378.846
-379.125
-379.405
-379.687
-379.971
-380.256
-380.542
-380.83
-381.119
-381.41
-381.702
-381.996
-382.291
-382.587
-382.885
-383.184
-383.485
-383.787
-384.091
-384.396
-384.703
-385.01
-385.32
-385.631
-385.943
-386.257
-386.572
-386.888
-387.206
-387.526
-387.847
-388.169
-388.493
-388.818
-389.145
-389.473
-389.802
-390.133
-390.465
-390.799
-391.134
-391.471
-391.809
-392.149
-392.49
-392.832
-393.176
-393.521
-393.868
-394.216
-394.565
-394.916
-395.268
-395.622
-395.977
-396.334
-396.692
-397.052
-397.413
-397.775
-398.139
-398.504
-398.87
-399.238
-399.608
-399.979
-400.351
-400.725
-401.1
-401.476
-401.854
-402.234
-402.614
-402.996
-403.38
-403.765
-404.151
-404.539
-404.929
-405.319
-405.711
-406.105
-406.5
-406.896
-407.293
-407.693
-408.093
-408.495
-408.898
-409.303
-409.709
-410.117
-410.525
-410.936
-411.347
-411.761
-412.175
-412.591
-413.008
-413.427
-413.847
-414.268
-414.691
-415.116
-415.541
-415.968
-416.397
-416.826
-417.258
-417.69
-418.124
-418.559
-418.996
-419.434
-419.874
-420.315
-420.757
-421.2
-421.645
-422.092
-422.539
-422.989
-423.439
-423.891
-424.344
-424.799
-425.255
-425.712
-426.171
-426.631
-427.092
-427.555
-428.019
-428.485
-428.951
-429.42
-429.889
-430.36
-430.832
-431.306
-431.781
-432.257
-432.735
-433.214
-433.695
-434.176
-434.659
-435.144
-435.63
-436.117
-436.605
-437.095
-380.906
-381.174
-381.442
-381.712
-381.983
-382.256
-382.53
-382.806
-383.084
-383.363
-383.643
-383.925
-384.209
-384.494
-384.78
-385.068
-385.357
-385.648
-385.94
-386.234
-386.529
-386.825
-387.123
-387.422
-387.723
-388.025
-388.329
-388.634
-388.94
-389.248
-389.558
-389.869
-390.181
-390.495
-390.81
-391.126
-391.444
-391.764
-392.085
-392.407
-392.731
-393.056
-393.383
-393.711
-394.04
-394.371
-394.703
-395.037
-395.372
-395.709
-396.047
-396.387
-396.728
-397.07
-397.414
-397.759
-398.106
-398.454
-398.803
-399.154
-399.506
-399.86
-400.215
-400.572
-400.93
-401.29
-401.65
-402.013
-402.377
-402.742
-403.108
-403.476
-403.846
-404.217
-404.589
-404.963
-405.338
-405.714
-406.092
-406.471
-406.852
-407.234
-407.618
-408.003
-408.389
-408.777
-409.166
-409.557
-409.949
-410.343
-410.737
-411.134
-411.531
-411.931
-412.331
-412.733
-413.136
-413.541
-413.947
-414.355
-414.763
-415.174
-415.585
-415.999
-416.413
-416.829
-417.246
-417.665
-418.085
-418.506
-418.929
-419.353
-419.779
-420.206
-420.635
-421.064
-421.496
-421.928
-422.362
-422.797
-423.234
-423.672
-424.112
-424.552
-424.995
-425.438
-425.883
-426.33
-426.777
-427.227
-427.677
-428.129
-428.582
-429.037
-429.493
-429.95
-430.409
-430.869
-431.33
-431.793
-432.257
-432.723
-433.189
-433.658
-434.127
-434.598
-435.07
-435.544
-436.019
-436.495
-436.973
-437.452
-437.933
-438.414
-438.897
-439.382
-439.868
-440.355
-440.843
-441.333
-385.411
-385.679
-385.949
-386.221
-386.494
-386.768
-387.044
-387.321
-387.601
-387.881
-388.163
-388.447
-388.731
-389.018
-389.306
-389.595
-389.886
-390.178
-390.471
-390.766
-391.063
-391.361
-391.66
-391.961
-392.263
-392.567
-392.872
-393.178
-393.486
-393.796
-394.107
-394.419
-394.733
-395.048
-395.364
-395.682
-396.002
-396.323
-396.645
-396.969
-397.294
-397.62
-397.949
-398.278
-398.609
-398.941
-399.275
-399.61
-399.947
-400.285
-400.625
-400.965
-401.308
-401.652
-401.997
-402.343
-402.692
-403.041
-403.392
-403.744
-404.098
-404.453
-404.81
-405.168
-405.528
-405.888
-406.251
-406.615
-406.98
-407.346
-407.714
-408.084
-408.455
-408.827
-409.201
-409.576
-409.952
-410.33
-410.709
-411.09
-411.472
-411.856
-412.241
-412.627
-413.015
-413.404
-413.795
-414.187
-414.581
-414.975
-415.372
-415.769
-416.168
-416.569
-416.971
-417.374
-417.779
-418.185
-418.592
-419.001
-419.412
-419.823
-420.236
-420.651
-421.067
-421.484
-421.903
-422.323
-422.744
-423.167
-423.591
-424.017
-424.444
-424.872
-425.302
-425.733
-426.166
-426.6
-427.035
-427.472
-427.91
-428.35
-428.79
-429.233
-429.676
-430.121
-430.568
-431.015
-431.464
-431.915
-432.367
-432.82
-433.275
-433.731
-434.188
-434.647
-435.107
-435.568
-436.031
-436.495
-436.961
-437.427
-437.896
-438.365
-438.836
-439.308
-439.782
-440.257
-440.733
-441.211
-441.69
-442.17
-442.652
-443.135
-443.62
-444.105
-444.593
-445.081
-445.571
-389.917
-390.187
-390.458
-390.731
-391.006
-391.282
-391.559
-391.838
-392.119
-392.401
-392.684
-392.969
-393.256
-393.544
-393.833
-394.124
-394.416
-394.709
-395.004
-395.301
-395.599
-395.898
-396.199
-396.501
-396.805
-397.11
-397.416
-397.724
-398.034
-398.345
-398.657
-398.971
-399.286
-399.602
-399.92
-400.24
-400.561
-400.883
-401.207
-401.532
-401.858
-402.186
-402.516
-402.847
-403.179
-403.513
-403.848
-404.185
-404.523
-404.862
-405.203
-405.546
-405.89
-406.235
-406.581
-406.93
-407.279
-407.63
-407.982
-408.336
-408.691
-409.048
-409.406
-409.765
-410.126
-410.489
-410.852
-411.218
-411.584
-411.952
-412.322
-412.693
-413.065
-413.438
-413.814
-414.19
-414.568
-414.947
-415.328
-415.71
-416.094
-416.479
-416.865
-417.253
-417.642
-418.033
-418.425
-418.819
-419.213
-419.61
-420.007
-420.406
-420.807
-421.209
-421.612
-422.017
-422.423
-422.83
-423.239
-423.65
-424.061
-424.474
-424.889
-425.305
-425.722
-426.141
-426.561
-426.982
-427.405
-427.829
-428.255
-428.682
-429.11
-429.54
-429.971
-430.404
-430.838
-431.273
-431.71
-432.148
-432.588
-433.028
-433.471
-433.914
-434.359
-434.806
-435.253
-435.702
-436.153
-436.605
-437.058
-437.513
-437.969
-438.426
-438.885
-439.345
-439.806
-440.269
-440.733
-441.198
-441.665
-442.134
-442.603
-443.074
-443.546
-444.02
-444.495
-444.971
-445.449
-445.928
-446.408
-446.89
-447.373
-447.858
-448.343
-448.831
-449.319
-449.809
-394.154
-394.425
-394.696
-394.969
-395.243
-395.519
-395.797
-396.076
-396.357
-396.639
-396.922
-397.207
-397.494
-397.782
-398.071
-398.362
-398.654
-398.947
-399.242
-399.539
-399.837
-400.136
-400.437
-400.739
-401.043
-401.348
-401.654
-401.962
-402.272
-402.582
-402.895
-403.208
-403.524
-403.84
-404.158
-404.478
-404.798
-405.121
-405.445
-405.77
-406.096
-406.424
-406.754
-407.085
-407.417
-407.751
-408.086
-408.423
-408.761
-409.1
-409.441
-409.784
-410.128
-410.473
-410.819
-411.167
-411.517
-411.868
-412.22
-412.574
-412.929
-413.286
-413.644
-414.003
-414.364
-414.727
-415.09
-415.456
-415.822
-416.19
-416.56
-416.93
-417.303
-417.676
-418.052
-418.428
-418.806
-419.185
-419.566
-419.948
-420.332
-420.717
-421.103
-421.491
-421.88
-422.271
-422.663
-423.056
-423.451
-423.848
-424.245
-424.644
-425.045
-425.447
-425.85
-426.255
-426.661
-427.068
-427.477
-427.888
-428.299
-428.712
-429.127
-429.543
-429.96
-430.379
-430.799
-431.22
-431.643
-432.067
-432.493
-432.92
-433.348
-433.778
-434.209
-434.642
-435.076
-435.511
-435.948
-436.386
-436.825
-437.266
-437.709
-438.152
-438.597
-439.044
-439.491
-439.94
-440.391
-440.843
-441.296
-441.751
-442.206
-442.664
-443.123
-443.583
-444.044
-444.507
-444.971
-445.436
-445.903
-446.371
-446.841
-447.312
-447.784
-448.258
-448.733
-449.209
-449.687
-450.166
-450.646
-451.128
-451.611
-452.096
-452.581
-453.068
-453.557
-454.047
-398.662
-398.934
-399.207
-399.481
-399.757
-400.035
-400.314
-400.594
-400.876
-401.16
-401.445
-401.731
-402.019
-402.309
-402.599
-402.892
-403.185
-403.48
-403.777
-404.075
-404.374
-404.675
-404.977
-405.281
-405.586
-405.892
-406.2
-406.51
-406.82
-407.133
-407.446
-407.762
-408.078
-408.396
-408.716
-409.036
-409.359
-409.682
-410.008
-410.334
-410.662
-410.992
-411.323
-411.655
-411.989
-412.324
-412.661
-412.999
-413.338
-413.679
-414.022
-414.365
-414.711
-415.057
-415.405
-415.755
-416.106
-416.458
-416.812
-417.167
-417.524
-417.882
-418.241
-418.602
-418.965
-419.328
-419.694
-420.06
-420.428
-420.798
-421.168
-421.541
-421.914
-422.289
-422.666
-423.044
-423.423
-423.804
-424.186
-424.57
-424.955
-425.341
-425.729
-426.118
-426.509
-426.901
-427.294
-427.689
-428.086
-428.483
-428.882
-429.283
-429.685
-430.088
-430.493
-430.899
-431.306
-431.715
-432.125
-432.537
-432.95
-433.365
-433.781
-434.198
-434.617
-435.037
-435.458
-435.881
-436.305
-436.731
-437.158
-437.586
-438.016
-438.447
-438.88
-439.314
-439.749
-440.186
-440.624
-441.063
-441.504
-441.947
-442.39
-442.835
-443.281
-443.729
-444.178
-444.629
-445.081
-445.534
-445.988
-446.444
-446.902
-447.36
-447.821
-448.282
-448.745
-449.209
-449.674
-450.141
-450.609
-451.079
-451.55
-452.022
-452.496
-452.971
-453.447
-453.925
-454.404
-454.884
-455.366
-455.849
-456.334
-456.819
-457.306
-457.795
-458.285
-403.172
-403.444
-403.719
-403.995
-404.272
-404.552
-404.832
-405.114
-405.398
-405.683
-405.969
-406.257
-406.547
-406.837
-407.13
-407.423
-407.718
-408.015
-408.313
-408.612
-408.913
-409.215
-409.519
-409.824
-410.13
-410.438
-410.747
-411.058
-411.371
-411.684
-411.999
-412.316
-412.634
-412.953
-413.274
-413.597
-413.92
-414.246
-414.572
-414.9
-415.23
-415.561
-415.893
-416.227
-416.562
-416.899
-417.237
-417.576
-417.917
-418.26
-418.603
-418.949
-419.295
-419.643
-419.993
-420.344
-420.696
-421.05
-421.405
-421.762
-422.12
-422.479
-422.84
-423.203
-423.566
-423.931
-424.298
-424.666
-425.035
-425.406
-425.779
-426.152
-426.527
-426.904
-427.282
-427.661
-428.042
-428.424
-428.808
-429.193
-429.579
-429.967
-430.356
-430.747
-431.139
-431.532
-431.927
-432.323
-432.721
-433.12
-433.521
-433.923
-434.326
-434.731
-435.137
-435.544
-435.953
-436.363
-436.775
-437.188
-437.603
-438.019
-438.436
-438.855
-439.275
-439.696
-440.119
-440.543
-440.969
-441.396
-441.824
-442.254
-442.685
-443.118
-443.552
-443.987
-444.424
-444.862
-445.301
-445.742
-446.184
-446.628
-447.073
-447.519
-447.967
-448.416
-448.867
-449.319
-449.772
-450.226
-450.682
-451.14
-451.598
-452.058
-452.52
-452.983
-453.447
-453.912
-454.379
-454.847
-455.317
-455.788
-456.26
-456.734
-457.209
-457.685
-458.163
-458.642
-459.122
-459.604
-460.087
-460.571
-461.057
-461.544
-462.033
-462.523
-407.409
-407.682
-407.956
-408.233
-408.51
-408.789
-409.07
-409.352
-409.636
-409.921
-410.207
-410.495
-410.784
-411.075
-411.367
-411.661
-411.956
-412.253
-412.55
-412.85
-413.151
-413.453
-413.756
-414.062
-414.368
-414.676
-414.985
-415.296
-415.608
-415.922
-416.237
-416.554
-416.872
-417.191
-417.512
-417.835
-418.158
-418.484
-418.81
-419.138
-419.468
-419.799
-420.131
-420.465
-420.8
-421.137
-421.475
-421.814
-422.155
-422.497
-422.841
-423.186
-423.533
-423.881
-424.231
-424.582
-424.934
-425.288
-425.643
-426
-426.358
-426.717
-427.078
-427.44
-427.804
-428.169
-428.536
-428.904
-429.273
-429.644
-430.016
-430.39
-430.765
-431.142
-431.52
-431.899
-432.28
-432.662
-433.046
-433.431
-433.817
-434.205
-434.594
-434.985
-435.377
-435.77
-436.165
-436.561
-436.959
-437.358
-437.759
-438.161
-438.564
-438.969
-439.375
-439.782
-440.191
-440.601
-441.013
-441.426
-441.841
-442.256
-442.674
-443.092
-443.513
-443.934
-444.357
-444.781
-445.207
-445.634
-446.062
-446.492
-446.923
-447.356
-447.79
-448.225
-448.662
-449.1
-449.539
-449.98
-450.422
-450.866
-451.311
-451.757
-452.205
-452.654
-453.105
-453.557
-454.01
-454.464
-454.92
-455.378
-455.836
-456.296
-456.758
-457.221
-457.685
-458.15
-458.617
-459.085
-459.555
-460.026
-460.498
-460.972
-461.447
-461.923
-462.401
-462.88
-463.36
-463.842
-464.325
-464.809
-465.295
-465.782
-466.271
-466.761
-411.919
-412.194
-412.47
-412.748
-413.027
-413.308
-413.59
-413.873
-414.159
-414.445
-414.733
-415.022
-415.313
-415.605
-415.899
-416.194
-416.49
-416.788
-417.088
-417.388
-417.691
-417.994
-418.299
-418.606
-418.914
-419.223
-419.534
-419.846
-420.16
-420.475
-420.792
-421.11
-421.429
-421.75
-422.072
-422.396
-422.721
-423.048
-423.376
-423.706
-424.037
-424.369
-424.703
-425.038
-425.375
-425.713
-426.052
-426.393
-426.735
-427.079
-427.424
-427.771
-428.119
-428.469
-428.82
-429.172
-429.526
-429.881
-430.238
-430.596
-430.955
-431.316
-431.678
-432.042
-432.407
-432.774
-433.142
-433.511
-433.882
-434.254
-434.628
-435.003
-435.38
-435.758
-436.137
-436.518
-436.9
-437.284
-437.669
-438.055
-438.443
-438.832
-439.223
-439.615
-440.008
-440.403
-440.799
-441.197
-441.596
-441.997
-442.398
-442.802
-443.206
-443.613
-444.02
-444.429
-444.839
-445.251
-445.664
-446.079
-446.494
-446.912
-447.33
-447.75
-448.172
-448.595
-449.019
-449.445
-449.872
-450.3
-450.73
-451.161
-451.594
-452.028
-452.463
-452.9
-453.338
-453.777
-454.218
-454.66
-455.104
-455.549
-455.995
-456.443
-456.892
-457.343
-457.794
-458.248
-458.702
-459.158
-459.616
-460.074
-460.534
-460.996
-461.458
-461.923
-462.388
-462.855
-463.323
-463.793
-464.264
-464.736
-465.21
-465.685
-466.161
-466.639
-467.118
-467.598
-468.08
-468.563
-469.047
-469.533
-470.02
-470.509
-470.998
-416.431
-416.708
-416.985
-417.265
-417.545
-417.828
-418.111
-418.396
-418.683
-418.971
-419.26
-419.551
-419.843
-420.137
-420.432
-420.728
-421.026
-421.326
-421.626
-421.929
-422.232
-422.537
-422.844
-423.152
-423.461
-423.772
-424.084
-424.398
-424.713
-425.03
-425.348
-425.667
-425.988
-426.31
-426.634
-426.959
-427.286
-427.614
-427.943
-428.274
-428.607
-428.941
-429.276
-429.612
-429.95
-430.29
-430.631
-430.973
-431.317
-431.662
-432.009
-432.357
-432.707
-433.057
-433.41
-433.764
-434.119
-434.475
-434.834
-435.193
-435.554
-435.916
-436.28
-436.645
-437.012
-437.38
-437.749
-438.12
-438.492
-438.866
-439.241
-439.618
-439.996
-440.375
-440.756
-441.138
-441.521
-441.906
-442.293
-442.681
-443.07
-443.461
-443.853
-444.246
-444.641
-445.037
-445.435
-445.834
-446.234
-446.636
-447.04
-447.444
-447.85
-448.258
-448.667
-449.077
-449.489
-449.902
-450.316
-450.732
-451.15
-451.568
-451.988
-452.41
-452.833
-453.257
-453.683
-454.11
-454.538
-454.968
-455.399
-455.832
-456.265
-456.701
-457.138
-457.576
-458.015
-458.456
-458.898
-459.342
-459.787
-460.233
-460.681
-461.13
-461.58
-462.032
-462.486
-462.94
-463.396
-463.853
-464.312
-464.772
-465.234
-465.696
-466.161
-466.626
-467.093
-467.561
-468.031
-468.502
-468.974
-469.448
-469.923
-470.399
-470.877
-471.356
-471.836
-472.318
-472.801
-473.285
-473.771
-474.258
-474.747
-475.236
-420.946
-421.223
-421.502
-421.783
-422.065
-422.349
-422.634
-422.921
-423.209
-423.498
-423.789
-424.081
-424.375
-424.67
-424.966
-425.264
-425.563
-425.864
-426.166
-426.47
-426.775
-427.082
-427.39
-427.699
-428.01
-428.322
-428.636
-428.951
-429.268
-429.586
-429.905
-430.226
-430.548
-430.872
-431.197
-431.524
-431.852
-432.181
-432.512
-432.845
-433.178
-433.514
-433.85
-434.188
-434.528
-434.869
-435.211
-435.555
-435.9
-436.247
-436.595
-436.944
-437.295
-437.648
-438.002
-438.357
-438.713
-439.071
-439.431
-439.792
-440.154
-440.518
-440.883
-441.25
-441.618
-441.987
-442.358
-442.73
-443.104
-443.479
-443.856
-444.233
-444.613
-444.994
-445.376
-445.759
-446.144
-446.531
-446.919
-447.308
-447.698
-448.091
-448.484
-448.879
-449.275
-449.673
-450.072
-450.472
-450.874
-451.278
-451.682
-452.088
-452.496
-452.905
-453.315
-453.727
-454.14
-454.554
-454.97
-455.388
-455.806
-456.226
-456.648
-457.071
-457.495
-457.92
-458.347
-458.776
-459.206
-459.637
-460.069
-460.503
-460.939
-461.375
-461.814
-462.253
-462.694
-463.136
-463.58
-464.025
-464.471
-464.919
-465.368
-465.818
-466.27
-466.723
-467.178
-467.634
-468.091
-468.55
-469.01
-469.472
-469.934
-470.398
-470.864
-471.331
-471.799
-472.269
-472.74
-473.212
-473.685
-474.16
-474.637
-475.114
-475.594
-476.074
-476.556
-477.039
-477.523
-478.009
-478.496
-478.984
-479.474
-425.183
-425.461
-425.74
-426.021
-426.303
-426.587
-426.872
-427.159
-427.447
-427.736
-428.027
-428.319
-428.613
-428.908
-429.204
-429.502
-429.801
-430.102
-430.404
-430.708
-431.013
-431.32
-431.628
-431.937
-432.248
-432.56
-432.874
-433.189
-433.506
-433.824
-434.143
-434.464
-434.786
-435.11
-435.435
-435.762
-436.09
-436.419
-436.75
-437.083
-437.416
-437.752
-438.088
-438.426
-438.766
-439.107
-439.449
-439.793
-440.138
-440.485
-440.833
-441.182
-441.533
-441.886
-442.239
-442.595
-442.951
-443.309
-443.669
-444.03
-444.392
-444.756
-445.121
-445.488
-445.856
-446.225
-446.596
-446.968
-447.342
-447.717
-448.093
-448.471
-448.851
-449.231
-449.614
-449.997
-450.382
-450.769
-451.156
-451.546
-451.936
-452.328
-452.722
-453.117
-453.513
-453.911
-454.31
-454.71
-455.112
-455.515
-455.92
-456.326
-456.734
-457.143
-457.553
-457.965
-458.378
-458.792
-459.208
-459.625
-460.044
-460.464
-460.886
-461.308
-461.733
-462.158
-462.585
-463.014
-463.444
-463.875
-464.307
-464.741
-465.177
-465.613
-466.051
-466.491
-466.932
-467.374
-467.818
-468.263
-468.709
-469.157
-469.606
-470.056
-470.508
-470.961
-471.416
-471.872
-472.329
-472.788
-473.248
-473.709
-474.172
-474.636
-475.102
-475.569
-476.037
-476.507
-476.977
-477.45
-477.923
-478.398
-478.875
-479.352
-479.831
-480.312
-480.794
-481.277
-481.761
-482.247
-482.734
-483.222
-483.712
-429.698
-429.978
-430.258
-430.541
-430.825
-431.11
-431.396
-431.684
-431.974
-432.265
-432.557
-432.85
-433.146
-433.442
-433.74
-434.039
-434.34
-434.642
-434.946
-435.251
-435.558
-435.865
-436.175
-436.486
-436.798
-437.112
-437.427
-437.743
-438.061
-438.381
-438.702
-439.024
-439.348
-439.673
-440
-440.328
-440.657
-440.988
-441.32
-441.654
-441.989
-442.326
-442.664
-443.004
-443.345
-443.687
-444.031
-444.376
-444.723
-445.071
-445.42
-445.771
-446.124
-446.477
-446.833
-447.189
-447.547
-447.907
-448.268
-448.63
-448.994
-449.359
-449.725
-450.093
-450.463
-450.834
-451.206
-451.58
-451.955
-452.331
-452.709
-453.089
-453.469
-453.852
-454.235
-454.62
-455.007
-455.394
-455.784
-456.174
-456.566
-456.96
-457.355
-457.751
-458.149
-458.548
-458.948
-459.35
-459.753
-460.158
-460.564
-460.972
-461.381
-461.791
-462.203
-462.616
-463.03
-463.446
-463.863
-464.282
-464.702
-465.124
-465.546
-465.971
-466.396
-466.823
-467.252
-467.681
-468.113
-468.545
-468.979
-469.415
-469.851
-470.289
-470.729
-471.17
-471.612
-472.056
-472.5
-472.947
-473.395
-473.844
-474.294
-474.746
-475.199
-475.654
-476.11
-476.567
-477.026
-477.486
-477.947
-478.41
-478.874
-479.34
-479.807
-480.275
-480.744
-481.215
-481.688
-482.161
-482.636
-483.113
-483.59
-484.069
-484.55
-485.031
-485.515
-485.999
-486.485
-486.972
-487.46
-487.95
-434.215
-434.496
-434.779
-435.062
-435.348
-435.634
-435.922
-436.212
-436.503
-436.795
-437.088
-437.383
-437.68
-437.978
-438.277
-438.578
-438.88
-439.184
-439.489
-439.795
-440.103
-440.413
-440.724
-441.036
-441.35
-441.665
-441.981
-442.299
-442.619
-442.94
-443.262
-443.586
-443.911
-444.238
-444.566
-444.895
-445.226
-445.558
-445.892
-446.227
-446.564
-446.902
-447.242
-447.583
-447.925
-448.269
-448.614
-448.961
-449.309
-449.658
-450.009
-450.361
-450.715
-451.07
-451.427
-451.785
-452.145
-452.506
-452.868
-453.232
-453.597
-453.963
-454.331
-454.701
-455.072
-455.444
-455.818
-456.193
-456.569
-456.947
-457.326
-457.707
-458.089
-458.473
-458.858
-459.244
-459.632
-460.021
-460.412
-460.804
-461.198
-461.593
-461.989
-462.386
-462.786
-463.186
-463.588
-463.991
-464.396
-464.802
-465.21
-465.618
-466.029
-466.44
-466.854
-467.268
-467.684
-468.101
-468.52
-468.94
-469.361
-469.784
-470.209
-470.634
-471.061
-471.49
-471.919
-472.351
-472.783
-473.217
-473.652
-474.089
-474.527
-474.967
-475.408
-475.85
-476.293
-476.738
-477.185
-477.632
-478.082
-478.532
-478.984
-479.437
-479.892
-480.348
-480.805
-481.264
-481.724
-482.185
-482.648
-483.112
-483.578
-484.045
-484.513
-484.982
-485.453
-485.926
-486.399
-486.874
-487.35
-487.828
-488.307
-488.788
-489.269
-489.752
-490.237
-490.723
-491.21
-491.698
-492.188
-438.734
-439.016
-439.3
-439.586
-439.872
-440.16
-440.45
-440.74
-441.033
-441.326
-441.621
-441.918
-442.216
-442.515
-442.816
-443.118
-443.422
-443.727
-444.033
-444.341
-444.651
-444.961
-445.274
-445.587
-445.903
-446.219
-446.537
-446.857
-447.178
-447.5
-447.824
-448.149
-448.475
-448.803
-449.133
-449.464
-449.796
-450.13
-450.465
-450.802
-451.14
-451.479
-451.82
-452.163
-452.507
-452.852
-453.198
-453.547
-453.896
-454.247
-454.599
-454.953
-455.308
-455.665
-456.023
-456.382
-456.743
-457.106
-457.469
-457.835
-458.201
-458.569
-458.939
-459.31
-459.682
-460.055
-460.431
-460.807
-461.185
-461.564
-461.945
-462.327
-462.711
-463.096
-463.482
-463.87
-464.259
-464.65
-465.042
-465.436
-465.83
-466.227
-466.624
-467.023
-467.424
-467.826
-468.229
-468.634
-469.04
-469.447
-469.856
-470.267
-470.678
-471.091
-471.506
-471.922
-472.339
-472.758
-473.178
-473.599
-474.022
-474.446
-474.872
-475.299
-475.727
-476.157
-476.588
-477.021
-477.455
-477.89
-478.327
-478.765
-479.205
-479.645
-480.088
-480.531
-480.976
-481.423
-481.87
-482.319
-482.77
-483.222
-483.675
-484.13
-484.586
-485.043
-485.502
-485.962
-486.423
-486.886
-487.35
-487.816
-488.282
-488.751
-489.22
-489.691
-490.163
-490.637
-491.112
-491.588
-492.066
-492.545
-493.025
-493.507
-493.99
-494.475
-494.96
-495.448
-495.936
-496.426
-442.971
-443.254
-443.538
-443.823
-444.11
-444.398
-444.687
-444.978
-445.27
-445.564
-445.859
-446.156
-446.454
-446.753
-447.054
-447.356
-447.66
-447.965
-448.271
-448.579
-448.889
-449.199
-449.512
-449.825
-450.14
-450.457
-450.775
-451.095
-451.415
-451.738
-452.061
-452.387
-452.713
-453.041
-453.371
-453.702
-454.034
-454.368
-454.703
-455.04
-455.378
-455.717
-456.058
-456.401
-456.744
-457.09
-457.436
-457.784
-458.134
-458.485
-458.837
-459.191
-459.546
-459.903
-460.261
-460.62
-460.981
-461.344
-461.707
-462.073
-462.439
-462.807
-463.177
-463.547
-463.92
-464.293
-464.668
-465.045
-465.423
-465.802
-466.183
-466.565
-466.949
-467.334
-467.72
-468.108
-468.497
-468.888
-469.28
-469.673
-470.068
-470.465
-470.862
-471.261
-471.662
-472.064
-472.467
-472.872
-473.278
-473.685
-474.094
-474.505
-474.916
-475.329
-475.744
-476.16
-476.577
-476.996
-477.416
-477.837
-478.26
-478.684
-479.11
-479.537
-479.965
-480.395
-480.826
-481.259
-481.693
-482.128
-482.565
-483.003
-483.442
-483.883
-484.326
-484.769
-485.214
-485.661
-486.108
-486.557
-487.008
-487.46
-487.913
-488.368
-488.823
-489.281
-489.74
-490.2
-490.661
-491.124
-491.588
-492.053
-492.52
-492.988
-493.458
-493.929
-494.401
-494.875
-495.35
-495.826
-496.304
-496.783
-497.263
-497.745
-498.228
-498.713
-499.198
-499.685
-500.174
-500.664
-447.492
-447.776
-448.061
-448.348
-448.636
-448.925
-449.216
-449.508
-449.802
-450.097
-450.394
-450.691
-450.991
-451.292
-451.594
-451.897
-452.203
-452.509
-452.817
-453.126
-453.437
-453.75
-454.063
-454.378
-454.695
-455.013
-455.332
-455.653
-455.976
-456.299
-456.625
-456.951
-457.279
-457.609
-457.94
-458.272
-458.606
-458.941
-459.278
-459.616
-459.955
-460.296
-460.639
-460.982
-461.328
-461.674
-462.022
-462.372
-462.723
-463.075
-463.429
-463.784
-464.141
-464.499
-464.858
-465.219
-465.581
-465.945
-466.31
-466.677
-467.045
-467.414
-467.785
-468.158
-468.531
-468.906
-469.283
-469.661
-470.04
-470.421
-470.803
-471.187
-471.572
-471.958
-472.346
-472.735
-473.126
-473.518
-473.911
-474.306
-474.702
-475.1
-475.499
-475.9
-476.302
-476.705
-477.11
-477.516
-477.923
-478.332
-478.742
-479.154
-479.567
-479.982
-480.398
-480.815
-481.234
-481.654
-482.075
-482.498
-482.922
-483.348
-483.775
-484.203
-484.633
-485.064
-485.497
-485.931
-486.366
-486.803
-487.241
-487.68
-488.121
-488.563
-489.007
-489.452
-489.898
-490.346
-490.795
-491.246
-491.698
-492.151
-492.605
-493.061
-493.519
-493.977
-494.437
-494.899
-495.362
-495.826
-496.291
-496.758
-497.226
-497.696
-498.167
-498.639
-499.113
-499.588
-500.064
-500.542
-501.021
-501.501
-501.983
-502.466
-502.95
-503.436
-503.923
-504.412
-504.902
)
;

boundaryField
{
    inlet
    {
        type            zeroGradient;
    }
    outlet
    {
        type            fixedValue;
        value           nonuniform List<scalar> 0();
    }
    lowerWall
    {
        type            zeroGradient;
    }
    upperWall
    {
        type            zeroGradient;
    }
    frontAndBack
    {
        type            zeroGradient;
    }
    procBoundary9to0
    {
        type            processor;
        value           nonuniform List<scalar> 
36
(
-226.636
-226.867
-227.098
-227.331
-227.566
-227.802
-228.04
-228.279
-228.52
-228.762
-229.006
-229.251
-229.498
-229.746
-229.996
-230.247
-230.5
-230.755
-231.01
-231.268
-231.527
-231.787
-232.049
-232.313
-232.578
-232.844
-233.112
-233.382
-233.653
-233.926
-234.2
-234.475
-234.753
-235.031
-235.312
-235.594
)
;
    }
    procBoundary9to3
    {
        type            processor;
        value           nonuniform List<scalar> 
85
(
-230.647
-234.885
-239.351
-239.351
-243.819
-243.819
-248.288
-248.288
-252.526
-256.997
-256.997
-261.47
-261.47
-265.708
-270.182
-270.182
-274.658
-274.658
-279.135
-279.135
-283.373
-287.852
-287.852
-292.332
-292.332
-296.57
-301.052
-301.052
-305.535
-305.535
-310.02
-310.02
-314.258
-318.744
-318.744
-323.232
-323.232
-327.721
-327.721
-331.959
-336.45
-336.45
-340.942
-340.942
-345.18
-349.674
-349.674
-354.169
-354.169
-358.666
-358.666
-362.904
-367.402
-367.402
-371.902
-371.902
-376.14
-380.641
-380.641
-385.144
-385.144
-389.649
-389.649
-393.887
-398.392
-398.392
-402.9
-402.9
-407.138
-411.647
-411.647
-416.157
-416.157
-420.669
-420.669
-424.907
-429.421
-429.421
-433.936
-433.936
-438.453
-438.453
-442.691
-447.209
-447.209
)
;
    }
    procBoundary9to4
    {
        type            processor;
        value           nonuniform List<scalar> 
50
(
-297.731
-301.969
-306.207
-310.445
-314.683
-318.921
-323.159
-327.397
-331.635
-335.874
-340.112
-344.35
-348.588
-352.826
-357.064
-361.302
-365.54
-369.778
-374.016
-378.254
-382.492
-386.73
-390.968
-395.206
-399.444
-403.682
-407.92
-412.158
-416.396
-420.634
-424.872
-429.11
-433.348
-437.586
-441.824
-446.062
-450.3
-454.538
-458.776
-463.014
-467.252
-471.49
-475.728
-479.966
-484.203
-488.441
-492.679
-496.917
-501.155
-505.393
)
;
    }
    procBoundary9to6
    {
        type            processor;
        value           nonuniform List<scalar> 
148
(
-235.877
-236.162
-236.449
-236.737
-237.026
-237.317
-237.609
-237.902
-238.197
-238.494
-238.791
-239.091
-239.391
-239.694
-239.997
-240.302
-240.609
-240.917
-241.226
-241.537
-241.849
-242.163
-242.478
-242.794
-243.112
-243.432
-243.753
-244.075
-244.399
-244.724
-245.051
-245.379
-245.708
-246.039
-246.371
-246.705
-247.04
-247.377
-247.715
-248.055
-248.395
-248.738
-249.082
-249.427
-249.774
-250.122
-250.471
-250.822
-251.174
-251.528
-251.883
-252.24
-252.598
-252.958
-253.318
-253.681
-254.045
-254.41
-254.776
-255.144
-255.514
-255.885
-256.257
-256.631
-257.006
-257.382
-257.76
-258.139
-258.52
-258.902
-259.286
-259.671
-260.057
-260.445
-260.834
-261.225
-261.617
-262.011
-262.406
-262.802
-263.199
-263.599
-263.999
-264.401
-264.804
-265.209
-265.615
-266.023
-266.431
-266.842
-267.253
-267.667
-268.081
-268.497
-268.914
-269.333
-269.753
-270.174
-270.597
-271.022
-271.447
-271.874
-272.303
-272.732
-273.164
-273.596
-274.03
-274.466
-274.902
-275.34
-275.78
-276.221
-276.663
-277.107
-277.552
-277.998
-278.446
-278.895
-279.345
-279.797
-280.25
-280.705
-281.161
-281.618
-282.077
-282.537
-282.998
-283.461
-283.925
-284.391
-284.858
-285.326
-285.795
-286.266
-286.739
-287.212
-287.687
-288.164
-288.641
-289.12
-289.601
-290.082
-290.565
-291.05
-291.536
-292.023
-292.511
-293.001
)
;
    }
}


// ************************************************************************* //
