/*--------------------------------*- C++ -*----------------------------------*\
| =========                 |                                                 |
| \\      /  F ield         | OpenFOAM: The Open Source CFD Toolbox           |
|  \\    /   O peration     | Version:  2512                                  |
|   \\  /    A nd           | Website:  www.openfoam.com                      |
|    \\/     M anipulation  |                                                 |
\*---------------------------------------------------------------------------*/
FoamFile
{
    version     2.0;
    format      ascii;
    arch        "LSB;label=32;scalar=64";
    class       volScalarField;
    location    "0.1";
    object      pB;
}
// * * * * * * * * * * * * * * * * * * * * * * * * * * * * * * * * * * * * * //

dimensions      [1 1 -3 0 0 -1 0];

internalField   nonuniform List<scalar> 
8334
(
1.07832
1.08726
1.09593
1.10432
1.11243
1.12022
1.1277
1.13489
1.14178
1.1484
1.15477
1.16092
1.16687
1.17265
1.17829
1.18383
1.1893
1.19473
1.20017
1.20564
1.21119
1.21685
1.22265
1.22863
1.23481
1.24123
1.24792
1.25489
1.26217
1.26978
1.27771
1.28598
1.29457
1.30349
1.31271
1.32221
1.33191
1.34156
1.35121
1.36086
1.37051
1.38014
1.38978
1.39942
1.40906
1.4187
1.42833
1.43795
1.44755
1.45714
1.46671
1.47626
1.48579
1.49529
1.50477
1.51422
1.52364
1.53304
1.54241
1.55175
1.56107
1.57036
1.57963
1.58887
1.59809
1.60729
1.61646
1.62562
1.63475
1.64387
1.65296
1.66204
1.6711
1.68015
1.68918
1.6982
1.7072
1.7162
1.72518
1.73416
1.74312
1.75208
1.76103
1.76997
1.7789
1.78783
1.79676
1.80568
1.81459
1.8235
1.8324
1.84131
1.8502
1.8591
1.868
1.87689
1.88578
1.89467
1.90356
1.91245
1.92134
1.93023
1.93912
1.94801
1.95691
1.9658
1.97469
1.98359
1.99248
2.00138
2.01028
2.01918
2.02808
2.03698
2.04589
2.0548
2.06371
2.07262
2.08154
2.09046
2.09938
2.1083
2.11723
2.12616
2.13509
2.14402
2.15296
2.1619
2.17085
2.1798
2.18875
2.1977
2.20666
2.21562
2.22458
2.23355
2.24252
2.2515
2.26047
2.26945
2.27844
2.28743
2.29642
2.30541
2.31441
2.32341
2.33242
2.34143
2.35044
2.35945
2.36847
2.37749
2.38652
2.39555
2.40458
2.41362
2.42266
2.4317
2.44074
2.44979
2.45885
2.4679
2.47696
2.48602
2.49508
2.50415
2.51322
2.52229
2.53136
2.54044
2.54951
2.55859
2.56766
2.57673
2.58581
2.59488
2.60394
2.61301
2.62207
2.63113
2.6402
2.64925
2.65832
2.66738
0.655388
0.664814
0.674005
0.682937
0.691613
0.699999
0.708109
0.715938
0.723487
0.730787
0.737862
0.744733
0.751425
0.75797
0.764398
0.770742
0.777038
0.78332
0.789623
0.795984
0.802439
0.809024
0.815772
0.822718
0.829891
0.837322
0.845036
0.853061
0.861411
0.870108
0.879151
0.888552
0.898293
0.908405
0.918842
0.929635
0.940676
0.951699
0.96273
0.97378
0.984812
0.995822
1.00682
1.01782
1.02881
1.03978
1.05074
1.06168
1.07259
1.08348
1.09434
1.10517
1.11597
1.12674
1.13747
1.14817
1.15884
1.16947
1.18007
1.19063
1.20117
1.21167
1.22215
1.23259
1.24301
1.2534
1.26377
1.27411
1.28443
1.29473
1.30501
1.31527
1.32552
1.33574
1.34595
1.35615
1.36634
1.37651
1.38668
1.39684
1.40698
1.41713
1.42726
1.43739
1.44752
1.45764
1.46775
1.47787
1.48798
1.49809
1.5082
1.51831
1.52842
1.53853
1.54864
1.55875
1.56886
1.57898
1.58909
1.59921
1.60934
1.61947
1.6296
1.63973
1.64987
1.66002
1.67017
1.68032
1.69048
1.70064
1.71081
1.72098
1.73116
1.74134
1.75154
1.76173
1.77194
1.78214
1.79236
1.80258
1.81281
1.82305
1.83329
1.84353
1.85379
1.86405
1.87432
1.88459
1.89487
1.90516
1.91545
1.92575
1.93606
1.94638
1.9567
1.96703
1.97736
1.9877
1.99805
2.00841
2.01877
2.02914
2.03951
2.04989
2.06028
2.07068
2.08108
2.09148
2.1019
2.11232
2.12275
2.13318
2.14362
2.15406
2.16451
2.17497
2.18543
2.1959
2.20638
2.21686
2.22734
2.23783
2.24833
2.25883
2.26934
2.27985
2.29037
2.30089
2.31141
2.32194
2.33248
2.34302
2.35356
2.3641
2.37465
2.3852
2.39576
2.40632
2.41688
2.42745
2.43802
2.4486
2.4592
2.46981
0.242862
0.252613
0.262105
0.271368
0.280364
0.28911
0.297588
0.305805
0.313794
0.32158
0.32918
0.336624
0.34394
0.35116
0.358316
0.365444
0.372579
0.379754
0.387009
0.394377
0.401895
0.409597
0.417517
0.425686
0.434134
0.442885
0.451966
0.461394
0.471187
0.481349
0.49189
0.502798
0.514106
0.525776
0.537845
0.550189
0.562557
0.574947
0.587371
0.599781
0.612159
0.624521
0.636869
0.649198
0.661508
0.673789
0.686043
0.698264
0.71045
0.722601
0.734712
0.746781
0.758811
0.770797
0.782743
0.794648
0.806512
0.818336
0.830122
0.841871
0.853583
0.865261
0.876907
0.888521
0.900105
0.911663
0.923194
0.9347
0.946183
0.957645
0.969086
0.980508
0.991914
1.0033
1.01468
1.02605
1.0374
1.04875
1.06008
1.07141
1.08274
1.09406
1.10537
1.11668
1.128
1.1393
1.15061
1.16192
1.17323
1.18454
1.19585
1.20717
1.21849
1.22981
1.24114
1.25247
1.26381
1.27515
1.2865
1.29786
1.30922
1.32059
1.33197
1.34336
1.35475
1.36615
1.37756
1.38898
1.40041
1.41184
1.42329
1.43474
1.4462
1.45768
1.46916
1.48065
1.49216
1.50367
1.51519
1.52673
1.53827
1.54982
1.56139
1.57296
1.58454
1.59614
1.60774
1.61936
1.63098
1.64262
1.65426
1.66592
1.67758
1.68926
1.70095
1.71265
1.72435
1.73607
1.7478
1.75953
1.77128
1.78304
1.7948
1.80658
1.81837
1.83016
1.84197
1.85378
1.8656
1.87743
1.88927
1.90112
1.91298
1.92485
1.93673
1.94861
1.9605
1.9724
1.98431
1.99623
2.00815
2.02008
2.03202
2.04397
2.05593
2.06789
2.07986
2.09184
2.10382
2.11581
2.12781
2.13982
2.15183
2.16385
2.17589
2.18792
2.19997
2.21203
2.2241
2.23619
2.24829
2.26042
2.27258
-0.167943
-0.157837
-0.14799
-0.138374
-0.12898
-0.119844
-0.110949
-0.102263
-0.0937609
-0.085424
-0.077222
-0.069129
-0.0611115
-0.0531375
-0.0451719
-0.0371798
-0.029127
-0.0209748
-0.0126887
-0.00423227
0.00442924
0.0133296
0.0224985
0.0319677
0.0417606
0.0519043
0.0624157
0.0733109
0.0845992
0.0962879
0.108373
0.120881
0.13379
0.147116
0.160739
0.174431
0.188161
0.20194
0.215714
0.229453
0.243169
0.256863
0.27053
0.284168
0.29777
0.311335
0.32486
0.338339
0.351775
0.365162
0.378499
0.391788
0.405025
0.418215
0.431355
0.444449
0.457496
0.470497
0.483457
0.496375
0.509254
0.522098
0.534906
0.54768
0.560424
0.57314
0.585828
0.598491
0.611132
0.62375
0.636349
0.648931
0.661497
0.674049
0.68659
0.69912
0.711642
0.724157
0.736666
0.74917
0.761672
0.77417
0.786666
0.799163
0.811662
0.824162
0.836663
0.849169
0.861678
0.874192
0.886711
0.899238
0.91177
0.92431
0.936859
0.949416
0.961983
0.974558
0.987144
0.999739
1.01235
1.02496
1.03759
1.05023
1.06288
1.07555
1.08822
1.10091
1.11361
1.12633
1.13905
1.15179
1.16454
1.17731
1.19009
1.20288
1.21569
1.22851
1.24134
1.25419
1.26706
1.27993
1.29282
1.30572
1.31864
1.33157
1.34452
1.35748
1.37045
1.38344
1.39644
1.40945
1.42248
1.43552
1.44858
1.46165
1.47473
1.48783
1.50094
1.51406
1.52719
1.54034
1.5535
1.56668
1.57986
1.59306
1.60627
1.61949
1.63272
1.64597
1.65923
1.6725
1.68578
1.69907
1.71237
1.72568
1.739
1.75234
1.76568
1.77903
1.7924
1.80577
1.81916
1.83255
1.84596
1.85937
1.8728
1.88623
1.89968
1.91313
1.9266
1.94008
1.95358
1.96708
1.9806
1.99414
2.00769
2.02126
2.03486
2.04848
2.06213
2.07584
-0.576574
-0.566133
-0.555896
-0.545844
-0.53604
-0.52646
-0.517068
-0.507844
-0.498764
-0.489798
-0.480922
-0.472103
-0.463306
-0.454498
-0.445645
-0.43671
-0.427656
-0.418447
-0.409048
-0.399423
-0.389539
-0.379365
-0.368871
-0.358031
-0.346822
-0.335223
-0.32322
-0.3108
-0.297958
-0.284691
-0.270979
-0.256835
-0.242263
-0.227379
-0.212382
-0.197327
-0.182211
-0.167087
-0.151997
-0.136936
-0.121903
-0.106904
-0.0919414
-0.0770241
-0.0621527
-0.0473296
-0.0325613
-0.0178453
-0.00318577
0.0114142
0.0259585
0.0404421
0.0548707
0.0692424
0.0835599
0.0978257
0.112039
0.126207
0.140327
0.154403
0.16844
0.182437
0.196397
0.210325
0.224221
0.238087
0.251926
0.265741
0.279534
0.293305
0.30706
0.320797
0.334521
0.348234
0.361936
0.375631
0.38932
0.403004
0.416683
0.430362
0.444039
0.457716
0.471396
0.485081
0.498768
0.512458
0.526156
0.539861
0.553572
0.567291
0.58102
0.594759
0.608509
0.62227
0.636042
0.649827
0.663625
0.677435
0.691259
0.705097
0.71895
0.732818
0.7467
0.760598
0.774512
0.788441
0.802386
0.816347
0.830325
0.844319
0.858329
0.872357
0.886402
0.900464
0.914544
0.928641
0.942755
0.956887
0.971037
0.985203
0.999388
1.01359
1.02781
1.04205
1.0563
1.07057
1.08486
1.09917
1.11349
1.12783
1.14219
1.15657
1.17096
1.18537
1.1998
1.21424
1.2287
1.24318
1.25767
1.27218
1.2867
1.30124
1.3158
1.33037
1.34496
1.35956
1.37418
1.38881
1.40345
1.41811
1.43279
1.44748
1.46218
1.47689
1.49162
1.50636
1.52111
1.53588
1.55066
1.56545
1.58026
1.59507
1.6099
1.62474
1.6396
1.65447
1.66935
1.68424
1.69915
1.71408
1.72902
1.74398
1.75896
1.77395
1.78897
1.80401
1.81908
1.83418
1.84932
1.86449
1.87973
-0.993796
-0.982737
-0.971874
-0.961165
-0.950683
-0.940409
-0.930305
-0.920352
-0.910524
-0.900787
-0.891124
-0.881497
-0.871874
-0.86222
-0.852501
-0.842681
-0.832721
-0.822586
-0.812241
-0.801649
-0.790777
-0.779596
-0.768073
-0.756184
-0.743905
-0.731216
-0.718101
-0.704547
-0.690548
-0.676096
-0.66118
-0.645806
-0.629999
-0.613866
-0.59758
-0.581215
-0.564779
-0.54832
-0.53189
-0.515492
-0.499128
-0.482803
-0.466525
-0.450297
-0.434126
-0.41801
-0.401959
-0.385967
-0.370042
-0.354184
-0.338391
-0.322666
-0.307004
-0.291406
-0.275869
-0.26039
-0.244969
-0.2296
-0.214282
-0.199014
-0.183789
-0.168608
-0.153466
-0.13836
-0.123289
-0.108249
-0.093239
-0.078254
-0.0632933
-0.0483539
-0.0334316
-0.0185267
-0.00363661
0.0112435
0.0261137
0.0409758
0.0558338
0.0706882
0.0855388
0.100389
0.115241
0.130095
0.144953
0.159817
0.174687
0.189562
0.204447
0.219342
0.234246
0.24916
0.264087
0.279028
0.293981
0.30895
0.323933
0.338931
0.353946
0.368976
0.384024
0.399089
0.414172
0.429274
0.444394
0.459533
0.474691
0.489869
0.505066
0.520282
0.535519
0.550775
0.566052
0.58135
0.596669
0.612008
0.627369
0.642751
0.658154
0.673578
0.689023
0.704489
0.719976
0.735485
0.751014
0.766565
0.782137
0.79773
0.813344
0.828979
0.844635
0.860311
0.876009
0.891727
0.907465
0.923223
0.939002
0.9548
0.970619
0.986457
1.00231
1.01819
1.03409
1.05
1.06594
1.08189
1.09786
1.11385
1.12985
1.14587
1.16191
1.17797
1.19405
1.21014
1.22624
1.24237
1.2585
1.27466
1.29082
1.30701
1.32321
1.33942
1.35565
1.37189
1.38815
1.40442
1.42071
1.43702
1.45334
1.46968
1.48604
1.50241
1.51881
1.53523
1.55167
1.56814
1.58463
1.60116
1.61772
1.63432
1.65096
1.66765
1.68441
-1.3975
-1.38598
-1.37462
-1.36346
-1.35248
-1.34166
-1.33097
-1.32039
-1.30988
-1.29942
-1.28898
-1.27853
-1.26802
-1.25744
-1.24673
-1.23586
-1.2248
-1.2135
-1.20194
-1.19008
-1.17789
-1.16533
-1.15239
-1.13904
-1.12526
-1.11103
-1.09634
-1.08118
-1.06555
-1.04943
-1.03283
-1.0158
-0.998426
-0.980867
-0.963206
-0.945463
-0.927685
-0.909927
-0.892202
-0.874516
-0.856875
-0.839287
-0.821757
-0.804292
-0.786891
-0.769563
-0.752303
-0.735119
-0.71801
-0.700974
-0.684014
-0.667126
-0.650307
-0.633557
-0.616871
-0.600248
-0.583683
-0.567174
-0.55072
-0.534313
-0.517953
-0.501636
-0.485358
-0.469117
-0.45291
-0.436735
-0.420586
-0.404462
-0.38836
-0.372276
-0.356209
-0.340159
-0.324118
-0.308085
-0.292061
-0.27604
-0.260021
-0.244005
-0.227988
-0.211967
-0.195943
-0.179913
-0.163875
-0.147828
-0.131773
-0.115707
-0.0996284
-0.0835373
-0.0674332
-0.0513138
-0.0351781
-0.0190259
-0.0028562
0.0133317
0.029538
0.0457632
0.0620079
0.078273
0.0945593
0.110867
0.127197
0.143548
0.159922
0.176319
0.192739
0.209182
0.225648
0.242137
0.258651
0.275188
0.291749
0.308335
0.324946
0.341582
0.358242
0.374927
0.391637
0.408372
0.425131
0.441915
0.458724
0.475557
0.492416
0.509299
0.526207
0.543139
0.560095
0.577076
0.594081
0.611111
0.628164
0.645241
0.662342
0.679466
0.696613
0.713784
0.730978
0.748194
0.765433
0.782694
0.799977
0.817281
0.834607
0.851953
0.86932
0.886707
0.904115
0.921543
0.938991
0.956458
0.973944
0.991449
1.00897
1.02651
1.04407
1.06165
1.07924
1.09685
1.11448
1.13213
1.14979
1.16747
1.18517
1.20289
1.22062
1.23838
1.25615
1.27395
1.29177
1.30961
1.32749
1.34538
1.36332
1.38128
1.39928
1.41733
1.43542
1.45356
1.47176
1.49003
-1.79788
-1.78589
-1.77404
-1.76235
-1.75081
-1.73938
-1.72803
-1.71674
-1.70549
-1.69424
-1.68295
-1.6716
-1.66014
-1.64854
-1.63676
-1.62477
-1.61252
-1.59999
-1.58714
-1.57393
-1.56035
-1.54635
-1.53193
-1.51705
-1.50171
-1.48588
-1.46956
-1.45275
-1.43543
-1.41762
-1.39937
-1.38076
-1.36194
-1.343
-1.32396
-1.30488
-1.28581
-1.26677
-1.24777
-1.22882
-1.20993
-1.19111
-1.17236
-1.15368
-1.13508
-1.11656
-1.09813
-1.07977
-1.0615
-1.04332
-1.02521
-1.00718
-0.98922
-0.971334
-0.953517
-0.935763
-0.918071
-0.900437
-0.882855
-0.865323
-0.847838
-0.830394
-0.81299
-0.795623
-0.778289
-0.760983
-0.743702
-0.726446
-0.709207
-0.691985
-0.67478
-0.657585
-0.640396
-0.623216
-0.606039
-0.588863
-0.571688
-0.554511
-0.537328
-0.520139
-0.502944
-0.485738
-0.468521
-0.451294
-0.434053
-0.416797
-0.399526
-0.382239
-0.364934
-0.34761
-0.330266
-0.312901
-0.295516
-0.278109
-0.260679
-0.243227
-0.225751
-0.208251
-0.190726
-0.173175
-0.155599
-0.137997
-0.120369
-0.102713
-0.0850317
-0.0673233
-0.0495879
-0.0318252
-0.014035
0.00378321
0.0216297
0.0395045
0.0574078
0.0753395
0.0932995
0.111288
0.129305
0.14735
0.165423
0.183525
0.201655
0.219814
0.238001
0.256216
0.274459
0.292729
0.311028
0.329354
0.347708
0.36609
0.384498
0.402933
0.421395
0.439884
0.458399
0.47694
0.495507
0.5141
0.532718
0.551361
0.570028
0.58872
0.607435
0.626173
0.644935
0.66372
0.682528
0.701358
0.720211
0.739084
0.757979
0.776895
0.795832
0.814788
0.833764
0.852759
0.871775
0.89081
0.909865
0.92894
0.948035
0.967151
0.986287
1.00545
1.02463
1.04383
1.06306
1.08232
1.1016
1.12092
1.14026
1.15965
1.17908
1.19855
1.21807
1.23764
1.25727
1.27697
1.29675
-2.20728
-2.19464
-2.18212
-2.16972
-2.15744
-2.14526
-2.13315
-2.12108
-2.10903
-2.09696
-2.08484
-2.07263
-2.0603
-2.04781
-2.03511
-2.02219
-2.00899
-1.99548
-1.98164
-1.96742
-1.9528
-1.93776
-1.92226
-1.90629
-1.88983
-1.87287
-1.85539
-1.8374
-1.81888
-1.79987
-1.7804
-1.76058
-1.74051
-1.7203
-1.69998
-1.67961
-1.65924
-1.63889
-1.61859
-1.59835
-1.57817
-1.55806
-1.53803
-1.51808
-1.49823
-1.47846
-1.45878
-1.43919
-1.41969
-1.40029
-1.38097
-1.36173
-1.34258
-1.3235
-1.3045
-1.28556
-1.26669
-1.24789
-1.22914
-1.21044
-1.1918
-1.17319
-1.15464
-1.13612
-1.11763
-1.09918
-1.08075
-1.06234
-1.04396
-1.02559
-1.00723
-0.988892
-0.970557
-0.952228
-0.933902
-0.915576
-0.897249
-0.878919
-0.860583
-0.842238
-0.823884
-0.805518
-0.787139
-0.768747
-0.750339
-0.731914
-0.71347
-0.695008
-0.676525
-0.65802
-0.639492
-0.620941
-0.602365
-0.583765
-0.565139
-0.546488
-0.527809
-0.509102
-0.490367
-0.471604
-0.452811
-0.433989
-0.415137
-0.396254
-0.377342
-0.358399
-0.339426
-0.320422
-0.301387
-0.28232
-0.263221
-0.244091
-0.224928
-0.205733
-0.186507
-0.167248
-0.147957
-0.128635
-0.10928
-0.0898941
-0.0704757
-0.0510251
-0.0315428
-0.0120291
0.00751598
0.0270924
0.0467002
0.0663391
0.0860092
0.10571
0.125441
0.145202
0.164993
0.184815
0.204665
0.224545
0.244454
0.264392
0.284358
0.304352
0.324374
0.344423
0.364498
0.384599
0.404726
0.42488
0.445058
0.465262
0.485491
0.505743
0.52602
0.54632
0.566642
0.586986
0.607353
0.627742
0.648153
0.668586
0.689041
0.709519
0.730019
0.750542
0.771089
0.79166
0.812257
0.83288
0.853533
0.874216
0.89493
0.915682
0.936471
0.957302
0.978181
0.99911
1.02009
1.04114
1.06225
1.08344
1.10471
-2.60058
-2.58736
-2.57425
-2.56123
-2.54831
-2.53542
-2.52257
-2.50972
-2.49683
-2.48387
-2.4708
-2.4576
-2.44421
-2.4306
-2.41674
-2.40259
-2.38811
-2.37328
-2.35805
-2.3424
-2.3263
-2.30973
-2.29267
-2.2751
-2.257
-2.23837
-2.2192
-2.1995
-2.17929
-2.15862
-2.13758
-2.11627
-2.09481
-2.07322
-2.05157
-2.02991
-2.00828
-1.98669
-1.96515
-1.94369
-1.92231
-1.90102
-1.87981
-1.85871
-1.83769
-1.81678
-1.79597
-1.77526
-1.75464
-1.73412
-1.71369
-1.69334
-1.67308
-1.6529
-1.6328
-1.61276
-1.59279
-1.57288
-1.55303
-1.53324
-1.51349
-1.49378
-1.47412
-1.45449
-1.43489
-1.41532
-1.39578
-1.37625
-1.35675
-1.33726
-1.31778
-1.2983
-1.27883
-1.25937
-1.2399
-1.22043
-1.20096
-1.18147
-1.16198
-1.14248
-1.12296
-1.10343
-1.08388
-1.06431
-1.04473
-1.02512
-1.00549
-0.985838
-0.96616
-0.946457
-0.926727
-0.906971
-0.887186
-0.867373
-0.847531
-0.827658
-0.807754
-0.787818
-0.76785
-0.74785
-0.727817
-0.70775
-0.687649
-0.667515
-0.647347
-0.627145
-0.606909
-0.586638
-0.566332
-0.54599
-0.525613
-0.5052
-0.484752
-0.464268
-0.443748
-0.423193
-0.402602
-0.381976
-0.361315
-0.340617
-0.319885
-0.299116
-0.278313
-0.257476
-0.236603
-0.215696
-0.194754
-0.173778
-0.152767
-0.131723
-0.110646
-0.0895348
-0.0683907
-0.047214
-0.0260051
-0.00476396
0.016509
0.0378135
0.059149
0.0805148
0.101911
0.123335
0.14479
0.166273
0.187784
0.209324
0.230891
0.252486
0.274107
0.295755
0.317428
0.339126
0.360849
0.382597
0.404369
0.426165
0.447986
0.469831
0.491701
0.513596
0.535516
0.557463
0.579436
0.60144
0.623472
0.645537
0.667636
0.68977
0.711947
0.734166
0.756432
0.778752
0.801128
0.823567
0.846076
0.868659
0.891324
0.914079
-2.98947
-2.97561
-2.96187
-2.94819
-2.93453
-2.92089
-2.90724
-2.89353
-2.87973
-2.8658
-2.85172
-2.83744
-2.82292
-2.80813
-2.79302
-2.77757
-2.76175
-2.74551
-2.72883
-2.71168
-2.69404
-2.67588
-2.6572
-2.63797
-2.61819
-2.59786
-2.57698
-2.55557
-2.5337
-2.51146
-2.48893
-2.46622
-2.44338
-2.42047
-2.39753
-2.37462
-2.35175
-2.32895
-2.30622
-2.28357
-2.26102
-2.23857
-2.21623
-2.19399
-2.17185
-2.14983
-2.12791
-2.10609
-2.08437
-2.06276
-2.04124
-2.01981
-1.99846
-1.97719
-1.956
-1.93488
-1.91382
-1.89282
-1.87188
-1.85099
-1.83015
-1.80935
-1.78859
-1.76786
-1.74716
-1.72649
-1.70584
-1.6852
-1.66458
-1.64397
-1.62337
-1.60277
-1.58217
-1.56157
-1.54097
-1.52036
-1.49974
-1.47911
-1.45847
-1.43781
-1.41713
-1.39643
-1.37572
-1.35498
-1.33422
-1.31343
-1.29262
-1.27178
-1.25091
-1.23002
-1.20909
-1.18813
-1.16714
-1.14611
-1.12506
-1.10397
-1.08284
-1.06168
-1.04048
-1.01924
-0.997973
-0.976665
-0.955319
-0.933936
-0.912515
-0.891057
-0.86956
-0.848025
-0.82645
-0.804836
-0.783184
-0.761492
-0.73976
-0.71799
-0.69618
-0.674332
-0.652445
-0.630519
-0.608553
-0.586549
-0.564505
-0.542424
-0.520304
-0.498146
-0.475949
-0.453715
-0.431443
-0.409134
-0.386788
-0.364405
-0.341985
-0.319529
-0.297037
-0.27451
-0.251948
-0.22935
-0.206719
-0.184053
-0.161354
-0.138622
-0.115858
-0.093062
-0.0702345
-0.0473758
-0.0244862
-0.0015665
0.0213833
0.0443621
0.0673693
0.0904051
0.113468
0.136558
0.159675
0.182819
0.205989
0.229186
0.25241
0.275661
0.298939
0.322245
0.34558
0.368945
0.392343
0.415773
0.439238
0.462742
0.486285
0.509874
0.533511
0.5572
0.58095
0.604762
0.628643
0.652602
0.676642
0.700771
0.724999
-3.37348
-3.35901
-3.34459
-3.33015
-3.31573
-3.30127
-3.28674
-3.2721
-3.25732
-3.24236
-3.22718
-3.21175
-3.19602
-3.17997
-3.16355
-3.14673
-3.12949
-3.11178
-3.09358
-3.07487
-3.05563
-3.03584
-3.01549
-2.99456
-2.97307
-2.95101
-2.92843
-2.90537
-2.88193
-2.85819
-2.83424
-2.81016
-2.786
-2.7618
-2.73763
-2.7135
-2.68943
-2.66545
-2.64155
-2.61776
-2.59408
-2.5705
-2.54704
-2.5237
-2.50047
-2.47735
-2.45435
-2.43146
-2.40867
-2.38598
-2.36338
-2.34088
-2.31846
-2.29612
-2.27386
-2.25166
-2.22953
-2.20746
-2.18544
-2.16348
-2.14155
-2.11967
-2.09782
-2.076
-2.05421
-2.03243
-2.01068
-1.98894
-1.96721
-1.94549
-1.92377
-1.90205
-1.88033
-1.85861
-1.83687
-1.81513
-1.79337
-1.7716
-1.74981
-1.72799
-1.70616
-1.68431
-1.66243
-1.64053
-1.61859
-1.59663
-1.57464
-1.55262
-1.53056
-1.50847
-1.48635
-1.46419
-1.442
-1.41977
-1.3975
-1.37519
-1.35285
-1.33046
-1.30804
-1.28557
-1.26307
-1.24052
-1.21793
-1.1953
-1.17263
-1.14992
-1.12717
-1.10437
-1.08153
-1.05865
-1.03573
-1.01276
-0.989751
-0.966699
-0.943605
-0.920468
-0.897288
-0.874066
-0.850801
-0.827494
-0.804146
-0.780755
-0.757323
-0.733849
-0.710335
-0.686779
-0.663182
-0.639546
-0.615869
-0.592152
-0.568396
-0.544601
-0.520768
-0.496896
-0.472987
-0.44904
-0.425056
-0.401035
-0.37698
-0.352889
-0.328763
-0.304604
-0.28041
-0.256183
-0.231923
-0.20763
-0.183306
-0.158951
-0.134566
-0.11015
-0.0857055
-0.0612315
-0.0367288
-0.0121971
0.0123637
0.0369537
0.0615733
0.0862221
0.110902
0.135613
0.160356
0.185136
0.209951
0.234803
0.2597
0.284638
0.309627
0.334669
0.359769
0.384934
0.410168
0.435478
0.460873
0.486358
0.511938
0.537625
-3.76755
-3.75235
-3.73719
-3.72198
-3.70677
-3.69151
-3.67615
-3.66067
-3.64504
-3.6292
-3.61313
-3.59678
-3.58013
-3.56312
-3.54574
-3.52793
-3.50968
-3.49094
-3.4717
-3.45193
-3.43161
-3.41071
-3.38924
-3.36718
-3.34453
-3.32131
-3.29755
-3.27332
-3.24868
-3.22374
-3.19858
-3.17327
-3.14786
-3.12243
-3.097
-3.07162
-3.04631
-3.02108
-2.99595
-2.97093
-2.94603
-2.92124
-2.89657
-2.87203
-2.84761
-2.82331
-2.79914
-2.77507
-2.75112
-2.72728
-2.70353
-2.67989
-2.65633
-2.63286
-2.60946
-2.58614
-2.56289
-2.5397
-2.51656
-2.49348
-2.47044
-2.44745
-2.42449
-2.40156
-2.37866
-2.35578
-2.33292
-2.31007
-2.28724
-2.26441
-2.24158
-2.21875
-2.19592
-2.17308
-2.15024
-2.12738
-2.1045
-2.08161
-2.0587
-2.03577
-2.01281
-1.98983
-1.96682
-1.94378
-1.92072
-1.89762
-1.87448
-1.85132
-1.82812
-1.80488
-1.7816
-1.75829
-1.73494
-1.71154
-1.68811
-1.66464
-1.64112
-1.61756
-1.59395
-1.57031
-1.54662
-1.52288
-1.4991
-1.47528
-1.45141
-1.4275
-1.40354
-1.37953
-1.35548
-1.33138
-1.30724
-1.28305
-1.25881
-1.23453
-1.2102
-1.18583
-1.1614
-1.13694
-1.11243
-1.08787
-1.06326
-1.03862
-1.01392
-0.989185
-0.964402
-0.939576
-0.914705
-0.88979
-0.864833
-0.839832
-0.814789
-0.789704
-0.764578
-0.73941
-0.714201
-0.688952
-0.663663
-0.638334
-0.612968
-0.587563
-0.562121
-0.536643
-0.511127
-0.485576
-0.459989
-0.434367
-0.408711
-0.383022
-0.3573
-0.331546
-0.30576
-0.279942
-0.254094
-0.228214
-0.202303
-0.176361
-0.150386
-0.12438
-0.0983409
-0.0722669
-0.0461589
-0.0200119
0.00617427
0.0324007
0.0586746
0.0849951
0.111369
0.137802
0.164298
0.190864
0.217506
0.244231
0.271048
0.297962
0.324978
0.352108
-4.14158
-4.12565
-4.1097
-4.0937
-4.07763
-4.06145
-4.04513
-4.02864
-4.01193
-3.99496
-3.97771
-3.96012
-3.94217
-3.92382
-3.90503
-3.88578
-3.86602
-3.84574
-3.82491
-3.8035
-3.78152
-3.75893
-3.73573
-3.71194
-3.68757
-3.66265
-3.63724
-3.61143
-3.58529
-3.55893
-3.5324
-3.50577
-3.4791
-3.45245
-3.42583
-3.39929
-3.37283
-3.34648
-3.32025
-3.29413
-3.26815
-3.24229
-3.21656
-3.19097
-3.1655
-3.14016
-3.11494
-3.08984
-3.06486
-3.03998
-3.0152
-2.99052
-2.96592
-2.94141
-2.91697
-2.89261
-2.86831
-2.84407
-2.81989
-2.79575
-2.77166
-2.7476
-2.72358
-2.69958
-2.67561
-2.65165
-2.62771
-2.60378
-2.57985
-2.55593
-2.532
-2.50807
-2.48414
-2.46019
-2.43623
-2.41225
-2.38825
-2.36423
-2.34019
-2.31612
-2.29202
-2.2679
-2.24374
-2.21955
-2.19533
-2.17107
-2.14677
-2.12243
-2.09806
-2.07364
-2.04919
-2.02469
-2.00015
-1.97556
-1.95093
-1.92625
-1.90153
-1.87676
-1.85195
-1.82709
-1.80217
-1.77722
-1.75221
-1.72716
-1.70205
-1.6769
-1.6517
-1.62645
-1.60115
-1.57579
-1.55039
-1.52494
-1.49944
-1.4739
-1.4483
-1.42265
-1.39695
-1.37121
-1.34541
-1.31957
-1.29367
-1.26773
-1.24174
-1.21571
-1.18962
-1.16349
-1.13732
-1.11109
-1.08482
-1.0585
-1.03214
-1.00574
-0.979287
-0.952793
-0.926256
-0.899676
-0.873054
-0.846391
-0.819687
-0.792943
-0.76616
-0.739337
-0.712476
-0.685577
-0.65864
-0.631667
-0.604658
-0.577614
-0.550535
-0.523423
-0.496276
-0.469097
-0.441884
-0.414637
-0.387357
-0.360042
-0.332694
-0.30531
-0.277888
-0.25043
-0.222931
-0.195388
-0.167803
-0.140167
-0.11248
-0.0847351
-0.0569268
-0.029051
-0.0010992
0.0269352
0.0550592
0.0832813
0.111609
0.140045
0.168602
-4.50966
-4.49297
-4.47619
-4.45932
-4.44231
-4.42516
-4.40781
-4.39023
-4.37237
-4.35421
-4.3357
-4.3168
-4.29749
-4.27772
-4.25747
-4.2367
-4.21538
-4.19349
-4.17102
-4.14794
-4.12425
-4.09993
-4.07501
-4.04949
-4.02342
-3.99685
-3.96986
-3.94255
-3.91499
-3.88725
-3.85942
-3.83154
-3.80366
-3.77583
-3.74807
-3.7204
-3.69285
-3.66541
-3.6381
-3.61093
-3.5839
-3.557
-3.53025
-3.50363
-3.47714
-3.45078
-3.42455
-3.39843
-3.37243
-3.34654
-3.32074
-3.29504
-3.26942
-3.24389
-3.21843
-3.19303
-3.1677
-3.14243
-3.11721
-3.09203
-3.06689
-3.04178
-3.0167
-2.99164
-2.96661
-2.94158
-2.91657
-2.89156
-2.86655
-2.84155
-2.81653
-2.79151
-2.76647
-2.74142
-2.71635
-2.69126
-2.66615
-2.64101
-2.61584
-2.59064
-2.56541
-2.54015
-2.51485
-2.48951
-2.46414
-2.43872
-2.41327
-2.38777
-2.36223
-2.33664
-2.31101
-2.28534
-2.25961
-2.23384
-2.20802
-2.18215
-2.15623
-2.13026
-2.10423
-2.07816
-2.05204
-2.02586
-1.99964
-1.97336
-1.94703
-1.92064
-1.89421
-1.86772
-1.84117
-1.81458
-1.78793
-1.76123
-1.73447
-1.70767
-1.6808
-1.65389
-1.62693
-1.59991
-1.57284
-1.54572
-1.51854
-1.49132
-1.46404
-1.43672
-1.40934
-1.38191
-1.35444
-1.32691
-1.29934
-1.27171
-1.24405
-1.21633
-1.18856
-1.16075
-1.1329
-1.105
-1.07705
-1.04907
-1.02104
-0.992963
-0.964849
-0.936693
-0.908497
-0.880261
-0.851986
-0.823674
-0.795323
-0.766936
-0.738512
-0.710053
-0.681558
-0.653027
-0.624461
-0.595859
-0.56722
-0.538545
-0.509832
-0.481079
-0.452287
-0.423451
-0.394569
-0.365641
-0.336659
-0.307621
-0.278522
-0.249356
-0.220116
-0.190795
-0.161386
-0.13188
-0.102269
-0.0725458
-0.0427062
-0.0127405
-4.8889
-4.87147
-4.85393
-4.83626
-4.81843
-4.80044
-4.78224
-4.76379
-4.74505
-4.72598
-4.70654
-4.68671
-4.66644
-4.64569
-4.62445
-4.60266
-4.58032
-4.55739
-4.53385
-4.50969
-4.4849
-4.45947
-4.43342
-4.40677
-4.37955
-4.35184
-4.32369
-4.2952
-4.26646
-4.23754
-4.20851
-4.17943
-4.15035
-4.12131
-4.09236
-4.06349
-4.03475
-4.00613
-3.97765
-3.9493
-3.92111
-3.89306
-3.86516
-3.8374
-3.80978
-3.7823
-3.75495
-3.72772
-3.70061
-3.67361
-3.64672
-3.61992
-3.59322
-3.5666
-3.54006
-3.51359
-3.48718
-3.46083
-3.43453
-3.40828
-3.38207
-3.3559
-3.32975
-3.30363
-3.27752
-3.25143
-3.22535
-3.19927
-3.1732
-3.14712
-3.12103
-3.09494
-3.06883
-3.0427
-3.01655
-2.99038
-2.96419
-2.93797
-2.91171
-2.88543
-2.85911
-2.83275
-2.80636
-2.77993
-2.75345
-2.72693
-2.70037
-2.67377
-2.64711
-2.62041
-2.59367
-2.56687
-2.54002
-2.51312
-2.48617
-2.45916
-2.43211
-2.405
-2.37783
-2.35061
-2.32334
-2.29601
-2.26863
-2.24119
-2.21369
-2.18614
-2.15854
-2.13087
-2.10315
-2.07538
-2.04754
-2.01965
-1.99171
-1.96371
-1.93565
-1.90754
-1.87937
-1.85114
-1.82286
-1.79453
-1.76614
-1.73769
-1.70919
-1.68064
-1.65203
-1.62338
-1.59466
-1.5659
-1.53708
-1.50822
-1.4793
-1.45033
-1.42131
-1.39225
-1.36313
-1.33397
-1.30476
-1.27551
-1.24621
-1.21686
-1.18747
-1.15804
-1.12856
-1.09904
-1.06948
-1.03988
-1.01024
-0.980564
-0.950846
-0.921091
-0.891298
-0.861466
-0.831597
-0.80169
-0.771744
-0.741759
-0.711735
-0.681667
-0.651558
-0.621403
-0.591199
-0.560945
-0.530635
-0.500264
-0.469829
-0.439322
-0.408736
-0.378064
-0.347298
-0.316428
-0.285448
-0.254346
-0.223122
-0.191766
-5.24492
-5.2266
-5.20815
-5.18949
-5.17066
-5.15161
-5.13229
-5.11267
-5.0927
-5.07234
-5.05157
-5.03035
-5.00864
-4.9864
-4.96362
-4.94025
-4.91628
-4.89168
-4.86645
-4.84057
-4.81405
-4.78688
-4.7591
-4.73076
-4.7019
-4.6726
-4.64296
-4.61305
-4.58295
-4.55274
-4.52248
-4.49222
-4.462
-4.43186
-4.40181
-4.3719
-4.34211
-4.31247
-4.28298
-4.25364
-4.22446
-4.19542
-4.16654
-4.13781
-4.10922
-4.08076
-4.05244
-4.02424
-3.99615
-3.96818
-3.9403
-3.91253
-3.88484
-3.85723
-3.82969
-3.80222
-3.77481
-3.74746
-3.72016
-3.69289
-3.66566
-3.63846
-3.61128
-3.58413
-3.55698
-3.52985
-3.50272
-3.47559
-3.44845
-3.42131
-3.39416
-3.36699
-3.3398
-3.3126
-3.28536
-3.2581
-3.23081
-3.20349
-3.17613
-3.14874
-3.12131
-3.09383
-3.06632
-3.03876
-3.01115
-2.9835
-2.9558
-2.92805
-2.90025
-2.8724
-2.8445
-2.81654
-2.78853
-2.76047
-2.73234
-2.70417
-2.67593
-2.64764
-2.61929
-2.59088
-2.56242
-2.53389
-2.50531
-2.47667
-2.44797
-2.41921
-2.39039
-2.3615
-2.33256
-2.30356
-2.2745
-2.24539
-2.21621
-2.18697
-2.15767
-2.12832
-2.0989
-2.06943
-2.03989
-2.0103
-1.98066
-1.95095
-1.92119
-1.89137
-1.8615
-1.83157
-1.80158
-1.77154
-1.74145
-1.7113
-1.6811
-1.65084
-1.62054
-1.59018
-1.55977
-1.52932
-1.49881
-1.46826
-1.43766
-1.40701
-1.37632
-1.34558
-1.3148
-1.28397
-1.2531
-1.22219
-1.19124
-1.16024
-1.12921
-1.09814
-1.06702
-1.03587
-1.00467
-0.973438
-0.942162
-0.910844
-0.879481
-0.848072
-0.816617
-0.785109
-0.753547
-0.721928
-0.690243
-0.65849
-0.626662
-0.594749
-0.562746
-0.530641
-0.498428
-0.466096
-0.433638
-0.401047
-0.36832
-5.5939
-5.57463
-5.55518
-5.53551
-5.51561
-5.49543
-5.47492
-5.45405
-5.43279
-5.41109
-5.38892
-5.36624
-5.34303
-5.31924
-5.29486
-5.26986
-5.24422
-5.21792
-5.19097
-5.16335
-5.13508
-5.10619
-5.07672
-5.04674
-5.01631
-4.98552
-4.95445
-4.9232
-4.89182
-4.86039
-4.82896
-4.79757
-4.76627
-4.73507
-4.704
-4.67306
-4.64228
-4.61165
-4.58119
-4.55089
-4.52074
-4.49076
-4.46093
-4.43125
-4.4017
-4.3723
-4.34302
-4.31387
-4.28483
-4.2559
-4.22706
-4.19832
-4.16966
-4.14108
-4.11256
-4.08411
-4.05572
-4.02737
-3.99907
-3.9708
-3.94256
-3.91435
-3.88616
-3.85798
-3.8298
-3.80164
-3.77347
-3.7453
-3.71711
-3.68892
-3.66071
-3.63248
-3.60422
-3.57594
-3.54763
-3.51929
-3.49091
-3.4625
-3.43405
-3.40556
-3.37702
-3.34844
-3.31981
-3.29113
-3.26241
-3.23363
-3.2048
-3.17592
-3.14699
-3.11799
-3.08894
-3.05984
-3.03067
-3.00145
-2.97217
-2.94283
-2.91342
-2.88396
-2.85444
-2.82485
-2.7952
-2.76549
-2.73572
-2.70589
-2.67599
-2.64603
-2.616
-2.58592
-2.55577
-2.52555
-2.49528
-2.46494
-2.43454
-2.40408
-2.37355
-2.34296
-2.31231
-2.2816
-2.25083
-2.22
-2.18911
-2.15815
-2.12714
-2.09607
-2.06494
-2.03375
-2.0025
-1.9712
-1.93984
-1.90842
-1.87695
-1.84543
-1.81385
-1.78221
-1.75053
-1.71879
-1.68701
-1.65517
-1.62328
-1.59135
-1.55937
-1.52734
-1.49526
-1.46314
-1.43098
-1.39877
-1.36652
-1.33423
-1.30189
-1.26951
-1.23709
-1.20463
-1.17213
-1.13958
-1.10699
-1.07435
-1.04166
-1.00892
-0.976131
-0.943282
-0.910372
-0.877394
-0.844343
-0.811213
-0.777994
-0.744679
-0.711257
-0.67772
-0.644059
-0.610264
-0.576328
-0.54225
-5.93539
-5.91515
-5.89467
-5.87392
-5.85288
-5.8315
-5.80973
-5.78756
-5.76494
-5.74183
-5.7182
-5.69401
-5.66923
-5.64385
-5.61783
-5.59115
-5.5638
-5.53578
-5.50708
-5.47772
-5.44773
-5.41715
-5.38605
-5.3545
-5.32257
-5.29037
-5.25797
-5.22545
-5.19287
-5.16029
-5.12775
-5.0953
-5.06296
-5.03075
-4.99869
-4.96679
-4.93505
-4.90348
-4.87208
-4.84084
-4.80977
-4.77886
-4.7481
-4.71749
-4.68702
-4.65669
-4.62649
-4.5964
-4.56643
-4.53655
-4.50677
-4.47708
-4.44747
-4.41792
-4.38844
-4.35903
-4.32966
-4.30033
-4.27104
-4.24179
-4.21255
-4.18334
-4.15414
-4.12495
-4.09576
-4.06657
-4.03738
-4.00817
-3.97895
-3.94971
-3.92046
-3.89117
-3.86186
-3.83252
-3.80314
-3.77373
-3.74428
-3.71479
-3.68525
-3.65567
-3.62604
-3.59636
-3.56663
-3.53684
-3.50701
-3.47712
-3.44717
-3.41717
-3.3871
-3.35698
-3.3268
-3.29655
-3.26625
-3.23588
-3.20545
-3.17495
-3.14439
-3.11377
-3.08308
-3.05233
-3.02151
-2.99062
-2.95968
-2.92866
-2.89758
-2.86643
-2.83521
-2.80393
-2.77258
-2.74117
-2.70969
-2.67815
-2.64654
-2.61486
-2.58312
-2.55131
-2.51944
-2.48751
-2.45551
-2.42345
-2.39132
-2.35913
-2.32688
-2.29457
-2.2622
-2.22977
-2.19727
-2.16472
-2.13211
-2.09944
-2.06671
-2.03393
-2.00109
-1.9682
-1.93525
-1.90225
-1.8692
-1.83609
-1.80294
-1.76973
-1.73647
-1.70317
-1.66982
-1.63642
-1.60298
-1.56949
-1.53596
-1.50238
-1.46876
-1.4351
-1.40139
-1.36764
-1.33384
-1.29999
-1.2661
-1.23215
-1.19815
-1.1641
-1.12998
-1.0958
-1.06155
-1.02722
-0.992813
-0.958309
-0.923704
-0.888986
-0.854148
-0.819178
-0.784069
-0.74881
-0.713402
-6.29012
-6.26911
-6.24782
-6.22623
-6.20433
-6.18208
-6.15943
-6.13635
-6.11281
-6.08877
-6.06419
-6.03904
-6.01328
-5.9869
-5.95987
-5.93217
-5.90378
-5.8747
-5.84494
-5.8145
-5.78342
-5.75175
-5.71954
-5.68687
-5.65383
-5.62051
-5.58698
-5.55332
-5.51961
-5.4859
-5.45223
-5.41866
-5.38519
-5.35187
-5.3187
-5.2857
-5.25286
-5.22021
-5.18773
-5.15542
-5.12328
-5.09131
-5.0595
-5.02784
-4.99633
-4.96496
-4.93372
-4.90261
-4.87161
-4.84071
-4.80992
-4.77921
-4.74858
-4.71803
-4.68754
-4.65712
-4.62674
-4.59642
-4.56612
-4.53586
-4.50563
-4.47542
-4.44521
-4.41502
-4.38483
-4.35463
-4.32444
-4.29422
-4.264
-4.23375
-4.20349
-4.17319
-4.14287
-4.11251
-4.08212
-4.05169
-4.02121
-3.9907
-3.96014
-3.92953
-3.89886
-3.86815
-3.83739
-3.80656
-3.77569
-3.74475
-3.71376
-3.68271
-3.65159
-3.62041
-3.58917
-3.55786
-3.52649
-3.49506
-3.46355
-3.43198
-3.40035
-3.36864
-3.33687
-3.30503
-3.27312
-3.24115
-3.2091
-3.17699
-3.1448
-3.11255
-3.08022
-3.04783
-3.01537
-2.98284
-2.95024
-2.91757
-2.88483
-2.85203
-2.81915
-2.78621
-2.7532
-2.72012
-2.68697
-2.65376
-2.62049
-2.58714
-2.55374
-2.52026
-2.48673
-2.45313
-2.41946
-2.38574
-2.35195
-2.31811
-2.2842
-2.25023
-2.21621
-2.18213
-2.14799
-2.1138
-2.07955
-2.04525
-2.01089
-1.97648
-1.94202
-1.90751
-1.87295
-1.83834
-1.80368
-1.76898
-1.73423
-1.69944
-1.66459
-1.6297
-1.59477
-1.55979
-1.52476
-1.48968
-1.45455
-1.41937
-1.38413
-1.34884
-1.31347
-1.27805
-1.24255
-1.20697
-1.1713
-1.13553
-1.09966
-1.06367
-1.02755
-0.991297
-0.954896
-0.918339
-0.881623
-6.61674
-6.59463
-6.57222
-6.54947
-6.52635
-6.50281
-6.47884
-6.45439
-6.42943
-6.40391
-6.3778
-6.35108
-6.32371
-6.29568
-6.26697
-6.23755
-6.20743
-6.17661
-6.1451
-6.11295
-6.08019
-6.04689
-6.01313
-5.97899
-5.94455
-5.90991
-5.87514
-5.84032
-5.80549
-5.77072
-5.73604
-5.70148
-5.66706
-5.6328
-5.59872
-5.56481
-5.53109
-5.49755
-5.46419
-5.43101
-5.39799
-5.36515
-5.33246
-5.29993
-5.26754
-5.23529
-5.20317
-5.17116
-5.13927
-5.10747
-5.07577
-5.04415
-5.0126
-4.98113
-4.94972
-4.91836
-4.88705
-4.85577
-4.82453
-4.79331
-4.76211
-4.73093
-4.69975
-4.66857
-4.63739
-4.60621
-4.57501
-4.5438
-4.51256
-4.48131
-4.45002
-4.4187
-4.38735
-4.35596
-4.32453
-4.29305
-4.26153
-4.22996
-4.19834
-4.16667
-4.13494
-4.10316
-4.07132
-4.03942
-4.00746
-3.97544
-3.94336
-3.91121
-3.87899
-3.84671
-3.81436
-3.78195
-3.74946
-3.71691
-3.68429
-3.65159
-3.61883
-3.586
-3.55309
-3.52011
-3.48706
-3.45394
-3.42075
-3.38748
-3.35414
-3.32073
-3.28725
-3.25369
-3.22006
-3.18636
-3.15259
-3.11874
-3.08483
-3.05084
-3.01678
-2.98265
-2.94845
-2.91418
-2.87984
-2.84543
-2.81096
-2.77641
-2.7418
-2.70712
-2.67238
-2.63757
-2.6027
-2.56776
-2.53275
-2.49769
-2.46256
-2.42737
-2.39213
-2.35682
-2.32145
-2.28603
-2.25055
-2.21502
-2.17943
-2.14379
-2.10809
-2.07235
-2.03655
-2.0007
-1.9648
-1.92886
-1.89286
-1.85682
-1.82073
-1.78459
-1.74841
-1.71217
-1.67588
-1.63954
-1.60315
-1.56669
-1.53018
-1.4936
-1.45695
-1.42022
-1.38341
-1.3465
-1.3095
-1.27238
-1.23515
-1.19777
-1.16026
-1.12259
-1.08476
-1.04676
-6.93482
-6.91155
-6.88797
-6.864
-6.83958
-6.81472
-6.78938
-6.7635
-6.73704
-6.70999
-6.68231
-6.65397
-6.62495
-6.59523
-6.5648
-6.53365
-6.50179
-6.46924
-6.43602
-6.40219
-6.36782
-6.33297
-6.29774
-6.26222
-6.22648
-6.19062
-6.15469
-6.11878
-6.08291
-6.04715
-6.01151
-5.97602
-5.9407
-5.90556
-5.87061
-5.83584
-5.80126
-5.76687
-5.73266
-5.69863
-5.66477
-5.63108
-5.59754
-5.56416
-5.53092
-5.4978
-5.46481
-5.43194
-5.39916
-5.36648
-5.33389
-5.30138
-5.26893
-5.23655
-5.20423
-5.17195
-5.13971
-5.1075
-5.07532
-5.04316
-5.01101
-4.97887
-4.94673
-4.91458
-4.88243
-4.85027
-4.81809
-4.78588
-4.75366
-4.7214
-4.6891
-4.65677
-4.62441
-4.59199
-4.55954
-4.52703
-4.49448
-4.46187
-4.42921
-4.39649
-4.36371
-4.33087
-4.29797
-4.265
-4.23197
-4.19888
-4.16572
-4.13249
-4.09919
-4.06582
-4.03238
-3.99887
-3.96528
-3.93163
-3.8979
-3.86409
-3.83022
-3.79627
-3.76224
-3.72814
-3.69396
-3.65971
-3.62539
-3.59098
-3.5565
-3.52195
-3.48732
-3.45262
-3.41784
-3.38298
-3.34805
-3.31305
-3.27797
-3.24282
-3.20759
-3.17229
-3.13692
-3.10147
-3.06596
-3.03037
-2.99471
-2.95899
-2.92319
-2.88732
-2.85139
-2.81538
-2.77931
-2.74318
-2.70698
-2.67071
-2.63438
-2.59799
-2.56154
-2.52503
-2.48846
-2.45182
-2.41514
-2.37839
-2.34159
-2.30473
-2.26782
-2.23086
-2.19384
-2.15677
-2.11966
-2.08249
-2.04527
-2.00801
-1.97069
-1.93332
-1.8959
-1.85842
-1.8209
-1.78331
-1.74566
-1.70796
-1.67018
-1.63233
-1.5944
-1.55638
-1.51827
-1.48005
-1.44172
-1.40326
-1.36466
-1.32591
-1.287
-1.24791
-1.20866
-7.24391
-7.21951
-7.1947
-7.16942
-7.14368
-7.11744
-7.09065
-7.06329
-7.0353
-7.00667
-6.97737
-6.94737
-6.91666
-6.88523
-6.85307
-6.82018
-6.78659
-6.75233
-6.71744
-6.68201
-6.64609
-6.60979
-6.57319
-6.53638
-6.49944
-6.46244
-6.42545
-6.38852
-6.3517
-6.31501
-6.27847
-6.24211
-6.20593
-6.16995
-6.13415
-6.09856
-6.06316
-6.02795
-5.99293
-5.95808
-5.9234
-5.88889
-5.85453
-5.82031
-5.78623
-5.75228
-5.71844
-5.68471
-5.65107
-5.61753
-5.58407
-5.55068
-5.51735
-5.48408
-5.45085
-5.41767
-5.38452
-5.3514
-5.31829
-5.2852
-5.25212
-5.21903
-5.18594
-5.15285
-5.11974
-5.08661
-5.05345
-5.02027
-4.98706
-4.95382
-4.92053
-4.88721
-4.85384
-4.82042
-4.78695
-4.75343
-4.71985
-4.68622
-4.65253
-4.61877
-4.58495
-4.55107
-4.51712
-4.48311
-4.44903
-4.41487
-4.38065
-4.34635
-4.31198
-4.27754
-4.24302
-4.20843
-4.17376
-4.13902
-4.1042
-4.0693
-4.03433
-3.99928
-3.96415
-3.92894
-3.89365
-3.85829
-3.82284
-3.78732
-3.75172
-3.71604
-3.68028
-3.64445
-3.60853
-3.57254
-3.53647
-3.50033
-3.4641
-3.4278
-3.39143
-3.35498
-3.31845
-3.28185
-3.24517
-3.20843
-3.1716
-3.13471
-3.09774
-3.06071
-3.0236
-2.98643
-2.94918
-2.91187
-2.87449
-2.83704
-2.79953
-2.76196
-2.72432
-2.68663
-2.64887
-2.61105
-2.57317
-2.53523
-2.49724
-2.45919
-2.42108
-2.38292
-2.34471
-2.30645
-2.26813
-2.22976
-2.19134
-2.15287
-2.11435
-2.07577
-2.03713
-1.99844
-1.95969
-1.92088
-1.882
-1.84305
-1.80403
-1.76492
-1.72572
-1.68643
-1.64702
-1.6075
-1.56784
-1.52804
-1.48808
-1.44795
-1.40765
-1.36717
-7.569
-7.54377
-7.51814
-7.49201
-7.4654
-7.43828
-7.41059
-7.38232
-7.35341
-7.32384
-7.29359
-7.26263
-7.23095
-7.19853
-7.16536
-7.13147
-7.09685
-7.06156
-7.02564
-6.98916
-6.95219
-6.91483
-6.87717
-6.8393
-6.80131
-6.76326
-6.72522
-6.68725
-6.64938
-6.61166
-6.5741
-6.53672
-6.49953
-6.46254
-6.42575
-6.38917
-6.35279
-6.3166
-6.2806
-6.24478
-6.20914
-6.17367
-6.13836
-6.1032
-6.06817
-6.03328
-5.9985
-5.96383
-5.92927
-5.89479
-5.8604
-5.82609
-5.79183
-5.75764
-5.72349
-5.68939
-5.65531
-5.62127
-5.58724
-5.55323
-5.51922
-5.48522
-5.45121
-5.41718
-5.38315
-5.34909
-5.31501
-5.2809
-5.24676
-5.21259
-5.17837
-5.1441
-5.1098
-5.07544
-5.04103
-5.00656
-4.97204
-4.93746
-4.90282
-4.86811
-4.83333
-4.79849
-4.76359
-4.72861
-4.69356
-4.65844
-4.62324
-4.58797
-4.55262
-4.5172
-4.4817
-4.44612
-4.41047
-4.37473
-4.33892
-4.30302
-4.26705
-4.23099
-4.19486
-4.15864
-4.12234
-4.08596
-4.0495
-4.01296
-3.97633
-3.93963
-3.90284
-3.86597
-3.82902
-3.79199
-3.75488
-3.71769
-3.68042
-3.64307
-3.60564
-3.56814
-3.53055
-3.49289
-3.45516
-3.41734
-3.37945
-3.34149
-3.30345
-3.26533
-3.22715
-3.18889
-3.15056
-3.11216
-3.07369
-3.03516
-2.99655
-2.95788
-2.91915
-2.88035
-2.84149
-2.80256
-2.76357
-2.72453
-2.68542
-2.64626
-2.60704
-2.56776
-2.52843
-2.48905
-2.44961
-2.41011
-2.37057
-2.33097
-2.29131
-2.2516
-2.21183
-2.172
-2.13212
-2.09216
-2.05214
-2.01205
-1.97188
-1.93162
-1.89127
-1.85082
-1.81025
-1.76956
-1.72874
-1.68776
-1.64662
-1.60531
-1.56381
-1.52213
-7.86046
-7.83398
-7.80703
-7.77957
-7.75157
-7.723
-7.69383
-7.66401
-7.63352
-7.60233
-7.57043
-7.53778
-7.50439
-7.47024
-7.43534
-7.39973
-7.36342
-7.32647
-7.28896
-7.25096
-7.21256
-7.17386
-7.13496
-7.09592
-7.05685
-7.01778
-6.97879
-6.93991
-6.90118
-6.86262
-6.82425
-6.78608
-6.74811
-6.71035
-6.67279
-6.63545
-6.59831
-6.56136
-6.5246
-6.48802
-6.45162
-6.41538
-6.37929
-6.34334
-6.30753
-6.27184
-6.23626
-6.20079
-6.1654
-6.13011
-6.09489
-6.05973
-6.02464
-5.98959
-5.95458
-5.91961
-5.88467
-5.84974
-5.81483
-5.77992
-5.74502
-5.71011
-5.67518
-5.64025
-5.60529
-5.5703
-5.53529
-5.50024
-5.46515
-5.43002
-5.39484
-5.35962
-5.32435
-5.28902
-5.25363
-5.21819
-5.18268
-5.14711
-5.11147
-5.07576
-5.03999
-5.00414
-4.96822
-4.93223
-4.89616
-4.86002
-4.8238
-4.7875
-4.75112
-4.71466
-4.67812
-4.6415
-4.60479
-4.56801
-4.53114
-4.49419
-4.45716
-4.42004
-4.38284
-4.34555
-4.30818
-4.27072
-4.23319
-4.19556
-4.15785
-4.12006
-4.08219
-4.04423
-4.00619
-3.96806
-3.92985
-3.89156
-3.85319
-3.81473
-3.77619
-3.73758
-3.69888
-3.66011
-3.62125
-3.58232
-3.54331
-3.50422
-3.46506
-3.42582
-3.3865
-3.34712
-3.30766
-3.26813
-3.22852
-3.18885
-3.14911
-3.10931
-3.06943
-3.02949
-2.98949
-2.94942
-2.90929
-2.8691
-2.82885
-2.78854
-2.74818
-2.70775
-2.66727
-2.62674
-2.58615
-2.5455
-2.5048
-2.46404
-2.42322
-2.38235
-2.34141
-2.30041
-2.25935
-2.21821
-2.177
-2.13571
-2.09433
-2.05285
-2.01128
-1.96958
-1.92775
-1.88579
-1.84367
-1.80138
-1.75891
-1.71624
-1.67338
-8.14192
-8.11417
-8.08587
-8.05701
-8.02757
-7.99751
-7.96679
-7.93539
-7.90328
-7.87044
-7.83685
-7.8025
-7.76738
-7.73151
-7.6949
-7.6576
-7.61965
-7.58112
-7.5421
-7.50268
-7.46296
-7.42304
-7.38299
-7.34291
-7.30284
-7.26285
-7.22299
-7.18328
-7.14374
-7.1044
-7.06527
-7.02635
-6.98764
-6.94915
-6.91087
-6.8728
-6.83493
-6.79725
-6.75976
-6.72244
-6.6853
-6.64831
-6.61146
-6.57476
-6.53818
-6.50171
-6.46535
-6.42908
-6.39291
-6.35681
-6.32077
-6.2848
-6.24887
-6.21299
-6.17714
-6.14132
-6.10552
-6.06974
-6.03395
-5.99817
-5.96238
-5.92658
-5.89076
-5.85492
-5.81906
-5.78316
-5.74723
-5.71125
-5.67523
-5.63917
-5.60305
-5.56689
-5.53066
-5.49438
-5.45803
-5.42162
-5.38515
-5.3486
-5.31199
-5.2753
-5.23854
-5.20171
-5.1648
-5.12781
-5.09074
-5.05359
-5.01636
-4.97905
-4.94166
-4.90418
-4.86662
-4.82897
-4.79124
-4.75342
-4.71552
-4.67754
-4.63946
-4.6013
-4.56305
-4.52472
-4.48629
-4.44778
-4.40919
-4.3705
-4.33173
-4.29288
-4.25393
-4.2149
-4.17579
-4.13659
-4.0973
-4.05793
-4.01847
-3.97893
-3.93931
-3.89961
-3.85982
-3.81995
-3.78
-3.73997
-3.69986
-3.65968
-3.61941
-3.57907
-3.53865
-3.49816
-3.45759
-3.41695
-3.37624
-3.33546
-3.2946
-3.25368
-3.2127
-3.17164
-3.13052
-3.08934
-3.04809
-3.00678
-2.96541
-2.92398
-2.88249
-2.84095
-2.79934
-2.75768
-2.71596
-2.67419
-2.63235
-2.59046
-2.54851
-2.50649
-2.46441
-2.42226
-2.38004
-2.33774
-2.29536
-2.25288
-2.21031
-2.16764
-2.12484
-2.08191
-2.03883
-1.9956
-1.95219
-1.90859
-1.86479
-1.82079
-8.44164
-8.41309
-8.38398
-8.35428
-8.32397
-8.29304
-8.26143
-8.22913
-8.19612
-8.16236
-8.12784
-8.09255
-8.05648
-8.01965
-7.98207
-7.94379
-7.90485
-7.86532
-7.82531
-7.78489
-7.74417
-7.70325
-7.66221
-7.62114
-7.5801
-7.53914
-7.49832
-7.45765
-7.41717
-7.37688
-7.33682
-7.29697
-7.25734
-7.21793
-7.17875
-7.13977
-7.10101
-7.06244
-7.02406
-6.98586
-6.94783
-6.90997
-6.87225
-6.83468
-6.79723
-6.7599
-6.72268
-6.68556
-6.64852
-6.61157
-6.57468
-6.53785
-6.50107
-6.46434
-6.42764
-6.39097
-6.35432
-6.31768
-6.28104
-6.24441
-6.20777
-6.17111
-6.13444
-6.09774
-6.06102
-6.02426
-5.98747
-5.95063
-5.91375
-5.87682
-5.83984
-5.8028
-5.76571
-5.72855
-5.69133
-5.65405
-5.61669
-5.57926
-5.54177
-5.50419
-5.46654
-5.42882
-5.39101
-5.35313
-5.31516
-5.27711
-5.23898
-5.20076
-5.16246
-5.12407
-5.08559
-5.04703
-5.00838
-4.96964
-4.93082
-4.8919
-4.8529
-4.8138
-4.77462
-4.73534
-4.69598
-4.65653
-4.61698
-4.57735
-4.53763
-4.49782
-4.45792
-4.41793
-4.37785
-4.33768
-4.29743
-4.25708
-4.21665
-4.17614
-4.13554
-4.09485
-4.05408
-4.01323
-3.97229
-3.93127
-3.89017
-3.84899
-3.80772
-3.76638
-3.72496
-3.68346
-3.64189
-3.60024
-3.55851
-3.51672
-3.47485
-3.43291
-3.3909
-3.34882
-3.30668
-3.26447
-3.22219
-3.17985
-3.13745
-3.09499
-3.05246
-3.00988
-2.96724
-2.92454
-2.88178
-2.83896
-2.79607
-2.75314
-2.71013
-2.66706
-2.62393
-2.58073
-2.53745
-2.49409
-2.45065
-2.40712
-2.36348
-2.31974
-2.27587
-2.23186
-2.18771
-2.14339
-2.09889
-2.0542
-2.00929
-1.96418
-8.70352
-8.67359
-8.64306
-8.61191
-8.58011
-8.54763
-8.51444
-8.48054
-8.44588
-8.41045
-8.37423
-8.33723
-8.29945
-8.26093
-8.22168
-8.18177
-8.14127
-8.10027
-8.05888
-8.01718
-7.97528
-7.93328
-7.89125
-7.84925
-7.80736
-7.76559
-7.724
-7.68259
-7.6414
-7.60043
-7.55968
-7.51916
-7.47887
-7.4388
-7.39895
-7.35931
-7.31988
-7.28064
-7.24158
-7.2027
-7.16399
-7.12543
-7.08701
-7.04873
-7.01056
-6.9725
-6.93455
-6.89668
-6.85889
-6.82118
-6.78352
-6.74592
-6.70836
-6.67083
-6.63333
-6.59586
-6.55839
-6.52093
-6.48347
-6.446
-6.40851
-6.37101
-6.33348
-6.29593
-6.25834
-6.22071
-6.18304
-6.14532
-6.10755
-6.06972
-6.03184
-5.9939
-5.9559
-5.91783
-5.87969
-5.84148
-5.8032
-5.76485
-5.72641
-5.6879
-5.64931
-5.61064
-5.57188
-5.53304
-5.49412
-5.45511
-5.41601
-5.37683
-5.33755
-5.29819
-5.25874
-5.21919
-5.17956
-5.13984
-5.10002
-5.06011
-5.02011
-4.98002
-4.93983
-4.89956
-4.85919
-4.81872
-4.77817
-4.73752
-4.69679
-4.65596
-4.61503
-4.57402
-4.53292
-4.49172
-4.45044
-4.40906
-4.3676
-4.32605
-4.28441
-4.24269
-4.20088
-4.15898
-4.117
-4.07493
-4.03278
-3.99055
-3.94823
-3.90584
-3.86337
-3.82081
-3.77818
-3.73548
-3.6927
-3.64984
-3.60692
-3.56392
-3.52085
-3.47771
-3.4345
-3.39123
-3.34789
-3.30448
-3.26102
-3.21749
-3.1739
-3.13025
-3.08653
-3.04276
-2.99893
-2.95503
-2.91107
-2.86705
-2.82296
-2.77881
-2.73458
-2.69028
-2.64589
-2.60142
-2.55686
-2.51219
-2.46741
-2.4225
-2.37745
-2.33225
-2.28689
-2.24133
-2.19557
-2.1496
-2.10341
-8.9544
-8.92302
-8.89105
-8.85841
-8.82506
-8.79101
-8.75623
-8.72069
-8.68436
-8.64724
-8.60932
-8.57062
-8.53116
-8.49097
-8.45011
-8.40866
-8.3667
-8.32434
-8.28168
-8.23883
-8.19589
-8.15292
-8.11001
-8.06719
-8.02452
-7.98203
-7.93974
-7.89766
-7.85581
-7.81419
-7.77281
-7.73166
-7.69074
-7.65004
-7.60956
-7.56929
-7.52922
-7.48933
-7.44963
-7.41009
-7.37071
-7.33148
-7.29238
-7.25341
-7.21454
-7.17578
-7.1371
-7.09851
-7.06
-7.02154
-6.98313
-6.94477
-6.90645
-6.86815
-6.82987
-6.7916
-6.75334
-6.71508
-6.6768
-6.63852
-6.60021
-6.56188
-6.52352
-6.48512
-6.44668
-6.4082
-6.36967
-6.33109
-6.29245
-6.25375
-6.21499
-6.17617
-6.13728
-6.09831
-6.05928
-6.02017
-5.98098
-5.94171
-5.90237
-5.86294
-5.82342
-5.78383
-5.74414
-5.70437
-5.66451
-5.62456
-5.58452
-5.54439
-5.50417
-5.46385
-5.42344
-5.38294
-5.34235
-5.30166
-5.26088
-5.22
-5.17903
-5.13796
-5.0968
-5.05554
-5.01419
-4.97274
-4.9312
-4.88956
-4.84783
-4.80601
-4.76409
-4.72207
-4.67997
-4.63777
-4.59548
-4.5531
-4.51063
-4.46807
-4.42542
-4.38268
-4.33986
-4.29694
-4.25394
-4.21086
-4.16769
-4.12443
-4.08109
-4.03767
-3.99417
-3.95059
-3.90694
-3.8632
-3.81939
-3.77551
-3.73155
-3.68752
-3.64341
-3.59924
-3.555
-3.51069
-3.46632
-3.42188
-3.37738
-3.33281
-3.28818
-3.24349
-3.19874
-3.15392
-3.10904
-3.0641
-3.01909
-2.97402
-2.92887
-2.88365
-2.83836
-2.79298
-2.74751
-2.70195
-2.65628
-2.61049
-2.56458
-2.51852
-2.47231
-2.42593
-2.37935
-2.33256
-2.28555
-2.23832
-9.19385
-9.16107
-9.12761
-9.09342
-9.05852
-9.02288
-8.98647
-8.94926
-8.91126
-8.87245
-8.83284
-8.79246
-8.75135
-8.70956
-8.66717
-8.62427
-8.58098
-8.53739
-8.49361
-8.44975
-8.40588
-8.36206
-8.31836
-8.27481
-8.23145
-8.1883
-8.14537
-8.10267
-8.06021
-8.018
-7.97602
-7.93428
-7.89276
-7.85147
-7.81038
-7.76951
-7.72882
-7.68832
-7.64799
-7.60782
-7.5678
-7.52792
-7.48816
-7.44851
-7.40897
-7.36952
-7.33015
-7.29086
-7.25162
-7.21244
-7.17331
-7.13421
-7.09514
-7.05609
-7.01705
-6.97801
-6.93897
-6.89993
-6.86086
-6.82178
-6.78267
-6.74353
-6.70435
-6.66513
-6.62587
-6.58655
-6.54718
-6.50776
-6.46827
-6.42872
-6.3891
-6.34942
-6.30966
-6.26982
-6.22991
-6.18992
-6.14985
-6.10969
-6.06945
-6.02913
-5.98872
-5.94821
-5.90762
-5.86694
-5.82617
-5.7853
-5.74434
-5.70329
-5.66214
-5.6209
-5.57956
-5.53812
-5.49659
-5.45496
-5.41324
-5.37141
-5.32949
-5.28747
-5.24536
-5.20314
-5.16083
-5.11843
-5.07592
-5.03332
-4.99062
-4.94783
-4.90494
-4.86195
-4.81888
-4.7757
-4.73243
-4.68907
-4.64562
-4.60208
-4.55844
-4.51472
-4.4709
-4.427
-4.38301
-4.33893
-4.29477
-4.25052
-4.20618
-4.16177
-4.11727
-4.07269
-4.02804
-3.9833
-3.93849
-3.8936
-3.84864
-3.80361
-3.75851
-3.71333
-3.66808
-3.62277
-3.57739
-3.53195
-3.48644
-3.44087
-3.39523
-3.34953
-3.30376
-3.25793
-3.21204
-3.16608
-3.12004
-3.07394
-3.02776
-2.98151
-2.93517
-2.88874
-2.84221
-2.79557
-2.74882
-2.70194
-2.65491
-2.60772
-2.56035
-2.51278
-2.46501
-2.417
-2.36875
-9.45523
-9.42165
-9.3874
-9.35239
-9.31666
-9.28017
-9.24291
-9.20485
-9.16598
-9.12629
-9.0858
-9.04452
-9.00251
-8.95981
-8.91651
-8.87269
-8.82848
-8.78398
-8.7393
-8.69455
-8.6498
-8.60512
-8.56056
-8.51616
-8.47196
-8.42798
-8.38423
-8.34072
-8.29745
-8.25443
-8.21165
-8.16912
-8.12681
-8.08473
-8.04287
-8.00122
-7.95977
-7.9185
-7.8774
-7.83647
-7.79569
-7.75505
-7.71453
-7.67414
-7.63384
-7.59364
-7.55353
-7.51349
-7.47351
-7.43358
-7.3937
-7.35386
-7.31404
-7.27424
-7.23446
-7.19467
-7.15489
-7.1151
-7.07529
-7.03545
-6.9956
-6.9557
-6.91577
-6.8758
-6.83578
-6.79571
-6.75558
-6.7154
-6.67515
-6.63484
-6.59445
-6.554
-6.51347
-6.47286
-6.43218
-6.39141
-6.35057
-6.30963
-6.26861
-6.2275
-6.18631
-6.14502
-6.10364
-6.06216
-6.02059
-5.97893
-5.93717
-5.89532
-5.85337
-5.81132
-5.76917
-5.72692
-5.68458
-5.64214
-5.59959
-5.55695
-5.5142
-5.47136
-5.42842
-5.38537
-5.34223
-5.29899
-5.25565
-5.21221
-5.16867
-5.12503
-5.08129
-5.03746
-4.99353
-4.9495
-4.90538
-4.86116
-4.81685
-4.77244
-4.72795
-4.68335
-4.63867
-4.5939
-4.54903
-4.50408
-4.45904
-4.41391
-4.36869
-4.32339
-4.27801
-4.23255
-4.187
-4.14138
-4.09567
-4.04989
-4.00403
-3.9581
-3.9121
-3.86602
-3.81987
-3.77365
-3.72737
-3.68102
-3.6346
-3.58811
-3.54156
-3.49495
-3.44827
-3.40152
-3.35471
-3.30783
-3.26087
-3.21385
-3.16675
-3.11957
-3.0723
-3.02494
-2.97748
-2.92992
-2.88223
-2.83441
-2.78644
-2.73831
-2.69
-2.64148
-2.59274
-2.54377
-2.49455
-9.67251
-9.63744
-9.60165
-9.56511
-9.5278
-9.4897
-9.4508
-9.41108
-9.37054
-9.32918
-9.28704
-9.24414
-9.20056
-9.15636
-9.11165
-9.06655
-9.02116
-8.97561
-8.92999
-8.88439
-8.83887
-8.79349
-8.74828
-8.70327
-8.65849
-8.61395
-8.56965
-8.52561
-8.48182
-8.43827
-8.39497
-8.35191
-8.30908
-8.26647
-8.22408
-8.18188
-8.13987
-8.09804
-8.05638
-8.01487
-7.9735
-7.93226
-7.89114
-7.85012
-7.8092
-7.76837
-7.72761
-7.68691
-7.64627
-7.60567
-7.56511
-7.52458
-7.48406
-7.44356
-7.40306
-7.36256
-7.32205
-7.28152
-7.24097
-7.20039
-7.15977
-7.11912
-7.07842
-7.03768
-6.99688
-6.95602
-6.91511
-6.87413
-6.83308
-6.79196
-6.75077
-6.7095
-6.66816
-6.62673
-6.58522
-6.54362
-6.50194
-6.46017
-6.41831
-6.37635
-6.33431
-6.29217
-6.24993
-6.2076
-6.16517
-6.12264
-6.08002
-6.03729
-5.99447
-5.95154
-5.90852
-5.86539
-5.82216
-5.77883
-5.7354
-5.69186
-5.64823
-5.60449
-5.56065
-5.5167
-5.47266
-5.42851
-5.38427
-5.33992
-5.29547
-5.25092
-5.20627
-5.16152
-5.11667
-5.07173
-5.02668
-4.98154
-4.93631
-4.89098
-4.84555
-4.80003
-4.75442
-4.70872
-4.66292
-4.61704
-4.57106
-4.525
-4.47885
-4.43262
-4.3863
-4.3399
-4.29342
-4.24686
-4.20022
-4.1535
-4.1067
-4.05983
-4.01289
-3.96587
-3.91878
-3.87162
-3.8244
-3.7771
-3.72974
-3.68232
-3.63482
-3.58726
-3.53963
-3.49194
-3.44417
-3.39633
-3.34842
-3.30043
-3.25236
-3.2042
-3.15595
-3.1076
-3.05913
-3.01055
-2.96183
-2.91296
-2.86392
-2.8147
-2.76528
-2.71562
-2.66572
-2.61557
-9.87743
-9.84088
-9.80355
-9.76544
-9.72653
-9.68681
-9.64626
-9.60488
-9.56268
-9.51969
-9.47594
-9.43149
-9.38642
-9.34084
-9.29487
-9.24862
-9.20222
-9.15577
-9.10935
-9.06303
-9.01685
-8.97086
-8.92507
-8.87953
-8.83423
-8.78918
-8.74439
-8.69986
-8.65559
-8.61156
-8.56777
-8.52422
-8.48089
-8.43778
-8.39488
-8.35216
-8.30963
-8.26727
-8.22506
-8.18299
-8.14106
-8.09924
-8.05753
-8.01592
-7.9744
-7.93295
-7.89157
-7.85024
-7.80895
-7.7677
-7.72648
-7.68528
-7.64409
-7.6029
-7.56172
-7.52052
-7.4793
-7.43805
-7.39678
-7.35548
-7.31413
-7.27274
-7.2313
-7.1898
-7.14825
-7.10663
-7.06495
-7.0232
-6.98137
-6.93948
-6.8975
-6.85544
-6.8133
-6.77108
-6.72877
-6.68637
-6.64388
-6.60129
-6.55861
-6.51584
-6.47297
-6.43001
-6.38694
-6.34378
-6.30051
-6.25715
-6.21368
-6.17011
-6.12644
-6.08267
-6.0388
-5.99482
-5.95073
-5.90654
-5.86225
-5.81785
-5.77335
-5.72874
-5.68403
-5.63922
-5.5943
-5.54928
-5.50415
-5.45892
-5.41359
-5.36816
-5.32263
-5.27699
-5.23126
-5.18542
-5.13949
-5.09346
-5.04733
-5.00111
-4.95479
-4.90838
-4.86187
-4.81526
-4.76857
-4.72179
-4.67491
-4.62795
-4.5809
-4.53376
-4.48654
-4.43924
-4.39185
-4.34438
-4.29684
-4.24922
-4.20151
-4.15374
-4.10589
-4.05797
-4.00997
-3.96191
-3.91378
-3.86558
-3.81731
-3.76897
-3.72056
-3.67209
-3.62355
-3.57493
-3.52624
-3.47748
-3.42864
-3.37972
-3.3307
-3.2816
-3.23239
-3.18307
-3.13362
-3.08404
-3.03431
-2.9844
-2.93431
-2.88401
-2.83348
-2.78269
-2.73164
-10.1071
-10.0698
-10.0317
-9.99278
-9.95308
-9.91256
-9.8712
-9.82901
-9.78599
-9.74217
-9.69759
-9.65229
-9.60638
-9.55996
-9.51314
-9.46606
-9.41884
-9.37159
-9.32438
-9.27728
-9.23034
-9.1836
-9.13708
-9.09081
-9.04478
-8.99902
-8.95352
-8.90828
-8.8633
-8.81858
-8.7741
-8.72986
-8.68585
-8.64206
-8.59848
-8.55509
-8.51188
-8.46885
-8.42597
-8.38324
-8.34064
-8.29816
-8.25579
-8.21352
-8.17134
-8.12924
-8.08719
-8.04521
-8.00327
-7.96136
-7.91949
-7.87763
-7.83578
-7.79394
-7.75209
-7.71023
-7.66836
-7.62645
-7.58452
-7.54255
-7.50055
-7.45849
-7.41638
-7.37422
-7.332
-7.28971
-7.24736
-7.20494
-7.16244
-7.11987
-7.07721
-7.03448
-6.99166
-6.94875
-6.90575
-6.86267
-6.81949
-6.77621
-6.73284
-6.68937
-6.64581
-6.60214
-6.55838
-6.51451
-6.47055
-6.42647
-6.3823
-6.33802
-6.29364
-6.24915
-6.20456
-6.15986
-6.11505
-6.07014
-6.02512
-5.98
-5.93476
-5.88943
-5.84398
-5.79843
-5.75278
-5.70702
-5.66115
-5.61518
-5.5691
-5.52292
-5.47664
-5.43025
-5.38376
-5.33717
-5.29048
-5.24369
-5.1968
-5.14982
-5.10273
-5.05555
-5.00827
-4.96089
-4.91343
-4.86587
-4.81822
-4.77047
-4.72264
-4.67473
-4.62672
-4.57863
-4.53046
-4.4822
-4.43387
-4.38545
-4.33696
-4.28839
-4.23974
-4.19102
-4.14223
-4.09336
-4.04443
-3.99542
-3.94635
-3.89721
-3.848
-3.79871
-3.74936
-3.69994
-3.65043
-3.60086
-3.5512
-3.50146
-3.45164
-3.40171
-3.35168
-3.30154
-3.25128
-3.20087
-3.15031
-3.09959
-3.04866
-2.99753
-2.94616
-2.89452
-2.84262
-10.288
-10.2492
-10.2095
-10.169
-10.1277
-10.0856
-10.0426
-9.9988
-9.95417
-9.90878
-9.86267
-9.81593
-9.76869
-9.72106
-9.67317
-9.62517
-9.57714
-9.52918
-9.48134
-9.43368
-9.38622
-9.33899
-9.29202
-9.24531
-9.19886
-9.15269
-9.10678
-9.06114
-9.01575
-8.97061
-8.92572
-8.88106
-8.83662
-8.79239
-8.74836
-8.70451
-8.66084
-8.61733
-8.57396
-8.53073
-8.48762
-8.44463
-8.40173
-8.35892
-8.31619
-8.27352
-8.23091
-8.18835
-8.14582
-8.10332
-8.06083
-8.01836
-7.97589
-7.93342
-7.89093
-7.84843
-7.8059
-7.76334
-7.72074
-7.6781
-7.63541
-7.59267
-7.54988
-7.50702
-7.4641
-7.42111
-7.37804
-7.3349
-7.29168
-7.24839
-7.205
-7.16153
-7.11798
-7.07433
-7.03059
-6.98675
-6.94282
-6.89879
-6.85466
-6.81044
-6.76611
-6.72168
-6.67714
-6.6325
-6.58776
-6.54291
-6.49795
-6.45289
-6.40773
-6.36245
-6.31707
-6.27157
-6.22597
-6.18026
-6.13444
-6.08852
-6.04248
-5.99634
-5.95009
-5.90373
-5.85727
-5.81069
-5.76401
-5.71723
-5.67033
-5.62333
-5.57623
-5.52902
-5.48172
-5.4343
-5.38679
-5.33917
-5.29146
-5.24364
-5.19573
-5.14772
-5.09961
-5.05141
-5.00311
-4.95472
-4.90623
-4.85766
-4.809
-4.76025
-4.71141
-4.66249
-4.61348
-4.56439
-4.51522
-4.46597
-4.41664
-4.36724
-4.31776
-4.2682
-4.21858
-4.16888
-4.11911
-4.06927
-4.01936
-3.96938
-3.91932
-3.8692
-3.819
-3.76873
-3.71838
-3.66795
-3.61743
-3.56683
-3.51612
-3.46532
-3.41439
-3.36335
-3.31216
-3.26082
-3.2093
-3.15759
-3.10567
-3.0535
-3.00106
-2.94833
-10.4557
-10.4153
-10.3741
-10.332
-10.2891
-10.2454
-10.2008
-10.1554
-10.1092
-10.0623
-10.0148
-9.96673
-9.91831
-9.86965
-9.82088
-9.77212
-9.72344
-9.6749
-9.62654
-9.57841
-9.53052
-9.48288
-9.43552
-9.38843
-9.34161
-9.29507
-9.24879
-9.20278
-9.15702
-9.1115
-9.06622
-9.02117
-8.97633
-8.93169
-8.88724
-8.84296
-8.79885
-8.75488
-8.71105
-8.66735
-8.62376
-8.58026
-8.53686
-8.49353
-8.45028
-8.40707
-8.36391
-8.32079
-8.2777
-8.23462
-8.19156
-8.1485
-8.10543
-8.06235
-8.01925
-7.97613
-7.93297
-7.88978
-7.84654
-7.80325
-7.75991
-7.71651
-7.67305
-7.62952
-7.58593
-7.54226
-7.49851
-7.45468
-7.41077
-7.36677
-7.32269
-7.27851
-7.23425
-7.18989
-7.14543
-7.10088
-7.05622
-7.01147
-6.96661
-6.92165
-6.87659
-6.83142
-6.78614
-6.74076
-6.69527
-6.64967
-6.60397
-6.55816
-6.51223
-6.4662
-6.42006
-6.3738
-6.32744
-6.28096
-6.23438
-6.18768
-6.14088
-6.09396
-6.04694
-5.9998
-5.95256
-5.90521
-5.85775
-5.81018
-5.7625
-5.71472
-5.66683
-5.61884
-5.57074
-5.52254
-5.47424
-5.42583
-5.37732
-5.32872
-5.28001
-5.2312
-5.1823
-5.1333
-5.08421
-5.03502
-4.98575
-4.93638
-4.88692
-4.83737
-4.78774
-4.73802
-4.68821
-4.63833
-4.58836
-4.53832
-4.48819
-4.43799
-4.38771
-4.33736
-4.28694
-4.23645
-4.18588
-4.13524
-4.08453
-4.03375
-3.98289
-3.93196
-3.88096
-3.82987
-3.77871
-3.72745
-3.67611
-3.62467
-3.57312
-3.52146
-3.46967
-3.41774
-3.36566
-3.3134
-3.26094
-3.20826
-3.15534
-3.10214
-3.04864
-10.6098
-10.5679
-10.5251
-10.4814
-10.437
-10.3916
-10.3455
-10.2985
-10.2509
-10.2026
-10.1538
-10.1046
-10.0552
-10.0057
-9.95623
-9.90687
-9.85766
-9.80865
-9.75987
-9.71135
-9.66309
-9.61511
-9.56741
-9.51999
-9.47285
-9.42598
-9.37937
-9.33302
-9.28692
-9.24106
-9.19543
-9.15002
-9.1048
-9.05978
-9.01493
-8.97025
-8.92572
-8.88132
-8.83706
-8.7929
-8.74885
-8.70488
-8.661
-8.61718
-8.57342
-8.5297
-8.48602
-8.44237
-8.39873
-8.35511
-8.31149
-8.26786
-8.22422
-8.18056
-8.13687
-8.09315
-8.04939
-8.00559
-7.96174
-7.91783
-7.87387
-7.82983
-7.78574
-7.74157
-7.69732
-7.653
-7.6086
-7.56411
-7.51953
-7.47487
-7.43011
-7.38526
-7.34032
-7.29527
-7.25013
-7.20488
-7.15954
-7.11409
-7.06853
-7.02287
-6.9771
-6.93123
-6.88524
-6.83915
-6.79295
-6.74663
-6.70021
-6.65368
-6.60703
-6.56027
-6.5134
-6.46642
-6.41932
-6.37211
-6.32479
-6.27736
-6.22982
-6.18217
-6.1344
-6.08653
-6.03854
-5.99044
-5.94223
-5.89392
-5.8455
-5.79696
-5.74833
-5.69958
-5.65073
-5.60178
-5.55272
-5.50356
-5.4543
-5.40494
-5.35547
-5.30591
-5.25625
-5.2065
-5.15665
-5.1067
-5.05667
-5.00654
-4.95632
-4.90601
-4.85562
-4.80515
-4.75458
-4.70394
-4.65322
-4.60241
-4.55153
-4.50057
-4.44954
-4.39843
-4.34725
-4.296
-4.24467
-4.19327
-4.1418
-4.09025
-4.03863
-3.98693
-3.93516
-3.8833
-3.83135
-3.77931
-3.72717
-3.67492
-3.62256
-3.57008
-3.51745
-3.46466
-3.4117
-3.35854
-3.30516
-3.25152
-3.19761
-3.14338
-10.7928
-10.7501
-10.7067
-10.6623
-10.6171
-10.571
-10.5241
-10.4765
-10.4281
-10.379
-10.3295
-10.2796
-10.2295
-10.1793
-10.1292
-10.0792
-10.0293
-9.97969
-9.93031
-9.8812
-9.83236
-9.7838
-9.73553
-9.68754
-9.63983
-9.5924
-9.54524
-9.49834
-9.4517
-9.40529
-9.35912
-9.31316
-9.26741
-9.22184
-9.17646
-9.13125
-9.08619
-9.04126
-8.99647
-8.95178
-8.9072
-8.86271
-8.8183
-8.77396
-8.72967
-8.68543
-8.64122
-8.59705
-8.55289
-8.50874
-8.46459
-8.42044
-8.37627
-8.33208
-8.28787
-8.24362
-8.19933
-8.155
-8.11062
-8.06618
-8.02168
-7.97711
-7.93248
-7.88777
-7.84299
-7.79812
-7.75318
-7.70815
-7.66303
-7.61782
-7.57252
-7.52712
-7.48162
-7.43603
-7.39033
-7.34453
-7.29863
-7.25262
-7.20651
-7.16028
-7.11395
-7.06751
-7.02096
-6.9743
-6.92753
-6.88065
-6.83365
-6.78655
-6.73932
-6.69199
-6.64454
-6.59697
-6.54929
-6.5015
-6.4536
-6.40558
-6.35745
-6.3092
-6.26084
-6.21237
-6.16379
-6.11509
-6.06629
-6.01737
-5.96835
-5.91921
-5.86997
-5.82062
-5.77116
-5.72159
-5.67193
-5.62215
-5.57227
-5.52229
-5.47221
-5.42203
-5.37175
-5.32137
-5.2709
-5.22033
-5.16966
-5.11891
-5.06806
-5.01713
-4.9661
-4.91499
-4.8638
-4.81252
-4.76115
-4.70971
-4.65819
-4.60659
-4.55492
-4.50317
-4.45134
-4.39945
-4.34747
-4.29543
-4.24331
-4.19111
-4.13884
-4.08649
-4.03406
-3.98155
-3.92895
-3.87625
-3.82346
-3.77056
-3.71754
-3.6644
-3.61112
-3.55768
-3.50406
-3.45024
-3.39619
-3.34189
-3.2873
-3.23239
-10.9205
-10.8764
-10.8313
-10.7854
-10.7387
-10.6911
-10.6427
-10.5936
-10.5438
-10.4936
-10.443
-10.3922
-10.3414
-10.2906
-10.24
-10.1896
-10.1394
-10.0894
-10.0398
-9.99038
-9.94128
-9.89247
-9.84396
-9.79573
-9.74778
-9.7001
-9.65269
-9.60553
-9.55862
-9.51193
-9.46547
-9.41922
-9.37316
-9.32728
-9.28157
-9.23601
-9.19059
-9.1453
-9.10012
-9.05505
-9.01007
-8.96517
-8.92033
-8.87556
-8.83083
-8.78613
-8.74146
-8.69682
-8.65218
-8.60754
-8.56289
-8.51824
-8.47356
-8.42885
-8.38411
-8.33933
-8.2945
-8.24962
-8.20468
-8.15968
-8.11462
-8.06949
-8.02428
-7.97899
-7.93363
-7.88818
-7.84264
-7.79701
-7.75129
-7.70548
-7.65957
-7.61356
-7.56745
-7.52124
-7.47492
-7.4285
-7.38197
-7.33533
-7.28859
-7.24173
-7.19477
-7.14769
-7.1005
-7.0532
-7.00578
-6.95825
-6.91061
-6.86285
-6.81497
-6.76698
-6.71887
-6.67065
-6.62231
-6.57386
-6.52529
-6.47661
-6.42782
-6.3789
-6.32988
-6.28074
-6.23148
-6.18212
-6.13264
-6.08305
-6.03335
-5.98354
-5.93363
-5.8836
-5.83347
-5.78323
-5.73288
-5.68243
-5.63187
-5.58121
-5.53045
-5.47959
-5.42863
-5.37758
-5.32642
-5.27517
-5.22383
-5.1724
-5.12087
-5.06926
-5.01756
-4.96577
-4.9139
-4.86194
-4.8099
-4.75778
-4.70559
-4.65331
-4.60096
-4.54854
-4.49604
-4.44346
-4.39081
-4.33809
-4.28529
-4.23241
-4.17945
-4.12641
-4.07329
-4.02008
-3.96678
-3.91337
-3.85986
-3.80623
-3.75248
-3.69858
-3.64453
-3.5903
-3.53587
-3.4812
-3.42628
-3.37106
-3.31552
-11.0339
-10.9882
-10.9417
-10.8942
-10.846
-10.7969
-10.7471
-10.6967
-10.6458
-10.5945
-10.5431
-10.4916
-10.4403
-10.3891
-10.3381
-10.2874
-10.2369
-10.1867
-10.1369
-10.0873
-10.038
-9.98896
-9.94024
-9.89181
-9.84365
-9.79577
-9.74813
-9.70075
-9.6536
-9.60667
-9.55995
-9.51343
-9.46709
-9.42092
-9.3749
-9.32902
-9.28327
-9.23764
-9.19212
-9.14668
-9.10132
-9.05603
-9.0108
-8.96562
-8.92047
-8.87535
-8.83025
-8.78516
-8.74006
-8.69496
-8.64985
-8.60472
-8.55955
-8.51435
-8.46911
-8.42383
-8.37849
-8.33309
-8.28763
-8.2421
-8.19651
-8.15083
-8.10508
-8.05925
-8.01333
-7.96732
-7.92123
-7.87504
-7.82875
-7.78237
-7.73588
-7.68929
-7.6426
-7.59581
-7.5489
-7.50189
-7.45477
-7.40754
-7.3602
-7.31274
-7.26518
-7.2175
-7.1697
-7.12179
-7.07376
-7.02562
-6.97736
-6.92899
-6.8805
-6.83189
-6.78316
-6.73432
-6.68536
-6.63628
-6.58709
-6.53778
-6.48836
-6.43882
-6.38916
-6.33939
-6.28951
-6.23951
-6.1894
-6.13918
-6.08884
-6.0384
-5.98785
-5.93719
-5.88642
-5.83554
-5.78455
-5.73347
-5.68227
-5.63098
-5.57958
-5.52808
-5.47648
-5.42479
-5.373
-5.32111
-5.26913
-5.21706
-5.1649
-5.11265
-5.06031
-5.00789
-4.95538
-4.90279
-4.85012
-4.79737
-4.74454
-4.69163
-4.63865
-4.58559
-4.53246
-4.47925
-4.42596
-4.3726
-4.31916
-4.26564
-4.21204
-4.15835
-4.10458
-4.05071
-3.99673
-3.94266
-3.88846
-3.83414
-3.77968
-3.72506
-3.67026
-3.61526
-3.56003
-3.50453
-3.44874
-3.3926
-11.1789
-11.1326
-11.0855
-11.0374
-10.9885
-10.9388
-10.8884
-10.8373
-10.7857
-10.7338
-10.6817
-10.6297
-10.5779
-10.5261
-10.4747
-10.4234
-10.3725
-10.3219
-10.2715
-10.2215
-10.1717
-10.1222
-10.0731
-10.0242
-9.97561
-9.92729
-9.87922
-9.83141
-9.78383
-9.73647
-9.68932
-9.64237
-9.59561
-9.54901
-9.50258
-9.45628
-9.41011
-9.36406
-9.31812
-9.27226
-9.22649
-9.18078
-9.13513
-9.08953
-9.04397
-8.99843
-8.95291
-8.9074
-8.86189
-8.81638
-8.77084
-8.72529
-8.67971
-8.63409
-8.58843
-8.54272
-8.49696
-8.45114
-8.40525
-8.3593
-8.31328
-8.26718
-8.221
-8.17474
-8.12839
-8.08195
-8.03542
-7.9888
-7.94208
-7.89526
-7.84833
-7.80131
-7.75418
-7.70694
-7.65959
-7.61214
-7.56457
-7.5169
-7.46911
-7.4212
-7.37319
-7.32505
-7.27681
-7.22844
-7.17996
-7.13136
-7.08265
-7.03381
-6.98486
-6.93579
-6.8866
-6.83729
-6.78786
-6.73832
-6.68866
-6.63888
-6.58899
-6.53897
-6.48884
-6.4386
-6.38824
-6.33776
-6.28717
-6.23647
-6.18565
-6.13473
-6.08369
-6.03254
-5.98128
-5.92992
-5.87844
-5.82687
-5.77518
-5.72339
-5.6715
-5.6195
-5.56741
-5.51522
-5.46293
-5.41054
-5.35806
-5.30549
-5.25283
-5.20007
-5.14723
-5.0943
-5.04129
-4.98819
-4.93501
-4.88175
-4.82841
-4.77499
-4.7215
-4.66793
-4.61428
-4.56055
-4.50675
-4.45287
-4.39891
-4.34488
-4.29076
-4.23655
-4.18226
-4.12787
-4.07338
-4.01878
-3.96406
-3.90922
-3.85424
-3.7991
-3.74378
-3.68826
-3.63251
-3.57649
-3.52016
-3.46349
-11.2643
-11.2165
-11.1679
-11.1183
-11.068
-11.0169
-10.9652
-10.913
-10.8605
-10.808
-10.7554
-10.703
-10.6508
-10.5989
-10.5472
-10.4959
-10.4448
-10.394
-10.3436
-10.2934
-10.2435
-10.194
-10.1447
-10.0957
-10.047
-9.99851
-9.9503
-9.90232
-9.85458
-9.80705
-9.75971
-9.71256
-9.66558
-9.61876
-9.57208
-9.52553
-9.4791
-9.43277
-9.38654
-9.34039
-9.2943
-9.24828
-9.2023
-9.15635
-9.11044
-9.06454
-9.01865
-8.97276
-8.92686
-8.88095
-8.83501
-8.78905
-8.74305
-8.69701
-8.65091
-8.60477
-8.55856
-8.51229
-8.46596
-8.41954
-8.37306
-8.32649
-8.27983
-8.23309
-8.18626
-8.13934
-8.09232
-8.0452
-7.99799
-7.95067
-7.90324
-7.85571
-7.80807
-7.76033
-7.71247
-7.6645
-7.61642
-7.56822
-7.51991
-7.47148
-7.42294
-7.37428
-7.3255
-7.2766
-7.22759
-7.17846
-7.1292
-7.07983
-7.03034
-6.98073
-6.931
-6.88115
-6.83118
-6.78109
-6.73089
-6.68056
-6.63012
-6.57956
-6.52888
-6.47808
-6.42717
-6.37615
-6.32501
-6.27375
-6.22239
-6.17091
-6.11932
-6.06762
-6.01581
-5.96389
-5.91186
-5.85973
-5.80749
-5.75515
-5.70271
-5.65016
-5.59752
-5.54477
-5.49193
-5.439
-5.38597
-5.33285
-5.27963
-5.22633
-5.17294
-5.11947
-5.06591
-5.01226
-4.95854
-4.90473
-4.85085
-4.79689
-4.74285
-4.68874
-4.63454
-4.58027
-4.52592
-4.4715
-4.41699
-4.3624
-4.30772
-4.25295
-4.19809
-4.14312
-4.08806
-4.03287
-3.97755
-3.92209
-3.86648
-3.81069
-3.75469
-3.69847
-3.64198
-3.58518
-3.52801
-11.3346
-11.2853
-11.2352
-11.1843
-11.1326
-11.0803
-11.0275
-10.9745
-10.9214
-10.8684
-10.8155
-10.7629
-10.7105
-10.6585
-10.6067
-10.5553
-10.5041
-10.4533
-10.4027
-10.3525
-10.3026
-10.2529
-10.2036
-10.1545
-10.1057
-10.0571
-10.0088
-9.96071
-9.91283
-9.86515
-9.81765
-9.77033
-9.72316
-9.67614
-9.62925
-9.58248
-9.53581
-9.48924
-9.44274
-9.39632
-9.34995
-9.30363
-9.25735
-9.21109
-9.16485
-9.11862
-9.07239
-9.02615
-8.9799
-8.93362
-8.88731
-8.84097
-8.79458
-8.74815
-8.70166
-8.6551
-8.60849
-8.5618
-8.51504
-8.46821
-8.42129
-8.37428
-8.32719
-8.28001
-8.23273
-8.18536
-8.13789
-8.09031
-8.04264
-7.99485
-7.94696
-7.89896
-7.85085
-7.80263
-7.7543
-7.70585
-7.65729
-7.60861
-7.55982
-7.5109
-7.46187
-7.41273
-7.36346
-7.31407
-7.26456
-7.21494
-7.16519
-7.11532
-7.06533
-7.01521
-6.96498
-6.91463
-6.86416
-6.81357
-6.76286
-6.71203
-6.66108
-6.61002
-6.55883
-6.50753
-6.45611
-6.40458
-6.35293
-6.30117
-6.2493
-6.19731
-6.14521
-6.093
-6.04068
-5.98825
-5.93572
-5.88308
-5.83033
-5.77748
-5.72453
-5.67148
-5.61833
-5.56508
-5.51174
-5.4583
-5.40476
-5.35114
-5.29742
-5.24362
-5.18973
-5.13575
-5.08169
-5.02755
-4.97333
-4.91903
-4.86465
-4.81019
-4.75566
-4.70104
-4.64635
-4.59158
-4.53673
-4.4818
-4.42678
-4.37168
-4.31649
-4.2612
-4.20581
-4.15032
-4.0947
-4.03896
-3.98308
-3.92704
-3.87083
-3.81441
-3.75777
-3.70085
-3.64362
-3.58602
-11.3893
-11.3387
-11.2872
-11.235
-11.1821
-11.1288
-11.0753
-11.0217
-10.9682
-10.915
-10.862
-10.8093
-10.7569
-10.7047
-10.6529
-10.6015
-10.5503
-10.4994
-10.4489
-10.3986
-10.3487
-10.299
-10.2496
-10.2005
-10.1516
-10.103
-10.0546
-10.0064
-9.95841
-9.91061
-9.86298
-9.81551
-9.76818
-9.72099
-9.67392
-9.62695
-9.58007
-9.53328
-9.48655
-9.43988
-9.39326
-9.34668
-9.30012
-9.25358
-9.20705
-9.16052
-9.11398
-9.06742
-9.02084
-8.97423
-8.92758
-8.88089
-8.83415
-8.78736
-8.7405
-8.69358
-8.64658
-8.59952
-8.55237
-8.50514
-8.45783
-8.41043
-8.36293
-8.31534
-8.26765
-8.21987
-8.17198
-8.12399
-8.07589
-8.02768
-7.97936
-7.93093
-7.88239
-7.83374
-7.78497
-7.73608
-7.68708
-7.63796
-7.58872
-7.53936
-7.48988
-7.44029
-7.39057
-7.34073
-7.29077
-7.24069
-7.19048
-7.14016
-7.08971
-7.03914
-6.98845
-6.93765
-6.88671
-6.83566
-6.78449
-6.7332
-6.68179
-6.63026
-6.57861
-6.52685
-6.47497
-6.42297
-6.37086
-6.31863
-6.2663
-6.21385
-6.16128
-6.10861
-6.05583
-6.00294
-5.94994
-5.89684
-5.84363
-5.79032
-5.73691
-5.6834
-5.62979
-5.57608
-5.52228
-5.46838
-5.41439
-5.36031
-5.30614
-5.25188
-5.19754
-5.14311
-5.0886
-5.03401
-4.97934
-4.92459
-4.86976
-4.81485
-4.75987
-4.7048
-4.64966
-4.59444
-4.53913
-4.48374
-4.42826
-4.37269
-4.31703
-4.26126
-4.20539
-4.1494
-4.09329
-4.03703
-3.98061
-3.92403
-3.86724
-3.81022
-3.75294
-3.69533
-3.63735
-11.4797
-11.4285
-11.3766
-11.3238
-11.2704
-11.2166
-11.1626
-11.1086
-11.0548
-11.0012
-10.9478
-10.8948
-10.8421
-10.7897
-10.7376
-10.6858
-10.6344
-10.5832
-10.5324
-10.4819
-10.4316
-10.3817
-10.332
-10.2826
-10.2335
-10.1846
-10.1359
-10.0875
-10.0392
-9.99114
-9.94325
-9.89551
-9.84793
-9.80047
-9.75314
-9.70591
-9.65877
-9.61171
-9.56473
-9.5178
-9.47092
-9.42407
-9.37726
-9.33045
-9.28366
-9.23687
-9.19007
-9.14325
-9.09641
-9.04954
-9.00263
-8.95567
-8.90867
-8.86161
-8.81448
-8.7673
-8.72004
-8.6727
-8.62529
-8.57779
-8.53021
-8.48254
-8.43478
-8.38692
-8.33896
-8.2909
-8.24274
-8.19447
-8.14609
-8.09761
-8.04902
-8.00031
-7.95149
-7.90256
-7.85351
-7.80434
-7.75506
-7.70566
-7.65614
-7.6065
-7.55673
-7.50685
-7.45685
-7.40672
-7.35647
-7.3061
-7.25561
-7.20499
-7.15426
-7.1034
-7.05242
-7.00131
-6.95009
-6.89874
-6.84727
-6.79568
-6.74397
-6.69215
-6.6402
-6.58813
-6.53595
-6.48365
-6.43124
-6.37871
-6.32607
-6.27331
-6.22045
-6.16747
-6.11438
-6.06118
-6.00787
-5.95446
-5.90094
-5.84732
-5.7936
-5.73977
-5.68585
-5.63183
-5.57771
-5.5235
-5.4692
-5.4148
-5.36031
-5.30574
-5.25108
-5.19633
-5.1415
-5.08659
-5.0316
-4.97653
-4.92138
-4.86615
-4.81084
-4.75545
-4.69998
-4.64443
-4.5888
-4.53309
-4.47729
-4.42139
-4.36541
-4.30931
-4.25312
-4.1968
-4.14036
-4.08377
-4.02703
-3.97012
-3.91301
-3.85568
-3.79808
-3.74015
-3.68183
-11.5044
-11.452
-11.3987
-11.3448
-11.2905
-11.2361
-11.1818
-11.1276
-11.0737
-11.0201
-10.9668
-10.9138
-10.8612
-10.8088
-10.7568
-10.7051
-10.6538
-10.6027
-10.5519
-10.5015
-10.4513
-10.4014
-10.3518
-10.3024
-10.2533
-10.2044
-10.1557
-10.1072
-10.059
-10.0108
-9.96289
-9.91508
-9.86741
-9.81985
-9.7724
-9.72505
-9.67777
-9.63057
-9.58342
-9.53632
-9.48926
-9.44222
-9.3952
-9.34819
-9.30117
-9.25415
-9.20712
-9.16005
-9.11296
-9.06583
-9.01865
-8.97143
-8.92414
-8.8768
-8.82939
-8.7819
-8.73435
-8.68671
-8.63899
-8.59118
-8.54328
-8.49529
-8.4472
-8.39901
-8.35072
-8.30233
-8.25383
-8.20523
-8.15651
-8.10769
-8.05875
-8.00969
-7.96053
-7.91124
-7.86184
-7.81232
-7.76268
-7.71292
-7.66304
-7.61304
-7.56292
-7.51267
-7.46231
-7.41182
-7.3612
-7.31046
-7.2596
-7.20862
-7.15752
-7.10629
-7.05494
-7.00346
-6.95187
-6.90015
-6.84831
-6.79635
-6.74427
-6.69207
-6.63976
-6.58732
-6.53477
-6.4821
-6.42932
-6.37642
-6.3234
-6.27028
-6.21704
-6.16369
-6.11023
-6.05667
-6.00299
-5.94922
-5.89533
-5.84135
-5.78726
-5.73307
-5.67879
-5.62441
-5.56993
-5.51536
-5.46069
-5.40594
-5.3511
-5.29617
-5.24115
-5.18606
-5.13087
-5.07561
-5.02027
-4.96485
-4.90935
-4.85377
-4.79811
-4.74237
-4.68655
-4.63064
-4.57466
-4.51858
-4.46241
-4.40615
-4.34978
-4.29331
-4.23672
-4.18
-4.12315
-4.06614
-4.00895
-3.95157
-3.89397
-3.83611
-3.77792
-3.71932
-11.5131
-11.4594
-11.4051
-11.3503
-11.2956
-11.241
-11.1865
-11.1324
-11.0785
-11.025
-10.9718
-10.919
-10.8664
-10.8142
-10.7624
-10.7108
-10.6595
-10.6086
-10.5579
-10.5076
-10.4575
-10.4077
-10.3581
-10.3088
-10.2598
-10.2109
-10.1622
-10.1138
-10.0655
-10.0174
-9.96937
-9.92152
-9.87379
-9.82616
-9.77863
-9.73117
-9.68379
-9.63647
-9.58919
-9.54195
-9.49474
-9.44754
-9.40035
-9.35316
-9.30596
-9.25875
-9.21151
-9.16424
-9.11692
-9.06957
-9.02216
-8.9747
-8.92718
-8.87958
-8.83192
-8.78418
-8.73636
-8.68846
-8.64047
-8.59238
-8.54421
-8.49593
-8.44756
-8.39909
-8.35051
-8.30183
-8.25303
-8.20413
-8.15512
-8.10599
-8.05675
-8.00739
-7.95792
-7.90832
-7.85861
-7.80878
-7.75883
-7.70876
-7.65856
-7.60825
-7.55781
-7.50724
-7.45656
-7.40575
-7.35481
-7.30376
-7.25257
-7.20127
-7.14984
-7.09829
-7.04662
-6.99482
-6.9429
-6.89086
-6.8387
-6.78642
-6.73401
-6.68149
-6.62885
-6.57609
-6.52322
-6.47023
-6.41712
-6.3639
-6.31057
-6.25712
-6.20356
-6.1499
-6.09612
-6.04224
-5.98825
-5.93415
-5.87995
-5.82565
-5.77125
-5.71675
-5.66216
-5.60746
-5.55268
-5.4978
-5.44283
-5.38777
-5.33263
-5.27739
-5.22208
-5.16668
-5.1112
-5.05564
-5
-4.94428
-4.88848
-4.8326
-4.77664
-4.7206
-4.66447
-4.60826
-4.55197
-4.49558
-4.43909
-4.3825
-4.32581
-4.269
-4.21206
-4.15498
-4.09775
-4.04035
-3.98275
-3.92494
-3.86686
-3.80846
-3.74965
-11.5055
-11.4507
-11.3957
-11.3407
-11.2858
-11.2312
-11.1768
-11.1228
-11.0691
-11.0158
-10.9628
-10.9101
-10.8577
-10.8057
-10.754
-10.7026
-10.6515
-10.6007
-10.5502
-10.5
-10.4501
-10.4004
-10.3509
-10.3017
-10.2527
-10.2039
-10.1553
-10.1069
-10.0586
-10.0105
-9.96252
-9.91466
-9.8669
-9.81923
-9.77164
-9.72413
-9.67667
-9.62926
-9.58188
-9.53453
-9.4872
-9.43988
-9.39256
-9.34522
-9.29787
-9.2505
-9.20309
-9.15565
-9.10816
-9.06061
-9.01301
-8.96535
-8.91763
-8.86982
-8.82195
-8.77399
-8.72595
-8.67782
-8.6296
-8.58128
-8.53287
-8.48436
-8.43574
-8.38703
-8.3382
-8.28927
-8.24022
-8.19107
-8.1418
-8.09241
-8.04291
-7.99329
-7.94355
-7.8937
-7.84372
-7.79362
-7.7434
-7.69306
-7.6426
-7.59201
-7.5413
-7.49047
-7.43951
-7.38842
-7.33722
-7.28589
-7.23443
-7.18285
-7.13115
-7.07932
-7.02737
-6.9753
-6.92311
-6.87079
-6.81836
-6.7658
-6.71312
-6.66033
-6.60741
-6.55438
-6.50123
-6.44797
-6.39459
-6.3411
-6.2875
-6.23378
-6.17996
-6.12602
-6.07198
-6.01783
-5.96357
-5.90921
-5.85475
-5.80019
-5.74553
-5.69077
-5.63591
-5.58096
-5.52592
-5.47079
-5.41557
-5.36026
-5.30486
-5.24938
-5.19382
-5.13817
-5.08245
-5.02664
-4.97075
-4.91479
-4.85874
-4.80261
-4.7464
-4.69011
-4.63373
-4.57727
-4.52071
-4.46406
-4.4073
-4.35044
-4.29346
-4.23636
-4.17911
-4.12171
-4.06415
-4.00639
-3.94841
-3.89017
-3.83162
-3.77265
-11.5367
-11.4815
-11.4262
-11.3711
-11.316
-11.2612
-11.2067
-11.1526
-11.0988
-11.0454
-10.9922
-10.9395
-10.887
-10.8349
-10.7831
-10.7316
-10.6804
-10.6295
-10.5789
-10.5286
-10.4786
-10.4288
-10.3793
-10.33
-10.2809
-10.232
-10.1833
-10.1348
-10.0864
-10.0382
-9.99014
-9.94218
-9.89433
-9.84657
-9.7989
-9.75129
-9.70374
-9.65624
-9.60878
-9.56134
-9.51392
-9.4665
-9.41909
-9.37167
-9.32423
-9.27676
-9.22926
-9.18173
-9.13415
-9.08651
-9.03882
-8.99107
-8.94325
-8.89535
-8.84738
-8.79933
-8.7512
-8.70298
-8.65466
-8.60625
-8.55775
-8.50914
-8.46043
-8.41162
-8.3627
-8.31367
-8.26453
-8.21528
-8.16591
-8.11643
-8.06683
-8.01712
-7.96728
-7.91733
-7.86725
-7.81706
-7.76674
-7.7163
-7.66574
-7.61505
-7.56424
-7.51331
-7.46225
-7.41106
-7.35976
-7.30832
-7.25677
-7.20509
-7.15328
-7.10135
-7.0493
-6.99713
-6.94483
-6.89241
-6.83987
-6.78721
-6.73443
-6.68153
-6.62851
-6.57537
-6.52212
-6.46875
-6.41527
-6.36167
-6.30796
-6.25414
-6.2002
-6.14616
-6.09201
-6.03775
-5.98339
-5.92892
-5.87435
-5.81968
-5.76491
-5.71004
-5.65508
-5.60002
-5.54487
-5.48962
-5.43429
-5.37887
-5.32336
-5.26777
-5.2121
-5.15634
-5.1005
-5.04458
-4.98858
-4.93251
-4.87635
-4.82011
-4.76379
-4.70738
-4.65089
-4.59432
-4.53764
-4.48088
-4.42401
-4.36704
-4.30994
-4.25272
-4.19537
-4.13786
-4.08018
-4.02231
-3.96422
-3.90588
-3.84723
-3.78816
-11.4999
-11.4444
-11.3892
-11.334
-11.2791
-11.2245
-11.1703
-11.1165
-11.063
-11.0098
-10.957
-10.9045
-10.8523
-10.8004
-10.7489
-10.6976
-10.6467
-10.5961
-10.5457
-10.4956
-10.4458
-10.3962
-10.3468
-10.2977
-10.2487
-10.2
-10.1514
-10.103
-10.0547
-10.0066
-9.95859
-9.91069
-9.86288
-9.81515
-9.76749
-9.71989
-9.67234
-9.62482
-9.57733
-9.52985
-9.48239
-9.43492
-9.38744
-9.33995
-9.29243
-9.24488
-9.19728
-9.14965
-9.10196
-9.05422
-9.00641
-8.95853
-8.91058
-8.86256
-8.81445
-8.76626
-8.71799
-8.66962
-8.62115
-8.57259
-8.52393
-8.47516
-8.42629
-8.37732
-8.32823
-8.27903
-8.22972
-8.1803
-8.13076
-8.08111
-8.03133
-7.98144
-7.93143
-7.88129
-7.83104
-7.78066
-7.73017
-7.67954
-7.6288
-7.57793
-7.52694
-7.47582
-7.42457
-7.3732
-7.32171
-7.27009
-7.21835
-7.16649
-7.1145
-7.06239
-7.01015
-6.95779
-6.90531
-6.85271
-6.79998
-6.74714
-6.69418
-6.6411
-6.5879
-6.53458
-6.48115
-6.4276
-6.37394
-6.32017
-6.26628
-6.21228
-6.15818
-6.10396
-6.04964
-5.99521
-5.94068
-5.88604
-5.83131
-5.77647
-5.72154
-5.66651
-5.61139
-5.55617
-5.50086
-5.44546
-5.38997
-5.3344
-5.27874
-5.223
-5.16718
-5.11128
-5.05529
-4.99922
-4.94308
-4.88685
-4.83055
-4.77416
-4.71769
-4.66113
-4.60448
-4.54775
-4.49091
-4.43398
-4.37694
-4.31978
-4.26249
-4.20507
-4.14749
-4.08975
-4.03181
-3.97366
-3.91526
-3.85655
-3.79744
)
;

boundaryField
{
    inlet
    {
        type            fixedValue;
        value           nonuniform List<scalar> 0();
    }
    outlet
    {
        type            fixedValue;
        value           nonuniform List<scalar> 0();
    }
    lowerWall
    {
        type            zeroGradient;
    }
    upperWall
    {
        type            zeroGradient;
    }
    frontAndBack
    {
        type            zeroGradient;
    }
    procBoundary9to0
    {
        type            processor;
        value           nonuniform List<scalar> 
36
(
1.50133
1.50981
1.51799
1.52586
1.5334
1.54061
1.54749
1.55404
1.56028
1.56623
1.57191
1.57734
1.58255
1.58757
1.59244
1.59718
1.60183
1.60642
1.611
1.61559
1.62024
1.62498
1.62984
1.63486
1.64006
1.64548
1.65114
1.65707
1.66329
1.66982
1.67665
1.68379
1.69124
1.69898
1.707
1.71523
)
;
    }
    procBoundary9to3
    {
        type            processor;
        value           nonuniform List<scalar> 
85
(
1.06915
0.645951
0.233018
0.233018
-0.178201
-0.178201
-0.587281
-0.587281
-1.00493
-1.4091
-1.4091
-1.81004
-1.81004
-2.2199
-2.61376
-2.61376
-3.00331
-3.00331
-3.38805
-3.38805
-3.78265
-4.15742
-4.15742
-4.52632
-4.52632
-4.90612
-5.26298
-5.26298
-5.61292
-5.61292
-5.95544
-5.95544
-6.31077
-6.63843
-6.63843
-6.95766
-6.95766
-7.26799
-7.26799
-7.5937
-7.88641
-7.88641
-8.16919
-8.16919
-8.46952
-8.73274
-8.73274
-8.98506
-8.98506
-9.22602
-9.22602
-9.48801
-9.70678
-9.70678
-9.91325
-9.91325
-10.1434
-10.3259
-10.3259
-10.4952
-10.4952
-10.6509
-10.6509
-10.8344
-10.9637
-10.9637
-11.0787
-11.0787
-11.2242
-11.3111
-11.3111
-11.3828
-11.3828
-11.4391
-11.4391
-11.5299
-11.556
-11.556
-11.566
-11.566
-11.5596
-11.5596
-11.591
-11.5554
-11.5554
)
;
    }
    procBoundary9to4
    {
        type            processor;
        value           nonuniform List<scalar> 
50
(
2.67649
2.48048
2.28479
2.08959
1.89501
1.70122
1.50836
1.31659
1.12606
0.936912
0.74931
0.563401
0.379336
0.197267
0.017345
-0.160278
-0.335451
-0.508021
-0.677836
-0.844743
-1.00859
-1.16922
-1.32649
-1.48024
-1.63032
-1.77657
-1.91884
-2.05699
-2.19084
-2.32026
-2.44508
-2.56515
-2.68032
-2.79043
-2.89533
-2.99485
-3.08885
-3.17717
-3.25965
-3.33613
-3.40645
-3.47047
-3.52802
-3.57894
-3.62307
-3.66026
-3.69034
-3.71315
-3.72852
-3.73771
)
;
    }
    procBoundary9to6
    {
        type            processor;
        value           nonuniform List<scalar> 
148
(
1.7235
1.73174
1.73999
1.74824
1.75648
1.76474
1.77301
1.78129
1.78958
1.79788
1.80618
1.81448
1.82278
1.83106
1.83934
1.84761
1.85586
1.8641
1.87232
1.88052
1.8887
1.89686
1.905
1.91312
1.92123
1.92931
1.93737
1.9454
1.95342
1.96142
1.9694
1.97737
1.98532
1.99324
2.00116
2.00905
2.01693
2.02479
2.03264
2.04048
2.0483
2.05612
2.06392
2.07171
2.07949
2.08726
2.09502
2.10278
2.11052
2.11826
2.12599
2.13371
2.14142
2.14913
2.15683
2.16453
2.17221
2.1799
2.18758
2.19525
2.20292
2.21059
2.21825
2.22591
2.23356
2.24121
2.24886
2.25651
2.26415
2.27179
2.27943
2.28706
2.29469
2.30232
2.30995
2.31758
2.3252
2.33282
2.34044
2.34806
2.35568
2.3633
2.37091
2.37853
2.38614
2.39375
2.40136
2.40898
2.41659
2.42419
2.4318
2.43941
2.44702
2.45462
2.46223
2.46984
2.47744
2.48505
2.49265
2.50026
2.50787
2.51547
2.52308
2.53068
2.53829
2.54589
2.5535
2.56111
2.56871
2.57632
2.58393
2.59154
2.59915
2.60676
2.61437
2.62198
2.62959
2.6372
2.64481
2.65243
2.66004
2.66766
2.67527
2.68289
2.69051
2.69813
2.70575
2.71337
2.72099
2.72861
2.73623
2.74384
2.75146
2.75908
2.76669
2.7743
2.78191
2.78951
2.7971
2.80469
2.81227
2.81985
2.82741
2.83496
2.84251
2.85004
2.85759
2.86508
)
;
    }
}


// ************************************************************************* //
