/*--------------------------------*- C++ -*----------------------------------*\
| =========                 |                                                 |
| \\      /  F ield         | OpenFOAM: The Open Source CFD Toolbox           |
|  \\    /   O peration     | Version:  2512                                  |
|   \\  /    A nd           | Website:  www.openfoam.com                      |
|    \\/     M anipulation  |                                                 |
\*---------------------------------------------------------------------------*/
FoamFile
{
    version     2.0;
    format      ascii;
    arch        "LSB;label=32;scalar=64";
    class       volScalarField;
    location    "0.1";
    object      Ux;
}
// * * * * * * * * * * * * * * * * * * * * * * * * * * * * * * * * * * * * * //

dimensions      [0 1 -1 0 0 0 0];

internalField   nonuniform List<scalar> 
8334
(
0.0629882
0.0630005
0.0630106
0.0630205
0.0630311
0.0630417
0.0630519
0.063062
0.0630721
0.0630821
0.0630922
0.0631022
0.0631122
0.0631221
0.0631321
0.063142
0.0631519
0.0631618
0.0631716
0.0631814
0.0631912
0.063201
0.0632107
0.0632205
0.0632302
0.0632399
0.0632496
0.0632591
0.0632689
0.0632784
0.0632882
0.0632977
0.0633075
0.0633174
0.0633274
0.0633391
0.0633479
0.0633555
0.0633652
0.0633745
0.0633831
0.0633917
0.0634005
0.0634093
0.0634181
0.0634269
0.0634356
0.0634444
0.0634531
0.0634618
0.0634704
0.0634791
0.0634877
0.0634963
0.0635049
0.0635135
0.063522
0.0635305
0.063539
0.0635475
0.0635559
0.0635643
0.0635727
0.063581
0.0635894
0.0635977
0.063606
0.0636142
0.0636224
0.0636306
0.0636388
0.063647
0.0636551
0.0636632
0.0636712
0.0636793
0.0636873
0.0636953
0.0637032
0.0637112
0.0637191
0.0637269
0.0637348
0.0637426
0.0637504
0.0637581
0.0637659
0.0637736
0.0637812
0.0637889
0.0637965
0.0638041
0.0638117
0.0638192
0.0638267
0.0638342
0.0638416
0.063849
0.0638564
0.0638637
0.0638711
0.0638783
0.0638856
0.0638928
0.0639
0.0639072
0.0639143
0.0639215
0.0639285
0.0639356
0.0639426
0.0639496
0.0639565
0.0639635
0.0639703
0.0639772
0.063984
0.0639908
0.0639976
0.0640043
0.064011
0.0640177
0.0640243
0.0640309
0.0640375
0.064044
0.0640505
0.064057
0.0640635
0.0640699
0.0640762
0.0640826
0.0640889
0.0640951
0.0641014
0.0641076
0.0641138
0.0641199
0.064126
0.0641321
0.0641381
0.0641441
0.0641501
0.064156
0.0641619
0.0641678
0.0641736
0.0641794
0.0641852
0.0641909
0.0641966
0.0642023
0.0642079
0.0642135
0.064219
0.0642245
0.06423
0.0642355
0.0642409
0.0642462
0.0642516
0.0642569
0.0642621
0.0642674
0.0642725
0.0642777
0.0642828
0.0642879
0.0642929
0.0642979
0.0643029
0.0643078
0.0643127
0.0643176
0.0643224
0.0643272
0.064332
0.0643366
0.0643414
0.0643459
0.0643505
0.0643552
0.0643595
0.0643651
0.0629882
0.063001
0.0630101
0.0630208
0.0630313
0.0630418
0.0630519
0.0630621
0.0630722
0.0630822
0.0630922
0.0631023
0.0631123
0.0631222
0.0631321
0.063142
0.0631519
0.0631618
0.0631717
0.0631815
0.0631913
0.0632011
0.0632108
0.0632205
0.0632303
0.0632399
0.0632497
0.0632593
0.063269
0.0632785
0.0632883
0.0632977
0.0633075
0.0633174
0.0633273
0.0633385
0.0633476
0.0633555
0.0633651
0.0633744
0.063383
0.0633916
0.0634005
0.0634093
0.0634181
0.0634269
0.0634356
0.0634444
0.0634531
0.0634618
0.0634704
0.0634791
0.0634877
0.0634963
0.0635049
0.0635135
0.063522
0.0635305
0.063539
0.0635475
0.0635559
0.0635643
0.0635727
0.063581
0.0635894
0.0635977
0.063606
0.0636142
0.0636224
0.0636306
0.0636388
0.063647
0.0636551
0.0636632
0.0636712
0.0636793
0.0636873
0.0636953
0.0637032
0.0637112
0.0637191
0.0637269
0.0637348
0.0637426
0.0637504
0.0637581
0.0637659
0.0637736
0.0637812
0.0637889
0.0637965
0.0638041
0.0638117
0.0638192
0.0638267
0.0638342
0.0638416
0.063849
0.0638564
0.0638637
0.0638711
0.0638783
0.0638856
0.0638928
0.0639
0.0639072
0.0639143
0.0639215
0.0639285
0.0639356
0.0639426
0.0639496
0.0639565
0.0639635
0.0639703
0.0639772
0.063984
0.0639908
0.0639976
0.0640043
0.064011
0.0640177
0.0640243
0.0640309
0.0640375
0.064044
0.0640505
0.064057
0.0640634
0.0640699
0.0640762
0.0640826
0.0640889
0.0640951
0.0641014
0.0641076
0.0641138
0.0641199
0.064126
0.0641321
0.0641381
0.0641441
0.0641501
0.064156
0.0641619
0.0641678
0.0641736
0.0641794
0.0641852
0.0641909
0.0641966
0.0642022
0.0642079
0.0642135
0.064219
0.0642245
0.06423
0.0642354
0.0642408
0.0642462
0.0642516
0.0642569
0.0642621
0.0642673
0.0642725
0.0642777
0.0642828
0.0642879
0.0642929
0.0642979
0.0643029
0.0643078
0.0643127
0.0643176
0.0643224
0.0643272
0.064332
0.0643366
0.0643414
0.0643459
0.0643505
0.0643552
0.0643594
0.0643647
0.0630005
0.0630113
0.0630204
0.0630314
0.063042
0.063052
0.0630621
0.0630723
0.0630823
0.0630923
0.0631024
0.0631123
0.0631223
0.0631322
0.0631421
0.063152
0.0631619
0.0631717
0.0631815
0.0631913
0.0632011
0.0632109
0.0632206
0.0632303
0.06324
0.0632497
0.0632593
0.0632691
0.0632786
0.0632884
0.0632979
0.0633077
0.0633176
0.0633274
0.0633381
0.0633473
0.0633555
0.0633648
0.0633742
0.063383
0.0633916
0.0634004
0.0634093
0.0634181
0.0634269
0.0634356
0.0634444
0.0634531
0.0634618
0.0634705
0.0634791
0.0634877
0.0634963
0.0635049
0.0635135
0.063522
0.0635305
0.063539
0.0635475
0.0635559
0.0635643
0.0635727
0.063581
0.0635894
0.0635977
0.063606
0.0636142
0.0636224
0.0636306
0.0636388
0.063647
0.0636551
0.0636632
0.0636712
0.0636793
0.0636873
0.0636953
0.0637032
0.0637112
0.0637191
0.0637269
0.0637348
0.0637426
0.0637504
0.0637581
0.0637659
0.0637736
0.0637812
0.0637889
0.0637965
0.0638041
0.0638116
0.0638192
0.0638267
0.0638341
0.0638416
0.063849
0.0638564
0.0638637
0.0638711
0.0638783
0.0638856
0.0638928
0.0639
0.0639072
0.0639143
0.0639215
0.0639285
0.0639356
0.0639426
0.0639496
0.0639565
0.0639635
0.0639703
0.0639772
0.063984
0.0639908
0.0639976
0.0640043
0.064011
0.0640177
0.0640243
0.0640309
0.0640375
0.064044
0.0640505
0.064057
0.0640634
0.0640698
0.0640762
0.0640826
0.0640889
0.0640951
0.0641014
0.0641076
0.0641138
0.0641199
0.064126
0.0641321
0.0641381
0.0641441
0.0641501
0.064156
0.0641619
0.0641678
0.0641736
0.0641794
0.0641852
0.0641909
0.0641966
0.0642022
0.0642079
0.0642135
0.064219
0.0642245
0.06423
0.0642354
0.0642408
0.0642462
0.0642516
0.0642569
0.0642621
0.0642673
0.0642725
0.0642777
0.0642828
0.0642879
0.0642929
0.0642979
0.0643029
0.0643078
0.0643127
0.0643176
0.0643224
0.0643272
0.064332
0.0643366
0.0643414
0.0643459
0.0643505
0.0643552
0.0643595
0.0643649
0.0630107
0.0630214
0.0630312
0.0630418
0.0630519
0.0630623
0.0630724
0.0630824
0.0630924
0.0631024
0.0631124
0.0631223
0.0631323
0.0631422
0.0631521
0.0631619
0.0631718
0.0631816
0.0631914
0.0632012
0.0632109
0.0632207
0.0632304
0.0632401
0.0632498
0.0632594
0.0632691
0.0632787
0.0632884
0.063298
0.0633077
0.0633176
0.0633273
0.0633377
0.063347
0.0633554
0.0633647
0.0633741
0.0633829
0.0633916
0.0634004
0.0634093
0.0634181
0.0634269
0.0634356
0.0634444
0.0634531
0.0634618
0.0634705
0.0634791
0.0634877
0.0634963
0.0635049
0.0635135
0.063522
0.0635305
0.063539
0.0635475
0.0635559
0.0635643
0.0635727
0.063581
0.0635894
0.0635977
0.063606
0.0636142
0.0636224
0.0636306
0.0636388
0.063647
0.0636551
0.0636632
0.0636712
0.0636793
0.0636873
0.0636953
0.0637032
0.0637111
0.063719
0.0637269
0.0637348
0.0637426
0.0637504
0.0637581
0.0637659
0.0637736
0.0637812
0.0637889
0.0637965
0.0638041
0.0638116
0.0638192
0.0638267
0.0638341
0.0638416
0.063849
0.0638564
0.0638637
0.063871
0.0638783
0.0638856
0.0638928
0.0639
0.0639072
0.0639143
0.0639214
0.0639285
0.0639356
0.0639426
0.0639496
0.0639565
0.0639634
0.0639703
0.0639772
0.063984
0.0639908
0.0639976
0.0640043
0.064011
0.0640177
0.0640243
0.0640309
0.0640375
0.064044
0.0640505
0.064057
0.0640634
0.0640698
0.0640762
0.0640826
0.0640889
0.0640951
0.0641014
0.0641076
0.0641138
0.0641199
0.064126
0.0641321
0.0641381
0.0641441
0.0641501
0.064156
0.0641619
0.0641678
0.0641736
0.0641794
0.0641852
0.0641909
0.0641966
0.0642022
0.0642079
0.0642134
0.064219
0.0642245
0.06423
0.0642354
0.0642408
0.0642462
0.0642515
0.0642568
0.0642621
0.0642673
0.0642725
0.0642777
0.0642828
0.0642879
0.0642929
0.0642979
0.0643029
0.0643078
0.0643127
0.0643176
0.0643224
0.0643272
0.064332
0.0643366
0.0643414
0.0643459
0.0643505
0.0643552
0.0643594
0.0643648
0.0630204
0.0630312
0.0630421
0.063052
0.0630622
0.0630724
0.0630824
0.0630925
0.0631025
0.0631125
0.0631224
0.0631324
0.0631423
0.0631521
0.063162
0.0631719
0.0631817
0.0631915
0.0632013
0.063211
0.0632208
0.0632305
0.0632402
0.0632499
0.0632595
0.0632692
0.0632788
0.0632885
0.0632981
0.0633078
0.0633177
0.0633273
0.0633375
0.0633468
0.0633554
0.0633646
0.0633739
0.0633828
0.0633915
0.0634004
0.0634092
0.0634181
0.0634268
0.0634356
0.0634444
0.0634531
0.0634618
0.0634705
0.0634791
0.0634877
0.0634963
0.0635049
0.0635135
0.063522
0.0635305
0.063539
0.0635475
0.0635559
0.0635643
0.0635727
0.063581
0.0635894
0.0635977
0.063606
0.0636142
0.0636224
0.0636306
0.0636388
0.0636469
0.0636551
0.0636632
0.0636712
0.0636793
0.0636873
0.0636953
0.0637032
0.0637111
0.063719
0.0637269
0.0637348
0.0637426
0.0637504
0.0637581
0.0637659
0.0637736
0.0637812
0.0637889
0.0637965
0.0638041
0.0638116
0.0638192
0.0638267
0.0638341
0.0638416
0.063849
0.0638564
0.0638637
0.063871
0.0638783
0.0638856
0.0638928
0.0639
0.0639072
0.0639143
0.0639214
0.0639285
0.0639356
0.0639426
0.0639496
0.0639565
0.0639634
0.0639703
0.0639772
0.063984
0.0639908
0.0639976
0.0640043
0.064011
0.0640177
0.0640243
0.0640309
0.0640375
0.064044
0.0640505
0.064057
0.0640634
0.0640698
0.0640762
0.0640826
0.0640889
0.0640951
0.0641014
0.0641076
0.0641138
0.0641199
0.064126
0.0641321
0.0641381
0.0641441
0.0641501
0.064156
0.0641619
0.0641678
0.0641736
0.0641794
0.0641852
0.0641909
0.0641966
0.0642022
0.0642079
0.0642134
0.064219
0.0642245
0.06423
0.0642354
0.0642408
0.0642462
0.0642515
0.0642568
0.0642621
0.0642673
0.0642725
0.0642777
0.0642828
0.0642879
0.0642929
0.0642979
0.0643029
0.0643078
0.0643127
0.0643176
0.0643224
0.0643272
0.064332
0.0643366
0.0643414
0.0643459
0.0643505
0.0643553
0.0643594
0.0643647
0.06302
0.063032
0.0630412
0.0630518
0.0630625
0.0630725
0.0630824
0.0630926
0.0631026
0.0631125
0.0631225
0.0631324
0.0631423
0.0631522
0.0631621
0.0631719
0.0631817
0.0631915
0.0632013
0.0632111
0.0632208
0.0632305
0.0632402
0.0632499
0.0632596
0.0632693
0.0632789
0.0632886
0.0632982
0.0633078
0.0633177
0.0633273
0.0633372
0.0633466
0.0633554
0.0633645
0.0633738
0.0633827
0.0633915
0.0634004
0.0634092
0.063418
0.0634268
0.0634356
0.0634443
0.0634531
0.0634618
0.0634705
0.0634791
0.0634877
0.0634963
0.0635049
0.0635135
0.063522
0.0635305
0.063539
0.0635475
0.0635559
0.0635643
0.0635727
0.063581
0.0635894
0.0635977
0.063606
0.0636142
0.0636224
0.0636306
0.0636388
0.0636469
0.0636551
0.0636632
0.0636712
0.0636793
0.0636873
0.0636953
0.0637032
0.0637111
0.063719
0.0637269
0.0637348
0.0637426
0.0637504
0.0637581
0.0637659
0.0637736
0.0637812
0.0637889
0.0637965
0.0638041
0.0638116
0.0638192
0.0638267
0.0638341
0.0638416
0.063849
0.0638564
0.0638637
0.063871
0.0638783
0.0638856
0.0638928
0.0639
0.0639072
0.0639143
0.0639214
0.0639285
0.0639356
0.0639426
0.0639496
0.0639565
0.0639634
0.0639703
0.0639772
0.063984
0.0639908
0.0639976
0.0640043
0.064011
0.0640177
0.0640243
0.0640309
0.0640375
0.064044
0.0640505
0.064057
0.0640634
0.0640698
0.0640762
0.0640825
0.0640889
0.0640951
0.0641014
0.0641076
0.0641137
0.0641199
0.064126
0.0641321
0.0641381
0.0641441
0.0641501
0.064156
0.0641619
0.0641678
0.0641736
0.0641794
0.0641852
0.0641909
0.0641966
0.0642022
0.0642078
0.0642134
0.064219
0.0642245
0.06423
0.0642354
0.0642408
0.0642462
0.0642515
0.0642568
0.0642621
0.0642673
0.0642725
0.0642777
0.0642828
0.0642879
0.0642929
0.0642979
0.0643029
0.0643078
0.0643127
0.0643176
0.0643224
0.0643272
0.064332
0.0643366
0.0643414
0.0643459
0.0643505
0.0643553
0.0643594
0.0643647
0.0630313
0.0630425
0.0630517
0.0630623
0.0630726
0.0630825
0.0630926
0.0631026
0.0631126
0.0631226
0.0631325
0.0631424
0.0631523
0.0631621
0.063172
0.0631818
0.0631916
0.0632014
0.0632111
0.0632209
0.0632306
0.0632403
0.06325
0.0632596
0.0632693
0.0632789
0.0632886
0.0632982
0.0633079
0.0633177
0.0633273
0.063337
0.0633465
0.0633553
0.0633644
0.0633737
0.0633827
0.0633915
0.0634003
0.0634092
0.063418
0.0634268
0.0634356
0.0634443
0.0634531
0.0634618
0.0634705
0.0634791
0.0634877
0.0634963
0.0635049
0.0635135
0.063522
0.0635305
0.063539
0.0635475
0.0635559
0.0635643
0.0635727
0.063581
0.0635894
0.0635977
0.0636059
0.0636142
0.0636224
0.0636306
0.0636388
0.0636469
0.0636551
0.0636632
0.0636712
0.0636793
0.0636873
0.0636953
0.0637032
0.0637111
0.063719
0.0637269
0.0637348
0.0637426
0.0637504
0.0637581
0.0637659
0.0637736
0.0637812
0.0637889
0.0637965
0.0638041
0.0638116
0.0638192
0.0638267
0.0638341
0.0638416
0.063849
0.0638564
0.0638637
0.063871
0.0638783
0.0638856
0.0638928
0.0639
0.0639072
0.0639143
0.0639214
0.0639285
0.0639356
0.0639426
0.0639496
0.0639565
0.0639634
0.0639703
0.0639772
0.063984
0.0639908
0.0639976
0.0640043
0.064011
0.0640177
0.0640243
0.0640309
0.0640375
0.064044
0.0640505
0.064057
0.0640634
0.0640698
0.0640762
0.0640825
0.0640888
0.0640951
0.0641014
0.0641076
0.0641137
0.0641199
0.064126
0.0641321
0.0641381
0.0641441
0.0641501
0.064156
0.0641619
0.0641678
0.0641736
0.0641794
0.0641852
0.0641909
0.0641966
0.0642022
0.0642078
0.0642134
0.064219
0.0642245
0.06423
0.0642354
0.0642408
0.0642462
0.0642515
0.0642568
0.0642621
0.0642673
0.0642725
0.0642777
0.0642828
0.0642879
0.0642929
0.0642979
0.0643029
0.0643078
0.0643127
0.0643176
0.0643224
0.0643272
0.064332
0.0643366
0.0643414
0.064346
0.0643505
0.0643553
0.0643594
0.0643647
0.0630412
0.0630515
0.0630626
0.0630725
0.0630825
0.0630927
0.0631027
0.0631126
0.0631226
0.0631325
0.0631424
0.0631523
0.0631622
0.063172
0.0631818
0.0631917
0.0632014
0.0632112
0.0632209
0.0632307
0.0632404
0.0632501
0.0632597
0.0632694
0.063279
0.0632887
0.0632983
0.0633079
0.0633177
0.0633273
0.0633369
0.0633463
0.0633553
0.0633643
0.0633736
0.0633826
0.0633914
0.0634003
0.0634092
0.063418
0.0634268
0.0634356
0.0634443
0.0634531
0.0634618
0.0634704
0.0634791
0.0634877
0.0634963
0.0635049
0.0635135
0.063522
0.0635305
0.063539
0.0635475
0.0635559
0.0635643
0.0635727
0.063581
0.0635894
0.0635977
0.0636059
0.0636142
0.0636224
0.0636306
0.0636388
0.0636469
0.0636551
0.0636632
0.0636712
0.0636793
0.0636873
0.0636953
0.0637032
0.0637111
0.063719
0.0637269
0.0637348
0.0637426
0.0637504
0.0637581
0.0637658
0.0637735
0.0637812
0.0637889
0.0637965
0.0638041
0.0638116
0.0638192
0.0638267
0.0638341
0.0638416
0.063849
0.0638564
0.0638637
0.063871
0.0638783
0.0638856
0.0638928
0.0639
0.0639072
0.0639143
0.0639214
0.0639285
0.0639356
0.0639426
0.0639496
0.0639565
0.0639634
0.0639703
0.0639772
0.063984
0.0639908
0.0639976
0.0640043
0.064011
0.0640177
0.0640243
0.0640309
0.0640375
0.064044
0.0640505
0.064057
0.0640634
0.0640698
0.0640762
0.0640825
0.0640888
0.0640951
0.0641014
0.0641076
0.0641137
0.0641199
0.064126
0.064132
0.0641381
0.0641441
0.0641501
0.064156
0.0641619
0.0641678
0.0641736
0.0641794
0.0641851
0.0641909
0.0641966
0.0642022
0.0642078
0.0642134
0.064219
0.0642245
0.06423
0.0642354
0.0642408
0.0642462
0.0642515
0.0642568
0.0642621
0.0642673
0.0642725
0.0642777
0.0642828
0.0642879
0.0642929
0.0642979
0.0643029
0.0643078
0.0643127
0.0643176
0.0643224
0.0643272
0.064332
0.0643366
0.0643414
0.064346
0.0643505
0.0643553
0.0643594
0.0643646
0.0630407
0.0630519
0.0630617
0.0630728
0.0630826
0.0630927
0.0631026
0.0631127
0.0631227
0.0631326
0.0631425
0.0631524
0.0631623
0.0631721
0.0631819
0.0631917
0.0632015
0.0632113
0.063221
0.0632307
0.0632404
0.0632501
0.0632598
0.0632695
0.0632791
0.0632887
0.0632984
0.063308
0.0633177
0.0633272
0.0633368
0.0633462
0.0633552
0.0633643
0.0633735
0.0633825
0.0633914
0.0634003
0.0634091
0.063418
0.0634268
0.0634356
0.0634443
0.0634531
0.0634618
0.0634704
0.0634791
0.0634877
0.0634963
0.0635049
0.0635135
0.063522
0.0635305
0.063539
0.0635475
0.0635559
0.0635643
0.0635727
0.063581
0.0635894
0.0635977
0.0636059
0.0636142
0.0636224
0.0636306
0.0636388
0.0636469
0.0636551
0.0636632
0.0636712
0.0636793
0.0636873
0.0636952
0.0637032
0.0637111
0.063719
0.0637269
0.0637347
0.0637426
0.0637504
0.0637581
0.0637658
0.0637735
0.0637812
0.0637889
0.0637965
0.0638041
0.0638116
0.0638192
0.0638267
0.0638341
0.0638416
0.063849
0.0638564
0.0638637
0.063871
0.0638783
0.0638856
0.0638928
0.0639
0.0639072
0.0639143
0.0639214
0.0639285
0.0639355
0.0639426
0.0639495
0.0639565
0.0639634
0.0639703
0.0639772
0.063984
0.0639908
0.0639976
0.0640043
0.064011
0.0640177
0.0640243
0.0640309
0.0640375
0.064044
0.0640505
0.064057
0.0640634
0.0640698
0.0640762
0.0640825
0.0640888
0.0640951
0.0641014
0.0641076
0.0641137
0.0641199
0.064126
0.064132
0.0641381
0.0641441
0.0641501
0.064156
0.0641619
0.0641678
0.0641736
0.0641794
0.0641851
0.0641909
0.0641966
0.0642022
0.0642078
0.0642134
0.064219
0.0642245
0.06423
0.0642354
0.0642408
0.0642462
0.0642515
0.0642568
0.0642621
0.0642673
0.0642725
0.0642777
0.0642828
0.0642879
0.0642929
0.0642979
0.0643029
0.0643078
0.0643127
0.0643176
0.0643224
0.0643272
0.064332
0.0643366
0.0643414
0.064346
0.0643505
0.0643553
0.0643594
0.0643646
0.0630516
0.0630628
0.063072
0.0630827
0.0630929
0.0631027
0.0631127
0.0631227
0.0631326
0.0631425
0.0631525
0.0631623
0.0631721
0.063182
0.0631918
0.0632016
0.0632113
0.0632211
0.0632308
0.0632405
0.0632502
0.0632599
0.0632695
0.0632791
0.0632888
0.0632984
0.063308
0.0633177
0.0633272
0.0633367
0.0633461
0.0633552
0.0633642
0.0633734
0.0633824
0.0633914
0.0634002
0.0634091
0.063418
0.0634268
0.0634356
0.0634443
0.0634531
0.0634618
0.0634704
0.0634791
0.0634877
0.0634963
0.0635049
0.0635135
0.063522
0.0635305
0.063539
0.0635475
0.0635559
0.0635643
0.0635727
0.063581
0.0635894
0.0635977
0.0636059
0.0636142
0.0636224
0.0636306
0.0636388
0.0636469
0.0636551
0.0636631
0.0636712
0.0636793
0.0636873
0.0636952
0.0637032
0.0637111
0.063719
0.0637269
0.0637347
0.0637426
0.0637503
0.0637581
0.0637658
0.0637735
0.0637812
0.0637889
0.0637965
0.0638041
0.0638116
0.0638191
0.0638266
0.0638341
0.0638416
0.063849
0.0638563
0.0638637
0.063871
0.0638783
0.0638856
0.0638928
0.0639
0.0639072
0.0639143
0.0639214
0.0639285
0.0639355
0.0639426
0.0639495
0.0639565
0.0639634
0.0639703
0.0639772
0.063984
0.0639908
0.0639975
0.0640043
0.064011
0.0640176
0.0640243
0.0640309
0.0640375
0.064044
0.0640505
0.064057
0.0640634
0.0640698
0.0640762
0.0640825
0.0640888
0.0640951
0.0641013
0.0641076
0.0641137
0.0641199
0.064126
0.064132
0.0641381
0.0641441
0.06415
0.064156
0.0641619
0.0641677
0.0641736
0.0641794
0.0641851
0.0641909
0.0641966
0.0642022
0.0642078
0.0642134
0.064219
0.0642245
0.06423
0.0642354
0.0642408
0.0642462
0.0642515
0.0642568
0.0642621
0.0642673
0.0642725
0.0642777
0.0642828
0.0642879
0.0642929
0.0642979
0.0643029
0.0643078
0.0643127
0.0643176
0.0643224
0.0643272
0.064332
0.0643366
0.0643413
0.064346
0.0643505
0.0643553
0.0643594
0.0643646
0.0630618
0.0630731
0.0630824
0.0630926
0.0631027
0.0631129
0.0631229
0.0631327
0.0631426
0.0631526
0.0631624
0.0631722
0.063182
0.0631919
0.0632016
0.0632114
0.0632211
0.0632309
0.0632406
0.0632503
0.0632599
0.0632696
0.0632792
0.0632888
0.0632985
0.063308
0.0633177
0.0633272
0.0633366
0.063346
0.0633551
0.0633642
0.0633733
0.0633824
0.0633913
0.0634002
0.0634091
0.063418
0.0634268
0.0634356
0.0634443
0.0634531
0.0634618
0.0634704
0.0634791
0.0634877
0.0634963
0.0635049
0.0635135
0.063522
0.0635305
0.063539
0.0635475
0.0635559
0.0635643
0.0635727
0.063581
0.0635894
0.0635977
0.0636059
0.0636142
0.0636224
0.0636306
0.0636388
0.0636469
0.0636551
0.0636631
0.0636712
0.0636792
0.0636873
0.0636952
0.0637032
0.0637111
0.063719
0.0637269
0.0637347
0.0637426
0.0637503
0.0637581
0.0637658
0.0637735
0.0637812
0.0637889
0.0637965
0.0638041
0.0638116
0.0638191
0.0638266
0.0638341
0.0638416
0.063849
0.0638563
0.0638637
0.063871
0.0638783
0.0638856
0.0638928
0.0639
0.0639072
0.0639143
0.0639214
0.0639285
0.0639355
0.0639426
0.0639495
0.0639565
0.0639634
0.0639703
0.0639772
0.063984
0.0639908
0.0639975
0.0640043
0.064011
0.0640176
0.0640243
0.0640309
0.0640374
0.064044
0.0640505
0.064057
0.0640634
0.0640698
0.0640762
0.0640825
0.0640888
0.0640951
0.0641013
0.0641075
0.0641137
0.0641199
0.064126
0.064132
0.0641381
0.0641441
0.06415
0.064156
0.0641619
0.0641677
0.0641736
0.0641794
0.0641851
0.0641909
0.0641965
0.0642022
0.0642078
0.0642134
0.064219
0.0642245
0.06423
0.0642354
0.0642408
0.0642462
0.0642515
0.0642568
0.0642621
0.0642673
0.0642725
0.0642776
0.0642828
0.0642878
0.0642929
0.0642979
0.0643029
0.0643078
0.0643127
0.0643176
0.0643224
0.0643272
0.064332
0.0643366
0.0643413
0.064346
0.0643505
0.0643553
0.0643594
0.0643646
0.063072
0.0630824
0.0630929
0.0631026
0.0631127
0.0631228
0.0631327
0.0631427
0.0631526
0.0631624
0.0631723
0.0631821
0.0631919
0.0632017
0.0632115
0.0632212
0.0632309
0.0632406
0.0632503
0.06326
0.0632696
0.0632793
0.0632889
0.0632985
0.0633081
0.0633177
0.0633271
0.0633366
0.0633459
0.0633551
0.0633642
0.0633733
0.0633823
0.0633913
0.0634002
0.0634091
0.0634179
0.0634268
0.0634355
0.0634443
0.063453
0.0634618
0.0634704
0.0634791
0.0634877
0.0634963
0.0635049
0.0635135
0.063522
0.0635305
0.063539
0.0635475
0.0635559
0.0635643
0.0635727
0.063581
0.0635894
0.0635977
0.0636059
0.0636142
0.0636224
0.0636306
0.0636388
0.0636469
0.063655
0.0636631
0.0636712
0.0636792
0.0636873
0.0636952
0.0637032
0.0637111
0.063719
0.0637269
0.0637347
0.0637426
0.0637503
0.0637581
0.0637658
0.0637735
0.0637812
0.0637889
0.0637965
0.0638041
0.0638116
0.0638191
0.0638266
0.0638341
0.0638415
0.063849
0.0638563
0.0638637
0.063871
0.0638783
0.0638856
0.0638928
0.0639
0.0639072
0.0639143
0.0639214
0.0639285
0.0639355
0.0639425
0.0639495
0.0639565
0.0639634
0.0639703
0.0639772
0.063984
0.0639908
0.0639975
0.0640043
0.064011
0.0640176
0.0640243
0.0640309
0.0640374
0.064044
0.0640505
0.064057
0.0640634
0.0640698
0.0640762
0.0640825
0.0640888
0.0640951
0.0641013
0.0641075
0.0641137
0.0641199
0.064126
0.064132
0.0641381
0.0641441
0.06415
0.064156
0.0641619
0.0641677
0.0641736
0.0641794
0.0641851
0.0641909
0.0641965
0.0642022
0.0642078
0.0642134
0.064219
0.0642245
0.0642299
0.0642354
0.0642408
0.0642462
0.0642515
0.0642568
0.0642621
0.0642673
0.0642725
0.0642776
0.0642828
0.0642878
0.0642929
0.0642979
0.0643029
0.0643078
0.0643127
0.0643176
0.0643224
0.0643272
0.064332
0.0643366
0.0643413
0.064346
0.0643505
0.0643553
0.0643594
0.0643646
0.0630713
0.0630831
0.0630919
0.0631025
0.063113
0.0631229
0.0631327
0.0631427
0.0631527
0.0631625
0.0631723
0.0631822
0.063192
0.0632018
0.0632115
0.0632213
0.063231
0.0632407
0.0632504
0.0632601
0.0632697
0.0632793
0.0632889
0.0632985
0.0633081
0.0633177
0.0633271
0.0633365
0.0633459
0.063355
0.0633641
0.0633732
0.0633823
0.0633913
0.0634002
0.0634091
0.0634179
0.0634267
0.0634355
0.0634443
0.063453
0.0634618
0.0634704
0.0634791
0.0634877
0.0634963
0.0635049
0.0635135
0.063522
0.0635305
0.063539
0.0635475
0.0635559
0.0635643
0.0635727
0.063581
0.0635894
0.0635977
0.0636059
0.0636142
0.0636224
0.0636306
0.0636388
0.0636469
0.063655
0.0636631
0.0636712
0.0636792
0.0636873
0.0636952
0.0637032
0.0637111
0.063719
0.0637269
0.0637347
0.0637425
0.0637503
0.0637581
0.0637658
0.0637735
0.0637812
0.0637888
0.0637965
0.063804
0.0638116
0.0638191
0.0638266
0.0638341
0.0638415
0.063849
0.0638563
0.0638637
0.063871
0.0638783
0.0638856
0.0638928
0.0639
0.0639072
0.0639143
0.0639214
0.0639285
0.0639355
0.0639425
0.0639495
0.0639565
0.0639634
0.0639703
0.0639772
0.063984
0.0639908
0.0639975
0.0640043
0.064011
0.0640176
0.0640243
0.0640309
0.0640374
0.064044
0.0640505
0.064057
0.0640634
0.0640698
0.0640762
0.0640825
0.0640888
0.0640951
0.0641013
0.0641075
0.0641137
0.0641198
0.064126
0.064132
0.0641381
0.0641441
0.06415
0.064156
0.0641619
0.0641677
0.0641736
0.0641794
0.0641851
0.0641908
0.0641965
0.0642022
0.0642078
0.0642134
0.064219
0.0642245
0.0642299
0.0642354
0.0642408
0.0642462
0.0642515
0.0642568
0.0642621
0.0642673
0.0642725
0.0642776
0.0642828
0.0642878
0.0642929
0.0642979
0.0643029
0.0643078
0.0643127
0.0643176
0.0643224
0.0643272
0.0643319
0.0643366
0.0643413
0.064346
0.0643505
0.0643553
0.0643594
0.0643646
0.0630823
0.0630933
0.0631022
0.0631127
0.0631229
0.0631327
0.0631427
0.0631527
0.0631625
0.0631724
0.0631822
0.063192
0.0632018
0.0632116
0.0632213
0.0632311
0.0632408
0.0632505
0.0632601
0.0632698
0.0632794
0.063289
0.0632986
0.0633081
0.0633177
0.0633271
0.0633365
0.0633458
0.063355
0.0633641
0.0633732
0.0633823
0.0633912
0.0634002
0.0634091
0.0634179
0.0634267
0.0634355
0.0634443
0.063453
0.0634618
0.0634704
0.0634791
0.0634877
0.0634963
0.0635049
0.0635135
0.063522
0.0635305
0.063539
0.0635475
0.0635559
0.0635643
0.0635727
0.063581
0.0635894
0.0635977
0.0636059
0.0636142
0.0636224
0.0636306
0.0636388
0.0636469
0.063655
0.0636631
0.0636712
0.0636792
0.0636872
0.0636952
0.0637032
0.0637111
0.063719
0.0637269
0.0637347
0.0637425
0.0637503
0.0637581
0.0637658
0.0637735
0.0637812
0.0637888
0.0637965
0.063804
0.0638116
0.0638191
0.0638266
0.0638341
0.0638415
0.063849
0.0638563
0.0638637
0.063871
0.0638783
0.0638856
0.0638928
0.0639
0.0639072
0.0639143
0.0639214
0.0639285
0.0639355
0.0639425
0.0639495
0.0639565
0.0639634
0.0639703
0.0639771
0.063984
0.0639908
0.0639975
0.0640043
0.064011
0.0640176
0.0640243
0.0640309
0.0640374
0.064044
0.0640505
0.0640569
0.0640634
0.0640698
0.0640762
0.0640825
0.0640888
0.0640951
0.0641013
0.0641075
0.0641137
0.0641198
0.0641259
0.064132
0.0641381
0.0641441
0.06415
0.064156
0.0641619
0.0641677
0.0641736
0.0641794
0.0641851
0.0641908
0.0641965
0.0642022
0.0642078
0.0642134
0.0642189
0.0642245
0.0642299
0.0642354
0.0642408
0.0642462
0.0642515
0.0642568
0.0642621
0.0642673
0.0642725
0.0642776
0.0642828
0.0642878
0.0642929
0.0642979
0.0643029
0.0643078
0.0643127
0.0643176
0.0643224
0.0643272
0.0643319
0.0643366
0.0643413
0.064346
0.0643505
0.0643553
0.0643594
0.0643646
0.063092
0.063102
0.063113
0.0631229
0.0631327
0.0631429
0.0631528
0.0631626
0.0631725
0.0631823
0.0631921
0.0632019
0.0632117
0.0632214
0.0632311
0.0632408
0.0632505
0.0632602
0.0632698
0.0632794
0.063289
0.0632986
0.0633082
0.0633177
0.0633271
0.0633365
0.0633458
0.063355
0.0633641
0.0633732
0.0633822
0.0633912
0.0634001
0.063409
0.0634179
0.0634267
0.0634355
0.0634443
0.063453
0.0634618
0.0634704
0.0634791
0.0634877
0.0634963
0.0635049
0.0635135
0.063522
0.0635305
0.063539
0.0635475
0.0635559
0.0635643
0.0635727
0.063581
0.0635894
0.0635977
0.0636059
0.0636142
0.0636224
0.0636306
0.0636388
0.0636469
0.063655
0.0636631
0.0636712
0.0636792
0.0636872
0.0636952
0.0637032
0.0637111
0.063719
0.0637269
0.0637347
0.0637425
0.0637503
0.0637581
0.0637658
0.0637735
0.0637812
0.0637888
0.0637965
0.063804
0.0638116
0.0638191
0.0638266
0.0638341
0.0638415
0.0638489
0.0638563
0.0638637
0.063871
0.0638783
0.0638855
0.0638928
0.0639
0.0639071
0.0639143
0.0639214
0.0639285
0.0639355
0.0639425
0.0639495
0.0639565
0.0639634
0.0639703
0.0639771
0.063984
0.0639908
0.0639975
0.0640043
0.064011
0.0640176
0.0640243
0.0640309
0.0640374
0.064044
0.0640505
0.0640569
0.0640634
0.0640698
0.0640762
0.0640825
0.0640888
0.0640951
0.0641013
0.0641075
0.0641137
0.0641198
0.0641259
0.064132
0.0641381
0.0641441
0.06415
0.064156
0.0641619
0.0641677
0.0641736
0.0641793
0.0641851
0.0641908
0.0641965
0.0642022
0.0642078
0.0642134
0.0642189
0.0642245
0.0642299
0.0642354
0.0642408
0.0642462
0.0642515
0.0642568
0.0642621
0.0642673
0.0642725
0.0642776
0.0642828
0.0642878
0.0642929
0.0642979
0.0643029
0.0643078
0.0643127
0.0643176
0.0643224
0.0643272
0.0643319
0.0643366
0.0643413
0.064346
0.0643505
0.0643552
0.0643594
0.0643646
0.0630915
0.0631026
0.0631121
0.063123
0.0631327
0.0631428
0.0631528
0.0631626
0.0631725
0.0631823
0.0631921
0.0632019
0.0632117
0.0632214
0.0632312
0.0632409
0.0632506
0.0632602
0.0632699
0.0632795
0.0632891
0.0632987
0.0633082
0.0633177
0.0633271
0.0633365
0.0633458
0.0633549
0.0633641
0.0633732
0.0633822
0.0633912
0.0634001
0.063409
0.0634179
0.0634267
0.0634355
0.0634443
0.063453
0.0634617
0.0634704
0.0634791
0.0634877
0.0634963
0.0635049
0.0635135
0.063522
0.0635305
0.063539
0.0635475
0.0635559
0.0635643
0.0635727
0.063581
0.0635893
0.0635977
0.0636059
0.0636142
0.0636224
0.0636306
0.0636388
0.0636469
0.063655
0.0636631
0.0636712
0.0636792
0.0636872
0.0636952
0.0637032
0.0637111
0.063719
0.0637269
0.0637347
0.0637425
0.0637503
0.0637581
0.0637658
0.0637735
0.0637812
0.0637888
0.0637964
0.063804
0.0638116
0.0638191
0.0638266
0.0638341
0.0638415
0.0638489
0.0638563
0.0638637
0.063871
0.0638783
0.0638855
0.0638928
0.0639
0.0639071
0.0639143
0.0639214
0.0639285
0.0639355
0.0639425
0.0639495
0.0639565
0.0639634
0.0639703
0.0639771
0.063984
0.0639908
0.0639975
0.0640043
0.064011
0.0640176
0.0640243
0.0640309
0.0640374
0.064044
0.0640505
0.0640569
0.0640634
0.0640698
0.0640762
0.0640825
0.0640888
0.0640951
0.0641013
0.0641075
0.0641137
0.0641198
0.0641259
0.064132
0.064138
0.064144
0.06415
0.064156
0.0641619
0.0641677
0.0641735
0.0641793
0.0641851
0.0641908
0.0641965
0.0642022
0.0642078
0.0642134
0.0642189
0.0642245
0.0642299
0.0642354
0.0642408
0.0642462
0.0642515
0.0642568
0.0642621
0.0642673
0.0642725
0.0642776
0.0642827
0.0642878
0.0642929
0.0642979
0.0643029
0.0643078
0.0643127
0.0643175
0.0643224
0.0643271
0.0643319
0.0643366
0.0643413
0.064346
0.0643505
0.0643552
0.0643594
0.0643646
0.063102
0.0631132
0.0631223
0.0631327
0.063143
0.0631529
0.0631627
0.0631726
0.0631824
0.0631922
0.063202
0.0632118
0.0632215
0.0632312
0.063241
0.0632506
0.0632603
0.0632699
0.0632796
0.0632892
0.0632987
0.0633082
0.0633177
0.0633271
0.0633365
0.0633457
0.0633549
0.0633641
0.0633731
0.0633822
0.0633912
0.0634001
0.063409
0.0634179
0.0634267
0.0634355
0.0634443
0.063453
0.0634617
0.0634704
0.0634791
0.0634877
0.0634963
0.0635049
0.0635135
0.063522
0.0635305
0.063539
0.0635474
0.0635559
0.0635643
0.0635727
0.063581
0.0635893
0.0635976
0.0636059
0.0636142
0.0636224
0.0636306
0.0636388
0.0636469
0.063655
0.0636631
0.0636712
0.0636792
0.0636872
0.0636952
0.0637032
0.0637111
0.063719
0.0637269
0.0637347
0.0637425
0.0637503
0.0637581
0.0637658
0.0637735
0.0637812
0.0637888
0.0637964
0.063804
0.0638116
0.0638191
0.0638266
0.0638341
0.0638415
0.0638489
0.0638563
0.0638637
0.063871
0.0638783
0.0638855
0.0638928
0.0639
0.0639071
0.0639143
0.0639214
0.0639285
0.0639355
0.0639425
0.0639495
0.0639565
0.0639634
0.0639703
0.0639771
0.063984
0.0639908
0.0639975
0.0640042
0.0640109
0.0640176
0.0640242
0.0640308
0.0640374
0.064044
0.0640505
0.0640569
0.0640634
0.0640698
0.0640762
0.0640825
0.0640888
0.0640951
0.0641013
0.0641075
0.0641137
0.0641198
0.0641259
0.064132
0.064138
0.064144
0.06415
0.0641559
0.0641618
0.0641677
0.0641735
0.0641793
0.0641851
0.0641908
0.0641965
0.0642022
0.0642078
0.0642134
0.0642189
0.0642244
0.0642299
0.0642354
0.0642408
0.0642461
0.0642515
0.0642568
0.0642621
0.0642673
0.0642725
0.0642776
0.0642827
0.0642878
0.0642929
0.0642979
0.0643029
0.0643078
0.0643127
0.0643175
0.0643224
0.0643271
0.0643319
0.0643366
0.0643413
0.064346
0.0643505
0.0643552
0.0643594
0.0643646
0.0631123
0.0631234
0.0631324
0.0631428
0.0631528
0.0631627
0.0631726
0.0631824
0.0631923
0.0632021
0.0632118
0.0632216
0.0632313
0.063241
0.0632507
0.0632604
0.06327
0.0632796
0.0632892
0.0632988
0.0633083
0.0633177
0.0633271
0.0633365
0.0633457
0.0633549
0.063364
0.0633731
0.0633822
0.0633912
0.0634001
0.063409
0.0634179
0.0634267
0.0634355
0.0634443
0.063453
0.0634617
0.0634704
0.0634791
0.0634877
0.0634963
0.0635049
0.0635135
0.063522
0.0635305
0.063539
0.0635474
0.0635559
0.0635643
0.0635727
0.063581
0.0635893
0.0635976
0.0636059
0.0636142
0.0636224
0.0636306
0.0636388
0.0636469
0.063655
0.0636631
0.0636712
0.0636792
0.0636872
0.0636952
0.0637032
0.0637111
0.063719
0.0637269
0.0637347
0.0637425
0.0637503
0.0637581
0.0637658
0.0637735
0.0637812
0.0637888
0.0637964
0.063804
0.0638116
0.0638191
0.0638266
0.0638341
0.0638415
0.0638489
0.0638563
0.0638637
0.063871
0.0638783
0.0638855
0.0638928
0.0639
0.0639071
0.0639143
0.0639214
0.0639285
0.0639355
0.0639425
0.0639495
0.0639565
0.0639634
0.0639703
0.0639771
0.063984
0.0639907
0.0639975
0.0640042
0.0640109
0.0640176
0.0640242
0.0640308
0.0640374
0.064044
0.0640505
0.0640569
0.0640634
0.0640698
0.0640761
0.0640825
0.0640888
0.0640951
0.0641013
0.0641075
0.0641137
0.0641198
0.0641259
0.064132
0.064138
0.064144
0.06415
0.0641559
0.0641618
0.0641677
0.0641735
0.0641793
0.0641851
0.0641908
0.0641965
0.0642022
0.0642078
0.0642134
0.0642189
0.0642244
0.0642299
0.0642354
0.0642408
0.0642461
0.0642515
0.0642568
0.064262
0.0642673
0.0642725
0.0642776
0.0642827
0.0642878
0.0642929
0.0642979
0.0643029
0.0643078
0.0643127
0.0643175
0.0643224
0.0643271
0.0643319
0.0643366
0.0643413
0.0643459
0.0643505
0.0643552
0.0643594
0.0643646
0.0631222
0.0631322
0.063143
0.0631528
0.0631627
0.0631727
0.0631825
0.0631923
0.0632022
0.0632119
0.0632216
0.0632314
0.0632411
0.0632508
0.0632604
0.0632701
0.0632797
0.0632893
0.0632988
0.0633083
0.0633178
0.0633271
0.0633365
0.0633457
0.0633549
0.063364
0.0633731
0.0633822
0.0633912
0.0634001
0.063409
0.0634179
0.0634267
0.0634355
0.0634443
0.063453
0.0634617
0.0634704
0.0634791
0.0634877
0.0634963
0.0635049
0.0635135
0.063522
0.0635305
0.063539
0.0635474
0.0635559
0.0635643
0.0635727
0.063581
0.0635893
0.0635976
0.0636059
0.0636142
0.0636224
0.0636306
0.0636388
0.0636469
0.063655
0.0636631
0.0636712
0.0636792
0.0636872
0.0636952
0.0637032
0.0637111
0.063719
0.0637269
0.0637347
0.0637425
0.0637503
0.0637581
0.0637658
0.0637735
0.0637812
0.0637888
0.0637964
0.063804
0.0638116
0.0638191
0.0638266
0.0638341
0.0638415
0.0638489
0.0638563
0.0638637
0.063871
0.0638783
0.0638855
0.0638928
0.0639
0.0639071
0.0639143
0.0639214
0.0639285
0.0639355
0.0639425
0.0639495
0.0639565
0.0639634
0.0639703
0.0639771
0.0639839
0.0639907
0.0639975
0.0640042
0.0640109
0.0640176
0.0640242
0.0640308
0.0640374
0.0640439
0.0640505
0.0640569
0.0640634
0.0640698
0.0640761
0.0640825
0.0640888
0.0640951
0.0641013
0.0641075
0.0641137
0.0641198
0.0641259
0.064132
0.064138
0.064144
0.06415
0.0641559
0.0641618
0.0641677
0.0641735
0.0641793
0.0641851
0.0641908
0.0641965
0.0642022
0.0642078
0.0642134
0.0642189
0.0642244
0.0642299
0.0642354
0.0642408
0.0642461
0.0642515
0.0642568
0.064262
0.0642673
0.0642725
0.0642776
0.0642827
0.0642878
0.0642929
0.0642979
0.0643028
0.0643078
0.0643127
0.0643175
0.0643224
0.0643271
0.0643319
0.0643366
0.0643413
0.0643459
0.0643505
0.0643552
0.0643594
0.0643645
0.0631215
0.0631328
0.0631422
0.0631528
0.0631627
0.0631726
0.0631824
0.0631923
0.0632022
0.0632119
0.0632217
0.0632314
0.0632411
0.0632508
0.0632605
0.0632701
0.0632797
0.0632893
0.0632989
0.0633084
0.0633178
0.0633272
0.0633365
0.0633457
0.0633549
0.063364
0.0633731
0.0633822
0.0633911
0.0634001
0.063409
0.0634179
0.0634267
0.0634355
0.0634443
0.063453
0.0634617
0.0634704
0.0634791
0.0634877
0.0634963
0.0635049
0.0635135
0.063522
0.0635305
0.063539
0.0635474
0.0635559
0.0635643
0.0635727
0.063581
0.0635893
0.0635976
0.0636059
0.0636142
0.0636224
0.0636306
0.0636388
0.0636469
0.063655
0.0636631
0.0636712
0.0636792
0.0636872
0.0636952
0.0637032
0.0637111
0.063719
0.0637269
0.0637347
0.0637425
0.0637503
0.0637581
0.0637658
0.0637735
0.0637812
0.0637888
0.0637964
0.063804
0.0638116
0.0638191
0.0638266
0.0638341
0.0638415
0.0638489
0.0638563
0.0638637
0.063871
0.0638783
0.0638855
0.0638928
0.0639
0.0639071
0.0639143
0.0639214
0.0639284
0.0639355
0.0639425
0.0639495
0.0639564
0.0639634
0.0639703
0.0639771
0.0639839
0.0639907
0.0639975
0.0640042
0.0640109
0.0640176
0.0640242
0.0640308
0.0640374
0.0640439
0.0640504
0.0640569
0.0640634
0.0640698
0.0640761
0.0640825
0.0640888
0.0640951
0.0641013
0.0641075
0.0641137
0.0641198
0.0641259
0.064132
0.064138
0.064144
0.06415
0.0641559
0.0641618
0.0641677
0.0641735
0.0641793
0.0641851
0.0641908
0.0641965
0.0642022
0.0642078
0.0642134
0.0642189
0.0642244
0.0642299
0.0642354
0.0642408
0.0642461
0.0642515
0.0642568
0.064262
0.0642673
0.0642725
0.0642776
0.0642827
0.0642878
0.0642929
0.0642979
0.0643028
0.0643078
0.0643127
0.0643175
0.0643224
0.0643271
0.0643319
0.0643366
0.0643413
0.0643459
0.0643505
0.0643552
0.0643594
0.0643645
0.0631321
0.0631432
0.0631523
0.0631627
0.0631728
0.0631825
0.0631924
0.0632023
0.063212
0.0632217
0.0632315
0.0632412
0.0632509
0.0632606
0.0632702
0.0632798
0.0632894
0.0632989
0.0633084
0.0633178
0.0633272
0.0633365
0.0633457
0.0633549
0.063364
0.0633731
0.0633822
0.0633911
0.0634001
0.063409
0.0634179
0.0634267
0.0634355
0.0634443
0.063453
0.0634617
0.0634704
0.0634791
0.0634877
0.0634963
0.0635049
0.0635135
0.063522
0.0635305
0.063539
0.0635474
0.0635559
0.0635643
0.0635727
0.063581
0.0635893
0.0635976
0.0636059
0.0636142
0.0636224
0.0636306
0.0636388
0.0636469
0.063655
0.0636631
0.0636712
0.0636792
0.0636872
0.0636952
0.0637032
0.0637111
0.063719
0.0637269
0.0637347
0.0637425
0.0637503
0.0637581
0.0637658
0.0637735
0.0637812
0.0637888
0.0637964
0.063804
0.0638116
0.0638191
0.0638266
0.0638341
0.0638415
0.0638489
0.0638563
0.0638637
0.063871
0.0638783
0.0638855
0.0638928
0.0639
0.0639071
0.0639143
0.0639214
0.0639284
0.0639355
0.0639425
0.0639495
0.0639564
0.0639634
0.0639703
0.0639771
0.0639839
0.0639907
0.0639975
0.0640042
0.0640109
0.0640176
0.0640242
0.0640308
0.0640374
0.0640439
0.0640504
0.0640569
0.0640634
0.0640698
0.0640761
0.0640825
0.0640888
0.0640951
0.0641013
0.0641075
0.0641137
0.0641198
0.0641259
0.064132
0.064138
0.064144
0.06415
0.0641559
0.0641618
0.0641677
0.0641735
0.0641793
0.0641851
0.0641908
0.0641965
0.0642022
0.0642078
0.0642134
0.0642189
0.0642244
0.0642299
0.0642354
0.0642408
0.0642461
0.0642515
0.0642568
0.064262
0.0642673
0.0642725
0.0642776
0.0642827
0.0642878
0.0642929
0.0642979
0.0643028
0.0643078
0.0643127
0.0643175
0.0643224
0.0643271
0.0643319
0.0643366
0.0643413
0.0643459
0.0643505
0.0643552
0.0643594
0.0643645
0.0631424
0.0631532
0.0631624
0.0631726
0.0631824
0.0631924
0.0632023
0.063212
0.0632218
0.0632316
0.0632413
0.063251
0.0632606
0.0632703
0.0632799
0.0632894
0.063299
0.0633084
0.0633179
0.0633272
0.0633365
0.0633458
0.0633549
0.063364
0.0633731
0.0633822
0.0633911
0.0634001
0.063409
0.0634179
0.0634267
0.0634355
0.0634443
0.063453
0.0634617
0.0634704
0.0634791
0.0634877
0.0634963
0.0635049
0.0635135
0.063522
0.0635305
0.063539
0.0635474
0.0635559
0.0635643
0.0635727
0.063581
0.0635893
0.0635976
0.0636059
0.0636142
0.0636224
0.0636306
0.0636388
0.0636469
0.063655
0.0636631
0.0636712
0.0636792
0.0636872
0.0636952
0.0637032
0.0637111
0.063719
0.0637269
0.0637347
0.0637425
0.0637503
0.0637581
0.0637658
0.0637735
0.0637812
0.0637888
0.0637964
0.063804
0.0638116
0.0638191
0.0638266
0.0638341
0.0638415
0.0638489
0.0638563
0.0638636
0.063871
0.0638783
0.0638855
0.0638927
0.0638999
0.0639071
0.0639143
0.0639214
0.0639284
0.0639355
0.0639425
0.0639495
0.0639564
0.0639634
0.0639702
0.0639771
0.0639839
0.0639907
0.0639975
0.0640042
0.0640109
0.0640176
0.0640242
0.0640308
0.0640374
0.0640439
0.0640504
0.0640569
0.0640633
0.0640698
0.0640761
0.0640825
0.0640888
0.064095
0.0641013
0.0641075
0.0641137
0.0641198
0.0641259
0.064132
0.064138
0.064144
0.06415
0.0641559
0.0641618
0.0641677
0.0641735
0.0641793
0.0641851
0.0641908
0.0641965
0.0642022
0.0642078
0.0642134
0.0642189
0.0642244
0.0642299
0.0642353
0.0642408
0.0642461
0.0642515
0.0642568
0.064262
0.0642673
0.0642725
0.0642776
0.0642827
0.0642878
0.0642929
0.0642979
0.0643028
0.0643078
0.0643127
0.0643175
0.0643224
0.0643271
0.0643319
0.0643366
0.0643413
0.0643459
0.0643505
0.0643552
0.0643594
0.0643645
0.0631523
0.0631624
0.0631727
0.0631824
0.0631925
0.0632023
0.063212
0.0632218
0.0632316
0.0632413
0.063251
0.0632607
0.0632703
0.0632799
0.0632895
0.063299
0.0633085
0.0633179
0.0633273
0.0633366
0.0633458
0.0633549
0.0633641
0.0633731
0.0633822
0.0633911
0.0634001
0.063409
0.0634179
0.0634267
0.0634355
0.0634443
0.063453
0.0634617
0.0634704
0.0634791
0.0634877
0.0634963
0.0635049
0.0635135
0.063522
0.0635305
0.063539
0.0635474
0.0635559
0.0635643
0.0635726
0.063581
0.0635893
0.0635976
0.0636059
0.0636142
0.0636224
0.0636306
0.0636388
0.0636469
0.063655
0.0636631
0.0636712
0.0636792
0.0636872
0.0636952
0.0637032
0.0637111
0.063719
0.0637268
0.0637347
0.0637425
0.0637503
0.0637581
0.0637658
0.0637735
0.0637812
0.0637888
0.0637964
0.063804
0.0638116
0.0638191
0.0638266
0.0638341
0.0638415
0.0638489
0.0638563
0.0638636
0.063871
0.0638783
0.0638855
0.0638927
0.0638999
0.0639071
0.0639143
0.0639214
0.0639284
0.0639355
0.0639425
0.0639495
0.0639564
0.0639634
0.0639702
0.0639771
0.0639839
0.0639907
0.0639975
0.0640042
0.0640109
0.0640176
0.0640242
0.0640308
0.0640374
0.0640439
0.0640504
0.0640569
0.0640633
0.0640697
0.0640761
0.0640825
0.0640888
0.064095
0.0641013
0.0641075
0.0641137
0.0641198
0.0641259
0.064132
0.064138
0.064144
0.06415
0.0641559
0.0641618
0.0641677
0.0641735
0.0641793
0.0641851
0.0641908
0.0641965
0.0642021
0.0642078
0.0642134
0.0642189
0.0642244
0.0642299
0.0642353
0.0642408
0.0642461
0.0642515
0.0642568
0.064262
0.0642673
0.0642724
0.0642776
0.0642827
0.0642878
0.0642929
0.0642979
0.0643028
0.0643078
0.0643127
0.0643175
0.0643224
0.0643271
0.0643319
0.0643366
0.0643413
0.0643459
0.0643505
0.0643552
0.0643594
0.0643645
0.0631514
0.063163
0.0631719
0.0631822
0.0631926
0.0632024
0.0632121
0.0632219
0.0632317
0.0632414
0.0632511
0.0632608
0.0632704
0.06328
0.0632896
0.0632991
0.0633086
0.063318
0.0633273
0.0633366
0.0633458
0.063355
0.0633641
0.0633731
0.0633822
0.0633911
0.0634001
0.063409
0.0634179
0.0634267
0.0634355
0.0634443
0.063453
0.0634617
0.0634704
0.0634791
0.0634877
0.0634963
0.0635049
0.0635135
0.063522
0.0635305
0.063539
0.0635474
0.0635559
0.0635643
0.0635726
0.063581
0.0635893
0.0635976
0.0636059
0.0636142
0.0636224
0.0636306
0.0636387
0.0636469
0.063655
0.0636631
0.0636712
0.0636792
0.0636872
0.0636952
0.0637031
0.0637111
0.063719
0.0637268
0.0637347
0.0637425
0.0637503
0.063758
0.0637658
0.0637735
0.0637812
0.0637888
0.0637964
0.063804
0.0638116
0.0638191
0.0638266
0.0638341
0.0638415
0.0638489
0.0638563
0.0638636
0.063871
0.0638782
0.0638855
0.0638927
0.0638999
0.0639071
0.0639142
0.0639214
0.0639284
0.0639355
0.0639425
0.0639495
0.0639564
0.0639634
0.0639702
0.0639771
0.0639839
0.0639907
0.0639975
0.0640042
0.0640109
0.0640176
0.0640242
0.0640308
0.0640374
0.0640439
0.0640504
0.0640569
0.0640633
0.0640697
0.0640761
0.0640825
0.0640888
0.064095
0.0641013
0.0641075
0.0641137
0.0641198
0.0641259
0.064132
0.064138
0.064144
0.06415
0.0641559
0.0641618
0.0641677
0.0641735
0.0641793
0.0641851
0.0641908
0.0641965
0.0642021
0.0642078
0.0642133
0.0642189
0.0642244
0.0642299
0.0642353
0.0642407
0.0642461
0.0642515
0.0642568
0.064262
0.0642673
0.0642724
0.0642776
0.0642827
0.0642878
0.0642929
0.0642979
0.0643028
0.0643078
0.0643127
0.0643175
0.0643224
0.0643271
0.0643319
0.0643366
0.0643413
0.0643459
0.0643505
0.0643552
0.0643594
0.0643645
0.0631624
0.063173
0.0631819
0.0631924
0.0632023
0.0632121
0.0632219
0.0632317
0.0632414
0.0632512
0.0632608
0.0632705
0.0632801
0.0632896
0.0632992
0.0633086
0.063318
0.0633274
0.0633366
0.0633458
0.063355
0.0633641
0.0633731
0.0633822
0.0633912
0.0634001
0.063409
0.0634179
0.0634267
0.0634355
0.0634443
0.063453
0.0634617
0.0634704
0.0634791
0.0634877
0.0634963
0.0635049
0.0635135
0.063522
0.0635305
0.063539
0.0635474
0.0635559
0.0635643
0.0635726
0.063581
0.0635893
0.0635976
0.0636059
0.0636142
0.0636224
0.0636306
0.0636387
0.0636469
0.063655
0.0636631
0.0636712
0.0636792
0.0636872
0.0636952
0.0637031
0.0637111
0.063719
0.0637268
0.0637347
0.0637425
0.0637503
0.063758
0.0637658
0.0637735
0.0637812
0.0637888
0.0637964
0.063804
0.0638116
0.0638191
0.0638266
0.0638341
0.0638415
0.0638489
0.0638563
0.0638636
0.063871
0.0638782
0.0638855
0.0638927
0.0638999
0.0639071
0.0639142
0.0639214
0.0639284
0.0639355
0.0639425
0.0639495
0.0639564
0.0639633
0.0639702
0.0639771
0.0639839
0.0639907
0.0639975
0.0640042
0.0640109
0.0640176
0.0640242
0.0640308
0.0640374
0.0640439
0.0640504
0.0640569
0.0640633
0.0640697
0.0640761
0.0640825
0.0640888
0.064095
0.0641013
0.0641075
0.0641137
0.0641198
0.0641259
0.064132
0.064138
0.064144
0.06415
0.0641559
0.0641618
0.0641677
0.0641735
0.0641793
0.0641851
0.0641908
0.0641965
0.0642021
0.0642078
0.0642133
0.0642189
0.0642244
0.0642299
0.0642353
0.0642407
0.0642461
0.0642515
0.0642568
0.064262
0.0642672
0.0642724
0.0642776
0.0642827
0.0642878
0.0642928
0.0642979
0.0643028
0.0643078
0.0643127
0.0643175
0.0643224
0.0643271
0.0643319
0.0643366
0.0643413
0.0643459
0.0643504
0.0643552
0.0643594
0.0643645
0.0631719
0.0631818
0.0631924
0.0632023
0.0632121
0.063222
0.0632318
0.0632415
0.0632512
0.0632609
0.0632705
0.0632801
0.0632897
0.0632992
0.0633087
0.0633181
0.0633274
0.0633367
0.0633459
0.063355
0.0633641
0.0633732
0.0633822
0.0633912
0.0634001
0.063409
0.0634179
0.0634267
0.0634355
0.0634443
0.063453
0.0634617
0.0634704
0.0634791
0.0634877
0.0634963
0.0635049
0.0635135
0.063522
0.0635305
0.063539
0.0635474
0.0635559
0.0635643
0.0635726
0.063581
0.0635893
0.0635976
0.0636059
0.0636141
0.0636224
0.0636306
0.0636387
0.0636469
0.063655
0.0636631
0.0636712
0.0636792
0.0636872
0.0636952
0.0637031
0.0637111
0.063719
0.0637268
0.0637347
0.0637425
0.0637503
0.063758
0.0637658
0.0637735
0.0637811
0.0637888
0.0637964
0.063804
0.0638116
0.0638191
0.0638266
0.063834
0.0638415
0.0638489
0.0638563
0.0638636
0.063871
0.0638782
0.0638855
0.0638927
0.0638999
0.0639071
0.0639142
0.0639213
0.0639284
0.0639355
0.0639425
0.0639495
0.0639564
0.0639633
0.0639702
0.0639771
0.0639839
0.0639907
0.0639975
0.0640042
0.0640109
0.0640176
0.0640242
0.0640308
0.0640374
0.0640439
0.0640504
0.0640569
0.0640633
0.0640697
0.0640761
0.0640824
0.0640888
0.064095
0.0641013
0.0641075
0.0641136
0.0641198
0.0641259
0.064132
0.064138
0.064144
0.06415
0.0641559
0.0641618
0.0641677
0.0641735
0.0641793
0.0641851
0.0641908
0.0641965
0.0642021
0.0642078
0.0642133
0.0642189
0.0642244
0.0642299
0.0642353
0.0642407
0.0642461
0.0642515
0.0642568
0.064262
0.0642672
0.0642724
0.0642776
0.0642827
0.0642878
0.0642928
0.0642979
0.0643028
0.0643078
0.0643127
0.0643175
0.0643224
0.0643271
0.0643319
0.0643366
0.0643413
0.0643459
0.0643504
0.0643552
0.0643594
0.0643645
0.0631712
0.0631823
0.0631918
0.0632023
0.0632121
0.063222
0.0632317
0.0632415
0.0632513
0.0632609
0.0632706
0.0632802
0.0632898
0.0632993
0.0633088
0.0633182
0.0633275
0.0633367
0.0633459
0.063355
0.0633641
0.0633732
0.0633822
0.0633912
0.0634001
0.063409
0.0634179
0.0634267
0.0634355
0.0634443
0.063453
0.0634617
0.0634704
0.0634791
0.0634877
0.0634963
0.0635049
0.0635135
0.063522
0.0635305
0.063539
0.0635474
0.0635559
0.0635643
0.0635726
0.063581
0.0635893
0.0635976
0.0636059
0.0636141
0.0636224
0.0636306
0.0636387
0.0636469
0.063655
0.0636631
0.0636712
0.0636792
0.0636872
0.0636952
0.0637031
0.0637111
0.063719
0.0637268
0.0637347
0.0637425
0.0637503
0.063758
0.0637658
0.0637735
0.0637811
0.0637888
0.0637964
0.063804
0.0638115
0.0638191
0.0638266
0.063834
0.0638415
0.0638489
0.0638563
0.0638636
0.0638709
0.0638782
0.0638855
0.0638927
0.0638999
0.0639071
0.0639142
0.0639213
0.0639284
0.0639355
0.0639425
0.0639495
0.0639564
0.0639633
0.0639702
0.0639771
0.0639839
0.0639907
0.0639975
0.0640042
0.0640109
0.0640176
0.0640242
0.0640308
0.0640374
0.0640439
0.0640504
0.0640569
0.0640633
0.0640697
0.0640761
0.0640824
0.0640888
0.064095
0.0641013
0.0641075
0.0641136
0.0641198
0.0641259
0.064132
0.064138
0.064144
0.06415
0.0641559
0.0641618
0.0641677
0.0641735
0.0641793
0.0641851
0.0641908
0.0641965
0.0642021
0.0642078
0.0642133
0.0642189
0.0642244
0.0642299
0.0642353
0.0642407
0.0642461
0.0642514
0.0642567
0.064262
0.0642672
0.0642724
0.0642776
0.0642827
0.0642878
0.0642928
0.0642979
0.0643028
0.0643078
0.0643127
0.0643175
0.0643224
0.0643271
0.0643319
0.0643366
0.0643413
0.0643459
0.0643504
0.0643552
0.0643594
0.0643645
0.0631816
0.0631926
0.0632018
0.0632121
0.0632221
0.0632318
0.0632416
0.0632514
0.063261
0.0632707
0.0632803
0.0632899
0.0632994
0.0633089
0.0633182
0.0633276
0.0633368
0.063346
0.0633551
0.0633641
0.0633732
0.0633822
0.0633912
0.0634001
0.063409
0.0634179
0.0634267
0.0634355
0.0634443
0.063453
0.0634617
0.0634704
0.0634791
0.0634877
0.0634963
0.0635049
0.0635134
0.063522
0.0635305
0.063539
0.0635474
0.0635558
0.0635643
0.0635726
0.063581
0.0635893
0.0635976
0.0636059
0.0636141
0.0636224
0.0636306
0.0636387
0.0636469
0.063655
0.0636631
0.0636711
0.0636792
0.0636872
0.0636952
0.0637031
0.0637111
0.063719
0.0637268
0.0637347
0.0637425
0.0637503
0.063758
0.0637658
0.0637735
0.0637811
0.0637888
0.0637964
0.063804
0.0638115
0.0638191
0.0638266
0.063834
0.0638415
0.0638489
0.0638563
0.0638636
0.0638709
0.0638782
0.0638855
0.0638927
0.0638999
0.0639071
0.0639142
0.0639213
0.0639284
0.0639355
0.0639425
0.0639495
0.0639564
0.0639633
0.0639702
0.0639771
0.0639839
0.0639907
0.0639975
0.0640042
0.0640109
0.0640176
0.0640242
0.0640308
0.0640374
0.0640439
0.0640504
0.0640569
0.0640633
0.0640697
0.0640761
0.0640824
0.0640887
0.064095
0.0641013
0.0641075
0.0641136
0.0641198
0.0641259
0.064132
0.064138
0.064144
0.06415
0.0641559
0.0641618
0.0641677
0.0641735
0.0641793
0.064185
0.0641908
0.0641965
0.0642021
0.0642077
0.0642133
0.0642189
0.0642244
0.0642299
0.0642353
0.0642407
0.0642461
0.0642514
0.0642567
0.064262
0.0642672
0.0642724
0.0642776
0.0642827
0.0642878
0.0642928
0.0642979
0.0643028
0.0643078
0.0643127
0.0643175
0.0643224
0.0643271
0.0643319
0.0643366
0.0643413
0.0643459
0.0643504
0.0643552
0.0643594
0.0643645
0.063192
0.0632027
0.0632118
0.0632219
0.0632316
0.0632416
0.0632514
0.0632611
0.0632707
0.0632804
0.06329
0.0632995
0.0633089
0.0633183
0.0633276
0.0633369
0.063346
0.0633551
0.0633642
0.0633732
0.0633822
0.0633912
0.0634001
0.063409
0.0634179
0.0634267
0.0634355
0.0634443
0.063453
0.0634617
0.0634704
0.0634791
0.0634877
0.0634963
0.0635049
0.0635134
0.063522
0.0635305
0.063539
0.0635474
0.0635558
0.0635642
0.0635726
0.063581
0.0635893
0.0635976
0.0636059
0.0636141
0.0636224
0.0636306
0.0636387
0.0636469
0.063655
0.0636631
0.0636711
0.0636792
0.0636872
0.0636952
0.0637031
0.0637111
0.063719
0.0637268
0.0637347
0.0637425
0.0637503
0.063758
0.0637658
0.0637735
0.0637811
0.0637888
0.0637964
0.063804
0.0638115
0.0638191
0.0638266
0.063834
0.0638415
0.0638489
0.0638563
0.0638636
0.0638709
0.0638782
0.0638855
0.0638927
0.0638999
0.0639071
0.0639142
0.0639213
0.0639284
0.0639355
0.0639425
0.0639495
0.0639564
0.0639633
0.0639702
0.0639771
0.0639839
0.0639907
0.0639975
0.0640042
0.0640109
0.0640176
0.0640242
0.0640308
0.0640374
0.0640439
0.0640504
0.0640569
0.0640633
0.0640697
0.0640761
0.0640824
0.0640887
0.064095
0.0641013
0.0641075
0.0641136
0.0641198
0.0641259
0.0641319
0.064138
0.064144
0.06415
0.0641559
0.0641618
0.0641677
0.0641735
0.0641793
0.064185
0.0641908
0.0641965
0.0642021
0.0642077
0.0642133
0.0642189
0.0642244
0.0642299
0.0642353
0.0642407
0.0642461
0.0642514
0.0642567
0.064262
0.0642672
0.0642724
0.0642776
0.0642827
0.0642878
0.0642928
0.0642978
0.0643028
0.0643078
0.0643127
0.0643175
0.0643224
0.0643271
0.0643319
0.0643366
0.0643413
0.0643459
0.0643504
0.0643552
0.0643594
0.0643645
0.0632018
0.0632119
0.063222
0.0632317
0.0632417
0.0632514
0.0632611
0.0632708
0.0632804
0.06329
0.0632996
0.063309
0.0633184
0.0633277
0.0633369
0.0633461
0.0633551
0.0633642
0.0633732
0.0633823
0.0633912
0.0634002
0.0634091
0.0634179
0.0634267
0.0634355
0.0634443
0.063453
0.0634617
0.0634704
0.0634791
0.0634877
0.0634963
0.0635049
0.0635134
0.063522
0.0635305
0.063539
0.0635474
0.0635558
0.0635642
0.0635726
0.063581
0.0635893
0.0635976
0.0636059
0.0636141
0.0636224
0.0636306
0.0636387
0.0636469
0.063655
0.0636631
0.0636711
0.0636792
0.0636872
0.0636952
0.0637031
0.063711
0.0637189
0.0637268
0.0637347
0.0637425
0.0637503
0.063758
0.0637658
0.0637735
0.0637811
0.0637888
0.0637964
0.063804
0.0638115
0.0638191
0.0638266
0.063834
0.0638415
0.0638489
0.0638563
0.0638636
0.0638709
0.0638782
0.0638855
0.0638927
0.0638999
0.0639071
0.0639142
0.0639213
0.0639284
0.0639355
0.0639425
0.0639495
0.0639564
0.0639633
0.0639702
0.0639771
0.0639839
0.0639907
0.0639975
0.0640042
0.0640109
0.0640176
0.0640242
0.0640308
0.0640374
0.0640439
0.0640504
0.0640569
0.0640633
0.0640697
0.0640761
0.0640824
0.0640887
0.064095
0.0641012
0.0641075
0.0641136
0.0641198
0.0641259
0.0641319
0.064138
0.064144
0.06415
0.0641559
0.0641618
0.0641677
0.0641735
0.0641793
0.064185
0.0641908
0.0641965
0.0642021
0.0642077
0.0642133
0.0642189
0.0642244
0.0642299
0.0642353
0.0642407
0.0642461
0.0642514
0.0642567
0.064262
0.0642672
0.0642724
0.0642776
0.0642827
0.0642878
0.0642928
0.0642978
0.0643028
0.0643078
0.0643127
0.0643175
0.0643224
0.0643271
0.0643319
0.0643366
0.0643413
0.0643459
0.0643504
0.0643552
0.0643594
0.0643645
0.0632008
0.0632124
0.0632213
0.0632315
0.0632417
0.0632515
0.0632611
0.0632709
0.0632805
0.0632901
0.0632997
0.0633091
0.0633185
0.0633278
0.063337
0.0633461
0.0633552
0.0633642
0.0633733
0.0633823
0.0633912
0.0634002
0.0634091
0.0634179
0.0634267
0.0634355
0.0634443
0.063453
0.0634617
0.0634704
0.0634791
0.0634877
0.0634963
0.0635049
0.0635134
0.063522
0.0635305
0.063539
0.0635474
0.0635558
0.0635642
0.0635726
0.063581
0.0635893
0.0635976
0.0636059
0.0636141
0.0636224
0.0636305
0.0636387
0.0636469
0.063655
0.0636631
0.0636711
0.0636792
0.0636872
0.0636952
0.0637031
0.063711
0.0637189
0.0637268
0.0637347
0.0637425
0.0637503
0.063758
0.0637658
0.0637735
0.0637811
0.0637888
0.0637964
0.063804
0.0638115
0.0638191
0.0638266
0.063834
0.0638415
0.0638489
0.0638563
0.0638636
0.0638709
0.0638782
0.0638855
0.0638927
0.0638999
0.0639071
0.0639142
0.0639213
0.0639284
0.0639354
0.0639425
0.0639494
0.0639564
0.0639633
0.0639702
0.0639771
0.0639839
0.0639907
0.0639975
0.0640042
0.0640109
0.0640175
0.0640242
0.0640308
0.0640374
0.0640439
0.0640504
0.0640569
0.0640633
0.0640697
0.0640761
0.0640824
0.0640887
0.064095
0.0641012
0.0641075
0.0641136
0.0641198
0.0641259
0.0641319
0.064138
0.064144
0.0641499
0.0641559
0.0641618
0.0641676
0.0641735
0.0641793
0.064185
0.0641908
0.0641965
0.0642021
0.0642077
0.0642133
0.0642189
0.0642244
0.0642299
0.0642353
0.0642407
0.0642461
0.0642514
0.0642567
0.064262
0.0642672
0.0642724
0.0642776
0.0642827
0.0642878
0.0642928
0.0642978
0.0643028
0.0643078
0.0643127
0.0643175
0.0643224
0.0643271
0.0643319
0.0643366
0.0643413
0.0643459
0.0643504
0.0643552
0.0643594
0.0643645
0.0632118
0.0632223
0.0632312
0.0632416
0.0632514
0.0632611
0.0632709
0.0632806
0.0632902
0.0632998
0.0633092
0.0633186
0.0633279
0.0633371
0.0633462
0.0633552
0.0633642
0.0633733
0.0633823
0.0633913
0.0634002
0.0634091
0.0634179
0.0634268
0.0634355
0.0634443
0.063453
0.0634617
0.0634704
0.0634791
0.0634877
0.0634963
0.0635049
0.0635134
0.063522
0.0635305
0.0635389
0.0635474
0.0635558
0.0635642
0.0635726
0.063581
0.0635893
0.0635976
0.0636059
0.0636141
0.0636223
0.0636305
0.0636387
0.0636469
0.063655
0.0636631
0.0636711
0.0636792
0.0636872
0.0636952
0.0637031
0.063711
0.0637189
0.0637268
0.0637347
0.0637425
0.0637503
0.063758
0.0637657
0.0637734
0.0637811
0.0637888
0.0637964
0.063804
0.0638115
0.0638191
0.0638266
0.063834
0.0638415
0.0638489
0.0638563
0.0638636
0.0638709
0.0638782
0.0638855
0.0638927
0.0638999
0.0639071
0.0639142
0.0639213
0.0639284
0.0639354
0.0639425
0.0639494
0.0639564
0.0639633
0.0639702
0.0639771
0.0639839
0.0639907
0.0639974
0.0640042
0.0640109
0.0640175
0.0640242
0.0640308
0.0640374
0.0640439
0.0640504
0.0640569
0.0640633
0.0640697
0.0640761
0.0640824
0.0640887
0.064095
0.0641012
0.0641074
0.0641136
0.0641198
0.0641259
0.0641319
0.064138
0.064144
0.0641499
0.0641559
0.0641618
0.0641676
0.0641735
0.0641793
0.064185
0.0641908
0.0641965
0.0642021
0.0642077
0.0642133
0.0642189
0.0642244
0.0642299
0.0642353
0.0642407
0.0642461
0.0642514
0.0642567
0.064262
0.0642672
0.0642724
0.0642776
0.0642827
0.0642878
0.0642928
0.0642978
0.0643028
0.0643078
0.0643127
0.0643175
0.0643224
0.0643271
0.0643319
0.0643366
0.0643413
0.0643459
0.0643504
0.0643552
0.0643594
0.0643645
0.0632213
0.0632311
0.0632416
0.0632515
0.0632612
0.063271
0.0632807
0.0632903
0.0632999
0.0633094
0.0633187
0.063328
0.0633372
0.0633462
0.0633552
0.0633643
0.0633733
0.0633823
0.0633913
0.0634002
0.0634091
0.063418
0.0634268
0.0634356
0.0634443
0.063453
0.0634617
0.0634704
0.0634791
0.0634877
0.0634963
0.0635049
0.0635134
0.063522
0.0635305
0.0635389
0.0635474
0.0635558
0.0635642
0.0635726
0.063581
0.0635893
0.0635976
0.0636059
0.0636141
0.0636223
0.0636305
0.0636387
0.0636469
0.063655
0.0636631
0.0636711
0.0636792
0.0636872
0.0636952
0.0637031
0.063711
0.0637189
0.0637268
0.0637347
0.0637425
0.0637503
0.063758
0.0637657
0.0637734
0.0637811
0.0637888
0.0637964
0.063804
0.0638115
0.0638191
0.0638265
0.063834
0.0638415
0.0638489
0.0638562
0.0638636
0.0638709
0.0638782
0.0638855
0.0638927
0.0638999
0.0639071
0.0639142
0.0639213
0.0639284
0.0639354
0.0639425
0.0639494
0.0639564
0.0639633
0.0639702
0.0639771
0.0639839
0.0639907
0.0639974
0.0640042
0.0640109
0.0640175
0.0640242
0.0640308
0.0640373
0.0640439
0.0640504
0.0640569
0.0640633
0.0640697
0.0640761
0.0640824
0.0640887
0.064095
0.0641012
0.0641074
0.0641136
0.0641198
0.0641259
0.0641319
0.064138
0.064144
0.0641499
0.0641559
0.0641618
0.0641676
0.0641735
0.0641793
0.064185
0.0641908
0.0641964
0.0642021
0.0642077
0.0642133
0.0642189
0.0642244
0.0642299
0.0642353
0.0642407
0.0642461
0.0642514
0.0642567
0.064262
0.0642672
0.0642724
0.0642776
0.0642827
0.0642878
0.0642928
0.0642978
0.0643028
0.0643078
0.0643127
0.0643175
0.0643224
0.0643271
0.0643319
0.0643366
0.0643413
0.0643459
0.0643504
0.0643552
0.0643594
0.0643645
0.0632205
0.0632316
0.063241
0.0632514
0.0632612
0.063271
0.0632806
0.0632904
0.0633
0.0633095
0.0633189
0.0633282
0.0633373
0.0633463
0.0633553
0.0633643
0.0633733
0.0633824
0.0633913
0.0634002
0.0634091
0.063418
0.0634268
0.0634356
0.0634443
0.063453
0.0634617
0.0634704
0.0634791
0.0634877
0.0634963
0.0635049
0.0635134
0.063522
0.0635305
0.0635389
0.0635474
0.0635558
0.0635642
0.0635726
0.063581
0.0635893
0.0635976
0.0636059
0.0636141
0.0636223
0.0636305
0.0636387
0.0636469
0.063655
0.0636631
0.0636711
0.0636792
0.0636872
0.0636952
0.0637031
0.063711
0.0637189
0.0637268
0.0637346
0.0637425
0.0637502
0.063758
0.0637657
0.0637734
0.0637811
0.0637888
0.0637964
0.063804
0.0638115
0.063819
0.0638265
0.063834
0.0638415
0.0638489
0.0638562
0.0638636
0.0638709
0.0638782
0.0638855
0.0638927
0.0638999
0.0639071
0.0639142
0.0639213
0.0639284
0.0639354
0.0639424
0.0639494
0.0639564
0.0639633
0.0639702
0.0639771
0.0639839
0.0639907
0.0639974
0.0640042
0.0640109
0.0640175
0.0640242
0.0640308
0.0640373
0.0640439
0.0640504
0.0640569
0.0640633
0.0640697
0.0640761
0.0640824
0.0640887
0.064095
0.0641012
0.0641074
0.0641136
0.0641198
0.0641259
0.0641319
0.064138
0.064144
0.0641499
0.0641559
0.0641618
0.0641676
0.0641735
0.0641793
0.064185
0.0641908
0.0641964
0.0642021
0.0642077
0.0642133
0.0642189
0.0642244
0.0642299
0.0642353
0.0642407
0.0642461
0.0642514
0.0642567
0.064262
0.0642672
0.0642724
0.0642776
0.0642827
0.0642878
0.0642928
0.0642978
0.0643028
0.0643078
0.0643127
0.0643175
0.0643224
0.0643271
0.0643319
0.0643366
0.0643413
0.0643459
0.0643504
0.0643552
0.0643594
0.0643645
0.0632309
0.0632419
0.063251
0.0632612
0.0632711
0.0632807
0.0632905
0.0633002
0.0633096
0.063319
0.0633283
0.0633374
0.0633464
0.0633553
0.0633643
0.0633734
0.0633824
0.0633913
0.0634003
0.0634091
0.063418
0.0634268
0.0634356
0.0634443
0.063453
0.0634617
0.0634704
0.0634791
0.0634877
0.0634963
0.0635049
0.0635134
0.063522
0.0635305
0.0635389
0.0635474
0.0635558
0.0635642
0.0635726
0.063581
0.0635893
0.0635976
0.0636059
0.0636141
0.0636223
0.0636305
0.0636387
0.0636468
0.063655
0.0636631
0.0636711
0.0636792
0.0636872
0.0636951
0.0637031
0.063711
0.0637189
0.0637268
0.0637346
0.0637425
0.0637502
0.063758
0.0637657
0.0637734
0.0637811
0.0637888
0.0637964
0.063804
0.0638115
0.063819
0.0638265
0.063834
0.0638415
0.0638489
0.0638562
0.0638636
0.0638709
0.0638782
0.0638855
0.0638927
0.0638999
0.0639071
0.0639142
0.0639213
0.0639284
0.0639354
0.0639424
0.0639494
0.0639564
0.0639633
0.0639702
0.0639771
0.0639839
0.0639907
0.0639974
0.0640042
0.0640109
0.0640175
0.0640242
0.0640308
0.0640373
0.0640439
0.0640504
0.0640569
0.0640633
0.0640697
0.0640761
0.0640824
0.0640887
0.064095
0.0641012
0.0641074
0.0641136
0.0641197
0.0641259
0.0641319
0.064138
0.064144
0.0641499
0.0641559
0.0641618
0.0641676
0.0641735
0.0641793
0.064185
0.0641907
0.0641964
0.0642021
0.0642077
0.0642133
0.0642189
0.0642244
0.0642299
0.0642353
0.0642407
0.0642461
0.0642514
0.0642567
0.064262
0.0642672
0.0642724
0.0642776
0.0642827
0.0642878
0.0642928
0.0642978
0.0643028
0.0643077
0.0643127
0.0643175
0.0643224
0.0643271
0.0643319
0.0643366
0.0643413
0.0643459
0.0643504
0.0643552
0.0643594
0.0643645
0.0632412
0.0632518
0.063261
0.063271
0.0632806
0.0632905
0.0633002
0.0633097
0.0633191
0.0633285
0.0633376
0.0633464
0.0633553
0.0633643
0.0633734
0.0633824
0.0633914
0.0634003
0.0634092
0.063418
0.0634268
0.0634356
0.0634443
0.063453
0.0634617
0.0634704
0.0634791
0.0634877
0.0634963
0.0635049
0.0635134
0.0635219
0.0635305
0.0635389
0.0635474
0.0635558
0.0635642
0.0635726
0.0635809
0.0635893
0.0635976
0.0636059
0.0636141
0.0636223
0.0636305
0.0636387
0.0636468
0.063655
0.0636631
0.0636711
0.0636792
0.0636872
0.0636951
0.0637031
0.063711
0.0637189
0.0637268
0.0637346
0.0637425
0.0637502
0.063758
0.0637657
0.0637734
0.0637811
0.0637888
0.0637964
0.063804
0.0638115
0.063819
0.0638265
0.063834
0.0638414
0.0638489
0.0638562
0.0638636
0.0638709
0.0638782
0.0638855
0.0638927
0.0638999
0.0639071
0.0639142
0.0639213
0.0639284
0.0639354
0.0639424
0.0639494
0.0639564
0.0639633
0.0639702
0.063977
0.0639839
0.0639907
0.0639974
0.0640042
0.0640109
0.0640175
0.0640242
0.0640308
0.0640373
0.0640439
0.0640504
0.0640568
0.0640633
0.0640697
0.0640761
0.0640824
0.0640887
0.064095
0.0641012
0.0641074
0.0641136
0.0641197
0.0641258
0.0641319
0.064138
0.064144
0.0641499
0.0641559
0.0641618
0.0641676
0.0641735
0.0641793
0.064185
0.0641907
0.0641964
0.0642021
0.0642077
0.0642133
0.0642189
0.0642244
0.0642298
0.0642353
0.0642407
0.0642461
0.0642514
0.0642567
0.064262
0.0642672
0.0642724
0.0642776
0.0642827
0.0642878
0.0642928
0.0642978
0.0643028
0.0643077
0.0643127
0.0643175
0.0643224
0.0643271
0.0643319
0.0643366
0.0643413
0.0643459
0.0643505
0.0643552
0.0643594
0.0643645
0.063251
0.063261
0.063271
0.0632807
0.0632907
0.0633004
0.0633098
0.0633193
0.0633286
0.0633377
0.0633465
0.0633553
0.0633643
0.0633734
0.0633825
0.0633914
0.0634003
0.0634092
0.063418
0.0634268
0.0634356
0.0634443
0.0634531
0.0634617
0.0634704
0.0634791
0.0634877
0.0634963
0.0635049
0.0635134
0.0635219
0.0635304
0.0635389
0.0635474
0.0635558
0.0635642
0.0635726
0.0635809
0.0635893
0.0635976
0.0636059
0.0636141
0.0636223
0.0636305
0.0636387
0.0636468
0.063655
0.063663
0.0636711
0.0636791
0.0636872
0.0636951
0.0637031
0.063711
0.0637189
0.0637268
0.0637346
0.0637425
0.0637502
0.063758
0.0637657
0.0637734
0.0637811
0.0637887
0.0637964
0.0638039
0.0638115
0.063819
0.0638265
0.063834
0.0638414
0.0638489
0.0638562
0.0638636
0.0638709
0.0638782
0.0638855
0.0638927
0.0638999
0.0639071
0.0639142
0.0639213
0.0639284
0.0639354
0.0639424
0.0639494
0.0639564
0.0639633
0.0639702
0.063977
0.0639839
0.0639907
0.0639974
0.0640042
0.0640109
0.0640175
0.0640242
0.0640308
0.0640373
0.0640439
0.0640504
0.0640568
0.0640633
0.0640697
0.0640761
0.0640824
0.0640887
0.064095
0.0641012
0.0641074
0.0641136
0.0641197
0.0641258
0.0641319
0.064138
0.064144
0.0641499
0.0641559
0.0641618
0.0641676
0.0641735
0.0641793
0.064185
0.0641907
0.0641964
0.0642021
0.0642077
0.0642133
0.0642188
0.0642244
0.0642298
0.0642353
0.0642407
0.0642461
0.0642514
0.0642567
0.064262
0.0642672
0.0642724
0.0642776
0.0642827
0.0642878
0.0642928
0.0642978
0.0643028
0.0643077
0.0643127
0.0643175
0.0643224
0.0643271
0.0643319
0.0643366
0.0643413
0.0643459
0.0643505
0.0643552
0.0643594
0.0643645
0.06325
0.0632616
0.0632704
0.0632806
0.0632908
0.0633005
0.06331
0.0633195
0.0633288
0.0633379
0.0633465
0.0633553
0.0633644
0.0633735
0.0633825
0.0633914
0.0634003
0.0634092
0.063418
0.0634268
0.0634356
0.0634443
0.0634531
0.0634617
0.0634704
0.0634791
0.0634877
0.0634963
0.0635049
0.0635134
0.0635219
0.0635304
0.0635389
0.0635474
0.0635558
0.0635642
0.0635726
0.0635809
0.0635893
0.0635976
0.0636058
0.0636141
0.0636223
0.0636305
0.0636387
0.0636468
0.063655
0.063663
0.0636711
0.0636791
0.0636872
0.0636951
0.0637031
0.063711
0.0637189
0.0637268
0.0637346
0.0637424
0.0637502
0.063758
0.0637657
0.0637734
0.0637811
0.0637887
0.0637964
0.0638039
0.0638115
0.063819
0.0638265
0.063834
0.0638414
0.0638488
0.0638562
0.0638636
0.0638709
0.0638782
0.0638855
0.0638927
0.0638999
0.063907
0.0639142
0.0639213
0.0639284
0.0639354
0.0639424
0.0639494
0.0639564
0.0639633
0.0639702
0.063977
0.0639839
0.0639907
0.0639974
0.0640042
0.0640109
0.0640175
0.0640242
0.0640308
0.0640373
0.0640439
0.0640504
0.0640568
0.0640633
0.0640697
0.0640761
0.0640824
0.0640887
0.064095
0.0641012
0.0641074
0.0641136
0.0641197
0.0641258
0.0641319
0.0641379
0.064144
0.0641499
0.0641559
0.0641618
0.0641676
0.0641735
0.0641792
0.064185
0.0641907
0.0641964
0.0642021
0.0642077
0.0642133
0.0642188
0.0642244
0.0642298
0.0642353
0.0642407
0.0642461
0.0642514
0.0642567
0.064262
0.0642672
0.0642724
0.0642776
0.0642827
0.0642878
0.0642928
0.0642978
0.0643028
0.0643077
0.0643127
0.0643175
0.0643224
0.0643271
0.0643319
0.0643366
0.0643413
0.0643459
0.0643505
0.0643552
0.0643594
0.0643645
0.063261
0.0632714
0.0632803
0.0632907
0.0633005
0.0633101
0.0633196
0.0633291
0.0633381
0.0633466
0.0633553
0.0633644
0.0633735
0.0633825
0.0633915
0.0634004
0.0634092
0.0634181
0.0634268
0.0634356
0.0634443
0.0634531
0.0634617
0.0634704
0.0634791
0.0634877
0.0634963
0.0635049
0.0635134
0.0635219
0.0635304
0.0635389
0.0635474
0.0635558
0.0635642
0.0635726
0.0635809
0.0635893
0.0635976
0.0636058
0.0636141
0.0636223
0.0636305
0.0636387
0.0636468
0.0636549
0.063663
0.0636711
0.0636791
0.0636871
0.0636951
0.0637031
0.063711
0.0637189
0.0637268
0.0637346
0.0637424
0.0637502
0.063758
0.0637657
0.0637734
0.0637811
0.0637887
0.0637964
0.0638039
0.0638115
0.063819
0.0638265
0.063834
0.0638414
0.0638488
0.0638562
0.0638636
0.0638709
0.0638782
0.0638854
0.0638927
0.0638999
0.063907
0.0639142
0.0639213
0.0639284
0.0639354
0.0639424
0.0639494
0.0639564
0.0639633
0.0639702
0.063977
0.0639839
0.0639907
0.0639974
0.0640041
0.0640108
0.0640175
0.0640241
0.0640308
0.0640373
0.0640439
0.0640504
0.0640568
0.0640633
0.0640697
0.0640761
0.0640824
0.0640887
0.064095
0.0641012
0.0641074
0.0641136
0.0641197
0.0641258
0.0641319
0.0641379
0.0641439
0.0641499
0.0641558
0.0641617
0.0641676
0.0641734
0.0641792
0.064185
0.0641907
0.0641964
0.0642021
0.0642077
0.0642133
0.0642188
0.0642244
0.0642298
0.0642353
0.0642407
0.0642461
0.0642514
0.0642567
0.064262
0.0642672
0.0642724
0.0642776
0.0642827
0.0642878
0.0642928
0.0642978
0.0643028
0.0643077
0.0643127
0.0643175
0.0643224
0.0643271
0.0643319
0.0643366
0.0643413
0.0643459
0.0643505
0.0643552
0.0643594
0.0643645
0.0632705
0.0632803
0.0632908
0.0633007
0.0633103
0.0633199
0.0633293
0.0633383
0.0633466
0.0633552
0.0633644
0.0633736
0.0633826
0.0633915
0.0634004
0.0634093
0.0634181
0.0634269
0.0634356
0.0634443
0.0634531
0.0634617
0.0634704
0.0634791
0.0634877
0.0634963
0.0635048
0.0635134
0.0635219
0.0635304
0.0635389
0.0635474
0.0635558
0.0635642
0.0635726
0.0635809
0.0635893
0.0635976
0.0636058
0.0636141
0.0636223
0.0636305
0.0636387
0.0636468
0.0636549
0.063663
0.0636711
0.0636791
0.0636871
0.0636951
0.0637031
0.063711
0.0637189
0.0637268
0.0637346
0.0637424
0.0637502
0.063758
0.0637657
0.0637734
0.0637811
0.0637887
0.0637963
0.0638039
0.0638115
0.063819
0.0638265
0.063834
0.0638414
0.0638488
0.0638562
0.0638636
0.0638709
0.0638782
0.0638854
0.0638927
0.0638999
0.063907
0.0639142
0.0639213
0.0639284
0.0639354
0.0639424
0.0639494
0.0639564
0.0639633
0.0639702
0.063977
0.0639839
0.0639906
0.0639974
0.0640041
0.0640108
0.0640175
0.0640241
0.0640307
0.0640373
0.0640439
0.0640504
0.0640568
0.0640633
0.0640697
0.064076
0.0640824
0.0640887
0.064095
0.0641012
0.0641074
0.0641136
0.0641197
0.0641258
0.0641319
0.0641379
0.0641439
0.0641499
0.0641558
0.0641617
0.0641676
0.0641734
0.0641792
0.064185
0.0641907
0.0641964
0.0642021
0.0642077
0.0642133
0.0642188
0.0642244
0.0642298
0.0642353
0.0642407
0.0642461
0.0642514
0.0642567
0.064262
0.0642672
0.0642724
0.0642776
0.0642827
0.0642878
0.0642928
0.0642978
0.0643028
0.0643077
0.0643126
0.0643175
0.0643224
0.0643271
0.0643319
0.0643366
0.0643413
0.0643459
0.0643505
0.0643552
0.0643594
0.0643645
0.0632696
0.0632808
0.0632903
0.0633007
0.0633104
0.06332
0.0633296
0.0633385
0.0633466
0.0633551
0.0633643
0.0633736
0.0633826
0.0633915
0.0634004
0.0634093
0.0634181
0.0634269
0.0634356
0.0634443
0.063453
0.0634617
0.0634704
0.063479
0.0634877
0.0634963
0.0635048
0.0635134
0.0635219
0.0635304
0.0635389
0.0635473
0.0635558
0.0635642
0.0635726
0.0635809
0.0635892
0.0635975
0.0636058
0.0636141
0.0636223
0.0636305
0.0636387
0.0636468
0.0636549
0.063663
0.0636711
0.0636791
0.0636871
0.0636951
0.0637031
0.063711
0.0637189
0.0637268
0.0637346
0.0637424
0.0637502
0.063758
0.0637657
0.0637734
0.0637811
0.0637887
0.0637963
0.0638039
0.0638115
0.063819
0.0638265
0.063834
0.0638414
0.0638488
0.0638562
0.0638636
0.0638709
0.0638782
0.0638854
0.0638927
0.0638999
0.063907
0.0639142
0.0639213
0.0639283
0.0639354
0.0639424
0.0639494
0.0639563
0.0639633
0.0639702
0.063977
0.0639838
0.0639906
0.0639974
0.0640041
0.0640108
0.0640175
0.0640241
0.0640307
0.0640373
0.0640438
0.0640503
0.0640568
0.0640633
0.0640697
0.064076
0.0640824
0.0640887
0.0640949
0.0641012
0.0641074
0.0641136
0.0641197
0.0641258
0.0641319
0.0641379
0.0641439
0.0641499
0.0641558
0.0641617
0.0641676
0.0641734
0.0641792
0.064185
0.0641907
0.0641964
0.0642021
0.0642077
0.0642133
0.0642188
0.0642243
0.0642298
0.0642353
0.0642407
0.064246
0.0642514
0.0642567
0.064262
0.0642672
0.0642724
0.0642775
0.0642827
0.0642877
0.0642928
0.0642978
0.0643028
0.0643077
0.0643126
0.0643175
0.0643223
0.0643271
0.0643319
0.0643366
0.0643413
0.0643459
0.0643505
0.0643552
0.0643594
0.0643645
0.06328
0.0632909
0.0633003
0.0633104
0.0633202
0.0633299
0.0633387
0.0633464
0.0633549
0.0633642
0.0633735
0.0633825
0.0633914
0.0634003
0.0634092
0.063418
0.0634267
0.0634355
0.0634442
0.0634529
0.0634616
0.0634703
0.0634789
0.0634875
0.0634961
0.0635047
0.0635132
0.0635218
0.0635303
0.0635388
0.0635472
0.0635556
0.063564
0.0635724
0.0635808
0.0635891
0.0635974
0.0636057
0.0636139
0.0636222
0.0636304
0.0636385
0.0636467
0.0636548
0.0636629
0.0636709
0.063679
0.063687
0.063695
0.0637029
0.0637109
0.0637188
0.0637266
0.0637345
0.0637423
0.0637501
0.0637578
0.0637656
0.0637733
0.0637809
0.0637886
0.0637962
0.0638038
0.0638113
0.0638189
0.0638264
0.0638338
0.0638413
0.0638487
0.0638561
0.0638634
0.0638707
0.063878
0.0638853
0.0638925
0.0638997
0.0639069
0.063914
0.0639211
0.0639282
0.0639353
0.0639423
0.0639493
0.0639562
0.0639631
0.06397
0.0639769
0.0639837
0.0639905
0.0639973
0.064004
0.0640107
0.0640174
0.064024
0.0640306
0.0640372
0.0640437
0.0640502
0.0640567
0.0640631
0.0640695
0.0640759
0.0640822
0.0640886
0.0640948
0.0641011
0.0641073
0.0641134
0.0641196
0.0641257
0.0641318
0.0641378
0.0641438
0.0641498
0.0641557
0.0641616
0.0641675
0.0641733
0.0641791
0.0641849
0.0641906
0.0641963
0.0642019
0.0642076
0.0642131
0.0642187
0.0642242
0.0642297
0.0642351
0.0642406
0.0642459
0.0642513
0.0642566
0.0642618
0.0642671
0.0642723
0.0642774
0.0642825
0.0642876
0.0642927
0.0642977
0.0643027
0.0643076
0.0643125
0.0643174
0.0643222
0.064327
0.0643318
0.0643365
0.0643412
0.0643458
0.0643503
0.0643551
0.0643593
0.0643644
0.0632894
0.0633001
0.0633093
0.0633192
0.0633292
0.0633379
0.0633453
0.0633536
0.0633631
0.0633725
0.0633815
0.0633904
0.0633993
0.0634082
0.063417
0.0634257
0.0634345
0.0634432
0.0634519
0.0634606
0.0634692
0.0634779
0.0634865
0.0634951
0.0635037
0.0635122
0.0635208
0.0635293
0.0635377
0.0635462
0.0635546
0.063563
0.0635714
0.0635798
0.0635881
0.0635964
0.0636047
0.0636129
0.0636212
0.0636294
0.0636375
0.0636457
0.0636538
0.0636619
0.06367
0.063678
0.063686
0.063694
0.0637019
0.0637099
0.0637178
0.0637256
0.0637335
0.0637413
0.0637491
0.0637569
0.0637646
0.0637723
0.06378
0.0637876
0.0637952
0.0638028
0.0638104
0.0638179
0.0638254
0.0638329
0.0638403
0.0638477
0.0638551
0.0638625
0.0638698
0.0638771
0.0638843
0.0638916
0.0638988
0.0639059
0.0639131
0.0639202
0.0639273
0.0639343
0.0639413
0.0639483
0.0639553
0.0639622
0.0639691
0.0639759
0.0639828
0.0639896
0.0639963
0.0640031
0.0640098
0.0640164
0.0640231
0.0640297
0.0640362
0.0640428
0.0640493
0.0640558
0.0640622
0.0640686
0.064075
0.0640813
0.0640876
0.0640939
0.0641001
0.0641063
0.0641125
0.0641187
0.0641248
0.0641308
0.0641369
0.0641429
0.0641489
0.0641548
0.0641607
0.0641666
0.0641724
0.0641782
0.0641839
0.0641897
0.0641954
0.064201
0.0642067
0.0642122
0.0642178
0.0642233
0.0642288
0.0642342
0.0642397
0.064245
0.0642504
0.0642557
0.0642609
0.0642662
0.0642714
0.0642765
0.0642817
0.0642867
0.0642918
0.0642968
0.0643018
0.0643067
0.0643116
0.0643165
0.0643213
0.0643261
0.0643309
0.0643356
0.0643403
0.064345
0.0643495
0.0643543
0.0643584
0.0643636
0.0632922
0.0633023
0.0633123
0.0633228
0.0633312
0.063338
0.0633463
0.063356
0.0633655
0.0633745
0.0633834
0.0633923
0.0634011
0.0634099
0.0634187
0.0634274
0.0634361
0.0634449
0.0634535
0.0634622
0.0634709
0.0634795
0.0634881
0.0634967
0.0635052
0.0635138
0.0635223
0.0635308
0.0635392
0.0635477
0.0635561
0.0635645
0.0635728
0.0635812
0.0635895
0.0635978
0.063606
0.0636143
0.0636225
0.0636306
0.0636388
0.0636469
0.063655
0.0636631
0.0636711
0.0636792
0.0636871
0.0636951
0.063703
0.0637109
0.0637188
0.0637267
0.0637345
0.0637423
0.0637501
0.0637578
0.0637655
0.0637732
0.0637808
0.0637885
0.0637961
0.0638036
0.0638112
0.0638187
0.0638262
0.0638336
0.063841
0.0638484
0.0638558
0.0638631
0.0638704
0.0638777
0.0638849
0.0638921
0.0638993
0.0639064
0.0639135
0.0639206
0.0639277
0.0639347
0.0639417
0.0639487
0.0639556
0.0639625
0.0639694
0.0639762
0.063983
0.0639898
0.0639965
0.0640032
0.0640099
0.0640165
0.0640231
0.0640297
0.0640363
0.0640428
0.0640493
0.0640557
0.0640621
0.0640685
0.0640748
0.0640812
0.0640874
0.0640937
0.0640999
0.0641061
0.0641122
0.0641183
0.0641244
0.0641305
0.0641365
0.0641425
0.0641484
0.0641543
0.0641602
0.064166
0.0641718
0.0641776
0.0641833
0.064189
0.0641947
0.0642003
0.0642059
0.0642115
0.064217
0.0642225
0.064228
0.0642334
0.0642388
0.0642441
0.0642494
0.0642547
0.0642599
0.0642651
0.0642703
0.0642754
0.0642805
0.0642856
0.0642906
0.0642956
0.0643005
0.0643055
0.0643103
0.0643152
0.06432
0.0643248
0.0643294
0.0643342
0.0643388
0.0643434
0.0643482
0.0643523
0.0643575
0.0632476
0.0632592
0.0632683
0.0632797
0.0632881
0.0632942
0.0633025
0.0633125
0.0633221
0.0633312
0.0633401
0.063349
0.0633579
0.0633667
0.0633755
0.0633842
0.063393
0.0634017
0.0634105
0.0634192
0.0634279
0.0634365
0.0634452
0.0634538
0.0634624
0.063471
0.0634795
0.0634881
0.0634966
0.063505
0.0635135
0.0635219
0.0635303
0.0635387
0.063547
0.0635554
0.0635637
0.0635719
0.0635802
0.0635884
0.0635966
0.0636048
0.0636129
0.063621
0.0636291
0.0636372
0.0636452
0.0636532
0.0636612
0.0636691
0.063677
0.0636849
0.0636928
0.0637006
0.0637084
0.0637162
0.063724
0.0637317
0.0637394
0.0637471
0.0637547
0.0637623
0.0637699
0.0637774
0.0637849
0.0637924
0.0637999
0.0638073
0.0638147
0.0638221
0.0638294
0.0638367
0.063844
0.0638513
0.0638585
0.0638657
0.0638728
0.0638799
0.063887
0.0638941
0.0639011
0.0639081
0.0639151
0.063922
0.063929
0.0639358
0.0639427
0.0639495
0.0639563
0.063963
0.0639697
0.0639764
0.0639831
0.0639897
0.0639963
0.0640028
0.0640093
0.0640158
0.0640223
0.0640287
0.0640351
0.0640414
0.0640478
0.0640541
0.0640603
0.0640665
0.0640727
0.0640789
0.064085
0.0640911
0.0640971
0.0641031
0.0641091
0.0641151
0.064121
0.0641269
0.0641327
0.0641385
0.0641443
0.06415
0.0641557
0.0641614
0.0641671
0.0641727
0.0641782
0.0641837
0.0641892
0.0641947
0.0642001
0.0642055
0.0642109
0.0642162
0.0642215
0.0642267
0.0642319
0.0642371
0.0642422
0.0642473
0.0642524
0.0642574
0.0642624
0.0642674
0.0642723
0.0642772
0.064282
0.0642868
0.0642915
0.0642963
0.064301
0.0643056
0.0643104
0.0643146
0.0643198
0.0630266
0.0630371
0.0630486
0.0630573
0.0630631
0.0630717
0.0630821
0.0630919
0.063101
0.0631101
0.0631192
0.0631282
0.0631371
0.0631461
0.0631551
0.063164
0.063173
0.0631819
0.0631908
0.0631997
0.0632085
0.0632174
0.0632262
0.063235
0.0632438
0.0632525
0.0632612
0.0632699
0.0632786
0.0632873
0.0632959
0.0633045
0.0633131
0.0633216
0.0633302
0.0633387
0.0633471
0.0633556
0.063364
0.0633724
0.0633807
0.0633891
0.0633974
0.0634057
0.0634139
0.0634222
0.0634304
0.0634385
0.0634467
0.0634548
0.0634629
0.063471
0.063479
0.063487
0.063495
0.0635029
0.0635109
0.0635187
0.0635266
0.0635344
0.0635422
0.06355
0.0635578
0.0635655
0.0635732
0.0635808
0.0635885
0.0635961
0.0636036
0.0636112
0.0636187
0.0636261
0.0636336
0.063641
0.0636484
0.0636557
0.0636631
0.0636704
0.0636776
0.0636849
0.0636921
0.0636992
0.0637064
0.0637135
0.0637205
0.0637276
0.0637346
0.0637416
0.0637485
0.0637554
0.0637623
0.0637692
0.063776
0.0637828
0.0637895
0.0637962
0.0638029
0.0638096
0.0638162
0.0638228
0.0638293
0.0638359
0.0638423
0.0638488
0.0638552
0.0638616
0.063868
0.0638743
0.0638806
0.0638868
0.063893
0.0638992
0.0639054
0.0639115
0.0639175
0.0639236
0.0639296
0.0639356
0.0639415
0.0639474
0.0639533
0.0639591
0.0639649
0.0639707
0.0639764
0.0639821
0.0639878
0.0639934
0.063999
0.0640045
0.06401
0.0640155
0.0640209
0.0640264
0.0640317
0.0640371
0.0640424
0.0640476
0.0640528
0.064058
0.0640632
0.0640683
0.0640734
0.0640784
0.0640835
0.0640884
0.0640934
0.0640982
0.064103
0.0641081
0.0641125
0.0641178
0.0619936
0.0620084
0.0620176
0.0620241
0.0620339
0.0620452
0.0620555
0.0620651
0.0620748
0.0620846
0.0620943
0.062104
0.0621138
0.0621235
0.0621332
0.062143
0.0621527
0.0621624
0.0621721
0.0621817
0.0621914
0.062201
0.0622106
0.0622201
0.0622297
0.0622392
0.0622487
0.0622582
0.0622676
0.0622771
0.0622865
0.0622958
0.0623052
0.0623145
0.0623238
0.0623331
0.0623423
0.0623516
0.0623607
0.0623699
0.0623791
0.0623882
0.0623973
0.0624063
0.0624153
0.0624243
0.0624333
0.0624423
0.0624512
0.0624601
0.0624689
0.0624778
0.0624866
0.0624954
0.0625041
0.0625128
0.0625215
0.0625302
0.0625388
0.0625474
0.062556
0.0625646
0.0625731
0.0625816
0.06259
0.0625985
0.0626069
0.0626152
0.0626236
0.0626319
0.0626402
0.0626484
0.0626566
0.0626648
0.062673
0.0626811
0.0626892
0.0626972
0.0627053
0.0627133
0.0627213
0.0627292
0.0627371
0.062745
0.0627528
0.0627606
0.0627684
0.0627762
0.0627839
0.0627916
0.0627992
0.0628068
0.0628144
0.062822
0.0628295
0.062837
0.0628444
0.0628518
0.0628592
0.0628666
0.0628739
0.0628812
0.0628884
0.0628957
0.0629029
0.06291
0.0629171
0.0629242
0.0629313
0.0629383
0.0629453
0.0629522
0.0629591
0.062966
0.0629729
0.0629797
0.0629864
0.0629932
0.0629999
0.0630066
0.0630132
0.0630198
0.0630264
0.0630329
0.0630394
0.0630458
0.0630523
0.0630586
0.063065
0.0630713
0.0630776
0.0630838
0.06309
0.0630962
0.0631023
0.0631084
0.0631145
0.0631205
0.0631265
0.0631325
0.0631384
0.0631443
0.0631501
0.063156
0.0631617
0.0631675
0.0631731
0.0631787
0.0631846
0.0631898
0.0631959
0.0581498
0.0581646
0.0581746
0.0581876
0.0582011
0.058213
0.0582245
0.0582363
0.0582483
0.0582603
0.0582725
0.0582846
0.0582968
0.058309
0.0583212
0.0583333
0.0583455
0.0583576
0.0583698
0.0583819
0.058394
0.058406
0.0584181
0.0584301
0.0584421
0.0584541
0.058466
0.058478
0.0584899
0.0585018
0.0585136
0.0585255
0.0585373
0.058549
0.0585608
0.0585725
0.0585842
0.0585959
0.0586076
0.0586192
0.0586308
0.0586423
0.0586539
0.0586654
0.0586769
0.0586883
0.0586998
0.0587112
0.0587226
0.0587339
0.0587452
0.0587565
0.0587678
0.058779
0.0587902
0.0588014
0.0588125
0.0588237
0.0588348
0.0588458
0.0588568
0.0588678
0.0588788
0.0588898
0.0589007
0.0589116
0.0589224
0.0589332
0.058944
0.0589548
0.0589655
0.0589762
0.0589869
0.0589975
0.0590082
0.0590187
0.0590293
0.0590398
0.0590503
0.0590607
0.0590712
0.0590815
0.0590919
0.0591022
0.0591125
0.0591228
0.059133
0.0591432
0.0591534
0.0591635
0.0591736
0.0591837
0.0591937
0.0592037
0.0592137
0.0592237
0.0592336
0.0592434
0.0592533
0.0592631
0.0592729
0.0592826
0.0592923
0.059302
0.0593116
0.0593212
0.0593308
0.0593403
0.0593498
0.0593593
0.0593687
0.0593781
0.0593875
0.0593968
0.0594061
0.0594154
0.0594246
0.0594338
0.0594429
0.0594521
0.0594611
0.0594702
0.0594792
0.0594882
0.0594971
0.059506
0.0595149
0.0595237
0.0595325
0.0595413
0.05955
0.0595587
0.0595674
0.059576
0.0595846
0.0595931
0.0596017
0.0596101
0.0596186
0.059627
0.0596353
0.0596437
0.059652
0.0596602
0.0596685
0.0596766
0.0596847
0.059693
0.0597009
0.0597094
0.0468363
0.0468597
0.0468767
0.0468968
0.0469147
0.0469304
0.0469461
0.0469626
0.0469795
0.0469965
0.0470136
0.0470308
0.0470481
0.0470653
0.0470826
0.0470999
0.0471171
0.0471344
0.0471516
0.0471688
0.047186
0.0472032
0.0472204
0.0472375
0.0472546
0.0472717
0.0472888
0.0473058
0.0473229
0.0473399
0.0473568
0.0473738
0.0473907
0.0474076
0.0474245
0.0474413
0.0474582
0.047475
0.0474917
0.0475085
0.0475252
0.0475419
0.0475586
0.0475752
0.0475918
0.0476084
0.047625
0.0476415
0.047658
0.0476745
0.0476909
0.0477073
0.0477237
0.0477401
0.0477564
0.0477727
0.047789
0.0478052
0.0478215
0.0478377
0.0478538
0.0478699
0.047886
0.0479021
0.0479182
0.0479342
0.0479501
0.0479661
0.047982
0.0479979
0.0480138
0.0480296
0.0480454
0.0480612
0.0480769
0.0480926
0.0481083
0.0481239
0.0481395
0.0481551
0.0481707
0.0481862
0.0482017
0.0482171
0.0482326
0.048248
0.0482633
0.0482786
0.0482939
0.0483092
0.0483244
0.0483396
0.0483548
0.0483699
0.048385
0.0484001
0.0484151
0.0484301
0.0484451
0.04846
0.0484749
0.0484898
0.0485046
0.0485194
0.0485342
0.0485489
0.0485636
0.0485783
0.0485929
0.0486075
0.0486221
0.0486366
0.0486511
0.0486655
0.04868
0.0486944
0.0487087
0.048723
0.0487373
0.0487516
0.0487658
0.0487799
0.0487941
0.0488082
0.0488223
0.0488363
0.0488503
0.0488643
0.0488782
0.0488921
0.0489059
0.0489198
0.0489335
0.0489473
0.048961
0.0489747
0.0489883
0.0490019
0.0490155
0.049029
0.0490425
0.049056
0.0490694
0.0490828
0.0490962
0.0491095
0.0491227
0.049136
0.0491492
0.0491627
0.0219409
0.0219647
0.0219876
0.022007
0.0220254
0.0220446
0.0220645
0.0220848
0.0221052
0.0221257
0.0221462
0.0221668
0.0221874
0.0222079
0.0222285
0.0222491
0.0222696
0.0222902
0.0223107
0.0223312
0.0223517
0.0223722
0.0223927
0.0224131
0.0224335
0.0224539
0.0224743
0.0224946
0.0225149
0.0225352
0.0225555
0.0225757
0.022596
0.0226162
0.0226363
0.0226565
0.0226766
0.0226967
0.0227168
0.0227368
0.0227568
0.0227768
0.0227968
0.0228167
0.0228366
0.0228565
0.0228763
0.0228961
0.0229159
0.0229357
0.0229554
0.0229751
0.0229948
0.0230145
0.0230341
0.0230537
0.0230733
0.0230928
0.0231123
0.0231318
0.0231512
0.0231707
0.0231901
0.0232094
0.0232287
0.023248
0.0232673
0.0232866
0.0233058
0.023325
0.0233441
0.0233632
0.0233823
0.0234014
0.0234204
0.0234394
0.0234584
0.0234773
0.0234962
0.0235151
0.0235339
0.0235527
0.0235715
0.0235902
0.0236089
0.0236276
0.0236463
0.0236649
0.0236835
0.023702
0.0237205
0.023739
0.0237575
0.0237759
0.0237943
0.0238126
0.0238309
0.0238492
0.0238675
0.0238857
0.0239039
0.023922
0.0239402
0.0239583
0.0239763
0.0239943
0.0240123
0.0240303
0.0240482
0.024066
0.0240839
0.0241017
0.0241195
0.0241372
0.0241549
0.0241726
0.0241902
0.0242078
0.0242254
0.0242429
0.0242604
0.0242779
0.0242953
0.0243127
0.0243301
0.0243474
0.0243647
0.0243819
0.0243991
0.0244163
0.0244334
0.0244505
0.0244676
0.0244846
0.0245016
0.0245186
0.0245355
0.0245524
0.0245692
0.0245861
0.0246028
0.0246196
0.0246363
0.0246529
0.0246696
0.0246862
0.0247027
0.0247193
0.024736
)
;

boundaryField
{
    inlet
    {
        type            calculated;
        value           nonuniform List<scalar> 0();
    }
    outlet
    {
        type            calculated;
        value           nonuniform List<scalar> 0();
    }
    lowerWall
    {
        type            calculated;
        value           nonuniform List<scalar> 0();
    }
    upperWall
    {
        type            calculated;
        value           uniform 0;
    }
    frontAndBack
    {
        type            calculated;
        value           uniform 0;
    }
    procBoundary9to0
    {
        type            processor;
        value           nonuniform List<scalar> 
36
(
0.0629887
0.0630004
0.0630102
0.0630205
0.0630312
0.0630416
0.0630517
0.0630619
0.063072
0.0630821
0.0630921
0.0631021
0.0631121
0.0631221
0.063132
0.0631419
0.0631518
0.0631617
0.0631715
0.0631813
0.0631911
0.0632009
0.0632107
0.0632204
0.0632301
0.0632398
0.0632495
0.0632591
0.0632689
0.0632784
0.0632881
0.0632975
0.0633072
0.0633173
0.0633271
0.0633393
)
;
    }
    procBoundary9to3
    {
        type            processor;
        value           nonuniform List<scalar> 
85
(
0.0629761
0.0629747
0.062986
0.062986
0.062998
0.062998
0.0630092
0.0630092
0.0630073
0.0630176
0.0630176
0.0630299
0.0630299
0.0630277
0.0630382
0.0630382
0.0630488
0.0630488
0.0630606
0.0630606
0.0630582
0.0630688
0.0630688
0.0630809
0.0630809
0.0630786
0.0630888
0.0630888
0.0630994
0.0630994
0.0631108
0.0631108
0.0631086
0.063119
0.063119
0.0631296
0.0631296
0.0631408
0.0631408
0.0631386
0.0631491
0.0631491
0.0631608
0.0631608
0.0631586
0.0631688
0.0631688
0.0631792
0.0631792
0.0631903
0.0631903
0.0631882
0.0631986
0.0631986
0.0632101
0.0632101
0.063208
0.0632182
0.0632182
0.0632286
0.0632286
0.0632396
0.0632396
0.0632374
0.0632479
0.0632479
0.0632594
0.0632594
0.0632573
0.0632674
0.0632674
0.0632768
0.0632768
0.0632805
0.0632805
0.0632347
0.063013
0.063013
0.0619815
0.0619815
0.0581297
0.0581297
0.0468083
0.0219139
0.0219139
)
;
    }
    procBoundary9to4
    {
        type            processor;
        value           nonuniform List<scalar> 
50
(
0.0643703
0.0643701
0.0643703
0.0643702
0.0643703
0.0643703
0.0643703
0.0643703
0.0643703
0.0643703
0.0643703
0.0643703
0.0643703
0.0643703
0.0643703
0.0643703
0.0643703
0.0643703
0.0643703
0.0643703
0.0643703
0.0643703
0.0643703
0.0643703
0.0643703
0.0643703
0.0643703
0.0643703
0.0643703
0.0643703
0.0643703
0.0643703
0.0643703
0.0643703
0.0643703
0.0643703
0.0643703
0.0643703
0.0643703
0.0643703
0.0643703
0.0643702
0.0643694
0.0643633
0.0643258
0.064124
0.063203
0.0597189
0.0491772
0.0247535
)
;
    }
    procBoundary9to6
    {
        type            processor;
        value           nonuniform List<scalar> 
148
(
0.0633486
0.0633559
0.0633655
0.0633747
0.0633831
0.0633917
0.0634005
0.0634094
0.0634181
0.0634269
0.0634356
0.0634444
0.0634531
0.0634618
0.0634704
0.0634791
0.0634877
0.0634963
0.0635049
0.0635135
0.063522
0.0635305
0.063539
0.0635475
0.0635559
0.0635643
0.0635727
0.063581
0.0635894
0.0635977
0.063606
0.0636142
0.0636224
0.0636306
0.0636388
0.063647
0.0636551
0.0636632
0.0636712
0.0636793
0.0636873
0.0636953
0.0637032
0.0637112
0.0637191
0.0637269
0.0637348
0.0637426
0.0637504
0.0637581
0.0637659
0.0637736
0.0637812
0.0637889
0.0637965
0.0638041
0.0638117
0.0638192
0.0638267
0.0638342
0.0638416
0.063849
0.0638564
0.0638637
0.0638711
0.0638783
0.0638856
0.0638928
0.0639
0.0639072
0.0639143
0.0639215
0.0639285
0.0639356
0.0639426
0.0639496
0.0639565
0.0639635
0.0639703
0.0639772
0.063984
0.0639908
0.0639976
0.0640043
0.064011
0.0640177
0.0640243
0.0640309
0.0640375
0.064044
0.0640505
0.064057
0.0640634
0.0640699
0.0640762
0.0640826
0.0640889
0.0640951
0.0641014
0.0641076
0.0641138
0.0641199
0.064126
0.0641321
0.0641381
0.0641441
0.0641501
0.064156
0.0641619
0.0641678
0.0641736
0.0641794
0.0641852
0.0641909
0.0641966
0.0642023
0.0642079
0.0642135
0.064219
0.0642245
0.06423
0.0642354
0.0642409
0.0642462
0.0642516
0.0642569
0.0642621
0.0642674
0.0642725
0.0642777
0.0642828
0.0642879
0.0642929
0.0642979
0.0643029
0.0643078
0.0643127
0.0643176
0.0643224
0.0643272
0.064332
0.0643366
0.0643413
0.064346
0.0643504
0.0643552
0.0643593
0.0643645
)
;
    }
}


// ************************************************************************* //
