/*--------------------------------*- C++ -*----------------------------------*\
| =========                 |                                                 |
| \\      /  F ield         | OpenFOAM: The Open Source CFD Toolbox           |
|  \\    /   O peration     | Version:  2512                                  |
|   \\  /    A nd           | Website:  www.openfoam.com                      |
|    \\/     M anipulation  |                                                 |
\*---------------------------------------------------------------------------*/
FoamFile
{
    version     2.0;
    format      ascii;
    arch        "LSB;label=32;scalar=64";
    class       volScalarField;
    location    "0.1";
    object      p;
}
// * * * * * * * * * * * * * * * * * * * * * * * * * * * * * * * * * * * * * //

dimensions      [1 -1 -2 0 0 0 0];

internalField   nonuniform List<scalar> 
8333
(
0
-0.707688
-0.946524
-1.08267
-1.13755
-1.15096
-1.15564
-1.16453
-1.18103
-1.20281
-1.22719
-1.2535
-1.28172
-1.31163
-1.34309
-1.37606
-1.41051
-1.44641
-1.48373
-1.5225
-1.56271
-1.60433
-1.64741
-1.69195
-1.73795
-1.7854
-1.83432
-1.8847
-1.93654
-1.98984
-2.0446
-2.10081
-2.15849
-2.21763
-2.27823
-2.34029
-2.4038
-2.46878
-2.53522
-2.60312
-2.67248
-2.7433
-2.81558
-2.88932
-2.96452
-3.04118
-3.1193
-3.19888
-3.27992
-3.36242
-3.44638
-3.5318
-3.61868
-3.70702
-3.79682
-3.88808
-3.9808
-4.07498
-4.17062
-4.26772
-4.36628
-4.4663
-4.56778
-4.67072
-4.77512
-4.88098
-4.9883
-5.09708
-5.20732
-5.31902
-5.43218
-5.5468
-5.66287
-5.78041
-5.89941
-6.01987
-6.14178
-6.26516
-6.38999
-6.51629
-6.64404
-6.77326
-6.90393
-7.03606
-7.16966
-7.30471
-7.44122
-7.57919
-7.71861
-7.8595
-8.00185
-8.14565
-8.29092
-8.43764
-8.58582
-8.73546
-8.88656
-9.03912
-9.19313
-9.34861
-9.50554
-9.66393
-9.82378
-9.98509
-10.1479
-10.3121
-10.4778
-10.6449
-10.8135
-10.9835
-11.1551
-11.328
-11.5024
-11.6783
-11.8557
-12.0345
-12.2147
-12.3964
-12.5796
-12.7642
-12.9503
-13.1378
-13.3268
-13.5172
-13.7091
-13.9025
-14.0973
-14.2935
-14.4912
-14.6904
-14.891
-15.0931
-15.2966
-15.5016
-15.708
-15.9159
-16.1252
-16.3359
-16.5482
-16.7618
-16.9769
-17.1934
-17.4114
-17.6307
-17.8515
-18.0737
-18.2973
-18.5221
-18.7482
-4.5162
-4.98542
-5.19255
-5.31284
-5.36958
-5.38703
-5.39397
-5.40408
-5.42122
-5.44317
-5.46762
-5.494
-5.52221
-5.5521
-5.58354
-5.61648
-5.65092
-5.68679
-5.72412
-5.76288
-5.80309
-5.84476
-5.88787
-5.93243
-5.97843
-6.0259
-6.07483
-6.12521
-6.17705
-6.23035
-6.28511
-6.34133
-6.39901
-6.45815
-6.51875
-6.58081
-6.64433
-6.70931
-6.77575
-6.84365
-6.91301
-6.98383
-7.05611
-7.12985
-7.20505
-7.28171
-7.35983
-7.43941
-7.52045
-7.60295
-7.68691
-7.77233
-7.85921
-7.94755
-8.03735
-8.12861
-8.22134
-8.31552
-8.41116
-8.50826
-8.60682
-8.70684
-8.80832
-8.91126
-9.01566
-9.12152
-9.22884
-9.33762
-9.44786
-9.55956
-9.67272
-9.78734
-9.90341
-10.021
-10.1399
-10.2604
-10.3823
-10.5057
-10.6305
-10.7568
-10.8846
-11.0138
-11.1445
-11.2766
-11.4102
-11.5453
-11.6818
-11.8197
-11.9592
-12.1
-12.2424
-12.3862
-12.5315
-12.6782
-12.8264
-12.976
-13.1271
-13.2797
-13.4337
-13.5892
-13.7461
-13.9045
-14.0643
-14.2256
-14.3884
-14.5526
-14.7183
-14.8854
-15.054
-15.2241
-15.3956
-15.5686
-15.743
-15.9189
-16.0962
-16.275
-16.4553
-16.637
-16.8201
-17.0048
-17.1908
-17.3784
-17.5674
-17.7578
-17.9497
-18.143
-18.3378
-18.5341
-18.7318
-18.931
-19.1316
-19.3337
-19.5372
-19.7422
-19.9486
-20.1564
-20.3658
-20.5765
-20.7887
-21.0024
-21.2175
-21.434
-21.6519
-21.8713
-22.0921
-22.3143
-22.5379
-22.7628
-22.9891
-23.2166
-8.85727
-9.2235
-9.40935
-9.52512
-9.5904
-9.61608
-9.6271
-9.63978
-9.65853
-9.68106
-9.70571
-9.73225
-9.76061
-9.79061
-9.82212
-9.85512
-9.88961
-9.92557
-9.96294
-10.0017
-10.042
-10.0836
-10.1266
-10.1712
-10.2172
-10.2646
-10.3135
-10.3639
-10.4157
-10.469
-10.5238
-10.58
-10.6377
-10.6968
-10.7574
-10.8195
-10.883
-10.948
-11.0144
-11.0823
-11.1517
-11.2225
-11.2948
-11.3685
-11.4437
-11.5204
-11.5985
-11.6781
-11.7591
-11.8416
-11.9256
-12.011
-12.0979
-12.1862
-12.276
-12.3673
-12.46
-12.5542
-12.6498
-12.7469
-12.8455
-12.9455
-13.047
-13.1499
-13.2543
-13.3602
-13.4675
-13.5763
-13.6865
-13.7982
-13.9114
-14.026
-14.1421
-14.2596
-14.3786
-14.4991
-14.621
-14.7444
-14.8692
-14.9955
-15.1233
-15.2525
-15.3831
-15.5153
-15.6489
-15.7839
-15.9204
-16.0584
-16.1978
-16.3387
-16.4811
-16.6249
-16.7701
-16.9168
-17.065
-17.2147
-17.3658
-17.5183
-17.6723
-17.8278
-17.9847
-18.1431
-18.303
-18.4643
-18.6271
-18.7913
-18.957
-19.1241
-19.2927
-19.4627
-19.6343
-19.8072
-19.9817
-20.1575
-20.3349
-20.5137
-20.6939
-20.8756
-21.0588
-21.2434
-21.4295
-21.617
-21.806
-21.9964
-22.1883
-22.3817
-22.5765
-22.7727
-22.9705
-23.1696
-23.3702
-23.5723
-23.7758
-23.9808
-24.1872
-24.3951
-24.6044
-24.8152
-25.0274
-25.241
-25.4561
-25.6726
-25.8906
-26.11
-26.3308
-26.5529
-26.7765
-27.0015
-27.2277
-27.4555
-27.6848
-13.2078
-13.4841
-13.6414
-13.7431
-13.8102
-13.8426
-13.8581
-13.874
-13.8947
-13.9181
-13.943
-13.9697
-13.9983
-14.0283
-14.0599
-14.0929
-14.1273
-14.1632
-14.2005
-14.2393
-14.2795
-14.3212
-14.3644
-14.409
-14.455
-14.5025
-14.5514
-14.6018
-14.6537
-14.707
-14.7617
-14.8179
-14.8756
-14.9348
-14.9954
-15.0574
-15.121
-15.1859
-15.2524
-15.3203
-15.3896
-15.4605
-15.5327
-15.6065
-15.6817
-15.7583
-15.8365
-15.916
-15.9971
-16.0796
-16.1635
-16.249
-16.3358
-16.4242
-16.514
-16.6052
-16.698
-16.7921
-16.8878
-16.9849
-17.0834
-17.1835
-17.2849
-17.3879
-17.4923
-17.5981
-17.7055
-17.8142
-17.9245
-18.0362
-18.1493
-18.264
-18.38
-18.4976
-18.6166
-18.737
-18.8589
-18.9823
-19.1072
-19.2335
-19.3612
-19.4904
-19.6211
-19.7532
-19.8868
-20.0219
-20.1584
-20.2963
-20.4358
-20.5767
-20.719
-20.8628
-21.0081
-21.1548
-21.303
-21.4526
-21.6037
-21.7563
-21.9103
-22.0658
-22.2227
-22.3811
-22.5409
-22.7023
-22.865
-23.0292
-23.1949
-23.3621
-23.5307
-23.7007
-23.8722
-24.0452
-24.2196
-24.3955
-24.5728
-24.7516
-24.9319
-25.1136
-25.2967
-25.4814
-25.6674
-25.855
-26.044
-26.2344
-26.4263
-26.6196
-26.8144
-27.0107
-27.2084
-27.4076
-27.6082
-27.8103
-28.0138
-28.2187
-28.4252
-28.633
-28.8424
-29.0531
-29.2653
-29.479
-29.6941
-29.9106
-30.1286
-30.3479
-30.5687
-30.7909
-31.0145
-31.2395
-31.4659
-31.6936
-31.9231
-32.154
-17.532
-17.7428
-17.8759
-17.9651
-18.0316
-18.0695
-18.089
-18.1079
-18.1306
-18.1549
-18.1802
-18.2071
-18.2358
-18.266
-18.2976
-18.3307
-18.3651
-18.401
-18.4384
-18.4772
-18.5174
-18.5591
-18.6023
-18.6469
-18.6929
-18.7404
-18.7894
-18.8397
-18.8916
-18.9449
-18.9997
-19.0559
-19.1136
-19.1727
-19.2333
-19.2954
-19.3589
-19.4239
-19.4903
-19.5582
-19.6276
-19.6984
-19.7707
-19.8444
-19.9196
-19.9963
-20.0744
-20.154
-20.235
-20.3175
-20.4015
-20.4869
-20.5738
-20.6621
-20.7519
-20.8432
-20.9359
-21.0301
-21.1257
-21.2228
-21.3214
-21.4214
-21.5229
-21.6258
-21.7302
-21.8361
-21.9434
-22.0522
-22.1624
-22.2741
-22.3873
-22.5019
-22.618
-22.7355
-22.8545
-22.975
-23.0969
-23.2203
-23.3451
-23.4714
-23.5992
-23.7284
-23.8591
-23.9912
-24.1248
-24.2598
-24.3963
-24.5343
-24.6737
-24.8146
-24.957
-25.1008
-25.246
-25.3928
-25.5409
-25.6906
-25.8417
-25.9942
-26.1483
-26.3037
-26.4607
-26.6191
-26.7789
-26.9402
-27.103
-27.2672
-27.4329
-27.6
-27.7686
-27.9387
-28.1102
-28.2831
-28.4576
-28.6334
-28.8108
-28.9896
-29.1698
-29.3515
-29.5347
-29.7193
-29.9054
-30.0929
-30.2819
-30.4724
-30.6643
-30.8576
-31.0524
-31.2487
-31.4464
-31.6455
-31.8462
-32.0482
-32.2517
-32.4567
-32.6631
-32.871
-33.0803
-33.2911
-33.5033
-33.7169
-33.932
-34.1486
-34.3665
-34.5859
-34.8067
-35.0289
-35.2526
-35.4776
-35.704
-35.9318
-36.1613
-36.3923
-21.8401
-22.0022
-22.1148
-22.1928
-22.2573
-22.2984
-22.3209
-22.342
-22.3664
-22.3916
-22.4173
-22.4445
-22.4733
-22.5037
-22.5353
-22.5684
-22.603
-22.6389
-22.6763
-22.7151
-22.7553
-22.7971
-22.8402
-22.8848
-22.9309
-22.9783
-23.0273
-23.0777
-23.1295
-23.1829
-23.2376
-23.2939
-23.3515
-23.4107
-23.4713
-23.5334
-23.5969
-23.6619
-23.7283
-23.7962
-23.8656
-23.9364
-24.0087
-24.0824
-24.1576
-24.2343
-24.3124
-24.392
-24.473
-24.5555
-24.6395
-24.7249
-24.8118
-24.9001
-24.9899
-25.0812
-25.1739
-25.2681
-25.3637
-25.4608
-25.5594
-25.6594
-25.7609
-25.8638
-25.9682
-26.0741
-26.1814
-26.2902
-26.4004
-26.5121
-26.6253
-26.7399
-26.856
-26.9735
-27.0925
-27.2129
-27.3349
-27.4582
-27.5831
-27.7094
-27.8371
-27.9663
-28.097
-28.2291
-28.3627
-28.4978
-28.6343
-28.7723
-28.9117
-29.0526
-29.1949
-29.3387
-29.484
-29.6307
-29.7789
-29.9285
-30.0796
-30.2322
-30.3862
-30.5417
-30.6986
-30.857
-31.0169
-31.1782
-31.3409
-31.5052
-31.6708
-31.838
-32.0066
-32.1766
-32.3481
-32.5211
-32.6955
-32.8714
-33.0487
-33.2275
-33.4078
-33.5895
-33.7727
-33.9573
-34.1434
-34.3309
-34.5199
-34.7103
-34.9022
-35.0956
-35.2904
-35.4866
-35.6843
-35.8835
-36.0841
-36.2862
-36.4897
-36.6947
-36.9011
-37.109
-37.3183
-37.529
-37.7413
-37.9549
-38.17
-38.3865
-38.6045
-38.8239
-39.0447
-39.2669
-39.4906
-39.7156
-39.9421
-40.17
-40.3995
-40.6305
-40.8629
-26.1354
-26.262
-26.3572
-26.4251
-26.4867
-26.5293
-26.5538
-26.5766
-26.6023
-26.6283
-26.6544
-26.6818
-26.7109
-26.7413
-26.7731
-26.8062
-26.8408
-26.8767
-26.9141
-26.953
-26.9932
-27.035
-27.0781
-27.1227
-27.1688
-27.2163
-27.2652
-27.3156
-27.3675
-27.4208
-27.4756
-27.5318
-27.5895
-27.6486
-27.7092
-27.7713
-27.8348
-27.8998
-27.9662
-28.0341
-28.1035
-28.1743
-28.2466
-28.3204
-28.3956
-28.4722
-28.5503
-28.6299
-28.711
-28.7935
-28.8774
-28.9628
-29.0497
-29.1381
-29.2279
-29.3191
-29.4118
-29.506
-29.6017
-29.6988
-29.7973
-29.8973
-29.9988
-30.1018
-30.2062
-30.312
-30.4193
-30.5281
-30.6384
-30.7501
-30.8632
-30.9778
-31.0939
-31.2114
-31.3304
-31.4509
-31.5728
-31.6962
-31.821
-31.9473
-32.0751
-32.2043
-32.335
-32.4671
-32.6007
-32.7357
-32.8723
-33.0102
-33.1496
-33.2905
-33.4329
-33.5767
-33.722
-33.8687
-34.0169
-34.1665
-34.3176
-34.4702
-34.6242
-34.7796
-34.9366
-35.095
-35.2548
-35.4161
-35.5789
-35.7431
-35.9088
-36.0759
-36.2445
-36.4146
-36.5861
-36.7591
-36.9335
-37.1094
-37.2867
-37.4655
-37.6457
-37.8275
-38.0106
-38.1952
-38.3813
-38.5688
-38.7578
-38.9483
-39.1402
-39.3335
-39.5283
-39.7246
-39.9223
-40.1214
-40.3221
-40.5241
-40.7277
-40.9326
-41.139
-41.3469
-41.5562
-41.767
-41.9792
-42.1929
-42.408
-42.6245
-42.8425
-43.0619
-43.2827
-43.505
-43.7286
-43.9537
-44.1802
-44.4082
-44.6377
-44.8687
-45.1014
-45.3356
-30.4206
-30.5211
-30.6015
-30.6607
-30.7188
-30.7617
-30.7875
-30.8117
-30.8384
-30.865
-30.8915
-30.9192
-30.9484
-30.9789
-31.0108
-31.044
-31.0786
-31.1146
-31.152
-31.1909
-31.2311
-31.2729
-31.316
-31.3606
-31.4067
-31.4542
-31.5032
-31.5536
-31.6054
-31.6587
-31.7135
-31.7697
-31.8274
-31.8866
-31.9472
-32.0092
-32.0728
-32.1377
-32.2042
-32.2721
-32.3415
-32.4123
-32.4846
-32.5583
-32.6335
-32.7102
-32.7883
-32.8679
-32.9489
-33.0314
-33.1154
-33.2008
-33.2877
-33.376
-33.4658
-33.5571
-33.6498
-33.744
-33.8396
-33.9367
-34.0353
-34.1353
-34.2368
-34.3397
-34.4441
-34.55
-34.6573
-34.7661
-34.8763
-34.988
-35.1012
-35.2158
-35.3319
-35.4494
-35.5684
-35.6888
-35.8108
-35.9341
-36.059
-36.1853
-36.313
-36.4422
-36.5729
-36.705
-36.8386
-36.9737
-37.1102
-37.2482
-37.3876
-37.5285
-37.6708
-37.8146
-37.9599
-38.1066
-38.2548
-38.4044
-38.5555
-38.7081
-38.8621
-39.0176
-39.1745
-39.3329
-39.4928
-39.6541
-39.8168
-39.9811
-40.1467
-40.3139
-40.4825
-40.6525
-40.824
-40.997
-41.1714
-41.3473
-41.5246
-41.7034
-41.8837
-42.0654
-42.2486
-42.4332
-42.6193
-42.8068
-42.9958
-43.1862
-43.3781
-43.5715
-43.7663
-43.9625
-44.1602
-44.3594
-44.56
-44.7621
-44.9656
-45.1706
-45.377
-45.5849
-45.7942
-46.005
-46.2172
-46.4308
-46.6459
-46.8625
-47.0804
-47.2999
-47.5207
-47.743
-47.9666
-48.1918
-48.4183
-48.6463
-48.8759
-49.107
-49.3396
-49.5738
-34.6978
-34.779
-34.8471
-34.8985
-34.953
-34.9956
-35.0222
-35.0472
-35.0747
-35.1019
-35.1287
-35.1566
-35.1859
-35.2166
-35.2485
-35.2818
-35.3164
-35.3524
-35.3899
-35.4287
-35.469
-35.5108
-35.5539
-35.5986
-35.6446
-35.6921
-35.7411
-35.7915
-35.8433
-35.8967
-35.9514
-36.0077
-36.0654
-36.1245
-36.1851
-36.2472
-36.3107
-36.3757
-36.4421
-36.51
-36.5794
-36.6502
-36.7225
-36.7962
-36.8714
-36.9481
-37.0262
-37.1058
-37.1868
-37.2693
-37.3533
-37.4387
-37.5256
-37.6139
-37.7037
-37.795
-37.8877
-37.9819
-38.0775
-38.1746
-38.2732
-38.3732
-38.4747
-38.5776
-38.682
-38.7879
-38.8952
-39.004
-39.1142
-39.2259
-39.3391
-39.4537
-39.5698
-39.6873
-39.8063
-39.9268
-40.0487
-40.1721
-40.2969
-40.4232
-40.551
-40.6802
-40.8109
-40.943
-41.0766
-41.2116
-41.3481
-41.4861
-41.6255
-41.7664
-41.9088
-42.0526
-42.1978
-42.3446
-42.4927
-42.6424
-42.7935
-42.946
-43.1001
-43.2555
-43.4125
-43.5709
-43.7307
-43.892
-44.0548
-44.219
-44.3847
-44.5518
-44.7204
-44.8905
-45.062
-45.2349
-45.4094
-45.5852
-45.7626
-45.9414
-46.1216
-46.3033
-46.4865
-46.6711
-46.8572
-47.0447
-47.2337
-47.4242
-47.616
-47.8094
-48.0042
-48.2005
-48.3982
-48.5973
-48.798
-49
-49.2035
-49.4085
-49.6149
-49.8228
-50.0321
-50.2429
-50.4551
-50.6688
-50.8839
-51.1004
-51.3184
-51.5378
-51.7587
-51.981
-52.2047
-52.4298
-52.6564
-52.8845
-53.1141
-53.3452
-53.5778
-53.812
-54.0476
-38.9686
-39.0357
-39.0933
-39.1379
-39.1889
-39.2306
-39.2575
-39.2831
-39.3113
-39.3389
-39.3659
-39.394
-39.4235
-39.4543
-39.4862
-39.5195
-39.5542
-39.5903
-39.6277
-39.6666
-39.7069
-39.7487
-39.7918
-39.8365
-39.8825
-39.93
-39.979
-40.0294
-40.0813
-40.1346
-40.1894
-40.2456
-40.3033
-40.3624
-40.423
-40.4851
-40.5486
-40.6136
-40.6801
-40.748
-40.8173
-40.8881
-40.9604
-41.0342
-41.1094
-41.186
-41.2642
-41.3437
-41.4248
-41.5073
-41.5912
-41.6767
-41.7635
-41.8519
-41.9417
-42.0329
-42.1257
-42.2198
-42.3155
-42.4126
-42.5111
-42.6112
-42.7126
-42.8156
-42.92
-43.0258
-43.1332
-43.2419
-43.3522
-43.4639
-43.577
-43.6917
-43.8077
-43.9253
-44.0443
-44.1647
-44.2866
-44.41
-44.5349
-44.6611
-44.7889
-44.9181
-45.0488
-45.1809
-45.3145
-45.4496
-45.5861
-45.724
-45.8635
-46.0044
-46.1467
-46.2905
-46.4358
-46.5825
-46.7307
-46.8803
-47.0314
-47.184
-47.338
-47.4935
-47.6504
-47.8088
-47.9686
-48.1299
-48.2927
-48.4569
-48.6226
-48.7897
-48.9583
-49.1284
-49.2999
-49.4729
-49.6473
-49.8232
-50.0005
-50.1793
-50.3596
-50.5413
-50.7244
-50.9091
-51.0951
-51.2827
-51.4716
-51.6621
-51.854
-52.0473
-52.2421
-52.4384
-52.6361
-52.8353
-53.0359
-53.238
-53.4415
-53.6465
-53.8529
-54.0608
-54.2701
-54.4808
-54.6931
-54.9067
-55.1218
-55.3384
-55.5564
-55.7758
-55.9967
-56.219
-56.4427
-56.6679
-56.8945
-57.1226
-57.3522
-57.5833
-57.816
-58.0503
-58.2861
-58.5234
-43.2344
-43.2909
-43.34
-43.3786
-43.4262
-43.4667
-43.4936
-43.5195
-43.548
-43.576
-43.6032
-43.6315
-43.6611
-43.6919
-43.724
-43.7573
-43.792
-43.8281
-43.8656
-43.9045
-43.9448
-43.9865
-44.0297
-44.0744
-44.1204
-44.1679
-44.2169
-44.2673
-44.3192
-44.3725
-44.4273
-44.4835
-44.5412
-44.6004
-44.661
-44.723
-44.7866
-44.8515
-44.918
-44.9859
-45.0553
-45.1261
-45.1984
-45.2721
-45.3473
-45.424
-45.5021
-45.5817
-45.6627
-45.7452
-45.8292
-45.9146
-46.0015
-46.0898
-46.1796
-46.2709
-46.3636
-46.4578
-46.5534
-46.6505
-46.7491
-46.8491
-46.9506
-47.0535
-47.1579
-47.2638
-47.3711
-47.4799
-47.5901
-47.7018
-47.815
-47.9296
-48.0457
-48.1632
-48.2822
-48.4027
-48.5246
-48.6479
-48.7728
-48.8991
-49.0268
-49.156
-49.2867
-49.4188
-49.5524
-49.6875
-49.824
-49.962
-50.1014
-50.2423
-50.3846
-50.5284
-50.6737
-50.8204
-50.9686
-51.1182
-51.2693
-51.4219
-51.5759
-51.7314
-51.8883
-52.0467
-52.2066
-52.3679
-52.5306
-52.6949
-52.8605
-53.0277
-53.1963
-53.3663
-53.5378
-53.7108
-53.8852
-54.0611
-54.2384
-54.4172
-54.5975
-54.7792
-54.9624
-55.147
-55.3331
-55.5206
-55.7096
-55.9
-56.0919
-56.2853
-56.4801
-56.6763
-56.874
-57.0732
-57.2738
-57.4759
-57.6794
-57.8844
-58.0908
-58.2987
-58.508
-58.7188
-58.931
-59.1447
-59.3598
-59.5763
-59.7943
-60.0138
-60.2346
-60.4569
-60.6807
-60.9059
-61.1326
-61.3607
-61.5903
-61.8215
-62.0542
-62.2885
-62.5243
-62.7617
-63.0007
-47.4962
-47.5448
-47.5866
-47.6201
-47.6645
-47.7036
-47.7302
-47.7563
-47.7851
-47.8132
-47.8406
-47.869
-47.8987
-47.9296
-47.9617
-47.9951
-48.0298
-48.0659
-48.1034
-48.1423
-48.1827
-48.2244
-48.2676
-48.3122
-48.3583
-48.4058
-48.4548
-48.5052
-48.5571
-48.6104
-48.6652
-48.7214
-48.7791
-48.8383
-48.8989
-48.961
-49.0245
-49.0895
-49.1559
-49.2238
-49.2932
-49.364
-49.4363
-49.51
-49.5852
-49.6619
-49.74
-49.8196
-49.9006
-49.9831
-50.0671
-50.1525
-50.2394
-50.3277
-50.4175
-50.5088
-50.6015
-50.6957
-50.7913
-50.8884
-50.987
-51.087
-51.1885
-51.2914
-51.3958
-51.5017
-51.609
-51.7178
-51.828
-51.9397
-52.0529
-52.1675
-52.2836
-52.4011
-52.5201
-52.6406
-52.7625
-52.8859
-53.0107
-53.137
-53.2648
-53.394
-53.5246
-53.6568
-53.7904
-53.9254
-54.0619
-54.1999
-54.3393
-54.4802
-54.6226
-54.7664
-54.9116
-55.0583
-55.2065
-55.3562
-55.5073
-55.6598
-55.8138
-55.9693
-56.1262
-56.2846
-56.4445
-56.6058
-56.7686
-56.9328
-57.0985
-57.2656
-57.4342
-57.6042
-57.7758
-57.9487
-58.1231
-58.299
-58.4764
-58.6552
-58.8354
-59.0171
-59.2003
-59.3849
-59.571
-59.7585
-59.9475
-60.1379
-60.3298
-60.5232
-60.718
-60.9143
-61.112
-61.3111
-61.5117
-61.7138
-61.9173
-62.1223
-62.3287
-62.5366
-62.7459
-62.9567
-63.1689
-63.3826
-63.5977
-63.8143
-64.0323
-64.2517
-64.4726
-64.6949
-64.9187
-65.1439
-65.3706
-65.5988
-65.8285
-66.0597
-66.2924
-66.5267
-66.7625
-66.9999
-67.2388
-51.7546
-51.7973
-51.8332
-51.8622
-51.9036
-51.9412
-51.9674
-51.9934
-52.0223
-52.0506
-52.0781
-52.1066
-52.1364
-52.1674
-52.1995
-52.2329
-52.2677
-52.3038
-52.3413
-52.3802
-52.4205
-52.4623
-52.5055
-52.5501
-52.5962
-52.6437
-52.6927
-52.7431
-52.795
-52.8483
-52.9031
-52.9593
-53.017
-53.0762
-53.1368
-53.1989
-53.2624
-53.3274
-53.3938
-53.4617
-53.5311
-53.6019
-53.6742
-53.7479
-53.8231
-53.8998
-53.9779
-54.0575
-54.1385
-54.221
-54.305
-54.3904
-54.4773
-54.5656
-54.6554
-54.7467
-54.8394
-54.9336
-55.0292
-55.1263
-55.2249
-55.3249
-55.4264
-55.5293
-55.6337
-55.7396
-55.8469
-55.9557
-56.0659
-56.1776
-56.2908
-56.4054
-56.5215
-56.639
-56.758
-56.8785
-57.0004
-57.1238
-57.2486
-57.3749
-57.5027
-57.6319
-57.7626
-57.8947
-58.0283
-58.1633
-58.2998
-58.4378
-58.5772
-58.7181
-58.8605
-59.0043
-59.1495
-59.2963
-59.4444
-59.5941
-59.7452
-59.8977
-60.0518
-60.2072
-60.3642
-60.5226
-60.6824
-60.8437
-61.0065
-61.1707
-61.3364
-61.5035
-61.6721
-61.8422
-62.0137
-62.1866
-62.3611
-62.5369
-62.7143
-62.8931
-63.0733
-63.255
-63.4382
-63.6228
-63.8089
-63.9964
-64.1854
-64.3759
-64.5678
-64.7611
-64.9559
-65.1522
-65.3499
-65.549
-65.7497
-65.9517
-66.1553
-66.3602
-66.5667
-66.7745
-66.9839
-67.1946
-67.4069
-67.6205
-67.8357
-68.0522
-68.2702
-68.4897
-68.7106
-68.9329
-69.1567
-69.382
-69.6087
-69.8369
-70.0666
-70.2978
-70.5305
-70.7648
-71.0007
-71.2381
-71.477
-71.7173
-56.0104
-56.0485
-56.0796
-56.1046
-56.1434
-56.1794
-56.205
-56.2309
-56.2598
-56.2881
-56.3157
-56.3443
-56.3741
-56.4051
-56.4373
-56.4707
-56.5055
-56.5416
-56.5791
-56.6181
-56.6584
-56.7002
-56.7434
-56.788
-56.8341
-56.8816
-56.9306
-56.981
-57.0329
-57.0862
-57.141
-57.1972
-57.2549
-57.3141
-57.3747
-57.4368
-57.5003
-57.5653
-57.6317
-57.6996
-57.769
-57.8398
-57.9121
-57.9858
-58.061
-58.1377
-58.2158
-58.2954
-58.3765
-58.459
-58.5429
-58.6283
-58.7152
-58.8036
-58.8934
-58.9846
-59.0773
-59.1715
-59.2672
-59.3643
-59.4628
-59.5628
-59.6643
-59.7673
-59.8717
-59.9775
-60.0848
-60.1936
-60.3039
-60.4156
-60.5287
-60.6433
-60.7594
-60.8769
-60.9959
-61.1164
-61.2383
-61.3617
-61.4865
-61.6128
-61.7406
-61.8698
-62.0005
-62.1326
-62.2662
-62.4012
-62.5377
-62.6757
-62.8151
-62.956
-63.0984
-63.2422
-63.3874
-63.5342
-63.6824
-63.832
-63.9831
-64.1356
-64.2897
-64.4451
-64.6021
-64.7605
-64.9203
-65.0816
-65.2444
-65.4086
-65.5743
-65.7414
-65.91
-66.0801
-66.2516
-66.4245
-66.599
-66.7749
-66.9522
-67.131
-67.3112
-67.4929
-67.6761
-67.8607
-68.0468
-68.2343
-68.4233
-68.6138
-68.8057
-68.999
-69.1938
-69.3901
-69.5878
-69.787
-69.9876
-70.1897
-70.3932
-70.5982
-70.8046
-71.0125
-71.2218
-71.4326
-71.6448
-71.8585
-72.0736
-72.2902
-72.5082
-72.7276
-72.9485
-73.1709
-73.3947
-73.62
-73.8467
-74.0749
-74.3047
-74.5359
-74.7687
-75.003
-75.2388
-75.4762
-75.7152
-75.9557
-76.1977
-60.264
-60.2986
-60.3256
-60.3473
-60.3836
-60.4181
-60.4431
-60.4686
-60.4974
-60.5258
-60.5534
-60.582
-60.6119
-60.6429
-60.6751
-60.7085
-60.7433
-60.7795
-60.817
-60.8559
-60.8963
-60.9381
-60.9813
-61.0259
-61.072
-61.1195
-61.1685
-61.2189
-61.2708
-61.3241
-61.3789
-61.4351
-61.4928
-61.552
-61.6126
-61.6747
-61.7382
-61.8032
-61.8696
-61.9375
-62.0069
-62.0777
-62.15
-62.2237
-62.299
-62.3756
-62.4537
-62.5333
-62.6144
-62.6969
-62.7808
-62.8662
-62.9531
-63.0415
-63.1313
-63.2225
-63.3152
-63.4094
-63.5051
-63.6022
-63.7007
-63.8007
-63.9022
-64.0052
-64.1096
-64.2154
-64.3227
-64.4315
-64.5418
-64.6535
-64.7666
-64.8812
-64.9973
-65.1148
-65.2338
-65.3543
-65.4762
-65.5996
-65.7244
-65.8507
-65.9785
-66.1077
-66.2384
-66.3705
-66.5041
-66.6391
-66.7757
-66.9136
-67.053
-67.1939
-67.3363
-67.4801
-67.6254
-67.7721
-67.9203
-68.0699
-68.221
-68.3736
-68.5276
-68.683
-68.84
-68.9984
-69.1582
-69.3195
-69.4823
-69.6465
-69.8122
-69.9793
-70.1479
-70.318
-70.4895
-70.6625
-70.8369
-71.0128
-71.1901
-71.3689
-71.5491
-71.7309
-71.914
-72.0986
-72.2847
-72.4722
-72.6612
-72.8517
-73.0436
-73.2369
-73.4317
-73.628
-73.8257
-74.0249
-74.2255
-74.4276
-74.6311
-74.8361
-75.0425
-75.2504
-75.4597
-75.6705
-75.8827
-76.0964
-76.3115
-76.5281
-76.7461
-76.9656
-77.1865
-77.4089
-77.6327
-77.858
-78.0848
-78.313
-78.5428
-78.774
-79.0068
-79.2411
-79.477
-79.7144
-79.9533
-80.1938
-80.4358
-64.5157
-64.5477
-64.5714
-64.5901
-64.6241
-64.6572
-64.6814
-64.7066
-64.7353
-64.7635
-64.7912
-64.8197
-64.8496
-64.8807
-64.9129
-64.9464
-64.9812
-65.0173
-65.0549
-65.0938
-65.1341
-65.1759
-65.2191
-65.2638
-65.3099
-65.3574
-65.4064
-65.4568
-65.5087
-65.562
-65.6168
-65.673
-65.7307
-65.7899
-65.8505
-65.9126
-65.9761
-66.0411
-66.1075
-66.1754
-66.2448
-66.3156
-66.3879
-66.4616
-66.5368
-66.6135
-66.6916
-66.7712
-66.8523
-66.9348
-67.0187
-67.1041
-67.191
-67.2794
-67.3692
-67.4604
-67.5531
-67.6473
-67.743
-67.8401
-67.9386
-68.0386
-68.1401
-68.2431
-68.3475
-68.4533
-68.5606
-68.6694
-68.7797
-68.8914
-69.0045
-69.1191
-69.2352
-69.3527
-69.4717
-69.5922
-69.7141
-69.8375
-69.9623
-70.0886
-70.2164
-70.3456
-70.4763
-70.6084
-70.742
-70.877
-71.0135
-71.1515
-71.2909
-71.4318
-71.5742
-71.718
-71.8632
-72.01
-72.1582
-72.3078
-72.4589
-72.6114
-72.7655
-72.9209
-73.0779
-73.2363
-73.3961
-73.5574
-73.7202
-73.8844
-74.0501
-74.2172
-74.3858
-74.5559
-74.7274
-74.9004
-75.0748
-75.2507
-75.428
-75.6068
-75.787
-75.9688
-76.1519
-76.3365
-76.5226
-76.7101
-76.8991
-77.0896
-77.2815
-77.4748
-77.6696
-77.8659
-78.0636
-78.2628
-78.4634
-78.6655
-78.869
-79.074
-79.2804
-79.4883
-79.6976
-79.9084
-80.1206
-80.3343
-80.5494
-80.766
-80.9841
-81.2035
-81.4245
-81.6468
-81.8707
-82.096
-82.3228
-82.551
-82.7808
-83.0121
-83.2449
-83.4792
-83.7151
-83.9525
-84.1915
-84.4319
-84.6739
-84.9173
-68.7659
-68.7958
-68.8167
-68.8329
-68.8649
-68.8966
-68.92
-68.9449
-68.9733
-69.0014
-69.029
-69.0576
-69.0875
-69.1185
-69.1507
-69.1842
-69.219
-69.2552
-69.2927
-69.3317
-69.372
-69.4138
-69.457
-69.5016
-69.5477
-69.5953
-69.6442
-69.6947
-69.7465
-69.7999
-69.8547
-69.9109
-69.9686
-70.0278
-70.0884
-70.1505
-70.214
-70.279
-70.3454
-70.4133
-70.4827
-70.5535
-70.6258
-70.6995
-70.7747
-70.8514
-70.9295
-71.0091
-71.0901
-71.1726
-71.2566
-71.342
-71.4289
-71.5173
-71.6071
-71.6983
-71.791
-71.8852
-71.9809
-72.078
-72.1765
-72.2765
-72.378
-72.481
-72.5854
-72.6912
-72.7985
-72.9073
-73.0175
-73.1292
-73.2424
-73.357
-73.4731
-73.5906
-73.7096
-73.8301
-73.952
-74.0754
-74.2002
-74.3265
-74.4543
-74.5835
-74.7142
-74.8463
-74.9799
-75.1149
-75.2514
-75.3894
-75.5288
-75.6697
-75.8121
-75.9559
-76.1011
-76.2479
-76.396
-76.5457
-76.6968
-76.8493
-77.0034
-77.1588
-77.3158
-77.4742
-77.634
-77.7953
-77.9581
-78.1223
-78.288
-78.4551
-78.6237
-78.7938
-78.9653
-79.1382
-79.3127
-79.4885
-79.6659
-79.8447
-80.0249
-80.2066
-80.3898
-80.5744
-80.7605
-80.948
-81.137
-81.3275
-81.5194
-81.7127
-81.9075
-82.1038
-82.3015
-82.5007
-82.7013
-82.9034
-83.1069
-83.3119
-83.5183
-83.7262
-83.9355
-84.1463
-84.3585
-84.5722
-84.7874
-85.0039
-85.222
-85.4415
-85.6624
-85.8848
-86.1087
-86.334
-86.5608
-86.7891
-87.0189
-87.2502
-87.483
-87.7173
-87.9532
-88.1907
-88.4296
-88.6701
-88.9121
-89.1557
-89.4007
-73.0148
-73.0431
-73.0616
-73.0757
-73.1059
-73.1363
-73.1589
-73.1833
-73.2114
-73.2394
-73.267
-73.2955
-73.3253
-73.3564
-73.3886
-73.422
-73.4569
-73.493
-73.5306
-73.5695
-73.6099
-73.6517
-73.6949
-73.7395
-73.7856
-73.8331
-73.8821
-73.9325
-73.9844
-74.0378
-74.0925
-74.1488
-74.2065
-74.2656
-74.3263
-74.3883
-74.4519
-74.5169
-74.5833
-74.6512
-74.7206
-74.7914
-74.8637
-74.9374
-75.0126
-75.0893
-75.1674
-75.247
-75.328
-75.4105
-75.4945
-75.5799
-75.6668
-75.7551
-75.8449
-75.9362
-76.0289
-76.1231
-76.2187
-76.3158
-76.4144
-76.5144
-76.6159
-76.7188
-76.8232
-76.9291
-77.0364
-77.1452
-77.2554
-77.3671
-77.4803
-77.5949
-77.711
-77.8285
-77.9475
-78.068
-78.1899
-78.3133
-78.4381
-78.5644
-78.6922
-78.8214
-78.952
-79.0842
-79.2178
-79.3528
-79.4893
-79.6273
-79.7667
-79.9076
-80.05
-80.1938
-80.339
-80.4857
-80.6339
-80.7836
-80.9347
-81.0872
-81.2412
-81.3967
-81.5536
-81.712
-81.8719
-82.0332
-82.196
-82.3602
-82.5259
-82.693
-82.8616
-83.0317
-83.2032
-83.3761
-83.5506
-83.7264
-83.9038
-84.0826
-84.2628
-84.4445
-84.6277
-84.8123
-84.9984
-85.1859
-85.3749
-85.5654
-85.7573
-85.9506
-86.1454
-86.3417
-86.5394
-86.7386
-86.9392
-87.1413
-87.3448
-87.5498
-87.7562
-87.9641
-88.1734
-88.3842
-88.5964
-88.8101
-89.0253
-89.2419
-89.4599
-89.6794
-89.9004
-90.1228
-90.3466
-90.572
-90.7988
-91.0271
-91.2569
-91.4882
-91.7211
-91.9554
-92.1913
-92.4288
-92.6677
-92.9082
-93.1502
-93.3938
-93.6389
-93.8856
-77.2625
-77.2895
-77.3062
-77.3183
-77.3469
-77.3761
-77.398
-77.4219
-77.4497
-77.4775
-77.505
-77.5334
-77.5632
-77.5942
-77.6264
-77.6599
-77.6947
-77.7309
-77.7684
-77.8074
-77.8477
-77.8895
-77.9327
-77.9774
-78.0235
-78.071
-78.12
-78.1704
-78.2223
-78.2756
-78.3304
-78.3867
-78.4444
-78.5035
-78.5641
-78.6262
-78.6897
-78.7547
-78.8212
-78.8891
-78.9584
-79.0293
-79.1016
-79.1753
-79.2505
-79.3272
-79.4053
-79.4849
-79.5659
-79.6484
-79.7324
-79.8178
-79.9047
-79.993
-80.0828
-80.1741
-80.2668
-80.361
-80.4566
-80.5537
-80.6523
-80.7523
-80.8538
-80.9567
-81.0611
-81.167
-81.2743
-81.3831
-81.4933
-81.605
-81.7182
-81.8328
-81.9489
-82.0664
-82.1854
-82.3059
-82.4278
-82.5512
-82.676
-82.8023
-82.93
-83.0592
-83.1899
-83.3221
-83.4556
-83.5907
-83.7272
-83.8652
-84.0046
-84.1455
-84.2878
-84.4316
-84.5769
-84.7236
-84.8718
-85.0214
-85.1725
-85.3251
-85.4791
-85.6346
-85.7915
-85.9499
-86.1098
-86.2711
-86.4338
-86.5981
-86.7637
-86.9309
-87.0995
-87.2695
-87.441
-87.614
-87.7884
-87.9643
-88.1417
-88.3205
-88.5007
-88.6824
-88.8656
-89.0502
-89.2363
-89.4238
-89.6128
-89.8032
-89.9951
-90.1885
-90.3833
-90.5796
-90.7773
-90.9764
-91.1771
-91.3791
-91.5827
-91.7877
-91.9941
-92.202
-92.4113
-92.6221
-92.8343
-93.048
-93.2632
-93.4798
-93.6978
-93.9173
-94.1383
-94.3607
-94.5846
-94.8099
-95.0368
-95.2651
-95.4949
-95.7263
-95.9591
-96.1935
-96.4294
-96.6669
-96.9058
-97.1463
-97.3883
-97.6319
-97.877
-98.1237
-81.5094
-81.5353
-81.5504
-81.5609
-81.588
-81.6161
-81.6372
-81.6606
-81.6881
-81.7157
-81.743
-81.7714
-81.8012
-81.8322
-81.8643
-81.8978
-81.9326
-81.9687
-82.0063
-82.0452
-82.0856
-82.1274
-82.1706
-82.2152
-82.2613
-82.3089
-82.3578
-82.4083
-82.4602
-82.5135
-82.5683
-82.6245
-82.6822
-82.7414
-82.802
-82.8641
-82.9276
-82.9926
-83.059
-83.127
-83.1963
-83.2671
-83.3394
-83.4132
-83.4884
-83.565
-83.6432
-83.7227
-83.8038
-83.8863
-83.9702
-84.0557
-84.1426
-84.2309
-84.3207
-84.412
-84.5047
-84.5989
-84.6945
-84.7916
-84.8902
-84.9902
-85.0917
-85.1946
-85.299
-85.4049
-85.5122
-85.621
-85.7312
-85.8429
-85.956
-86.0707
-86.1867
-86.3043
-86.4233
-86.5437
-86.6656
-86.789
-86.9139
-87.0402
-87.1679
-87.2971
-87.4278
-87.5599
-87.6935
-87.8286
-87.9651
-88.103
-88.2425
-88.3834
-88.5257
-88.6695
-88.8148
-88.9615
-89.1097
-89.2593
-89.4104
-89.563
-89.717
-89.8725
-90.0294
-90.1878
-90.3476
-90.5089
-90.6717
-90.8359
-91.0016
-91.1688
-91.3374
-91.5074
-91.6789
-91.8519
-92.0263
-92.2022
-92.3795
-92.5583
-92.7386
-92.9203
-93.1035
-93.2881
-93.4742
-93.6617
-93.8507
-94.0411
-94.233
-94.4264
-94.6212
-94.8174
-95.0152
-95.2143
-95.415
-95.617
-95.8206
-96.0255
-96.232
-96.4399
-96.6492
-96.86
-97.0722
-97.2859
-97.5011
-97.7177
-97.9357
-98.1552
-98.3762
-98.5986
-98.8225
-99.0479
-99.2748
-99.5031
-99.733
-99.9643
-100.197
-100.432
-100.667
-100.905
-101.144
-101.384
-101.626
-101.87
-102.115
-102.362
-102.61
-85.7553
-85.7805
-85.7942
-85.8033
-85.8291
-85.8561
-85.8765
-85.8995
-85.9266
-85.954
-85.9812
-86.0094
-86.0391
-86.0701
-86.1022
-86.1357
-86.1705
-86.2066
-86.2441
-86.2831
-86.3234
-86.3652
-86.4084
-86.4531
-86.4992
-86.5467
-86.5957
-86.6461
-86.698
-86.7513
-86.8061
-86.8624
-86.9201
-86.9793
-87.0399
-87.1019
-87.1655
-87.2305
-87.2969
-87.3648
-87.4342
-87.505
-87.5773
-87.651
-87.7262
-87.8029
-87.881
-87.9606
-88.0417
-88.1242
-88.2081
-88.2935
-88.3804
-88.4688
-88.5586
-88.6498
-88.7425
-88.8367
-88.9324
-89.0295
-89.128
-89.228
-89.3295
-89.4325
-89.5369
-89.6427
-89.75
-89.8588
-89.9691
-90.0808
-90.1939
-90.3085
-90.4246
-90.5421
-90.6611
-90.7816
-90.9035
-91.0269
-91.1517
-91.278
-91.4058
-91.535
-91.6657
-91.7978
-91.9314
-92.0664
-92.2029
-92.3409
-92.4803
-92.6212
-92.7636
-92.9074
-93.0526
-93.1994
-93.3476
-93.4972
-93.6483
-93.8008
-93.9549
-94.1103
-94.2673
-94.4257
-94.5855
-94.7468
-94.9096
-95.0738
-95.2395
-95.4066
-95.5752
-95.7453
-95.9168
-96.0898
-96.2642
-96.4401
-96.6174
-96.7962
-96.9764
-97.1582
-97.3413
-97.5259
-97.712
-97.8996
-98.0885
-98.279
-98.4709
-98.6642
-98.8591
-99.0553
-99.253
-99.4522
-99.6528
-99.8549
-100.058
-100.263
-100.47
-100.678
-100.887
-101.098
-101.31
-101.524
-101.739
-101.956
-102.174
-102.393
-102.614
-102.837
-103.06
-103.286
-103.513
-103.741
-103.971
-104.202
-104.435
-104.67
-104.906
-105.143
-105.382
-105.622
-105.865
-106.108
-106.353
-106.6
-106.848
-107.098
-90.0006
-90.025
-90.0376
-90.0455
-90.0702
-90.0962
-90.1159
-90.1384
-90.1652
-90.1924
-90.2193
-90.2475
-90.2771
-90.308
-90.3401
-90.3736
-90.4083
-90.4445
-90.482
-90.5209
-90.5613
-90.6031
-90.6463
-90.6909
-90.737
-90.7846
-90.8335
-90.884
-90.9359
-90.9892
-91.044
-91.1002
-91.1579
-91.2171
-91.2777
-91.3398
-91.4033
-91.4683
-91.5348
-91.6027
-91.672
-91.7429
-91.8152
-91.8889
-91.9641
-92.0408
-92.1189
-92.1985
-92.2795
-92.362
-92.446
-92.5314
-92.6183
-92.7066
-92.7964
-92.8877
-92.9804
-93.0746
-93.1702
-93.2673
-93.3659
-93.4659
-93.5674
-93.6703
-93.7747
-93.8806
-93.9879
-94.0967
-94.2069
-94.3186
-94.4318
-94.5464
-94.6625
-94.78
-94.899
-95.0195
-95.1414
-95.2648
-95.3896
-95.5159
-95.6436
-95.7729
-95.9035
-96.0357
-96.1692
-96.3043
-96.4408
-96.5788
-96.7182
-96.8591
-97.0014
-97.1452
-97.2905
-97.4372
-97.5854
-97.7351
-97.8862
-98.0387
-98.1927
-98.3482
-98.5051
-98.6635
-98.8234
-98.9847
-99.1474
-99.3117
-99.4773
-99.6445
-99.8131
-99.9831
-100.155
-100.328
-100.502
-100.678
-100.855
-101.034
-101.214
-101.396
-101.579
-101.764
-101.95
-102.137
-102.326
-102.517
-102.709
-102.902
-103.097
-103.293
-103.491
-103.69
-103.891
-104.093
-104.296
-104.501
-104.708
-104.916
-105.125
-105.336
-105.548
-105.762
-105.977
-106.193
-106.412
-106.631
-106.852
-107.075
-107.298
-107.524
-107.751
-107.979
-108.209
-108.44
-108.673
-108.908
-109.144
-109.381
-109.62
-109.861
-110.103
-110.346
-110.591
-110.838
-111.086
-111.336
-94.2452
-94.2691
-94.2807
-94.2875
-94.3112
-94.3364
-94.3554
-94.3774
-94.4039
-94.4308
-94.4576
-94.4856
-94.5152
-94.546
-94.5781
-94.6115
-94.6462
-94.6823
-94.7199
-94.7588
-94.7991
-94.8409
-94.8841
-94.9288
-94.9749
-95.0224
-95.0714
-95.1218
-95.1737
-95.227
-95.2818
-95.3381
-95.3958
-95.455
-95.5156
-95.5777
-95.6412
-95.7062
-95.7726
-95.8405
-95.9099
-95.9807
-96.053
-96.1268
-96.202
-96.2786
-96.3567
-96.4363
-96.5174
-96.5999
-96.6838
-96.7693
-96.8561
-96.9445
-97.0343
-97.1255
-97.2183
-97.3124
-97.4081
-97.5052
-97.6037
-97.7038
-97.8052
-97.9082
-98.0126
-98.1184
-98.2258
-98.3345
-98.4448
-98.5565
-98.6696
-98.7842
-98.9003
-99.0179
-99.1369
-99.2573
-99.3792
-99.5026
-99.6274
-99.7537
-99.8815
-100.011
-100.141
-100.274
-100.407
-100.542
-100.679
-100.817
-100.956
-101.097
-101.239
-101.383
-101.528
-101.675
-101.823
-101.973
-102.124
-102.277
-102.431
-102.586
-102.743
-102.901
-103.061
-103.223
-103.385
-103.55
-103.715
-103.882
-104.051
-104.221
-104.393
-104.565
-104.74
-104.916
-105.093
-105.272
-105.452
-105.634
-105.817
-106.002
-106.188
-106.375
-106.564
-106.755
-106.947
-107.14
-107.335
-107.531
-107.729
-107.928
-108.129
-108.331
-108.534
-108.739
-108.946
-109.153
-109.363
-109.574
-109.786
-110
-110.215
-110.431
-110.649
-110.869
-111.09
-111.312
-111.536
-111.762
-111.989
-112.217
-112.447
-112.678
-112.911
-113.146
-113.382
-113.619
-113.858
-114.099
-114.341
-114.584
-114.829
-115.076
-115.324
-115.574
-115.825
-98.4893
-98.5127
-98.5235
-98.5294
-98.5521
-98.5765
-98.5949
-98.6164
-98.6426
-98.6692
-98.6958
-98.7238
-98.7532
-98.784
-98.816
-98.8494
-98.8841
-98.9202
-98.9577
-98.9966
-99.037
-99.0788
-99.122
-99.1666
-99.2127
-99.2602
-99.3092
-99.3597
-99.4116
-99.4649
-99.5197
-99.5759
-99.6336
-99.6928
-99.7534
-99.8155
-99.879
-99.944
-100.01
-100.078
-100.148
-100.219
-100.291
-100.365
-100.44
-100.516
-100.595
-100.674
-100.755
-100.838
-100.922
-101.007
-101.094
-101.182
-101.272
-101.363
-101.456
-101.55
-101.646
-101.743
-101.842
-101.942
-102.043
-102.146
-102.25
-102.356
-102.464
-102.572
-102.683
-102.794
-102.907
-103.022
-103.138
-103.256
-103.375
-103.495
-103.617
-103.74
-103.865
-103.992
-104.119
-104.249
-104.379
-104.511
-104.645
-104.78
-104.917
-105.054
-105.194
-105.335
-105.477
-105.621
-105.766
-105.913
-106.061
-106.211
-106.362
-106.514
-106.668
-106.824
-106.981
-107.139
-107.299
-107.46
-107.623
-107.787
-107.953
-108.12
-108.289
-108.459
-108.63
-108.803
-108.978
-109.154
-109.331
-109.51
-109.69
-109.872
-110.055
-110.24
-110.426
-110.613
-110.802
-110.993
-111.184
-111.378
-111.573
-111.769
-111.967
-112.166
-112.366
-112.569
-112.772
-112.977
-113.183
-113.391
-113.601
-113.812
-114.024
-114.237
-114.453
-114.669
-114.887
-115.107
-115.328
-115.55
-115.774
-116
-116.227
-116.455
-116.685
-116.916
-117.149
-117.384
-117.62
-117.857
-118.096
-118.337
-118.579
-118.822
-119.067
-119.314
-119.562
-119.812
-120.063
-120.316
-102.733
-102.756
-102.766
-102.771
-102.793
-102.817
-102.834
-102.856
-102.881
-102.908
-102.934
-102.962
-102.991
-103.022
-103.054
-103.087
-103.122
-103.158
-103.196
-103.234
-103.275
-103.317
-103.36
-103.404
-103.451
-103.498
-103.547
-103.597
-103.649
-103.703
-103.758
-103.814
-103.871
-103.931
-103.991
-104.053
-104.117
-104.182
-104.248
-104.316
-104.386
-104.456
-104.529
-104.602
-104.678
-104.754
-104.832
-104.912
-104.993
-105.076
-105.16
-105.245
-105.332
-105.42
-105.51
-105.601
-105.694
-105.788
-105.884
-105.981
-106.079
-106.179
-106.281
-106.384
-106.488
-106.594
-106.701
-106.81
-106.92
-107.032
-107.145
-107.26
-107.376
-107.494
-107.613
-107.733
-107.855
-107.978
-108.103
-108.229
-108.357
-108.486
-108.617
-108.749
-108.883
-109.018
-109.154
-109.292
-109.432
-109.573
-109.715
-109.859
-110.004
-110.151
-110.299
-110.449
-110.6
-110.752
-110.906
-111.062
-111.219
-111.377
-111.537
-111.698
-111.861
-112.025
-112.191
-112.358
-112.527
-112.697
-112.868
-113.041
-113.216
-113.391
-113.569
-113.748
-113.928
-114.11
-114.293
-114.477
-114.663
-114.851
-115.04
-115.23
-115.422
-115.616
-115.81
-116.007
-116.204
-116.404
-116.604
-116.806
-117.01
-117.215
-117.421
-117.629
-117.839
-118.049
-118.262
-118.475
-118.691
-118.907
-119.125
-119.345
-119.566
-119.788
-120.012
-120.238
-120.465
-120.693
-120.923
-121.154
-121.387
-121.622
-121.858
-122.095
-122.334
-122.575
-122.817
-123.06
-123.305
-123.552
-123.8
-124.05
-124.301
-124.554
-124.808
-106.976
-106.999
-107.008
-107.013
-107.034
-107.057
-107.074
-107.095
-107.12
-107.146
-107.172
-107.2
-107.229
-107.26
-107.292
-107.325
-107.36
-107.396
-107.433
-107.472
-107.513
-107.554
-107.598
-107.642
-107.688
-107.736
-107.785
-107.835
-107.887
-107.941
-107.995
-108.052
-108.109
-108.168
-108.229
-108.291
-108.355
-108.42
-108.486
-108.554
-108.623
-108.694
-108.767
-108.84
-108.915
-108.992
-109.07
-109.15
-109.231
-109.313
-109.397
-109.483
-109.57
-109.658
-109.748
-109.839
-109.932
-110.026
-110.122
-110.219
-110.317
-110.417
-110.519
-110.622
-110.726
-110.832
-110.939
-111.048
-111.158
-111.27
-111.383
-111.498
-111.614
-111.731
-111.85
-111.971
-112.093
-112.216
-112.341
-112.467
-112.595
-112.724
-112.855
-112.987
-113.121
-113.256
-113.392
-113.53
-113.67
-113.81
-113.953
-114.097
-114.242
-114.389
-114.537
-114.686
-114.838
-114.99
-115.144
-115.3
-115.457
-115.615
-115.775
-115.936
-116.099
-116.263
-116.429
-116.596
-116.764
-116.935
-117.106
-117.279
-117.453
-117.629
-117.807
-117.985
-118.166
-118.347
-118.531
-118.715
-118.901
-119.089
-119.278
-119.468
-119.66
-119.854
-120.048
-120.245
-120.442
-120.641
-120.842
-121.044
-121.248
-121.453
-121.659
-121.867
-122.076
-122.287
-122.499
-122.713
-122.928
-123.145
-123.363
-123.583
-123.804
-124.026
-124.25
-124.475
-124.702
-124.931
-125.161
-125.392
-125.625
-125.86
-126.096
-126.333
-126.572
-126.813
-127.055
-127.298
-127.543
-127.79
-128.038
-128.288
-128.539
-128.792
-129.046
-111.219
-111.241
-111.25
-111.254
-111.274
-111.297
-111.313
-111.334
-111.359
-111.385
-111.411
-111.438
-111.468
-111.498
-111.53
-111.563
-111.598
-111.634
-111.671
-111.71
-111.751
-111.792
-111.835
-111.88
-111.926
-111.974
-112.023
-112.073
-112.125
-112.178
-112.233
-112.289
-112.347
-112.406
-112.467
-112.529
-112.593
-112.658
-112.724
-112.792
-112.861
-112.932
-113.004
-113.078
-113.153
-113.23
-113.308
-113.388
-113.469
-113.551
-113.635
-113.721
-113.807
-113.896
-113.986
-114.077
-114.17
-114.264
-114.359
-114.457
-114.555
-114.655
-114.757
-114.86
-114.964
-115.07
-115.177
-115.286
-115.396
-115.508
-115.621
-115.736
-115.852
-115.969
-116.088
-116.209
-116.331
-116.454
-116.579
-116.705
-116.833
-116.962
-117.093
-117.225
-117.358
-117.494
-117.63
-117.768
-117.907
-118.048
-118.191
-118.334
-118.48
-118.626
-118.775
-118.924
-119.075
-119.228
-119.382
-119.537
-119.694
-119.853
-120.013
-120.174
-120.337
-120.501
-120.667
-120.834
-121.002
-121.172
-121.344
-121.517
-121.691
-121.867
-122.044
-122.223
-122.404
-122.585
-122.768
-122.953
-123.139
-123.327
-123.516
-123.706
-123.898
-124.091
-124.286
-124.482
-124.68
-124.879
-125.08
-125.282
-125.486
-125.691
-125.897
-126.105
-126.314
-126.525
-126.737
-126.951
-127.166
-127.383
-127.601
-127.82
-128.042
-128.264
-128.488
-128.713
-128.94
-129.169
-129.399
-129.63
-129.863
-130.098
-130.333
-130.571
-130.81
-131.051
-131.293
-131.536
-131.781
-132.028
-132.276
-132.526
-132.777
-133.03
-133.284
-133.54
-115.461
-115.483
-115.492
-115.495
-115.515
-115.537
-115.553
-115.573
-115.598
-115.623
-115.649
-115.677
-115.706
-115.736
-115.768
-115.801
-115.836
-115.872
-115.909
-115.948
-115.988
-116.03
-116.073
-116.118
-116.164
-116.212
-116.261
-116.311
-116.363
-116.416
-116.471
-116.527
-116.585
-116.644
-116.705
-116.767
-116.83
-116.895
-116.962
-117.03
-117.099
-117.17
-117.242
-117.316
-117.391
-117.468
-117.546
-117.626
-117.707
-117.789
-117.873
-117.958
-118.045
-118.134
-118.223
-118.315
-118.407
-118.502
-118.597
-118.694
-118.793
-118.893
-118.994
-119.097
-119.202
-119.308
-119.415
-119.524
-119.634
-119.746
-119.859
-119.973
-120.09
-120.207
-120.326
-120.447
-120.568
-120.692
-120.817
-120.943
-121.071
-121.2
-121.331
-121.463
-121.596
-121.731
-121.868
-122.006
-122.145
-122.286
-122.428
-122.572
-122.718
-122.864
-123.012
-123.162
-123.313
-123.466
-123.62
-123.775
-123.932
-124.091
-124.25
-124.412
-124.574
-124.739
-124.904
-125.072
-125.24
-125.41
-125.582
-125.755
-125.929
-126.105
-126.282
-126.461
-126.641
-126.823
-127.006
-127.191
-127.377
-127.564
-127.753
-127.944
-128.136
-128.329
-128.524
-128.72
-128.918
-129.117
-129.318
-129.52
-129.723
-129.928
-130.135
-130.343
-130.552
-130.763
-130.975
-131.189
-131.404
-131.621
-131.839
-132.058
-132.279
-132.502
-132.726
-132.951
-133.178
-133.407
-133.637
-133.868
-134.101
-134.335
-134.571
-134.809
-135.048
-135.289
-135.531
-135.774
-136.019
-136.266
-136.514
-136.764
-137.015
-137.268
-137.522
-137.778
-138.035
-119.703
-119.725
-119.733
-119.736
-119.755
-119.777
-119.792
-119.812
-119.836
-119.862
-119.888
-119.915
-119.944
-119.974
-120.006
-120.039
-120.074
-120.11
-120.147
-120.186
-120.226
-120.268
-120.311
-120.356
-120.402
-120.449
-120.498
-120.549
-120.601
-120.654
-120.709
-120.765
-120.823
-120.882
-120.943
-121.005
-121.068
-121.133
-121.2
-121.268
-121.337
-121.408
-121.48
-121.554
-121.629
-121.706
-121.784
-121.863
-121.944
-122.027
-122.111
-122.196
-122.283
-122.371
-122.461
-122.553
-122.645
-122.739
-122.835
-122.932
-123.031
-123.131
-123.232
-123.335
-123.44
-123.545
-123.653
-123.762
-123.872
-123.983
-124.097
-124.211
-124.327
-124.445
-124.564
-124.684
-124.806
-124.93
-125.054
-125.181
-125.309
-125.438
-125.568
-125.701
-125.834
-125.969
-126.106
-126.244
-126.383
-126.524
-126.666
-126.81
-126.955
-127.102
-127.25
-127.4
-127.551
-127.704
-127.858
-128.013
-128.17
-128.328
-128.488
-128.65
-128.812
-128.977
-129.142
-129.309
-129.478
-129.648
-129.82
-129.992
-130.167
-130.343
-130.52
-130.699
-130.879
-131.061
-131.244
-131.429
-131.615
-131.802
-131.991
-132.182
-132.374
-132.567
-132.762
-132.958
-133.156
-133.355
-133.556
-133.758
-133.961
-134.166
-134.373
-134.581
-134.79
-135.001
-135.213
-135.427
-135.642
-135.859
-136.077
-136.296
-136.517
-136.74
-136.964
-137.189
-137.416
-137.645
-137.874
-138.106
-138.339
-138.573
-138.809
-139.047
-139.286
-139.527
-139.769
-140.012
-140.257
-140.504
-140.752
-141.002
-141.253
-141.506
-141.76
-142.016
-142.273
-142.532
-123.945
-123.966
-123.974
-123.977
-123.995
-124.016
-124.032
-124.051
-124.075
-124.1
-124.126
-124.153
-124.182
-124.212
-124.244
-124.277
-124.311
-124.347
-124.385
-124.424
-124.464
-124.506
-124.549
-124.594
-124.64
-124.687
-124.736
-124.787
-124.838
-124.892
-124.947
-125.003
-125.061
-125.12
-125.18
-125.242
-125.306
-125.371
-125.437
-125.505
-125.575
-125.646
-125.718
-125.792
-125.867
-125.943
-126.022
-126.101
-126.182
-126.265
-126.349
-126.434
-126.521
-126.609
-126.699
-126.79
-126.883
-126.977
-127.073
-127.17
-127.269
-127.369
-127.47
-127.573
-127.677
-127.783
-127.891
-127.999
-128.11
-128.221
-128.334
-128.449
-128.565
-128.683
-128.802
-128.922
-129.044
-129.167
-129.292
-129.419
-129.546
-129.676
-129.806
-129.938
-130.072
-130.207
-130.343
-130.481
-130.621
-130.762
-130.904
-131.048
-131.193
-131.34
-131.488
-131.638
-131.789
-131.941
-132.095
-132.251
-132.408
-132.566
-132.726
-132.887
-133.05
-133.214
-133.38
-133.547
-133.716
-133.886
-134.057
-134.23
-134.405
-134.581
-134.758
-134.937
-135.117
-135.299
-135.482
-135.667
-135.853
-136.04
-136.229
-136.42
-136.611
-136.805
-137
-137.196
-137.394
-137.593
-137.793
-137.996
-138.199
-138.404
-138.611
-138.818
-139.028
-139.239
-139.451
-139.665
-139.88
-140.096
-140.315
-140.534
-140.755
-140.978
-141.202
-141.427
-141.654
-141.882
-142.112
-142.344
-142.577
-142.811
-143.047
-143.285
-143.524
-143.764
-144.007
-144.25
-144.495
-144.742
-144.99
-145.24
-145.491
-145.744
-145.998
-146.254
-146.511
-146.77
-128.186
-128.207
-128.215
-128.217
-128.236
-128.256
-128.271
-128.29
-128.314
-128.339
-128.364
-128.391
-128.42
-128.45
-128.482
-128.515
-128.549
-128.585
-128.623
-128.662
-128.702
-128.744
-128.787
-128.831
-128.877
-128.925
-128.974
-129.024
-129.076
-129.13
-129.184
-129.241
-129.298
-129.358
-129.418
-129.48
-129.544
-129.609
-129.675
-129.743
-129.813
-129.883
-129.956
-130.029
-130.105
-130.181
-130.259
-130.339
-130.42
-130.502
-130.586
-130.672
-130.759
-130.847
-130.937
-131.028
-131.121
-131.215
-131.311
-131.408
-131.506
-131.606
-131.708
-131.811
-131.915
-132.021
-132.128
-132.237
-132.347
-132.459
-132.572
-132.687
-132.803
-132.92
-133.039
-133.16
-133.282
-133.405
-133.53
-133.656
-133.784
-133.913
-134.044
-134.176
-134.31
-134.445
-134.581
-134.719
-134.859
-135
-135.142
-135.286
-135.431
-135.578
-135.726
-135.876
-136.027
-136.179
-136.333
-136.489
-136.646
-136.804
-136.964
-137.125
-137.288
-137.452
-137.618
-137.785
-137.954
-138.124
-138.295
-138.468
-138.643
-138.818
-138.996
-139.175
-139.355
-139.537
-139.72
-139.904
-140.09
-140.278
-140.467
-140.657
-140.849
-141.043
-141.237
-141.434
-141.631
-141.831
-142.031
-142.233
-142.437
-142.642
-142.848
-143.056
-143.266
-143.476
-143.689
-143.902
-144.118
-144.334
-144.552
-144.772
-144.993
-145.215
-145.439
-145.665
-145.892
-146.12
-146.35
-146.582
-146.815
-147.049
-147.285
-147.523
-147.762
-148.002
-148.244
-148.488
-148.733
-148.98
-149.228
-149.478
-149.729
-149.982
-150.236
-150.492
-150.749
-151.008
-151.268
-132.427
-132.448
-132.456
-132.457
-132.476
-132.496
-132.51
-132.529
-132.553
-132.578
-132.603
-132.629
-132.658
-132.688
-132.72
-132.753
-132.787
-132.823
-132.861
-132.899
-132.94
-132.981
-133.025
-133.069
-133.115
-133.163
-133.212
-133.262
-133.314
-133.367
-133.422
-133.478
-133.536
-133.595
-133.656
-133.718
-133.782
-133.847
-133.913
-133.981
-134.05
-134.121
-134.193
-134.267
-134.342
-134.419
-134.497
-134.577
-134.658
-134.74
-134.824
-134.91
-134.997
-135.085
-135.175
-135.266
-135.359
-135.453
-135.549
-135.646
-135.744
-135.844
-135.946
-136.049
-136.153
-136.259
-136.366
-136.475
-136.585
-136.697
-136.81
-136.925
-137.041
-137.158
-137.277
-137.398
-137.52
-137.643
-137.768
-137.894
-138.022
-138.151
-138.282
-138.414
-138.548
-138.683
-138.819
-138.957
-139.096
-139.237
-139.38
-139.524
-139.669
-139.816
-139.964
-140.113
-140.264
-140.417
-140.571
-140.726
-140.883
-141.042
-141.202
-141.363
-141.526
-141.69
-141.856
-142.023
-142.191
-142.361
-142.533
-142.706
-142.88
-143.056
-143.234
-143.412
-143.593
-143.774
-143.958
-144.142
-144.328
-144.516
-144.705
-144.895
-145.087
-145.28
-145.475
-145.672
-145.869
-146.068
-146.269
-146.471
-146.675
-146.88
-147.086
-147.294
-147.503
-147.714
-147.927
-148.14
-148.355
-148.572
-148.79
-149.01
-149.231
-149.453
-149.677
-149.903
-150.13
-150.358
-150.588
-150.82
-151.053
-151.287
-151.523
-151.761
-152
-152.24
-152.482
-152.726
-152.971
-153.218
-153.466
-153.716
-153.967
-154.22
-154.474
-154.73
-154.987
-155.246
-155.506
-155.768
-136.668
-136.689
-136.696
-136.698
-136.715
-136.735
-136.75
-136.768
-136.791
-136.816
-136.841
-136.868
-136.896
-136.926
-136.958
-136.991
-137.025
-137.061
-137.098
-137.137
-137.177
-137.219
-137.262
-137.307
-137.353
-137.401
-137.45
-137.5
-137.552
-137.605
-137.66
-137.716
-137.774
-137.833
-137.894
-137.956
-138.019
-138.084
-138.151
-138.219
-138.288
-138.359
-138.431
-138.505
-138.58
-138.657
-138.735
-138.815
-138.896
-138.978
-139.062
-139.147
-139.234
-139.323
-139.413
-139.504
-139.596
-139.691
-139.786
-139.883
-139.982
-140.082
-140.183
-140.286
-140.391
-140.497
-140.604
-140.713
-140.823
-140.935
-141.048
-141.162
-141.279
-141.396
-141.515
-141.636
-141.757
-141.881
-142.006
-142.132
-142.26
-142.389
-142.52
-142.652
-142.785
-142.92
-143.057
-143.195
-143.334
-143.475
-143.618
-143.761
-143.907
-144.053
-144.201
-144.351
-144.502
-144.655
-144.809
-144.964
-145.121
-145.28
-145.439
-145.601
-145.764
-145.928
-146.093
-146.261
-146.429
-146.599
-146.771
-146.944
-147.118
-147.294
-147.471
-147.65
-147.83
-148.012
-148.195
-148.38
-148.566
-148.754
-148.943
-149.133
-149.325
-149.518
-149.713
-149.909
-150.107
-150.306
-150.507
-150.709
-150.913
-151.118
-151.324
-151.532
-151.741
-151.952
-152.164
-152.378
-152.593
-152.81
-153.028
-153.248
-153.469
-153.691
-153.915
-154.141
-154.368
-154.596
-154.826
-155.057
-155.29
-155.525
-155.761
-155.998
-156.238
-156.478
-156.72
-156.964
-157.209
-157.456
-157.704
-157.954
-158.205
-158.458
-158.712
-158.968
-159.225
-159.484
-159.744
-160.006
-140.908
-140.93
-140.936
-140.938
-140.955
-140.975
-140.989
-141.007
-141.03
-141.055
-141.079
-141.106
-141.134
-141.164
-141.196
-141.229
-141.263
-141.299
-141.336
-141.375
-141.415
-141.457
-141.5
-141.545
-141.591
-141.638
-141.687
-141.738
-141.79
-141.843
-141.898
-141.954
-142.012
-142.071
-142.132
-142.194
-142.257
-142.322
-142.389
-142.457
-142.526
-142.597
-142.669
-142.743
-142.818
-142.895
-142.973
-143.052
-143.133
-143.216
-143.3
-143.385
-143.472
-143.56
-143.65
-143.742
-143.834
-143.928
-144.024
-144.121
-144.22
-144.32
-144.421
-144.524
-144.629
-144.734
-144.842
-144.951
-145.061
-145.172
-145.286
-145.4
-145.516
-145.634
-145.753
-145.873
-145.995
-146.119
-146.243
-146.37
-146.498
-146.627
-146.757
-146.89
-147.023
-147.158
-147.295
-147.433
-147.572
-147.713
-147.855
-147.999
-148.144
-148.291
-148.439
-148.589
-148.74
-148.893
-149.047
-149.202
-149.359
-149.517
-149.677
-149.839
-150.001
-150.166
-150.331
-150.498
-150.667
-150.837
-151.009
-151.182
-151.356
-151.532
-151.709
-151.888
-152.068
-152.25
-152.433
-152.618
-152.804
-152.991
-153.18
-153.371
-153.563
-153.756
-153.951
-154.147
-154.345
-154.544
-154.745
-154.947
-155.15
-155.355
-155.562
-155.77
-155.979
-156.19
-156.402
-156.616
-156.831
-157.048
-157.266
-157.485
-157.706
-157.929
-158.153
-158.378
-158.605
-158.834
-159.064
-159.295
-159.528
-159.763
-159.999
-160.236
-160.475
-160.716
-160.958
-161.202
-161.447
-161.694
-161.942
-162.192
-162.443
-162.696
-162.95
-163.206
-163.463
-163.722
-163.982
-164.244
-164.507
-145.149
-145.17
-145.177
-145.178
-145.195
-145.214
-145.228
-145.246
-145.269
-145.293
-145.318
-145.344
-145.372
-145.402
-145.434
-145.467
-145.501
-145.537
-145.574
-145.613
-145.653
-145.695
-145.738
-145.783
-145.829
-145.876
-145.925
-145.976
-146.027
-146.081
-146.136
-146.192
-146.25
-146.309
-146.369
-146.431
-146.495
-146.56
-146.626
-146.694
-146.764
-146.835
-146.907
-146.981
-147.056
-147.132
-147.211
-147.29
-147.371
-147.454
-147.538
-147.623
-147.71
-147.798
-147.888
-147.979
-148.072
-148.166
-148.262
-148.359
-148.458
-148.558
-148.659
-148.762
-148.866
-148.972
-149.08
-149.188
-149.299
-149.41
-149.523
-149.638
-149.754
-149.872
-149.991
-150.111
-150.233
-150.356
-150.481
-150.608
-150.735
-150.865
-150.995
-151.127
-151.261
-151.396
-151.532
-151.67
-151.81
-151.951
-152.093
-152.237
-152.382
-152.529
-152.677
-152.827
-152.978
-153.13
-153.284
-153.44
-153.597
-153.755
-153.915
-154.076
-154.239
-154.403
-154.569
-154.736
-154.905
-155.075
-155.246
-155.419
-155.594
-155.77
-155.947
-156.126
-156.306
-156.488
-156.671
-156.856
-157.042
-157.229
-157.418
-157.609
-157.8
-157.994
-158.189
-158.385
-158.583
-158.782
-158.982
-159.185
-159.388
-159.593
-159.8
-160.007
-160.217
-160.428
-160.64
-160.854
-161.069
-161.286
-161.504
-161.723
-161.944
-162.167
-162.391
-162.616
-162.843
-163.072
-163.302
-163.533
-163.766
-164.001
-164.237
-164.474
-164.713
-164.954
-165.196
-165.44
-165.685
-165.932
-166.18
-166.43
-166.681
-166.934
-167.188
-167.444
-167.701
-167.96
-168.22
-168.482
-168.746
-169.01
-149.389
-149.41
-149.416
-149.417
-149.434
-149.453
-149.467
-149.485
-149.507
-149.531
-149.556
-149.582
-149.611
-149.64
-149.672
-149.704
-149.739
-149.775
-149.812
-149.851
-149.891
-149.933
-149.976
-150.02
-150.066
-150.114
-150.163
-150.213
-150.265
-150.319
-150.373
-150.43
-150.487
-150.546
-150.607
-150.669
-150.733
-150.798
-150.864
-150.932
-151.001
-151.072
-151.145
-151.218
-151.294
-151.37
-151.448
-151.528
-151.609
-151.691
-151.775
-151.861
-151.948
-152.036
-152.126
-152.217
-152.31
-152.404
-152.5
-152.597
-152.695
-152.795
-152.897
-153
-153.104
-153.21
-153.317
-153.426
-153.536
-153.648
-153.761
-153.876
-153.992
-154.109
-154.228
-154.349
-154.471
-154.594
-154.719
-154.845
-154.973
-155.102
-155.233
-155.365
-155.499
-155.634
-155.77
-155.908
-156.048
-156.189
-156.331
-156.475
-156.62
-156.767
-156.915
-157.064
-157.216
-157.368
-157.522
-157.678
-157.835
-157.993
-158.153
-158.314
-158.477
-158.641
-158.807
-158.974
-159.143
-159.313
-159.484
-159.657
-159.831
-160.007
-160.185
-160.364
-160.544
-160.725
-160.909
-161.093
-161.279
-161.467
-161.656
-161.846
-162.038
-162.232
-162.426
-162.623
-162.82
-163.02
-163.22
-163.422
-163.626
-163.831
-164.037
-164.245
-164.455
-164.665
-164.878
-165.091
-165.307
-165.523
-165.741
-165.961
-166.182
-166.405
-166.629
-166.854
-167.081
-167.309
-167.539
-167.771
-168.004
-168.238
-168.474
-168.712
-168.951
-169.192
-169.434
-169.678
-169.923
-170.169
-170.418
-170.667
-170.919
-171.172
-171.426
-171.682
-171.939
-172.198
-172.458
-172.72
-172.983
-173.248
-173.515
-153.629
-153.65
-153.656
-153.657
-153.674
-153.692
-153.706
-153.723
-153.746
-153.77
-153.794
-153.82
-153.849
-153.878
-153.91
-153.942
-153.977
-154.012
-154.05
-154.088
-154.129
-154.17
-154.214
-154.258
-154.304
-154.352
-154.401
-154.451
-154.503
-154.556
-154.611
-154.667
-154.725
-154.784
-154.845
-154.907
-154.97
-155.035
-155.102
-155.17
-155.239
-155.31
-155.382
-155.456
-155.531
-155.608
-155.686
-155.766
-155.847
-155.929
-156.013
-156.099
-156.185
-156.274
-156.364
-156.455
-156.548
-156.642
-156.737
-156.835
-156.933
-157.033
-157.135
-157.238
-157.342
-157.448
-157.555
-157.664
-157.774
-157.886
-157.999
-158.114
-158.23
-158.347
-158.466
-158.587
-158.709
-158.832
-158.957
-159.083
-159.211
-159.34
-159.471
-159.603
-159.736
-159.871
-160.008
-160.146
-160.285
-160.426
-160.569
-160.712
-160.858
-161.004
-161.153
-161.302
-161.453
-161.606
-161.76
-161.915
-162.072
-162.231
-162.391
-162.552
-162.715
-162.879
-163.045
-163.212
-163.38
-163.55
-163.722
-163.895
-164.069
-164.245
-164.422
-164.601
-164.782
-164.963
-165.146
-165.331
-165.517
-165.705
-165.894
-166.084
-166.276
-166.469
-166.664
-166.861
-167.058
-167.257
-167.458
-167.66
-167.864
-168.069
-168.275
-168.483
-168.692
-168.903
-169.116
-169.329
-169.544
-169.761
-169.979
-170.199
-170.42
-170.642
-170.866
-171.092
-171.319
-171.547
-171.777
-172.009
-172.242
-172.476
-172.712
-172.95
-173.189
-173.43
-173.672
-173.915
-174.161
-174.407
-174.656
-174.905
-175.157
-175.409
-175.664
-175.92
-176.177
-176.436
-176.696
-176.958
-177.221
-177.486
-177.753
-157.869
-157.889
-157.896
-157.896
-157.913
-157.931
-157.945
-157.962
-157.984
-158.008
-158.032
-158.059
-158.087
-158.116
-158.148
-158.18
-158.215
-158.25
-158.288
-158.326
-158.366
-158.408
-158.451
-158.496
-158.542
-158.589
-158.638
-158.689
-158.741
-158.794
-158.849
-158.905
-158.963
-159.022
-159.083
-159.145
-159.208
-159.273
-159.34
-159.408
-159.477
-159.548
-159.62
-159.694
-159.769
-159.846
-159.924
-160.003
-160.084
-160.167
-160.251
-160.336
-160.423
-160.512
-160.601
-160.693
-160.785
-160.88
-160.975
-161.072
-161.171
-161.271
-161.372
-161.475
-161.58
-161.686
-161.793
-161.902
-162.012
-162.124
-162.237
-162.351
-162.467
-162.585
-162.704
-162.824
-162.946
-163.07
-163.195
-163.321
-163.449
-163.578
-163.708
-163.841
-163.974
-164.109
-164.246
-164.384
-164.523
-164.664
-164.806
-164.95
-165.095
-165.242
-165.39
-165.54
-165.691
-165.844
-165.998
-166.153
-166.31
-166.468
-166.628
-166.79
-166.952
-167.117
-167.282
-167.449
-167.618
-167.788
-167.96
-168.133
-168.307
-168.483
-168.66
-168.839
-169.019
-169.201
-169.384
-169.569
-169.755
-169.942
-170.131
-170.322
-170.514
-170.707
-170.902
-171.098
-171.296
-171.495
-171.696
-171.898
-172.101
-172.306
-172.513
-172.721
-172.93
-173.141
-173.353
-173.567
-173.782
-173.999
-174.217
-174.437
-174.658
-174.88
-175.104
-175.33
-175.556
-175.785
-176.015
-176.246
-176.479
-176.714
-176.95
-177.188
-177.427
-177.667
-177.91
-178.153
-178.398
-178.645
-178.893
-179.143
-179.394
-179.647
-179.902
-180.157
-180.415
-180.674
-180.934
-181.196
-181.459
-181.724
-181.991
-182.258
-162.108
-162.129
-162.135
-162.135
-162.152
-162.17
-162.183
-162.201
-162.223
-162.246
-162.271
-162.297
-162.325
-162.354
-162.385
-162.418
-162.452
-162.488
-162.525
-162.564
-162.604
-162.646
-162.689
-162.734
-162.78
-162.827
-162.876
-162.927
-162.978
-163.032
-163.087
-163.143
-163.201
-163.26
-163.32
-163.382
-163.446
-163.511
-163.577
-163.645
-163.715
-163.786
-163.858
-163.932
-164.007
-164.083
-164.162
-164.241
-164.322
-164.405
-164.489
-164.574
-164.661
-164.749
-164.839
-164.93
-165.023
-165.117
-165.213
-165.31
-165.409
-165.509
-165.61
-165.713
-165.817
-165.923
-166.031
-166.139
-166.25
-166.361
-166.475
-166.589
-166.705
-166.823
-166.942
-167.062
-167.184
-167.307
-167.432
-167.559
-167.686
-167.816
-167.946
-168.078
-168.212
-168.347
-168.484
-168.622
-168.761
-168.902
-169.044
-169.188
-169.333
-169.48
-169.628
-169.778
-169.929
-170.081
-170.235
-170.391
-170.548
-170.706
-170.866
-171.027
-171.19
-171.354
-171.52
-171.687
-171.856
-172.026
-172.197
-172.37
-172.545
-172.721
-172.898
-173.077
-173.257
-173.439
-173.622
-173.807
-173.993
-174.18
-174.369
-174.56
-174.752
-174.945
-175.14
-175.336
-175.534
-175.733
-175.934
-176.136
-176.339
-176.544
-176.751
-176.959
-177.168
-177.379
-177.591
-177.805
-178.02
-178.237
-178.455
-178.674
-178.895
-179.118
-179.342
-179.567
-179.794
-180.023
-180.253
-180.484
-180.717
-180.952
-181.188
-181.425
-181.665
-181.905
-182.147
-182.391
-182.636
-182.883
-183.131
-183.381
-183.632
-183.885
-184.139
-184.395
-184.653
-184.912
-185.172
-185.434
-185.697
-185.962
-186.229
-186.497
-186.766
-166.347
-166.368
-166.374
-166.375
-166.391
-166.409
-166.422
-166.439
-166.461
-166.485
-166.509
-166.535
-166.563
-166.592
-166.623
-166.656
-166.69
-166.726
-166.763
-166.802
-166.842
-166.884
-166.927
-166.971
-167.017
-167.065
-167.114
-167.164
-167.216
-167.27
-167.324
-167.381
-167.438
-167.498
-167.558
-167.62
-167.684
-167.749
-167.815
-167.883
-167.952
-168.023
-168.096
-168.169
-168.245
-168.321
-168.399
-168.479
-168.56
-168.642
-168.726
-168.812
-168.899
-168.987
-169.077
-169.168
-169.261
-169.355
-169.451
-169.548
-169.646
-169.746
-169.848
-169.951
-170.055
-170.161
-170.268
-170.377
-170.487
-170.599
-170.712
-170.827
-170.943
-171.06
-171.179
-171.3
-171.422
-171.545
-171.67
-171.796
-171.924
-172.053
-172.184
-172.316
-172.45
-172.585
-172.721
-172.859
-172.999
-173.14
-173.282
-173.426
-173.571
-173.718
-173.866
-174.016
-174.167
-174.319
-174.473
-174.629
-174.786
-174.944
-175.104
-175.265
-175.428
-175.592
-175.758
-175.925
-176.094
-176.264
-176.435
-176.608
-176.783
-176.958
-177.136
-177.315
-177.495
-177.677
-177.86
-178.044
-178.23
-178.418
-178.607
-178.797
-178.989
-179.183
-179.378
-179.574
-179.772
-179.971
-180.171
-180.373
-180.577
-180.782
-180.988
-181.196
-181.406
-181.617
-181.829
-182.043
-182.258
-182.474
-182.693
-182.912
-183.133
-183.356
-183.58
-183.805
-184.032
-184.26
-184.49
-184.722
-184.955
-185.189
-185.426
-185.663
-185.902
-186.143
-186.385
-186.629
-186.874
-187.121
-187.369
-187.619
-187.87
-188.123
-188.377
-188.633
-188.891
-189.149
-189.41
-189.672
-189.935
-190.2
-190.466
-190.734
-191.004
-170.587
-170.607
-170.614
-170.614
-170.63
-170.648
-170.661
-170.677
-170.7
-170.723
-170.747
-170.773
-170.801
-170.83
-170.861
-170.894
-170.928
-170.964
-171.001
-171.04
-171.08
-171.121
-171.165
-171.209
-171.255
-171.303
-171.352
-171.402
-171.454
-171.507
-171.562
-171.618
-171.676
-171.735
-171.796
-171.858
-171.922
-171.987
-172.053
-172.121
-172.19
-172.261
-172.333
-172.407
-172.482
-172.559
-172.637
-172.717
-172.798
-172.88
-172.964
-173.05
-173.137
-173.225
-173.315
-173.406
-173.499
-173.593
-173.688
-173.786
-173.884
-173.984
-174.086
-174.189
-174.293
-174.399
-174.506
-174.615
-174.725
-174.837
-174.95
-175.065
-175.181
-175.298
-175.417
-175.538
-175.66
-175.783
-175.908
-176.034
-176.162
-176.291
-176.422
-176.554
-176.687
-176.823
-176.959
-177.097
-177.236
-177.377
-177.52
-177.663
-177.809
-177.955
-178.104
-178.253
-178.404
-178.557
-178.711
-178.866
-179.023
-179.182
-179.342
-179.503
-179.666
-179.83
-179.996
-180.163
-180.331
-180.501
-180.673
-180.846
-181.02
-181.196
-181.374
-181.552
-181.733
-181.914
-182.097
-182.282
-182.468
-182.656
-182.845
-183.035
-183.227
-183.42
-183.615
-183.812
-184.009
-184.208
-184.409
-184.611
-184.815
-185.02
-185.226
-185.434
-185.644
-185.854
-186.067
-186.28
-186.496
-186.712
-186.93
-187.15
-187.371
-187.593
-187.817
-188.043
-188.27
-188.498
-188.728
-188.96
-189.193
-189.427
-189.663
-189.901
-190.14
-190.381
-190.623
-190.867
-191.112
-191.359
-191.607
-191.857
-192.108
-192.361
-192.615
-192.871
-193.128
-193.387
-193.648
-193.91
-194.173
-194.438
-194.704
-194.972
-195.242
-195.513
-174.826
-174.846
-174.852
-174.852
-174.869
-174.887
-174.899
-174.916
-174.938
-174.961
-174.985
-175.011
-175.039
-175.068
-175.099
-175.132
-175.166
-175.202
-175.239
-175.277
-175.318
-175.359
-175.402
-175.447
-175.493
-175.54
-175.589
-175.64
-175.692
-175.745
-175.8
-175.856
-175.914
-175.973
-176.034
-176.096
-176.159
-176.224
-176.291
-176.359
-176.428
-176.499
-176.571
-176.645
-176.72
-176.797
-176.875
-176.954
-177.035
-177.118
-177.202
-177.287
-177.374
-177.463
-177.552
-177.644
-177.736
-177.831
-177.926
-178.023
-178.122
-178.222
-178.323
-178.426
-178.531
-178.637
-178.744
-178.853
-178.963
-179.075
-179.188
-179.302
-179.418
-179.536
-179.655
-179.775
-179.897
-180.021
-180.146
-180.272
-180.4
-180.529
-180.659
-180.792
-180.925
-181.06
-181.197
-181.335
-181.474
-181.615
-181.757
-181.901
-182.046
-182.193
-182.341
-182.491
-182.642
-182.795
-182.949
-183.104
-183.261
-183.419
-183.579
-183.741
-183.903
-184.068
-184.233
-184.4
-184.569
-184.739
-184.911
-185.084
-185.258
-185.434
-185.611
-185.79
-185.97
-186.152
-186.335
-186.52
-186.706
-186.893
-187.082
-187.273
-187.465
-187.658
-187.853
-188.049
-188.247
-188.446
-188.647
-188.849
-189.053
-189.258
-189.464
-189.672
-189.881
-190.092
-190.304
-190.518
-190.733
-190.95
-191.168
-191.388
-191.609
-191.831
-192.055
-192.281
-192.507
-192.736
-192.966
-193.197
-193.43
-193.665
-193.901
-194.139
-194.378
-194.618
-194.861
-195.104
-195.35
-195.596
-195.845
-196.094
-196.346
-196.599
-196.853
-197.109
-197.366
-197.625
-197.885
-198.147
-198.411
-198.676
-198.942
-199.21
-199.48
-199.751
-200.023
-179.065
-179.085
-179.091
-179.091
-179.107
-179.125
-179.138
-179.154
-179.176
-179.199
-179.223
-179.249
-179.277
-179.306
-179.337
-179.37
-179.404
-179.439
-179.476
-179.515
-179.555
-179.597
-179.64
-179.685
-179.731
-179.778
-179.827
-179.878
-179.929
-179.983
-180.038
-180.094
-180.152
-180.211
-180.271
-180.333
-180.397
-180.462
-180.528
-180.596
-180.666
-180.737
-180.809
-180.883
-180.958
-181.034
-181.113
-181.192
-181.273
-181.356
-181.44
-181.525
-181.612
-181.7
-181.79
-181.881
-181.974
-182.068
-182.164
-182.261
-182.36
-182.46
-182.561
-182.664
-182.768
-182.874
-182.982
-183.09
-183.201
-183.312
-183.425
-183.54
-183.656
-183.774
-183.893
-184.013
-184.135
-184.258
-184.383
-184.51
-184.637
-184.767
-184.897
-185.029
-185.163
-185.298
-185.435
-185.572
-185.712
-185.853
-185.995
-186.139
-186.284
-186.431
-186.579
-186.729
-186.88
-187.032
-187.186
-187.342
-187.499
-187.657
-187.817
-187.978
-188.141
-188.305
-188.471
-188.638
-188.807
-188.977
-189.148
-189.321
-189.496
-189.672
-189.849
-190.028
-190.208
-190.39
-190.573
-190.758
-190.944
-191.131
-191.32
-191.511
-191.703
-191.896
-192.091
-192.287
-192.485
-192.684
-192.885
-193.087
-193.29
-193.495
-193.702
-193.91
-194.119
-194.33
-194.542
-194.756
-194.971
-195.188
-195.406
-195.625
-195.846
-196.069
-196.293
-196.518
-196.745
-196.974
-197.204
-197.435
-197.668
-197.903
-198.139
-198.376
-198.616
-198.856
-199.098
-199.342
-199.587
-199.834
-200.082
-200.332
-200.584
-200.836
-201.091
-201.347
-201.604
-201.863
-202.123
-202.385
-202.649
-202.914
-203.18
-203.448
-203.718
-203.989
-204.261
-204.535
-183.303
-183.324
-183.33
-183.33
-183.346
-183.363
-183.376
-183.392
-183.414
-183.437
-183.461
-183.487
-183.514
-183.544
-183.575
-183.607
-183.641
-183.677
-183.714
-183.753
-183.793
-183.835
-183.878
-183.922
-183.968
-184.016
-184.065
-184.115
-184.167
-184.221
-184.275
-184.332
-184.389
-184.448
-184.509
-184.571
-184.635
-184.7
-184.766
-184.834
-184.903
-184.974
-185.047
-185.12
-185.196
-185.272
-185.35
-185.43
-185.511
-185.593
-185.677
-185.763
-185.85
-185.938
-186.028
-186.119
-186.212
-186.306
-186.402
-186.499
-186.597
-186.697
-186.799
-186.902
-187.006
-187.112
-187.219
-187.328
-187.438
-187.55
-187.663
-187.778
-187.894
-188.011
-188.13
-188.251
-188.373
-188.496
-188.621
-188.747
-188.875
-189.004
-189.135
-189.267
-189.401
-189.536
-189.672
-189.81
-189.95
-190.091
-190.233
-190.377
-190.522
-190.669
-190.817
-190.966
-191.118
-191.27
-191.424
-191.58
-191.737
-191.895
-192.055
-192.216
-192.379
-192.543
-192.709
-192.876
-193.045
-193.215
-193.386
-193.559
-193.734
-193.909
-194.087
-194.266
-194.446
-194.628
-194.811
-194.995
-195.181
-195.369
-195.558
-195.748
-195.94
-196.134
-196.329
-196.525
-196.723
-196.922
-197.122
-197.324
-197.528
-197.733
-197.94
-198.147
-198.357
-198.568
-198.78
-198.994
-199.209
-199.426
-199.644
-199.863
-200.084
-200.307
-200.531
-200.756
-200.983
-201.211
-201.441
-201.673
-201.906
-202.14
-202.376
-202.614
-202.853
-203.094
-203.336
-203.58
-203.825
-204.072
-204.32
-204.57
-204.821
-205.074
-205.329
-205.584
-205.842
-206.101
-206.361
-206.623
-206.887
-207.151
-207.418
-207.686
-207.955
-208.226
-208.499
-208.773
-187.542
-187.562
-187.568
-187.568
-187.584
-187.602
-187.614
-187.631
-187.652
-187.675
-187.699
-187.725
-187.752
-187.782
-187.813
-187.845
-187.879
-187.915
-187.952
-187.991
-188.031
-188.072
-188.115
-188.16
-188.206
-188.254
-188.303
-188.353
-188.405
-188.458
-188.513
-188.569
-188.627
-188.686
-188.747
-188.809
-188.872
-188.937
-189.004
-189.072
-189.141
-189.212
-189.284
-189.358
-189.433
-189.51
-189.588
-189.668
-189.749
-189.831
-189.915
-190.001
-190.087
-190.176
-190.266
-190.357
-190.45
-190.544
-190.639
-190.736
-190.835
-190.935
-191.037
-191.139
-191.244
-191.35
-191.457
-191.566
-191.676
-191.788
-191.901
-192.016
-192.132
-192.249
-192.368
-192.489
-192.611
-192.734
-192.859
-192.985
-193.113
-193.242
-193.373
-193.505
-193.638
-193.773
-193.91
-194.048
-194.187
-194.328
-194.471
-194.614
-194.76
-194.906
-195.055
-195.204
-195.355
-195.508
-195.662
-195.817
-195.974
-196.133
-196.293
-196.454
-196.617
-196.781
-196.947
-197.114
-197.282
-197.452
-197.624
-197.797
-197.971
-198.147
-198.324
-198.503
-198.684
-198.865
-199.048
-199.233
-199.419
-199.607
-199.796
-199.986
-200.178
-200.371
-200.566
-200.763
-200.96
-201.159
-201.36
-201.562
-201.766
-201.971
-202.177
-202.385
-202.595
-202.805
-203.018
-203.231
-203.447
-203.663
-203.881
-204.101
-204.322
-204.544
-204.768
-204.994
-205.221
-205.449
-205.679
-205.91
-206.143
-206.378
-206.614
-206.852
-207.091
-207.332
-207.574
-207.818
-208.063
-208.31
-208.558
-208.808
-209.059
-209.312
-209.566
-209.822
-210.08
-210.339
-210.599
-210.861
-211.124
-211.389
-211.656
-211.924
-212.193
-212.464
-212.737
-213.011
-213.286
-191.78
-191.801
-191.807
-191.806
-191.822
-191.84
-191.852
-191.869
-191.89
-191.913
-191.937
-191.963
-191.99
-192.019
-192.05
-192.083
-192.117
-192.153
-192.19
-192.228
-192.268
-192.31
-192.353
-192.398
-192.444
-192.491
-192.54
-192.591
-192.643
-192.696
-192.751
-192.807
-192.865
-192.924
-192.985
-193.047
-193.11
-193.175
-193.242
-193.31
-193.379
-193.45
-193.522
-193.596
-193.671
-193.748
-193.826
-193.905
-193.986
-194.069
-194.153
-194.238
-194.325
-194.413
-194.503
-194.595
-194.687
-194.781
-194.877
-194.974
-195.073
-195.173
-195.274
-195.377
-195.482
-195.587
-195.695
-195.804
-195.914
-196.025
-196.139
-196.253
-196.369
-196.487
-196.606
-196.726
-196.848
-196.972
-197.096
-197.223
-197.351
-197.48
-197.61
-197.743
-197.876
-198.011
-198.148
-198.286
-198.425
-198.566
-198.708
-198.852
-198.997
-199.144
-199.292
-199.442
-199.593
-199.746
-199.9
-200.055
-200.212
-200.37
-200.53
-200.692
-200.854
-201.019
-201.184
-201.351
-201.52
-201.69
-201.862
-202.035
-202.209
-202.385
-202.562
-202.741
-202.921
-203.103
-203.286
-203.471
-203.657
-203.844
-204.033
-204.224
-204.416
-204.609
-204.804
-205
-205.198
-205.397
-205.598
-205.8
-206.004
-206.209
-206.415
-206.623
-206.832
-207.043
-207.255
-207.469
-207.684
-207.901
-208.119
-208.339
-208.56
-208.782
-209.006
-209.231
-209.458
-209.687
-209.917
-210.148
-210.381
-210.616
-210.852
-211.089
-211.329
-211.569
-211.812
-212.055
-212.301
-212.547
-212.796
-213.046
-213.297
-213.55
-213.804
-214.06
-214.317
-214.576
-214.837
-215.099
-215.362
-215.627
-215.894
-216.162
-216.431
-216.702
-216.975
-217.249
-217.524
-217.802
-196.018
-196.039
-196.045
-196.045
-196.06
-196.078
-196.09
-196.107
-196.128
-196.151
-196.175
-196.2
-196.228
-196.257
-196.288
-196.321
-196.355
-196.39
-196.427
-196.466
-196.506
-196.548
-196.591
-196.636
-196.682
-196.729
-196.778
-196.828
-196.88
-196.934
-196.988
-197.045
-197.102
-197.162
-197.222
-197.284
-197.348
-197.413
-197.479
-197.547
-197.617
-197.687
-197.76
-197.833
-197.909
-197.985
-198.063
-198.143
-198.224
-198.307
-198.391
-198.476
-198.563
-198.651
-198.741
-198.832
-198.925
-199.019
-199.115
-199.212
-199.31
-199.41
-199.512
-199.615
-199.719
-199.825
-199.932
-200.041
-200.151
-200.263
-200.376
-200.491
-200.607
-200.725
-200.844
-200.964
-201.086
-201.209
-201.334
-201.46
-201.588
-201.717
-201.848
-201.98
-202.114
-202.249
-202.385
-202.523
-202.663
-202.804
-202.946
-203.09
-203.235
-203.382
-203.53
-203.68
-203.831
-203.983
-204.137
-204.293
-204.45
-204.608
-204.768
-204.929
-205.092
-205.256
-205.422
-205.589
-205.758
-205.928
-206.099
-206.272
-206.447
-206.623
-206.8
-206.979
-207.159
-207.341
-207.524
-207.708
-207.895
-208.082
-208.271
-208.462
-208.653
-208.847
-209.042
-209.238
-209.436
-209.635
-209.836
-210.038
-210.241
-210.446
-210.653
-210.861
-211.07
-211.281
-211.493
-211.707
-211.922
-212.139
-212.357
-212.576
-212.797
-213.02
-213.244
-213.469
-213.696
-213.924
-214.154
-214.386
-214.619
-214.853
-215.089
-215.327
-215.566
-215.807
-216.049
-216.293
-216.538
-216.785
-217.033
-217.283
-217.535
-217.787
-218.042
-218.298
-218.555
-218.814
-219.075
-219.336
-219.6
-219.865
-220.131
-220.399
-220.669
-220.94
-221.213
-221.487
-221.762
-222.039
-200.257
-200.277
-200.283
-200.283
-200.298
-200.316
-200.328
-200.344
-200.366
-200.389
-200.413
-200.438
-200.466
-200.495
-200.526
-200.558
-200.593
-200.628
-200.665
-200.704
-200.744
-200.785
-200.829
-200.873
-200.919
-200.967
-201.016
-201.066
-201.118
-201.171
-201.226
-201.282
-201.34
-201.399
-201.46
-201.522
-201.586
-201.651
-201.717
-201.785
-201.854
-201.925
-201.997
-202.071
-202.146
-202.223
-202.301
-202.381
-202.462
-202.544
-202.628
-202.714
-202.801
-202.889
-202.979
-203.07
-203.163
-203.257
-203.352
-203.45
-203.548
-203.648
-203.75
-203.853
-203.957
-204.063
-204.17
-204.279
-204.389
-204.501
-204.614
-204.729
-204.845
-204.962
-205.081
-205.202
-205.324
-205.447
-205.572
-205.698
-205.826
-205.955
-206.086
-206.218
-206.352
-206.487
-206.623
-206.761
-206.9
-207.041
-207.184
-207.328
-207.473
-207.62
-207.768
-207.917
-208.068
-208.221
-208.375
-208.53
-208.687
-208.846
-209.006
-209.167
-209.33
-209.494
-209.66
-209.827
-209.995
-210.165
-210.337
-210.51
-210.684
-210.86
-211.038
-211.216
-211.397
-211.578
-211.762
-211.946
-212.132
-212.32
-212.509
-212.699
-212.891
-213.085
-213.279
-213.476
-213.673
-213.873
-214.073
-214.275
-214.479
-214.684
-214.89
-215.098
-215.308
-215.519
-215.731
-215.945
-216.16
-216.376
-216.595
-216.814
-217.035
-217.257
-217.481
-217.707
-217.933
-218.162
-218.392
-218.623
-218.856
-219.091
-219.327
-219.565
-219.804
-220.045
-220.287
-220.531
-220.776
-221.023
-221.271
-221.521
-221.772
-222.025
-222.28
-222.535
-222.793
-223.052
-223.312
-223.574
-223.838
-224.103
-224.369
-224.637
-224.907
-225.178
-225.45
-225.724
-226
-226.277
-226.556
-204.493
-204.514
-204.52
-204.52
-204.536
-204.554
-204.566
-204.582
-204.604
-204.626
-204.65
-204.675
-204.703
-204.732
-204.763
-204.796
-204.83
-204.866
-204.903
-204.942
-204.982
-205.024
-205.067
-205.111
-205.157
-205.205
-205.254
-205.304
-205.356
-205.409
-205.464
-205.52
-205.578
-205.637
-205.698
-205.76
-205.824
-205.889
-205.955
-206.023
-206.092
-206.163
-206.235
-206.309
-206.384
-206.461
-206.539
-206.619
-206.7
-206.782
-206.866
-206.952
-207.039
-207.127
-207.217
-207.308
-207.401
-207.495
-207.59
-207.688
-207.786
-207.886
-207.988
-208.091
-208.195
-208.301
-208.408
-208.517
-208.627
-208.739
-208.852
-208.967
-209.083
-209.2
-209.319
-209.44
-209.562
-209.685
-209.81
-209.936
-210.064
-210.193
-210.324
-210.456
-210.59
-210.725
-210.861
-210.999
-211.138
-211.279
-211.422
-211.566
-211.711
-211.857
-212.006
-212.155
-212.306
-212.459
-212.613
-212.768
-212.925
-213.084
-213.244
-213.405
-213.568
-213.732
-213.898
-214.065
-214.233
-214.403
-214.575
-214.748
-214.922
-215.098
-215.276
-215.454
-215.635
-215.816
-216
-216.184
-216.37
-216.558
-216.747
-216.937
-217.129
-217.323
-217.517
-217.714
-217.911
-218.111
-218.311
-218.513
-218.717
-218.922
-219.128
-219.336
-219.546
-219.757
-219.969
-220.183
-220.398
-220.614
-220.833
-221.052
-221.273
-221.495
-221.719
-221.945
-222.171
-222.4
-222.629
-222.861
-223.094
-223.329
-223.565
-223.803
-224.042
-224.283
-224.525
-224.769
-225.014
-225.261
-225.509
-225.759
-226.01
-226.263
-226.518
-226.773
-227.031
-227.29
-227.55
-227.812
-228.076
-228.341
-228.607
-228.875
-229.145
-229.416
-229.689
-229.963
-230.238
-230.515
-230.794
-231.074
-209.103
-209.14
-209.179
-209.219
-209.261
-209.304
-209.348
-209.394
-209.442
-209.491
-209.541
-209.593
-209.646
-209.701
-209.757
-209.815
-209.874
-209.935
-209.997
-210.06
-210.125
-210.192
-210.26
-210.329
-210.4
-210.472
-210.546
-210.621
-210.698
-210.776
-210.856
-210.937
-211.019
-211.103
-211.189
-211.275
-211.364
-211.454
-211.545
-211.638
-211.732
-211.827
-211.925
-212.023
-212.123
-212.225
-212.328
-212.432
-212.538
-212.645
-212.754
-212.864
-212.976
-213.089
-213.204
-213.32
-213.437
-213.556
-213.677
-213.799
-213.922
-214.047
-214.173
-214.301
-214.43
-214.561
-214.693
-214.826
-214.962
-215.098
-215.236
-215.375
-215.516
-215.659
-215.802
-215.948
-216.094
-216.243
-216.392
-216.543
-216.696
-216.85
-217.005
-217.162
-217.321
-217.481
-217.642
-217.805
-217.969
-218.135
-218.302
-218.47
-218.64
-218.812
-218.985
-219.159
-219.335
-219.513
-219.691
-219.872
-220.053
-220.237
-220.421
-220.607
-220.795
-220.984
-221.174
-221.366
-221.56
-221.754
-221.951
-222.148
-222.348
-222.548
-222.75
-222.954
-223.159
-223.365
-223.573
-223.783
-223.994
-224.206
-224.42
-224.635
-224.851
-225.07
-225.289
-225.51
-225.732
-225.956
-226.182
-226.408
-226.636
-226.867
-227.098
-227.331
-227.566
-227.802
-228.04
-228.279
-228.52
-228.762
-229.006
-229.251
-229.498
-229.746
-229.996
-230.247
-230.5
-230.755
-231.01
-231.268
-231.527
-231.787
-232.049
-232.313
-232.578
-232.844
-233.112
-233.382
-233.653
-233.926
-234.2
-234.475
-234.753
-235.031
-235.312
-235.594
)
;

boundaryField
{
    inlet
    {
        type            zeroGradient;
    }
    outlet
    {
        type            fixedValue;
        value           nonuniform List<scalar> 0();
    }
    lowerWall
    {
        type            zeroGradient;
    }
    upperWall
    {
        type            zeroGradient;
    }
    frontAndBack
    {
        type            zeroGradient;
    }
    procBoundary0to3
    {
        type            processor;
        value           nonuniform List<scalar> 
150
(
-208.732
-208.753
-208.759
-208.758
-208.774
-208.792
-208.804
-208.82
-208.842
-208.865
-208.888
-208.914
-208.941
-208.97
-209.001
-209.034
-209.068
-209.068
-213.342
-213.379
-213.417
-213.458
-213.499
-213.542
-213.587
-213.633
-213.68
-213.729
-213.78
-213.832
-213.885
-213.94
-213.996
-214.054
-214.113
-214.173
-214.235
-214.299
-214.364
-214.43
-214.498
-214.568
-214.639
-214.711
-214.785
-214.86
-214.937
-215.015
-215.094
-215.175
-215.258
-215.342
-215.427
-215.514
-215.602
-215.692
-215.783
-215.876
-215.97
-216.066
-216.163
-216.262
-216.362
-216.463
-216.566
-216.67
-216.776
-216.884
-216.992
-217.103
-217.214
-217.328
-217.442
-217.558
-217.676
-217.795
-217.915
-218.037
-218.161
-218.285
-218.412
-218.539
-218.669
-218.799
-218.931
-219.065
-219.2
-219.337
-219.475
-219.614
-219.755
-219.897
-220.041
-220.186
-220.333
-220.481
-220.631
-220.782
-220.934
-221.088
-221.244
-221.401
-221.559
-221.719
-221.88
-222.043
-222.207
-222.373
-222.54
-222.709
-222.879
-223.05
-223.223
-223.398
-223.574
-223.751
-223.93
-224.11
-224.292
-224.475
-224.66
-224.846
-225.033
-225.222
-225.413
-225.605
-225.798
-225.993
-226.189
-226.387
-226.586
-226.787
-226.989
-227.192
-227.398
-227.604
-227.812
-228.021
-228.232
-228.444
-228.658
-228.873
-229.09
-229.308
-229.528
-229.749
-229.971
-230.195
-230.42
-230.647
)
;
    }
    procBoundary0to6
    {
        type            processor;
        value           nonuniform List<scalar> 
86
(
-18.9756
-18.9756
-23.4457
-23.4457
-27.9158
-27.9158
-32.3873
-36.6247
-36.6247
-41.0973
-41.0973
-45.5721
-49.8095
-49.8095
-54.2851
-54.2851
-58.7624
-58.7624
-63.2418
-67.4792
-67.4792
-71.9595
-71.9595
-76.4419
-80.6792
-80.6792
-85.1625
-85.1625
-89.6474
-89.6474
-94.1344
-98.3717
-98.3717
-102.86
-102.86
-107.35
-111.587
-111.587
-116.078
-116.078
-120.57
-120.57
-125.065
-129.302
-129.302
-133.797
-133.797
-138.294
-138.294
-142.793
-147.03
-147.03
-151.53
-151.53
-156.032
-160.27
-160.27
-164.772
-164.772
-169.277
-169.277
-173.784
-178.021
-178.021
-182.528
-182.528
-187.038
-191.275
-191.275
-195.785
-195.785
-200.297
-200.297
-204.811
-209.049
-209.049
-213.564
-213.564
-218.081
-222.318
-222.318
-226.836
-226.836
-231.356
-231.356
-235.877
)
;
    }
    procBoundary0to9
    {
        type            processor;
        value           nonuniform List<scalar> 
36
(
-230.875
-231.105
-231.336
-231.569
-231.804
-232.04
-232.278
-232.517
-232.758
-233
-233.244
-233.489
-233.736
-233.984
-234.234
-234.486
-234.739
-234.993
-235.249
-235.506
-235.765
-236.026
-236.288
-236.551
-236.816
-237.083
-237.351
-237.621
-237.892
-238.164
-238.438
-238.714
-238.991
-239.27
-239.55
-239.832
)
;
    }
}


// ************************************************************************* //
