/*--------------------------------*- C++ -*----------------------------------*\
| =========                 |                                                 |
| \\      /  F ield         | OpenFOAM: The Open Source CFD Toolbox           |
|  \\    /   O peration     | Version:  2512                                  |
|   \\  /    A nd           | Website:  www.openfoam.com                      |
|    \\/     M anipulation  |                                                 |
\*---------------------------------------------------------------------------*/
FoamFile
{
    version     2.0;
    format      ascii;
    arch        "LSB;label=32;scalar=64";
    class       volScalarField;
    location    "0.1";
    object      Ux;
}
// * * * * * * * * * * * * * * * * * * * * * * * * * * * * * * * * * * * * * //

dimensions      [0 1 -1 0 0 0 0];

internalField   nonuniform List<scalar> 
8333
(
0.050225
0.040385
0.0282397
0.0221272
0.0195993
0.0185481
0.0182271
0.0181959
0.0182142
0.0182082
0.0181925
0.0181831
0.0181802
0.0181813
0.0181858
0.0181935
0.0182039
0.0182166
0.0182311
0.0182471
0.0182642
0.0182824
0.0183014
0.0183211
0.0183414
0.0183622
0.0183833
0.0184048
0.0184265
0.0184485
0.0184706
0.0184929
0.0185153
0.0185378
0.0185604
0.018583
0.0186058
0.0186285
0.0186513
0.0186742
0.018697
0.0187199
0.0187428
0.0187657
0.0187886
0.0188115
0.0188344
0.0188573
0.0188803
0.0189032
0.0189261
0.018949
0.018972
0.0189949
0.0190178
0.0190407
0.0190636
0.0190865
0.0191094
0.0191323
0.0191552
0.019178
0.0192009
0.0192238
0.0192466
0.0192694
0.0192923
0.0193151
0.0193379
0.0193607
0.0193836
0.0194063
0.0194291
0.0194519
0.0194747
0.0194974
0.0195202
0.0195429
0.0195657
0.0195884
0.0196111
0.0196338
0.0196565
0.0196792
0.0197018
0.0197245
0.0197472
0.0197698
0.0197924
0.019815
0.0198376
0.0198602
0.0198828
0.0199054
0.019928
0.0199505
0.019973
0.0199956
0.0200181
0.0200406
0.0200631
0.0200855
0.020108
0.0201304
0.0201529
0.0201753
0.0201977
0.0202201
0.0202425
0.0202648
0.0202872
0.0203095
0.0203318
0.0203541
0.0203764
0.0203987
0.020421
0.0204432
0.0204654
0.0204876
0.0205098
0.020532
0.0205542
0.0205763
0.0205985
0.0206206
0.0206427
0.0206647
0.0206868
0.0207088
0.0207308
0.0207528
0.0207748
0.0207967
0.0208187
0.0208406
0.0208624
0.0208843
0.0209061
0.0209279
0.0209496
0.0209713
0.0209929
0.0210145
0.0210357
0.0210577
0.0210773
0.0211002
0.0211159
0.0595082
0.0614265
0.0561191
0.0510806
0.0479467
0.0460524
0.0450238
0.0445459
0.0443202
0.0441687
0.0440499
0.0439629
0.0439009
0.0438557
0.0438231
0.0438005
0.043786
0.0437781
0.0437751
0.043776
0.0437803
0.0437873
0.0437965
0.0438076
0.0438201
0.0438339
0.0438487
0.0438643
0.0438806
0.0438975
0.0439149
0.0439326
0.0439507
0.0439691
0.0439876
0.0440064
0.0440253
0.0440444
0.0440635
0.0440827
0.0441021
0.0441214
0.0441408
0.0441603
0.0441798
0.0441993
0.0442188
0.0442384
0.0442579
0.0442775
0.0442971
0.0443167
0.0443363
0.0443559
0.0443755
0.044395
0.0444146
0.0444342
0.0444538
0.0444734
0.0444929
0.0445125
0.0445321
0.0445516
0.0445712
0.0445907
0.0446102
0.0446298
0.0446493
0.0446688
0.0446883
0.0447078
0.0447273
0.0447468
0.0447662
0.0447857
0.0448051
0.0448246
0.044844
0.0448634
0.0448828
0.0449023
0.0449216
0.044941
0.0449604
0.0449798
0.0449991
0.0450185
0.0450378
0.0450571
0.0450764
0.0450957
0.045115
0.0451343
0.0451535
0.0451728
0.045192
0.0452112
0.0452304
0.0452496
0.0452688
0.045288
0.0453072
0.0453263
0.0453454
0.0453646
0.0453837
0.0454028
0.0454218
0.0454409
0.04546
0.045479
0.045498
0.045517
0.045536
0.045555
0.045574
0.0455929
0.0456118
0.0456308
0.0456497
0.0456685
0.0456874
0.0457063
0.0457251
0.0457439
0.0457627
0.0457815
0.0458003
0.045819
0.0458377
0.0458564
0.0458751
0.0458938
0.0459124
0.0459311
0.0459497
0.0459682
0.0459868
0.0460053
0.0460238
0.0460422
0.0460605
0.0460792
0.0460966
0.0461166
0.0461312
0.0461545
0.0461644
0.04619
0.0597658
0.0647143
0.0648194
0.0631021
0.0613264
0.059677
0.0583721
0.057538
0.0570537
0.0567406
0.0565187
0.0563618
0.0562497
0.0561668
0.0561046
0.0560582
0.0560239
0.0559988
0.0559812
0.0559696
0.0559626
0.0559594
0.0559595
0.0559621
0.0559668
0.0559731
0.0559809
0.0559898
0.0559997
0.0560104
0.0560217
0.0560336
0.056046
0.0560587
0.0560717
0.056085
0.0560985
0.0561121
0.0561259
0.0561399
0.0561539
0.056168
0.0561822
0.0561965
0.0562108
0.0562251
0.0562395
0.0562539
0.0562683
0.0562827
0.0562971
0.0563116
0.056326
0.0563405
0.056355
0.0563694
0.0563839
0.0563983
0.0564128
0.0564272
0.0564417
0.0564561
0.0564706
0.056485
0.0564994
0.0565138
0.0565283
0.0565427
0.0565571
0.0565714
0.0565858
0.0566002
0.0566146
0.0566289
0.0566433
0.0566576
0.0566719
0.0566863
0.0567006
0.0567149
0.0567292
0.0567435
0.0567577
0.056772
0.0567862
0.0568005
0.0568147
0.0568289
0.0568431
0.0568573
0.0568715
0.0568857
0.0568999
0.056914
0.0569282
0.0569423
0.0569564
0.0569705
0.0569846
0.0569987
0.0570127
0.0570268
0.0570408
0.0570549
0.0570689
0.0570829
0.0570969
0.0571108
0.0571248
0.0571387
0.0571527
0.0571666
0.0571805
0.0571944
0.0572083
0.0572221
0.057236
0.0572498
0.0572636
0.0572774
0.0572912
0.057305
0.0573187
0.0573324
0.0573462
0.0573599
0.0573735
0.0573872
0.0574009
0.0574145
0.0574281
0.0574417
0.0574553
0.0574688
0.0574824
0.0574959
0.0575094
0.0575228
0.0575363
0.0575497
0.0575631
0.0575764
0.0575897
0.0576031
0.0576158
0.0576301
0.0576407
0.0576569
0.0576658
0.0576815
0.0576999
0.0595718
0.0638283
0.0659059
0.0661121
0.0655138
0.0643863
0.0631558
0.062228
0.0616344
0.0612359
0.060954
0.0607566
0.0606161
0.0605124
0.0604341
0.0603749
0.0603302
0.0602965
0.0602716
0.0602535
0.060241
0.0602328
0.0602282
0.0602265
0.0602273
0.06023
0.0602343
0.06024
0.0602467
0.0602544
0.0602628
0.0602718
0.0602813
0.0602913
0.0603016
0.0603123
0.0603231
0.0603342
0.0603454
0.0603568
0.0603683
0.0603799
0.0603915
0.0604033
0.060415
0.0604269
0.0604387
0.0604506
0.0604625
0.0604744
0.0604864
0.0604983
0.0605103
0.0605223
0.0605343
0.0605462
0.0605582
0.0605702
0.0605821
0.0605941
0.0606061
0.060618
0.06063
0.0606419
0.0606539
0.0606658
0.0606778
0.0606897
0.0607016
0.0607135
0.0607254
0.0607373
0.0607492
0.0607611
0.0607729
0.0607848
0.0607966
0.0608085
0.0608203
0.0608321
0.060844
0.0608558
0.0608675
0.0608793
0.0608911
0.0609029
0.0609146
0.0609263
0.0609381
0.0609498
0.0609615
0.0609732
0.0609849
0.0609965
0.0610082
0.0610199
0.0610315
0.0610431
0.0610547
0.0610663
0.0610779
0.0610895
0.061101
0.0611126
0.0611241
0.0611356
0.0611471
0.0611586
0.0611701
0.0611816
0.061193
0.0612045
0.0612159
0.0612273
0.0612387
0.0612501
0.0612614
0.0612728
0.0612841
0.0612954
0.0613067
0.061318
0.0613293
0.0613406
0.0613518
0.061363
0.0613742
0.0613854
0.0613966
0.0614077
0.0614189
0.06143
0.0614411
0.0614521
0.0614632
0.0614742
0.0614853
0.0614962
0.0615072
0.0615181
0.0615291
0.0615399
0.0615507
0.0615616
0.0615721
0.0615831
0.0615928
0.0616042
0.0616133
0.0616249
0.0616378
0.0616522
0.0595567
0.06274
0.065042
0.0658908
0.0659483
0.0652897
0.0642891
0.0634512
0.0628811
0.0624766
0.0621815
0.0619728
0.0618236
0.0617129
0.0616291
0.0615655
0.0615172
0.0614805
0.061453
0.0614327
0.0614183
0.0614084
0.0614023
0.0613993
0.0613987
0.0614003
0.0614034
0.061408
0.0614137
0.0614204
0.0614278
0.0614359
0.0614445
0.0614536
0.061463
0.0614728
0.0614828
0.061493
0.0615034
0.061514
0.0615246
0.0615354
0.0615462
0.0615572
0.0615681
0.0615791
0.0615902
0.0616013
0.0616124
0.0616235
0.0616346
0.0616458
0.0616569
0.0616681
0.0616793
0.0616905
0.0617016
0.0617128
0.061724
0.0617351
0.0617463
0.0617575
0.0617686
0.0617798
0.0617909
0.061802
0.0618132
0.0618243
0.0618354
0.0618465
0.0618576
0.0618687
0.0618798
0.0618909
0.0619019
0.061913
0.061924
0.0619351
0.0619461
0.0619571
0.0619681
0.0619791
0.0619901
0.0620011
0.0620121
0.062023
0.062034
0.0620449
0.0620559
0.0620668
0.0620777
0.0620886
0.0620994
0.0621103
0.0621212
0.062132
0.0621429
0.0621537
0.0621645
0.0621753
0.0621861
0.0621968
0.0622076
0.0622183
0.0622291
0.0622398
0.0622505
0.0622612
0.0622719
0.0622825
0.0622932
0.0623038
0.0623144
0.062325
0.0623356
0.0623462
0.0623568
0.0623673
0.0623779
0.0623884
0.0623989
0.0624094
0.0624198
0.0624303
0.0624407
0.0624511
0.0624615
0.0624719
0.0624823
0.0624927
0.062503
0.0625133
0.0625236
0.0625339
0.0625441
0.0625544
0.0625646
0.0625748
0.0625849
0.0625951
0.0626052
0.0626152
0.0626253
0.0626352
0.0626451
0.062655
0.0626645
0.0626744
0.0626835
0.0626942
0.0627051
0.0627162
0.0595839
0.062004
0.0640176
0.0649128
0.0652811
0.0649774
0.0642351
0.0635598
0.0630784
0.0627135
0.0624343
0.0622326
0.0620867
0.0619772
0.0618939
0.0618304
0.061782
0.0617453
0.0617176
0.0616972
0.0616825
0.0616724
0.0616661
0.0616628
0.061662
0.0616633
0.0616663
0.0616706
0.0616761
0.0616826
0.0616898
0.0616977
0.0617061
0.061715
0.0617243
0.0617338
0.0617436
0.0617536
0.0617638
0.0617742
0.0617847
0.0617952
0.0618059
0.0618166
0.0618273
0.0618382
0.061849
0.0618599
0.0618708
0.0618817
0.0618927
0.0619036
0.0619146
0.0619256
0.0619365
0.0619475
0.0619585
0.0619694
0.0619804
0.0619914
0.0620023
0.0620133
0.0620243
0.0620352
0.0620462
0.0620571
0.062068
0.0620789
0.0620899
0.0621008
0.0621117
0.0621226
0.0621335
0.0621443
0.0621552
0.0621661
0.0621769
0.0621877
0.0621986
0.0622094
0.0622202
0.062231
0.0622418
0.0622526
0.0622634
0.0622741
0.0622849
0.0622956
0.0623063
0.062317
0.0623278
0.0623384
0.0623491
0.0623598
0.0623705
0.0623811
0.0623917
0.0624024
0.062413
0.0624236
0.0624342
0.0624447
0.0624553
0.0624658
0.0624764
0.0624869
0.0624974
0.0625079
0.0625184
0.0625288
0.0625393
0.0625497
0.0625601
0.0625705
0.0625809
0.0625913
0.0626017
0.062612
0.0626224
0.0626327
0.062643
0.0626533
0.0626635
0.0626738
0.062684
0.0626943
0.0627045
0.0627146
0.0627248
0.062735
0.0627451
0.0627552
0.0627653
0.0627754
0.0627855
0.0627955
0.0628055
0.0628155
0.0628255
0.0628354
0.0628453
0.0628552
0.062865
0.0628747
0.0628845
0.0628941
0.0629036
0.0629132
0.0629224
0.0629328
0.0629433
0.0629532
0.0629651
0.0596015
0.0615173
0.0631904
0.06395
0.0644576
0.0644077
0.0638922
0.063382
0.0630037
0.0626939
0.0624428
0.0622566
0.0621196
0.0620154
0.0619353
0.061874
0.0618272
0.0617915
0.0617647
0.0617448
0.0617306
0.0617208
0.0617148
0.0617117
0.0617111
0.0617125
0.0617156
0.0617201
0.0617256
0.0617321
0.0617393
0.0617472
0.0617557
0.0617645
0.0617738
0.0617833
0.0617931
0.0618031
0.0618133
0.0618236
0.061834
0.0618446
0.0618552
0.0618659
0.0618766
0.0618874
0.0618982
0.061909
0.0619199
0.0619308
0.0619417
0.0619526
0.0619635
0.0619745
0.0619854
0.0619963
0.0620073
0.0620182
0.0620291
0.0620401
0.062051
0.0620619
0.0620728
0.0620837
0.0620946
0.0621055
0.0621164
0.0621273
0.0621382
0.0621491
0.0621599
0.0621708
0.0621816
0.0621924
0.0622033
0.0622141
0.0622249
0.0622357
0.0622465
0.0622573
0.062268
0.0622788
0.0622896
0.0623003
0.062311
0.0623217
0.0623325
0.0623432
0.0623538
0.0623645
0.0623752
0.0623858
0.0623965
0.0624071
0.0624177
0.0624283
0.0624389
0.0624495
0.0624601
0.0624706
0.0624812
0.0624917
0.0625022
0.0625127
0.0625232
0.0625337
0.0625442
0.0625546
0.0625651
0.0625755
0.0625859
0.0625963
0.0626067
0.062617
0.0626274
0.0626377
0.0626481
0.0626584
0.0626687
0.0626789
0.0626892
0.0626994
0.0627097
0.0627199
0.0627301
0.0627403
0.0627504
0.0627606
0.0627707
0.0627808
0.0627909
0.062801
0.062811
0.0628211
0.0628311
0.0628411
0.0628511
0.062861
0.0628709
0.0628808
0.0628907
0.0629005
0.0629104
0.0629201
0.0629298
0.0629394
0.0629489
0.0629585
0.0629679
0.0629781
0.0629886
0.0629985
0.0630092
0.0630219
0.0596107
0.0611731
0.0625584
0.0631607
0.0637294
0.0638561
0.0635198
0.0631516
0.0628691
0.0626155
0.0623961
0.0622285
0.0621029
0.0620057
0.0619303
0.0618722
0.0618276
0.0617936
0.061768
0.0617492
0.0617357
0.0617265
0.061721
0.0617183
0.061718
0.0617196
0.0617228
0.0617274
0.0617331
0.0617397
0.061747
0.061755
0.0617635
0.0617724
0.0617817
0.0617913
0.0618011
0.0618111
0.0618213
0.0618316
0.0618421
0.0618526
0.0618632
0.0618739
0.0618846
0.0618954
0.0619062
0.0619171
0.061928
0.0619388
0.0619497
0.0619607
0.0619716
0.0619825
0.0619934
0.0620044
0.0620153
0.0620262
0.0620371
0.0620481
0.062059
0.0620699
0.0620808
0.0620917
0.0621026
0.0621135
0.0621244
0.0621353
0.0621461
0.062157
0.0621678
0.0621787
0.0621895
0.0622004
0.0622112
0.062222
0.0622328
0.0622436
0.0622544
0.0622651
0.0622759
0.0622867
0.0622974
0.0623081
0.0623189
0.0623296
0.0623403
0.062351
0.0623616
0.0623723
0.062383
0.0623936
0.0624042
0.0624149
0.0624255
0.0624361
0.0624467
0.0624572
0.0624678
0.0624784
0.0624889
0.0624994
0.0625099
0.0625204
0.0625309
0.0625414
0.0625518
0.0625623
0.0625727
0.0625831
0.0625935
0.0626039
0.0626143
0.0626247
0.062635
0.0626453
0.0626557
0.062666
0.0626762
0.0626865
0.0626968
0.062707
0.0627172
0.0627274
0.0627376
0.0627478
0.062758
0.0627681
0.0627782
0.0627883
0.0627984
0.0628085
0.0628185
0.0628286
0.0628386
0.0628486
0.0628585
0.0628685
0.0628784
0.0628883
0.0628982
0.062908
0.0629178
0.0629275
0.0629372
0.0629469
0.0629564
0.0629661
0.0629756
0.0629858
0.0629961
0.0630063
0.0630167
0.0630274
0.0596162
0.0609195
0.0620756
0.0625394
0.0631308
0.0633776
0.0631772
0.062924
0.0627243
0.0625233
0.0623356
0.0621876
0.0620745
0.0619855
0.0619155
0.0618611
0.0618193
0.0617874
0.0617633
0.0617456
0.061733
0.0617246
0.0617195
0.0617173
0.0617174
0.0617193
0.0617228
0.0617276
0.0617334
0.0617402
0.0617476
0.0617557
0.0617643
0.0617732
0.0617826
0.0617922
0.061802
0.0618121
0.0618223
0.0618327
0.0618431
0.0618537
0.0618643
0.061875
0.0618858
0.0618965
0.0619074
0.0619182
0.0619291
0.06194
0.0619509
0.0619618
0.0619727
0.0619836
0.0619946
0.0620055
0.0620164
0.0620274
0.0620383
0.0620492
0.0620601
0.062071
0.062082
0.0620929
0.0621038
0.0621146
0.0621255
0.0621364
0.0621473
0.0621581
0.062169
0.0621798
0.0621907
0.0622015
0.0622123
0.0622231
0.0622339
0.0622447
0.0622555
0.0622663
0.062277
0.0622878
0.0622985
0.0623093
0.06232
0.0623307
0.0623414
0.0623521
0.0623628
0.0623734
0.0623841
0.0623947
0.0624054
0.062416
0.0624266
0.0624372
0.0624478
0.0624584
0.0624689
0.0624795
0.06249
0.0625005
0.062511
0.0625215
0.062532
0.0625425
0.062553
0.0625634
0.0625738
0.0625842
0.0625947
0.062605
0.0626154
0.0626258
0.0626361
0.0626464
0.0626568
0.0626671
0.0626773
0.0626876
0.0626979
0.0627081
0.0627183
0.0627285
0.0627387
0.0627489
0.0627591
0.0627692
0.0627793
0.0627894
0.0627995
0.0628096
0.0628196
0.0628297
0.0628397
0.0628497
0.0628596
0.0628696
0.0628795
0.0628894
0.0628993
0.0629091
0.0629189
0.0629286
0.0629384
0.0629481
0.0629576
0.0629674
0.062977
0.0629871
0.0629974
0.0630076
0.063018
0.0630279
0.0630392
0.05962
0.06073
0.0617043
0.0620527
0.0626453
0.0629717
0.0628722
0.0627107
0.0625809
0.0624272
0.06227
0.0621419
0.0620419
0.0619616
0.0618975
0.0618474
0.0618087
0.061779
0.0617566
0.0617402
0.0617287
0.0617211
0.0617167
0.061715
0.0617155
0.0617178
0.0617216
0.0617266
0.0617326
0.0617395
0.0617471
0.0617553
0.0617639
0.061773
0.0617824
0.061792
0.0618019
0.061812
0.0618223
0.0618327
0.0618431
0.0618537
0.0618644
0.0618751
0.0618858
0.0618966
0.0619075
0.0619183
0.0619292
0.0619401
0.061951
0.0619619
0.0619728
0.0619838
0.0619947
0.0620056
0.0620166
0.0620275
0.0620384
0.0620493
0.0620603
0.0620712
0.0620821
0.062093
0.0621039
0.0621148
0.0621257
0.0621366
0.0621474
0.0621583
0.0621691
0.06218
0.0621908
0.0622016
0.0622125
0.0622233
0.0622341
0.0622449
0.0622557
0.0622664
0.0622772
0.0622879
0.0622987
0.0623094
0.0623201
0.0623309
0.0623416
0.0623522
0.0623629
0.0623736
0.0623842
0.0623949
0.0624055
0.0624161
0.0624268
0.0624374
0.0624479
0.0624585
0.0624691
0.0624796
0.0624902
0.0625007
0.0625112
0.0625217
0.0625322
0.0625426
0.0625531
0.0625635
0.062574
0.0625844
0.0625948
0.0626052
0.0626156
0.0626259
0.0626363
0.0626466
0.0626569
0.0626672
0.0626775
0.0626878
0.062698
0.0627083
0.0627185
0.0627287
0.0627389
0.062749
0.0627592
0.0627693
0.0627795
0.0627896
0.0627996
0.0628097
0.0628198
0.0628298
0.0628398
0.0628498
0.0628598
0.0628697
0.0628796
0.0628895
0.0628994
0.0629092
0.0629191
0.0629288
0.0629386
0.0629483
0.0629579
0.0629677
0.0629774
0.0629875
0.0629977
0.063008
0.0630182
0.0630285
0.0630389
0.0630503
0.0596228
0.0605874
0.061417
0.0616697
0.0622509
0.062628
0.0626025
0.0625132
0.062442
0.0623305
0.0622019
0.0620932
0.0620065
0.0619353
0.0618776
0.0618321
0.0617967
0.0617695
0.0617491
0.0617342
0.0617238
0.0617171
0.0617134
0.0617123
0.0617133
0.0617159
0.06172
0.0617253
0.0617316
0.0617386
0.0617464
0.0617547
0.0617634
0.0617726
0.061782
0.0617917
0.0618017
0.0618118
0.0618221
0.0618325
0.061843
0.0618536
0.0618643
0.061875
0.0618858
0.0618966
0.0619074
0.0619183
0.0619292
0.0619401
0.061951
0.0619619
0.0619728
0.0619838
0.0619947
0.0620056
0.0620166
0.0620275
0.0620384
0.0620494
0.0620603
0.0620712
0.0620821
0.062093
0.0621039
0.0621148
0.0621257
0.0621366
0.0621474
0.0621583
0.0621692
0.06218
0.0621908
0.0622017
0.0622125
0.0622233
0.0622341
0.0622449
0.0622557
0.0622664
0.0622772
0.062288
0.0622987
0.0623094
0.0623202
0.0623309
0.0623416
0.0623523
0.0623629
0.0623736
0.0623843
0.0623949
0.0624055
0.0624162
0.0624268
0.0624374
0.062448
0.0624585
0.0624691
0.0624796
0.0624902
0.0625007
0.0625112
0.0625217
0.0625322
0.0625427
0.0625531
0.0625636
0.062574
0.0625844
0.0625948
0.0626052
0.0626156
0.0626259
0.0626363
0.0626466
0.0626569
0.0626672
0.0626775
0.0626878
0.062698
0.0627083
0.0627185
0.0627287
0.0627389
0.0627491
0.0627592
0.0627694
0.0627795
0.0627896
0.0627997
0.0628097
0.0628198
0.0628298
0.0628398
0.0628498
0.0628598
0.0628697
0.0628797
0.0628896
0.0628994
0.0629093
0.0629191
0.0629289
0.0629387
0.0629484
0.0629581
0.0629679
0.0629777
0.0629877
0.0629979
0.0630082
0.0630184
0.0630287
0.0630391
0.0630494
0.0630614
0.0596249
0.0604797
0.0611934
0.0613664
0.0619288
0.0623361
0.062364
0.0623315
0.062309
0.0622345
0.0621326
0.0620427
0.0619691
0.0619073
0.0618562
0.0618155
0.0617837
0.0617592
0.0617408
0.0617275
0.0617183
0.0617127
0.0617098
0.0617093
0.0617108
0.0617139
0.0617184
0.0617239
0.0617304
0.0617376
0.0617455
0.061754
0.0617628
0.0617721
0.0617816
0.0617914
0.0618014
0.0618116
0.0618219
0.0618323
0.0618429
0.0618535
0.0618642
0.0618749
0.0618857
0.0618965
0.0619074
0.0619182
0.0619291
0.06194
0.061951
0.0619619
0.0619728
0.0619837
0.0619947
0.0620056
0.0620166
0.0620275
0.0620384
0.0620493
0.0620603
0.0620712
0.0620821
0.062093
0.0621039
0.0621148
0.0621257
0.0621366
0.0621474
0.0621583
0.0621692
0.06218
0.0621908
0.0622017
0.0622125
0.0622233
0.0622341
0.0622449
0.0622557
0.0622664
0.0622772
0.062288
0.0622987
0.0623094
0.0623202
0.0623309
0.0623416
0.0623523
0.0623629
0.0623736
0.0623843
0.0623949
0.0624055
0.0624162
0.0624268
0.0624374
0.062448
0.0624585
0.0624691
0.0624796
0.0624902
0.0625007
0.0625112
0.0625217
0.0625322
0.0625427
0.0625531
0.0625636
0.062574
0.0625844
0.0625948
0.0626052
0.0626156
0.0626259
0.0626363
0.0626466
0.0626569
0.0626672
0.0626775
0.0626878
0.062698
0.0627083
0.0627185
0.0627287
0.0627389
0.0627491
0.0627592
0.0627694
0.0627795
0.0627896
0.0627997
0.0628097
0.0628198
0.0628298
0.0628398
0.0628498
0.0628598
0.0628698
0.0628797
0.0628896
0.0628995
0.0629093
0.0629192
0.062929
0.0629387
0.0629485
0.0629582
0.0629681
0.0629779
0.0629879
0.0629981
0.0630083
0.0630186
0.0630287
0.0630393
0.0630496
0.0630596
0.0596264
0.0603979
0.0610184
0.0611246
0.0616644
0.0620873
0.0621531
0.0621648
0.0621826
0.0621405
0.062063
0.0619909
0.0619303
0.0618777
0.0618334
0.0617977
0.0617697
0.0617481
0.0617319
0.0617203
0.0617125
0.0617079
0.0617059
0.0617061
0.0617081
0.0617117
0.0617165
0.0617224
0.0617291
0.0617366
0.0617446
0.0617532
0.0617622
0.0617715
0.0617812
0.061791
0.0618011
0.0618113
0.0618217
0.0618321
0.0618427
0.0618533
0.061864
0.0618748
0.0618856
0.0618964
0.0619073
0.0619182
0.0619291
0.06194
0.0619509
0.0619618
0.0619728
0.0619837
0.0619947
0.0620056
0.0620165
0.0620275
0.0620384
0.0620493
0.0620603
0.0620712
0.0620821
0.062093
0.0621039
0.0621148
0.0621257
0.0621366
0.0621474
0.0621583
0.0621692
0.06218
0.0621908
0.0622017
0.0622125
0.0622233
0.0622341
0.0622449
0.0622557
0.0622665
0.0622772
0.062288
0.0622987
0.0623094
0.0623202
0.0623309
0.0623416
0.0623523
0.0623629
0.0623736
0.0623843
0.0623949
0.0624056
0.0624162
0.0624268
0.0624374
0.062448
0.0624585
0.0624691
0.0624797
0.0624902
0.0625007
0.0625112
0.0625217
0.0625322
0.0625427
0.0625531
0.0625636
0.062574
0.0625844
0.0625948
0.0626052
0.0626156
0.0626259
0.0626363
0.0626466
0.0626569
0.0626672
0.0626775
0.0626878
0.062698
0.0627083
0.0627185
0.0627287
0.0627389
0.0627491
0.0627592
0.0627694
0.0627795
0.0627896
0.0627997
0.0628097
0.0628198
0.0628298
0.0628398
0.0628498
0.0628598
0.0628698
0.0628797
0.0628896
0.0628995
0.0629094
0.0629192
0.062929
0.0629388
0.0629486
0.0629584
0.0629682
0.0629781
0.0629881
0.0629983
0.0630084
0.0630187
0.0630289
0.0630394
0.0630496
0.0630591
0.0630703
0.0596275
0.0603353
0.0608808
0.0609305
0.0614459
0.0618745
0.0619663
0.0620122
0.0620631
0.0620492
0.0619938
0.0619385
0.0618904
0.0618471
0.0618096
0.0617791
0.0617549
0.0617363
0.0617224
0.0617126
0.0617062
0.0617027
0.0617017
0.0617026
0.0617053
0.0617093
0.0617145
0.0617207
0.0617277
0.0617354
0.0617437
0.0617524
0.0617615
0.061771
0.0617807
0.0617906
0.0618007
0.061811
0.0618214
0.0618319
0.0618425
0.0618532
0.0618639
0.0618747
0.0618855
0.0618964
0.0619072
0.0619181
0.061929
0.06194
0.0619509
0.0619618
0.0619728
0.0619837
0.0619946
0.0620056
0.0620165
0.0620275
0.0620384
0.0620493
0.0620603
0.0620712
0.0620821
0.062093
0.0621039
0.0621148
0.0621257
0.0621366
0.0621474
0.0621583
0.0621692
0.06218
0.0621908
0.0622017
0.0622125
0.0622233
0.0622341
0.0622449
0.0622557
0.0622665
0.0622772
0.062288
0.0622987
0.0623094
0.0623202
0.0623309
0.0623416
0.0623523
0.062363
0.0623736
0.0623843
0.0623949
0.0624056
0.0624162
0.0624268
0.0624374
0.062448
0.0624585
0.0624691
0.0624797
0.0624902
0.0625007
0.0625112
0.0625217
0.0625322
0.0625427
0.0625531
0.0625636
0.062574
0.0625844
0.0625948
0.0626052
0.0626156
0.062626
0.0626363
0.0626466
0.0626569
0.0626672
0.0626775
0.0626878
0.062698
0.0627083
0.0627185
0.0627287
0.0627389
0.0627491
0.0627592
0.0627694
0.0627795
0.0627896
0.0627997
0.0628098
0.0628198
0.0628298
0.0628399
0.0628498
0.0628598
0.0628698
0.0628797
0.0628896
0.0628995
0.0629094
0.0629192
0.0629291
0.0629389
0.0629487
0.0629585
0.0629684
0.0629783
0.0629883
0.0629985
0.0630086
0.0630189
0.063029
0.0630394
0.0630497
0.0630594
0.0630697
0.0630819
0.0596282
0.0602872
0.0607718
0.0607738
0.0612644
0.0616918
0.0618008
0.0618728
0.0619509
0.0619611
0.0619257
0.061886
0.0618498
0.0618156
0.061785
0.0617596
0.0617394
0.0617238
0.0617124
0.0617045
0.0616996
0.0616973
0.0616972
0.061699
0.0617022
0.0617068
0.0617124
0.061719
0.0617263
0.0617342
0.0617427
0.0617516
0.0617608
0.0617704
0.0617802
0.0617902
0.0618004
0.0618107
0.0618212
0.0618317
0.0618423
0.061853
0.0618638
0.0618746
0.0618854
0.0618963
0.0619072
0.0619181
0.061929
0.0619399
0.0619508
0.0619618
0.0619727
0.0619837
0.0619946
0.0620056
0.0620165
0.0620274
0.0620384
0.0620493
0.0620602
0.0620712
0.0620821
0.062093
0.0621039
0.0621148
0.0621257
0.0621366
0.0621474
0.0621583
0.0621691
0.06218
0.0621908
0.0622017
0.0622125
0.0622233
0.0622341
0.0622449
0.0622557
0.0622665
0.0622772
0.062288
0.0622987
0.0623094
0.0623202
0.0623309
0.0623416
0.0623523
0.062363
0.0623736
0.0623843
0.0623949
0.0624056
0.0624162
0.0624268
0.0624374
0.062448
0.0624585
0.0624691
0.0624797
0.0624902
0.0625007
0.0625112
0.0625217
0.0625322
0.0625427
0.0625531
0.0625636
0.062574
0.0625844
0.0625948
0.0626052
0.0626156
0.062626
0.0626363
0.0626466
0.0626569
0.0626672
0.0626775
0.0626878
0.0626981
0.0627083
0.0627185
0.0627287
0.0627389
0.0627491
0.0627592
0.0627694
0.0627795
0.0627896
0.0627997
0.0628098
0.0628198
0.0628298
0.0628399
0.0628499
0.0628598
0.0628698
0.0628797
0.0628896
0.0628995
0.0629094
0.0629193
0.0629291
0.0629389
0.0629488
0.0629586
0.0629685
0.0629784
0.0629885
0.0629986
0.0630087
0.063019
0.0630291
0.0630395
0.0630496
0.0630597
0.0630697
0.0630801
0.0596286
0.0602499
0.0606852
0.0606463
0.0611129
0.0615345
0.0616539
0.0617457
0.0618458
0.0618768
0.0618592
0.0618339
0.0618091
0.0617836
0.0617597
0.0617395
0.0617233
0.0617109
0.0617019
0.0616959
0.0616926
0.0616916
0.0616925
0.0616951
0.061699
0.0617041
0.0617102
0.0617172
0.0617248
0.0617329
0.0617416
0.0617507
0.0617601
0.0617697
0.0617796
0.0617897
0.0618
0.0618104
0.0618209
0.0618315
0.0618421
0.0618529
0.0618636
0.0618745
0.0618853
0.0618962
0.0619071
0.061918
0.0619289
0.0619399
0.0619508
0.0619617
0.0619727
0.0619836
0.0619946
0.0620055
0.0620165
0.0620274
0.0620384
0.0620493
0.0620602
0.0620712
0.0620821
0.062093
0.0621039
0.0621148
0.0621257
0.0621366
0.0621474
0.0621583
0.0621691
0.06218
0.0621908
0.0622017
0.0622125
0.0622233
0.0622341
0.0622449
0.0622557
0.0622665
0.0622772
0.062288
0.0622987
0.0623094
0.0623202
0.0623309
0.0623416
0.0623523
0.062363
0.0623736
0.0623843
0.0623949
0.0624056
0.0624162
0.0624268
0.0624374
0.062448
0.0624586
0.0624691
0.0624797
0.0624902
0.0625007
0.0625112
0.0625217
0.0625322
0.0625427
0.0625531
0.0625636
0.062574
0.0625844
0.0625948
0.0626052
0.0626156
0.062626
0.0626363
0.0626466
0.0626569
0.0626672
0.0626775
0.0626878
0.0626981
0.0627083
0.0627185
0.0627287
0.0627389
0.0627491
0.0627592
0.0627694
0.0627795
0.0627896
0.0627997
0.0628098
0.0628198
0.0628299
0.0628399
0.0628499
0.0628598
0.0628698
0.0628797
0.0628897
0.0628996
0.0629094
0.0629193
0.0629292
0.062939
0.0629489
0.0629587
0.0629686
0.0629786
0.0629886
0.0629987
0.0630088
0.0630191
0.0630292
0.0630395
0.0630497
0.0630597
0.0630699
0.0630795
0.0630905
0.0596288
0.0602208
0.0606157
0.0605421
0.0609856
0.0613986
0.0615235
0.0616298
0.0617477
0.0617964
0.0617947
0.0617826
0.0617683
0.0617513
0.061734
0.0617189
0.0617068
0.0616975
0.061691
0.0616871
0.0616854
0.0616857
0.0616876
0.061691
0.0616957
0.0617014
0.0617079
0.0617152
0.0617232
0.0617316
0.0617405
0.0617497
0.0617593
0.0617691
0.0617791
0.0617893
0.0617996
0.0618101
0.0618206
0.0618312
0.0618419
0.0618527
0.0618635
0.0618743
0.0618852
0.0618961
0.061907
0.0619179
0.0619289
0.0619398
0.0619508
0.0619617
0.0619727
0.0619836
0.0619946
0.0620055
0.0620165
0.0620274
0.0620384
0.0620493
0.0620602
0.0620711
0.0620821
0.062093
0.0621039
0.0621148
0.0621257
0.0621366
0.0621474
0.0621583
0.0621691
0.06218
0.0621908
0.0622017
0.0622125
0.0622233
0.0622341
0.0622449
0.0622557
0.0622665
0.0622772
0.062288
0.0622987
0.0623095
0.0623202
0.0623309
0.0623416
0.0623523
0.062363
0.0623736
0.0623843
0.0623949
0.0624056
0.0624162
0.0624268
0.0624374
0.062448
0.0624586
0.0624691
0.0624797
0.0624902
0.0625007
0.0625112
0.0625217
0.0625322
0.0625427
0.0625531
0.0625636
0.062574
0.0625844
0.0625948
0.0626052
0.0626156
0.062626
0.0626363
0.0626466
0.062657
0.0626673
0.0626775
0.0626878
0.0626981
0.0627083
0.0627185
0.0627287
0.0627389
0.0627491
0.0627592
0.0627694
0.0627795
0.0627896
0.0627997
0.0628098
0.0628198
0.0628299
0.0628399
0.0628499
0.0628599
0.0628698
0.0628798
0.0628897
0.0628996
0.0629095
0.0629194
0.0629292
0.0629391
0.062949
0.0629588
0.0629688
0.0629787
0.0629887
0.0629989
0.063009
0.0630192
0.0630293
0.0630396
0.0630497
0.0630598
0.0630699
0.0630799
0.06309
0.0631012
0.0596289
0.0601979
0.0605598
0.0604562
0.0608782
0.0612807
0.0614076
0.0615244
0.0616565
0.0617201
0.0617323
0.0617323
0.061728
0.0617189
0.061708
0.061698
0.0616899
0.0616838
0.0616799
0.0616779
0.0616779
0.0616795
0.0616825
0.0616868
0.0616922
0.0616985
0.0617055
0.0617132
0.0617215
0.0617302
0.0617393
0.0617488
0.0617585
0.0617684
0.0617785
0.0617888
0.0617992
0.0618097
0.0618203
0.061831
0.0618417
0.0618525
0.0618634
0.0618742
0.0618851
0.061896
0.0619069
0.0619179
0.0619288
0.0619398
0.0619507
0.0619617
0.0619726
0.0619836
0.0619945
0.0620055
0.0620165
0.0620274
0.0620383
0.0620493
0.0620602
0.0620711
0.0620821
0.062093
0.0621039
0.0621148
0.0621257
0.0621365
0.0621474
0.0621583
0.0621691
0.06218
0.0621908
0.0622017
0.0622125
0.0622233
0.0622341
0.0622449
0.0622557
0.0622665
0.0622772
0.062288
0.0622987
0.0623095
0.0623202
0.0623309
0.0623416
0.0623523
0.062363
0.0623736
0.0623843
0.0623949
0.0624056
0.0624162
0.0624268
0.0624374
0.062448
0.0624586
0.0624691
0.0624797
0.0624902
0.0625007
0.0625112
0.0625217
0.0625322
0.0625427
0.0625531
0.0625636
0.062574
0.0625844
0.0625948
0.0626052
0.0626156
0.062626
0.0626363
0.0626466
0.062657
0.0626673
0.0626775
0.0626878
0.0626981
0.0627083
0.0627185
0.0627287
0.0627389
0.0627491
0.0627592
0.0627694
0.0627795
0.0627896
0.0627997
0.0628098
0.0628198
0.0628299
0.0628399
0.0628499
0.0628599
0.0628698
0.0628798
0.0628897
0.0628996
0.0629095
0.0629194
0.0629293
0.0629391
0.062949
0.0629589
0.0629689
0.0629788
0.0629889
0.062999
0.0630091
0.0630193
0.0630294
0.0630396
0.0630498
0.0630599
0.06307
0.06308
0.0630902
0.0631003
0.063112
0.0596288
0.0601796
0.0605144
0.0603851
0.0607871
0.0611783
0.0613043
0.0614285
0.0615718
0.061648
0.0616725
0.0616833
0.0616882
0.0616867
0.061682
0.0616769
0.0616727
0.0616698
0.0616684
0.0616686
0.0616702
0.0616731
0.0616773
0.0616825
0.0616886
0.0616955
0.061703
0.0617112
0.0617198
0.0617288
0.0617381
0.0617478
0.0617576
0.0617677
0.0617779
0.0617883
0.0617988
0.0618094
0.06182
0.0618307
0.0618415
0.0618523
0.0618632
0.0618741
0.061885
0.0618959
0.0619068
0.0619178
0.0619287
0.0619397
0.0619507
0.0619616
0.0619726
0.0619836
0.0619945
0.0620055
0.0620164
0.0620274
0.0620383
0.0620493
0.0620602
0.0620711
0.0620821
0.062093
0.0621039
0.0621148
0.0621257
0.0621365
0.0621474
0.0621583
0.0621691
0.06218
0.0621908
0.0622017
0.0622125
0.0622233
0.0622341
0.0622449
0.0622557
0.0622665
0.0622772
0.062288
0.0622987
0.0623095
0.0623202
0.0623309
0.0623416
0.0623523
0.062363
0.0623736
0.0623843
0.0623949
0.0624056
0.0624162
0.0624268
0.0624374
0.062448
0.0624586
0.0624691
0.0624797
0.0624902
0.0625007
0.0625112
0.0625217
0.0625322
0.0625427
0.0625532
0.0625636
0.062574
0.0625844
0.0625948
0.0626052
0.0626156
0.062626
0.0626363
0.0626466
0.062657
0.0626673
0.0626775
0.0626878
0.0626981
0.0627083
0.0627185
0.0627287
0.0627389
0.0627491
0.0627593
0.0627694
0.0627795
0.0627896
0.0627997
0.0628098
0.0628198
0.0628299
0.0628399
0.0628499
0.0628599
0.0628698
0.0628798
0.0628897
0.0628996
0.0629095
0.0629194
0.0629293
0.0629392
0.0629491
0.062959
0.062969
0.062979
0.062989
0.0629991
0.0630092
0.0630194
0.0630295
0.0630397
0.0630499
0.0630599
0.0630701
0.06308
0.0630904
0.0631004
0.0631103
0.0596287
0.060165
0.0604774
0.0603259
0.0607095
0.0610889
0.0612123
0.0613412
0.0614933
0.06158
0.0616152
0.0616358
0.0616492
0.0616549
0.061656
0.0616557
0.0616554
0.0616557
0.0616568
0.061659
0.0616623
0.0616666
0.0616719
0.061678
0.0616849
0.0616924
0.0617005
0.061709
0.061718
0.0617273
0.0617369
0.0617467
0.0617568
0.061767
0.0617773
0.0617878
0.0617984
0.061809
0.0618197
0.0618305
0.0618413
0.0618522
0.061863
0.0618739
0.0618849
0.0618958
0.0619068
0.0619177
0.0619287
0.0619397
0.0619506
0.0619616
0.0619726
0.0619835
0.0619945
0.0620055
0.0620164
0.0620274
0.0620383
0.0620493
0.0620602
0.0620711
0.062082
0.062093
0.0621039
0.0621148
0.0621257
0.0621365
0.0621474
0.0621583
0.0621691
0.06218
0.0621908
0.0622017
0.0622125
0.0622233
0.0622341
0.0622449
0.0622557
0.0622665
0.0622772
0.062288
0.0622987
0.0623095
0.0623202
0.0623309
0.0623416
0.0623523
0.062363
0.0623736
0.0623843
0.0623949
0.0624056
0.0624162
0.0624268
0.0624374
0.062448
0.0624586
0.0624691
0.0624797
0.0624902
0.0625007
0.0625112
0.0625217
0.0625322
0.0625427
0.0625532
0.0625636
0.062574
0.0625844
0.0625948
0.0626052
0.0626156
0.062626
0.0626363
0.0626466
0.062657
0.0626673
0.0626775
0.0626878
0.0626981
0.0627083
0.0627185
0.0627287
0.0627389
0.0627491
0.0627593
0.0627694
0.0627795
0.0627896
0.0627997
0.0628098
0.0628198
0.0628299
0.0628399
0.0628499
0.0628599
0.0628699
0.0628798
0.0628897
0.0628997
0.0629096
0.0629195
0.0629294
0.0629393
0.0629492
0.0629591
0.0629691
0.0629791
0.0629891
0.0629992
0.0630093
0.0630195
0.0630296
0.0630398
0.0630499
0.06306
0.0630702
0.0630801
0.0630904
0.0631005
0.0631097
0.0631209
0.0596286
0.0601532
0.0604469
0.0602763
0.0606431
0.0610108
0.0611303
0.0612619
0.0614206
0.061516
0.0615605
0.06159
0.0616112
0.0616235
0.0616302
0.0616346
0.061638
0.0616414
0.0616451
0.0616493
0.0616543
0.06166
0.0616664
0.0616735
0.0616811
0.0616893
0.0616979
0.0617069
0.0617162
0.0617258
0.0617356
0.0617457
0.0617559
0.0617662
0.0617767
0.0617873
0.0617979
0.0618086
0.0618194
0.0618302
0.0618411
0.061852
0.0618629
0.0618738
0.0618848
0.0618957
0.0619067
0.0619177
0.0619286
0.0619396
0.0619506
0.0619616
0.0619725
0.0619835
0.0619945
0.0620054
0.0620164
0.0620274
0.0620383
0.0620492
0.0620602
0.0620711
0.062082
0.062093
0.0621039
0.0621148
0.0621257
0.0621365
0.0621474
0.0621583
0.0621691
0.06218
0.0621908
0.0622017
0.0622125
0.0622233
0.0622341
0.0622449
0.0622557
0.0622665
0.0622772
0.062288
0.0622987
0.0623095
0.0623202
0.0623309
0.0623416
0.0623523
0.062363
0.0623736
0.0623843
0.0623949
0.0624056
0.0624162
0.0624268
0.0624374
0.062448
0.0624586
0.0624691
0.0624797
0.0624902
0.0625007
0.0625112
0.0625217
0.0625322
0.0625427
0.0625532
0.0625636
0.062574
0.0625845
0.0625949
0.0626052
0.0626156
0.062626
0.0626363
0.0626467
0.062657
0.0626673
0.0626776
0.0626878
0.0626981
0.0627083
0.0627185
0.0627287
0.0627389
0.0627491
0.0627593
0.0627694
0.0627795
0.0627896
0.0627997
0.0628098
0.0628199
0.0628299
0.0628399
0.0628499
0.0628599
0.0628699
0.0628798
0.0628898
0.0628997
0.0629096
0.0629195
0.0629294
0.0629393
0.0629492
0.0629592
0.0629691
0.0629792
0.0629892
0.0629993
0.0630094
0.0630196
0.0630297
0.0630398
0.06305
0.06306
0.0630702
0.0630802
0.0630904
0.0631005
0.0631101
0.0631202
0.0631321
0.0596284
0.0601436
0.0604217
0.0602344
0.060586
0.0609423
0.0610569
0.0611897
0.0613535
0.0614561
0.0615086
0.0615459
0.0615742
0.0615928
0.0616048
0.0616136
0.0616207
0.0616271
0.0616332
0.0616396
0.0616462
0.0616533
0.0616609
0.0616689
0.0616773
0.0616861
0.0616952
0.0617046
0.0617143
0.0617242
0.0617343
0.0617446
0.061755
0.0617655
0.0617761
0.0617867
0.0617975
0.0618083
0.0618191
0.06183
0.0618409
0.0618518
0.0618627
0.0618737
0.0618846
0.0618956
0.0619066
0.0619176
0.0619286
0.0619396
0.0619505
0.0619615
0.0619725
0.0619835
0.0619945
0.0620054
0.0620164
0.0620273
0.0620383
0.0620492
0.0620602
0.0620711
0.062082
0.0620929
0.0621039
0.0621148
0.0621257
0.0621365
0.0621474
0.0621583
0.0621691
0.06218
0.0621908
0.0622017
0.0622125
0.0622233
0.0622341
0.0622449
0.0622557
0.0622665
0.0622772
0.062288
0.0622987
0.0623095
0.0623202
0.0623309
0.0623416
0.0623523
0.062363
0.0623736
0.0623843
0.0623949
0.0624056
0.0624162
0.0624268
0.0624374
0.062448
0.0624586
0.0624691
0.0624797
0.0624902
0.0625007
0.0625113
0.0625217
0.0625322
0.0625427
0.0625532
0.0625636
0.062574
0.0625845
0.0625949
0.0626052
0.0626156
0.062626
0.0626363
0.0626467
0.062657
0.0626673
0.0626776
0.0626878
0.0626981
0.0627083
0.0627185
0.0627287
0.0627389
0.0627491
0.0627593
0.0627694
0.0627795
0.0627896
0.0627997
0.0628098
0.0628199
0.0628299
0.0628399
0.0628499
0.0628599
0.0628699
0.0628798
0.0628898
0.0628997
0.0629096
0.0629195
0.0629295
0.0629394
0.0629493
0.0629592
0.0629692
0.0629792
0.0629893
0.0629994
0.0630095
0.0630196
0.0630298
0.0630399
0.0630501
0.0630601
0.0630703
0.0630803
0.0630905
0.0631005
0.0631103
0.0631202
0.0631305
0.0596282
0.0601357
0.0604007
0.060199
0.0605367
0.060882
0.0609913
0.0611241
0.0612915
0.0614
0.0614594
0.0615036
0.0615385
0.0615628
0.0615798
0.0615928
0.0616035
0.0616128
0.0616214
0.0616297
0.0616381
0.0616465
0.0616552
0.0616642
0.0616734
0.0616828
0.0616925
0.0617024
0.0617124
0.0617227
0.061733
0.0617435
0.061754
0.0617647
0.0617754
0.0617862
0.061797
0.0618079
0.0618188
0.0618297
0.0618406
0.0618516
0.0618626
0.0618735
0.0618845
0.0618955
0.0619065
0.0619175
0.0619285
0.0619395
0.0619505
0.0619615
0.0619725
0.0619835
0.0619944
0.0620054
0.0620164
0.0620273
0.0620383
0.0620492
0.0620602
0.0620711
0.062082
0.0620929
0.0621039
0.0621148
0.0621256
0.0621365
0.0621474
0.0621583
0.0621691
0.06218
0.0621908
0.0622017
0.0622125
0.0622233
0.0622341
0.0622449
0.0622557
0.0622665
0.0622772
0.062288
0.0622987
0.0623095
0.0623202
0.0623309
0.0623416
0.0623523
0.062363
0.0623736
0.0623843
0.0623949
0.0624056
0.0624162
0.0624268
0.0624374
0.062448
0.0624586
0.0624691
0.0624797
0.0624902
0.0625007
0.0625113
0.0625218
0.0625322
0.0625427
0.0625532
0.0625636
0.062574
0.0625845
0.0625949
0.0626052
0.0626156
0.062626
0.0626363
0.0626467
0.062657
0.0626673
0.0626776
0.0626878
0.0626981
0.0627083
0.0627185
0.0627288
0.0627389
0.0627491
0.0627593
0.0627694
0.0627795
0.0627896
0.0627997
0.0628098
0.0628199
0.0628299
0.0628399
0.0628499
0.0628599
0.0628699
0.0628799
0.0628898
0.0628997
0.0629097
0.0629196
0.0629295
0.0629394
0.0629494
0.0629593
0.0629693
0.0629793
0.0629894
0.0629995
0.0630096
0.0630197
0.0630298
0.06304
0.0630501
0.0630602
0.0630703
0.0630803
0.0630905
0.0631005
0.0631104
0.0631204
0.0631298
0.0631407
0.059628
0.0601292
0.0603831
0.0601688
0.060494
0.0608289
0.0609325
0.0610645
0.0612343
0.0613475
0.0614128
0.0614633
0.061504
0.0615336
0.0615553
0.0615723
0.0615864
0.0615986
0.0616096
0.0616199
0.0616299
0.0616398
0.0616496
0.0616595
0.0616695
0.0616796
0.0616898
0.0617001
0.0617105
0.0617211
0.0617317
0.0617424
0.0617531
0.0617639
0.0617748
0.0617856
0.0617965
0.0618075
0.0618184
0.0618294
0.0618404
0.0618514
0.0618624
0.0618734
0.0618844
0.0618954
0.0619064
0.0619174
0.0619284
0.0619394
0.0619504
0.0619614
0.0619724
0.0619834
0.0619944
0.0620054
0.0620163
0.0620273
0.0620383
0.0620492
0.0620602
0.0620711
0.062082
0.0620929
0.0621038
0.0621147
0.0621256
0.0621365
0.0621474
0.0621583
0.0621691
0.06218
0.0621908
0.0622017
0.0622125
0.0622233
0.0622341
0.0622449
0.0622557
0.0622665
0.0622772
0.062288
0.0622987
0.0623095
0.0623202
0.0623309
0.0623416
0.0623523
0.062363
0.0623736
0.0623843
0.0623949
0.0624056
0.0624162
0.0624268
0.0624374
0.062448
0.0624586
0.0624691
0.0624797
0.0624902
0.0625007
0.0625113
0.0625218
0.0625322
0.0625427
0.0625532
0.0625636
0.062574
0.0625845
0.0625949
0.0626053
0.0626156
0.062626
0.0626363
0.0626467
0.062657
0.0626673
0.0626776
0.0626878
0.0626981
0.0627083
0.0627186
0.0627288
0.0627389
0.0627491
0.0627593
0.0627694
0.0627795
0.0627897
0.0627997
0.0628098
0.0628199
0.0628299
0.0628399
0.0628499
0.0628599
0.0628699
0.0628799
0.0628898
0.0628998
0.0629097
0.0629196
0.0629295
0.0629395
0.0629494
0.0629594
0.0629694
0.0629794
0.0629894
0.0629995
0.0630096
0.0630198
0.0630299
0.06304
0.0630502
0.0630602
0.0630704
0.0630804
0.0630905
0.0631005
0.0631105
0.0631204
0.0631302
0.0631402
0.0631512
0.0596278
0.0601237
0.0603683
0.0601429
0.0604568
0.060782
0.0608797
0.0610102
0.0611816
0.0612986
0.0613689
0.0614248
0.0614708
0.0615054
0.0615315
0.0615523
0.0615696
0.0615846
0.0615979
0.0616102
0.0616218
0.061633
0.0616439
0.0616548
0.0616655
0.0616763
0.061687
0.0616978
0.0617086
0.0617195
0.0617303
0.0617412
0.0617522
0.0617631
0.0617741
0.0617851
0.0617961
0.0618071
0.0618181
0.0618291
0.0618402
0.0618512
0.0618622
0.0618733
0.0618843
0.0618953
0.0619063
0.0619174
0.0619284
0.0619394
0.0619504
0.0619614
0.0619724
0.0619834
0.0619944
0.0620054
0.0620163
0.0620273
0.0620383
0.0620492
0.0620601
0.0620711
0.062082
0.0620929
0.0621038
0.0621147
0.0621256
0.0621365
0.0621474
0.0621583
0.0621691
0.06218
0.0621908
0.0622017
0.0622125
0.0622233
0.0622341
0.0622449
0.0622557
0.0622665
0.0622772
0.062288
0.0622987
0.0623095
0.0623202
0.0623309
0.0623416
0.0623523
0.062363
0.0623736
0.0623843
0.0623949
0.0624056
0.0624162
0.0624268
0.0624374
0.062448
0.0624586
0.0624691
0.0624797
0.0624902
0.0625007
0.0625113
0.0625218
0.0625322
0.0625427
0.0625532
0.0625636
0.062574
0.0625845
0.0625949
0.0626053
0.0626156
0.062626
0.0626363
0.0626467
0.062657
0.0626673
0.0626776
0.0626878
0.0626981
0.0627083
0.0627186
0.0627288
0.062739
0.0627491
0.0627593
0.0627694
0.0627796
0.0627897
0.0627998
0.0628098
0.0628199
0.0628299
0.0628399
0.06285
0.0628599
0.0628699
0.0628799
0.0628898
0.0628998
0.0629097
0.0629196
0.0629296
0.0629395
0.0629495
0.0629594
0.0629694
0.0629795
0.0629895
0.0629996
0.0630097
0.0630198
0.06303
0.0630401
0.0630502
0.0630603
0.0630704
0.0630805
0.0630906
0.0631006
0.0631105
0.0631205
0.0631303
0.0631405
0.0631503
0.0631618
0.0596276
0.0601191
0.0603558
0.0601207
0.0604244
0.0607404
0.0608324
0.0609608
0.0611331
0.061253
0.0613276
0.0613883
0.0614391
0.0614781
0.0615083
0.0615327
0.0615532
0.0615708
0.0615863
0.0616005
0.0616137
0.0616262
0.0616383
0.0616501
0.0616616
0.061673
0.0616843
0.0616955
0.0617067
0.0617179
0.061729
0.0617401
0.0617512
0.0617623
0.0617734
0.0617845
0.0617956
0.0618067
0.0618178
0.0618289
0.0618399
0.061851
0.0618621
0.0618731
0.0618842
0.0618952
0.0619063
0.0619173
0.0619283
0.0619393
0.0619504
0.0619614
0.0619724
0.0619834
0.0619944
0.0620053
0.0620163
0.0620273
0.0620382
0.0620492
0.0620601
0.0620711
0.062082
0.0620929
0.0621038
0.0621147
0.0621256
0.0621365
0.0621474
0.0621583
0.0621691
0.06218
0.0621908
0.0622017
0.0622125
0.0622233
0.0622341
0.0622449
0.0622557
0.0622665
0.0622772
0.062288
0.0622987
0.0623095
0.0623202
0.0623309
0.0623416
0.0623523
0.062363
0.0623736
0.0623843
0.062395
0.0624056
0.0624162
0.0624268
0.0624374
0.062448
0.0624586
0.0624691
0.0624797
0.0624902
0.0625008
0.0625113
0.0625218
0.0625322
0.0625427
0.0625532
0.0625636
0.0625741
0.0625845
0.0625949
0.0626053
0.0626156
0.062626
0.0626363
0.0626467
0.062657
0.0626673
0.0626776
0.0626878
0.0626981
0.0627083
0.0627186
0.0627288
0.062739
0.0627491
0.0627593
0.0627694
0.0627796
0.0627897
0.0627998
0.0628098
0.0628199
0.0628299
0.06284
0.06285
0.06286
0.0628699
0.0628799
0.0628898
0.0628998
0.0629097
0.0629197
0.0629296
0.0629395
0.0629495
0.0629595
0.0629695
0.0629795
0.0629896
0.0629997
0.0630098
0.0630199
0.06303
0.0630402
0.0630503
0.0630604
0.0630705
0.0630805
0.0630906
0.0631006
0.0631105
0.0631206
0.0631303
0.0631406
0.0631504
0.0631603
0.0596274
0.0601153
0.060345
0.0601015
0.060396
0.0607035
0.0607898
0.0609159
0.0610884
0.0612106
0.0612888
0.0613536
0.0614088
0.0614519
0.0614859
0.0615137
0.0615371
0.0615572
0.0615749
0.061591
0.0616057
0.0616195
0.0616327
0.0616454
0.0616577
0.0616697
0.0616816
0.0616932
0.0617048
0.0617163
0.0617277
0.061739
0.0617503
0.0617616
0.0617728
0.061784
0.0617952
0.0618063
0.0618175
0.0618286
0.0618397
0.0618508
0.0618619
0.061873
0.061884
0.0618951
0.0619062
0.0619172
0.0619283
0.0619393
0.0619503
0.0619613
0.0619723
0.0619833
0.0619943
0.0620053
0.0620163
0.0620273
0.0620382
0.0620492
0.0620601
0.0620711
0.062082
0.0620929
0.0621038
0.0621147
0.0621256
0.0621365
0.0621474
0.0621583
0.0621691
0.06218
0.0621908
0.0622017
0.0622125
0.0622233
0.0622341
0.0622449
0.0622557
0.0622665
0.0622772
0.062288
0.0622987
0.0623095
0.0623202
0.0623309
0.0623416
0.0623523
0.062363
0.0623736
0.0623843
0.062395
0.0624056
0.0624162
0.0624268
0.0624374
0.062448
0.0624586
0.0624691
0.0624797
0.0624902
0.0625008
0.0625113
0.0625218
0.0625322
0.0625427
0.0625532
0.0625636
0.0625741
0.0625845
0.0625949
0.0626053
0.0626156
0.062626
0.0626363
0.0626467
0.062657
0.0626673
0.0626776
0.0626878
0.0626981
0.0627083
0.0627186
0.0627288
0.062739
0.0627491
0.0627593
0.0627694
0.0627796
0.0627897
0.0627998
0.0628098
0.0628199
0.0628299
0.06284
0.06285
0.06286
0.0628699
0.0628799
0.0628899
0.0628998
0.0629097
0.0629197
0.0629296
0.0629396
0.0629495
0.0629595
0.0629695
0.0629796
0.0629896
0.0629997
0.0630098
0.06302
0.0630301
0.0630402
0.0630503
0.0630604
0.0630705
0.0630806
0.0630906
0.0631007
0.0631106
0.0631207
0.0631304
0.0631406
0.0631505
0.0631596
0.0631705
0.0596272
0.060112
0.0603359
0.0600849
0.060371
0.0606706
0.0607515
0.0608749
0.0610473
0.0611712
0.0612524
0.0613209
0.0613799
0.0614268
0.0614642
0.0614952
0.0615214
0.061544
0.0615638
0.0615816
0.0615978
0.0616129
0.0616272
0.0616408
0.0616538
0.0616665
0.0616789
0.061691
0.0617029
0.0617147
0.0617263
0.0617379
0.0617494
0.0617608
0.0617721
0.0617834
0.0617947
0.0618059
0.0618171
0.0618283
0.0618395
0.0618506
0.0618617
0.0618728
0.0618839
0.061895
0.0619061
0.0619171
0.0619282
0.0619392
0.0619503
0.0619613
0.0619723
0.0619833
0.0619943
0.0620053
0.0620163
0.0620273
0.0620382
0.0620492
0.0620601
0.0620711
0.062082
0.0620929
0.0621038
0.0621147
0.0621256
0.0621365
0.0621474
0.0621583
0.0621691
0.06218
0.0621908
0.0622017
0.0622125
0.0622233
0.0622341
0.0622449
0.0622557
0.0622665
0.0622772
0.062288
0.0622987
0.0623095
0.0623202
0.0623309
0.0623416
0.0623523
0.062363
0.0623737
0.0623843
0.062395
0.0624056
0.0624162
0.0624268
0.0624374
0.062448
0.0624586
0.0624691
0.0624797
0.0624902
0.0625008
0.0625113
0.0625218
0.0625323
0.0625427
0.0625532
0.0625636
0.0625741
0.0625845
0.0625949
0.0626053
0.0626156
0.062626
0.0626363
0.0626467
0.062657
0.0626673
0.0626776
0.0626879
0.0626981
0.0627083
0.0627186
0.0627288
0.062739
0.0627491
0.0627593
0.0627694
0.0627796
0.0627897
0.0627998
0.0628098
0.0628199
0.0628299
0.06284
0.06285
0.06286
0.06287
0.0628799
0.0628899
0.0628998
0.0629098
0.0629197
0.0629296
0.0629396
0.0629496
0.0629595
0.0629696
0.0629796
0.0629897
0.0629998
0.0630099
0.06302
0.0630302
0.0630403
0.0630504
0.0630605
0.0630706
0.0630806
0.0630907
0.0631007
0.0631107
0.0631207
0.0631305
0.0631407
0.0631505
0.0631601
0.06317
0.063181
0.0596271
0.0601091
0.060328
0.0600704
0.060349
0.0606413
0.0607169
0.0608377
0.0610095
0.0611346
0.0612183
0.06129
0.0613524
0.0614028
0.0614434
0.0614774
0.0615062
0.0615311
0.0615529
0.0615724
0.0615901
0.0616065
0.0616217
0.0616362
0.06165
0.0616633
0.0616762
0.0616887
0.061701
0.0617131
0.061725
0.0617368
0.0617484
0.06176
0.0617715
0.0617829
0.0617942
0.0618055
0.0618168
0.061828
0.0618392
0.0618504
0.0618616
0.0618727
0.0618838
0.0618949
0.061906
0.0619171
0.0619281
0.0619392
0.0619502
0.0619613
0.0619723
0.0619833
0.0619943
0.0620053
0.0620163
0.0620272
0.0620382
0.0620492
0.0620601
0.0620711
0.062082
0.0620929
0.0621038
0.0621147
0.0621256
0.0621365
0.0621474
0.0621583
0.0621691
0.06218
0.0621908
0.0622017
0.0622125
0.0622233
0.0622341
0.0622449
0.0622557
0.0622665
0.0622772
0.062288
0.0622987
0.0623095
0.0623202
0.0623309
0.0623416
0.0623523
0.062363
0.0623737
0.0623843
0.062395
0.0624056
0.0624162
0.0624268
0.0624374
0.062448
0.0624586
0.0624692
0.0624797
0.0624902
0.0625008
0.0625113
0.0625218
0.0625323
0.0625427
0.0625532
0.0625636
0.0625741
0.0625845
0.0625949
0.0626053
0.0626156
0.062626
0.0626364
0.0626467
0.062657
0.0626673
0.0626776
0.0626879
0.0626981
0.0627084
0.0627186
0.0627288
0.062739
0.0627492
0.0627593
0.0627695
0.0627796
0.0627897
0.0627998
0.0628099
0.0628199
0.06283
0.06284
0.06285
0.06286
0.06287
0.0628799
0.0628899
0.0628998
0.0629098
0.0629197
0.0629297
0.0629396
0.0629496
0.0629596
0.0629696
0.0629796
0.0629897
0.0629998
0.06301
0.0630201
0.0630302
0.0630403
0.0630505
0.0630605
0.0630706
0.0630807
0.0630907
0.0631008
0.0631107
0.0631208
0.0631306
0.0631407
0.0631506
0.0631602
0.0631702
0.0631801
0.0631915
0.0596269
0.0601067
0.0603211
0.0600577
0.0603296
0.0606152
0.0606857
0.0608037
0.0609748
0.0611007
0.0611865
0.0612609
0.0613264
0.0613799
0.0614235
0.0614602
0.0614915
0.0615186
0.0615423
0.0615634
0.0615826
0.0616001
0.0616164
0.0616317
0.0616462
0.0616602
0.0616735
0.0616865
0.0616992
0.0617116
0.0617237
0.0617357
0.0617475
0.0617592
0.0617708
0.0617824
0.0617938
0.0618052
0.0618165
0.0618278
0.061839
0.0618502
0.0618614
0.0618726
0.0618837
0.0618948
0.0619059
0.061917
0.0619281
0.0619391
0.0619502
0.0619612
0.0619722
0.0619833
0.0619943
0.0620053
0.0620162
0.0620272
0.0620382
0.0620491
0.0620601
0.062071
0.062082
0.0620929
0.0621038
0.0621147
0.0621256
0.0621365
0.0621474
0.0621583
0.0621691
0.06218
0.0621908
0.0622017
0.0622125
0.0622233
0.0622341
0.0622449
0.0622557
0.0622665
0.0622772
0.062288
0.0622987
0.0623095
0.0623202
0.0623309
0.0623416
0.0623523
0.062363
0.0623737
0.0623843
0.062395
0.0624056
0.0624162
0.0624268
0.0624374
0.062448
0.0624586
0.0624692
0.0624797
0.0624902
0.0625008
0.0625113
0.0625218
0.0625323
0.0625427
0.0625532
0.0625636
0.0625741
0.0625845
0.0625949
0.0626053
0.0626157
0.062626
0.0626364
0.0626467
0.062657
0.0626673
0.0626776
0.0626879
0.0626981
0.0627084
0.0627186
0.0627288
0.062739
0.0627492
0.0627593
0.0627695
0.0627796
0.0627897
0.0627998
0.0628099
0.0628199
0.06283
0.06284
0.06285
0.06286
0.06287
0.0628799
0.0628899
0.0628999
0.0629098
0.0629197
0.0629297
0.0629396
0.0629496
0.0629596
0.0629696
0.0629797
0.0629898
0.0629999
0.06301
0.0630201
0.0630303
0.0630404
0.0630505
0.0630606
0.0630707
0.0630808
0.0630908
0.0631008
0.0631108
0.0631208
0.0631307
0.0631407
0.0631507
0.0631603
0.0631704
0.0631803
0.0631899
0.0596268
0.0601046
0.0603152
0.0600466
0.0603123
0.0605918
0.0606576
0.0607728
0.0609429
0.0610694
0.0611568
0.0612336
0.0613018
0.0613581
0.0614045
0.0614437
0.0614774
0.0615065
0.061532
0.0615547
0.0615752
0.0615939
0.0616112
0.0616273
0.0616426
0.0616571
0.061671
0.0616844
0.0616974
0.0617101
0.0617225
0.0617346
0.0617466
0.0617585
0.0617702
0.0617818
0.0617933
0.0618048
0.0618162
0.0618275
0.0618388
0.06185
0.0618613
0.0618724
0.0618836
0.0618947
0.0619058
0.0619169
0.061928
0.0619391
0.0619501
0.0619612
0.0619722
0.0619832
0.0619942
0.0620052
0.0620162
0.0620272
0.0620382
0.0620491
0.0620601
0.062071
0.062082
0.0620929
0.0621038
0.0621147
0.0621256
0.0621365
0.0621474
0.0621583
0.0621691
0.06218
0.0621908
0.0622017
0.0622125
0.0622233
0.0622341
0.0622449
0.0622557
0.0622665
0.0622772
0.062288
0.0622987
0.0623095
0.0623202
0.0623309
0.0623416
0.0623523
0.062363
0.0623737
0.0623843
0.062395
0.0624056
0.0624162
0.0624268
0.0624374
0.062448
0.0624586
0.0624692
0.0624797
0.0624902
0.0625008
0.0625113
0.0625218
0.0625323
0.0625427
0.0625532
0.0625636
0.0625741
0.0625845
0.0625949
0.0626053
0.0626157
0.062626
0.0626364
0.0626467
0.062657
0.0626673
0.0626776
0.0626879
0.0626981
0.0627084
0.0627186
0.0627288
0.062739
0.0627492
0.0627593
0.0627695
0.0627796
0.0627897
0.0627998
0.0628099
0.0628199
0.06283
0.06284
0.06285
0.06286
0.06287
0.06288
0.0628899
0.0628999
0.0629098
0.0629197
0.0629297
0.0629396
0.0629496
0.0629596
0.0629696
0.0629797
0.0629898
0.0629999
0.06301
0.0630202
0.0630303
0.0630404
0.0630506
0.0630607
0.0630708
0.0630808
0.0630909
0.0631009
0.0631108
0.0631209
0.0631308
0.0631407
0.0631507
0.0631604
0.0631704
0.0631803
0.0631893
0.0632002
0.0596266
0.0601028
0.06031
0.0600368
0.0602971
0.0605708
0.0606322
0.0607447
0.0609136
0.0610404
0.0611291
0.061208
0.0612786
0.0613375
0.0613864
0.061428
0.0614638
0.0614949
0.0615221
0.0615463
0.0615681
0.0615879
0.0616061
0.0616231
0.061639
0.0616541
0.0616684
0.0616823
0.0616956
0.0617086
0.0617212
0.0617336
0.0617458
0.0617578
0.0617696
0.0617813
0.0617929
0.0618044
0.0618159
0.0618273
0.0618386
0.0618499
0.0618611
0.0618723
0.0618835
0.0618946
0.0619058
0.0619169
0.061928
0.061939
0.0619501
0.0619611
0.0619722
0.0619832
0.0619942
0.0620052
0.0620162
0.0620272
0.0620382
0.0620491
0.0620601
0.062071
0.062082
0.0620929
0.0621038
0.0621147
0.0621256
0.0621365
0.0621474
0.0621583
0.0621691
0.06218
0.0621908
0.0622017
0.0622125
0.0622233
0.0622341
0.0622449
0.0622557
0.0622665
0.0622772
0.062288
0.0622987
0.0623095
0.0623202
0.0623309
0.0623416
0.0623523
0.062363
0.0623737
0.0623843
0.062395
0.0624056
0.0624162
0.0624268
0.0624374
0.062448
0.0624586
0.0624692
0.0624797
0.0624902
0.0625008
0.0625113
0.0625218
0.0625323
0.0625427
0.0625532
0.0625636
0.0625741
0.0625845
0.0625949
0.0626053
0.0626157
0.062626
0.0626364
0.0626467
0.062657
0.0626673
0.0626776
0.0626879
0.0626981
0.0627084
0.0627186
0.0627288
0.062739
0.0627492
0.0627593
0.0627695
0.0627796
0.0627897
0.0627998
0.0628099
0.0628199
0.06283
0.06284
0.06285
0.06286
0.06287
0.06288
0.0628899
0.0628999
0.0629098
0.0629198
0.0629297
0.0629397
0.0629496
0.0629596
0.0629697
0.0629797
0.0629898
0.0629999
0.0630101
0.0630202
0.0630304
0.0630405
0.0630506
0.0630607
0.0630708
0.0630809
0.0630909
0.0631009
0.0631109
0.0631209
0.0631308
0.0631408
0.0631508
0.0631605
0.0631704
0.0631803
0.0631897
0.0631995
0.0632112
0.0596265
0.0601012
0.0603055
0.0600282
0.0602834
0.060552
0.0606092
0.0607191
0.0608868
0.0610136
0.0611035
0.0611841
0.0612569
0.061318
0.0613692
0.061413
0.0614508
0.0614837
0.0615126
0.0615382
0.0615612
0.0615821
0.0616012
0.061619
0.0616355
0.0616512
0.061666
0.0616802
0.0616939
0.0617071
0.06172
0.0617326
0.0617449
0.0617571
0.061769
0.0617808
0.0617925
0.0618041
0.0618156
0.061827
0.0618384
0.0618497
0.061861
0.0618722
0.0618834
0.0618945
0.0619057
0.0619168
0.0619279
0.061939
0.0619501
0.0619611
0.0619722
0.0619832
0.0619942
0.0620052
0.0620162
0.0620272
0.0620382
0.0620491
0.0620601
0.062071
0.062082
0.0620929
0.0621038
0.0621147
0.0621256
0.0621365
0.0621474
0.0621583
0.0621691
0.06218
0.0621908
0.0622017
0.0622125
0.0622233
0.0622341
0.0622449
0.0622557
0.0622665
0.0622772
0.062288
0.0622987
0.0623095
0.0623202
0.0623309
0.0623416
0.0623523
0.062363
0.0623737
0.0623843
0.062395
0.0624056
0.0624162
0.0624268
0.0624374
0.062448
0.0624586
0.0624692
0.0624797
0.0624902
0.0625008
0.0625113
0.0625218
0.0625323
0.0625427
0.0625532
0.0625636
0.0625741
0.0625845
0.0625949
0.0626053
0.0626157
0.062626
0.0626364
0.0626467
0.062657
0.0626673
0.0626776
0.0626879
0.0626981
0.0627084
0.0627186
0.0627288
0.062739
0.0627492
0.0627593
0.0627695
0.0627796
0.0627897
0.0627998
0.0628099
0.0628199
0.06283
0.06284
0.06285
0.06286
0.06287
0.06288
0.0628899
0.0628999
0.0629098
0.0629198
0.0629297
0.0629397
0.0629496
0.0629596
0.0629697
0.0629797
0.0629898
0.063
0.0630101
0.0630203
0.0630304
0.0630405
0.0630507
0.0630608
0.0630709
0.0630809
0.063091
0.063101
0.063111
0.063121
0.0631309
0.0631408
0.0631508
0.0631605
0.0631705
0.0631803
0.06319
0.0631996
0.0632097
0.0596264
0.0600998
0.0603015
0.0600205
0.0602713
0.0605351
0.0605885
0.0606958
0.0608622
0.0609889
0.0610797
0.0611619
0.0612365
0.0612997
0.061353
0.0613988
0.0614385
0.0614731
0.0615035
0.0615305
0.0615546
0.0615765
0.0615965
0.061615
0.0616322
0.0616483
0.0616636
0.0616782
0.0616922
0.0617057
0.0617188
0.0617316
0.0617441
0.0617564
0.0617684
0.0617803
0.0617921
0.0618037
0.0618153
0.0618268
0.0618382
0.0618495
0.0618608
0.0618721
0.0618833
0.0618945
0.0619056
0.0619167
0.0619279
0.0619389
0.06195
0.0619611
0.0619721
0.0619832
0.0619942
0.0620052
0.0620162
0.0620272
0.0620381
0.0620491
0.0620601
0.062071
0.062082
0.0620929
0.0621038
0.0621147
0.0621256
0.0621365
0.0621474
0.0621583
0.0621691
0.06218
0.0621908
0.0622017
0.0622125
0.0622233
0.0622341
0.0622449
0.0622557
0.0622665
0.0622772
0.062288
0.0622987
0.0623095
0.0623202
0.0623309
0.0623416
0.0623523
0.062363
0.0623737
0.0623843
0.062395
0.0624056
0.0624162
0.0624268
0.0624374
0.062448
0.0624586
0.0624692
0.0624797
0.0624903
0.0625008
0.0625113
0.0625218
0.0625323
0.0625427
0.0625532
0.0625636
0.0625741
0.0625845
0.0625949
0.0626053
0.0626157
0.062626
0.0626364
0.0626467
0.062657
0.0626673
0.0626776
0.0626879
0.0626981
0.0627084
0.0627186
0.0627288
0.062739
0.0627492
0.0627593
0.0627695
0.0627796
0.0627897
0.0627998
0.0628099
0.06282
0.06283
0.06284
0.06285
0.06286
0.06287
0.06288
0.0628899
0.0628999
0.0629098
0.0629198
0.0629297
0.0629397
0.0629496
0.0629596
0.0629697
0.0629797
0.0629899
0.063
0.0630102
0.0630203
0.0630304
0.0630406
0.0630507
0.0630608
0.0630709
0.063081
0.063091
0.0631011
0.063111
0.063121
0.063131
0.0631409
0.0631508
0.0631606
0.0631705
0.0631803
0.06319
0.0631998
0.063209
0.0632196
0.0596263
0.0600986
0.060298
0.0600138
0.0602605
0.06052
0.0605697
0.0606746
0.0608397
0.0609663
0.0610577
0.0611412
0.0612175
0.0612826
0.0613377
0.0613854
0.0614268
0.061463
0.0614949
0.0615231
0.0615484
0.0615712
0.061592
0.0616112
0.061629
0.0616456
0.0616614
0.0616763
0.0616906
0.0617044
0.0617177
0.0617307
0.0617433
0.0617557
0.0617679
0.0617799
0.0617917
0.0618034
0.061815
0.0618265
0.061838
0.0618493
0.0618607
0.0618719
0.0618832
0.0618944
0.0619055
0.0619167
0.0619278
0.0619389
0.06195
0.0619611
0.0619721
0.0619831
0.0619942
0.0620052
0.0620162
0.0620272
0.0620381
0.0620491
0.0620601
0.062071
0.0620819
0.0620929
0.0621038
0.0621147
0.0621256
0.0621365
0.0621474
0.0621583
0.0621691
0.06218
0.0621908
0.0622017
0.0622125
0.0622233
0.0622341
0.0622449
0.0622557
0.0622665
0.0622772
0.062288
0.0622987
0.0623095
0.0623202
0.0623309
0.0623416
0.0623523
0.062363
0.0623737
0.0623843
0.062395
0.0624056
0.0624162
0.0624268
0.0624374
0.062448
0.0624586
0.0624692
0.0624797
0.0624903
0.0625008
0.0625113
0.0625218
0.0625323
0.0625427
0.0625532
0.0625637
0.0625741
0.0625845
0.0625949
0.0626053
0.0626157
0.062626
0.0626364
0.0626467
0.062657
0.0626673
0.0626776
0.0626879
0.0626981
0.0627084
0.0627186
0.0627288
0.062739
0.0627492
0.0627593
0.0627695
0.0627796
0.0627897
0.0627998
0.0628099
0.06282
0.06283
0.06284
0.0628501
0.06286
0.06287
0.06288
0.06289
0.0628999
0.0629098
0.0629198
0.0629297
0.0629397
0.0629496
0.0629596
0.0629697
0.0629797
0.0629899
0.063
0.0630102
0.0630203
0.0630305
0.0630406
0.0630508
0.0630609
0.063071
0.063081
0.0630911
0.0631011
0.0631111
0.0631211
0.063131
0.0631409
0.0631509
0.0631607
0.0631706
0.0631804
0.0631901
0.0631998
0.0632095
0.0632192
0.0632299
0.0596263
0.0600975
0.0602949
0.0600077
0.0602508
0.0605063
0.0605527
0.0606553
0.0608192
0.0609454
0.0610374
0.061122
0.0611998
0.0612665
0.0613234
0.0613728
0.0614158
0.0614535
0.0614867
0.0615161
0.0615424
0.0615661
0.0615877
0.0616075
0.0616259
0.0616431
0.0616592
0.0616745
0.0616891
0.0617031
0.0617166
0.0617298
0.0617426
0.0617551
0.0617673
0.0617794
0.0617913
0.0618031
0.0618148
0.0618263
0.0618378
0.0618492
0.0618605
0.0618718
0.0618831
0.0618943
0.0619055
0.0619166
0.0619278
0.0619389
0.06195
0.061961
0.0619721
0.0619831
0.0619941
0.0620052
0.0620162
0.0620271
0.0620381
0.0620491
0.0620601
0.062071
0.0620819
0.0620929
0.0621038
0.0621147
0.0621256
0.0621365
0.0621474
0.0621583
0.0621691
0.06218
0.0621908
0.0622017
0.0622125
0.0622233
0.0622341
0.0622449
0.0622557
0.0622665
0.0622772
0.062288
0.0622987
0.0623095
0.0623202
0.0623309
0.0623416
0.0623523
0.062363
0.0623737
0.0623843
0.062395
0.0624056
0.0624162
0.0624268
0.0624374
0.062448
0.0624586
0.0624692
0.0624797
0.0624903
0.0625008
0.0625113
0.0625218
0.0625323
0.0625428
0.0625532
0.0625637
0.0625741
0.0625845
0.0625949
0.0626053
0.0626157
0.062626
0.0626364
0.0626467
0.062657
0.0626673
0.0626776
0.0626879
0.0626981
0.0627084
0.0627186
0.0627288
0.062739
0.0627492
0.0627594
0.0627695
0.0627796
0.0627897
0.0627998
0.0628099
0.06282
0.06283
0.06284
0.0628501
0.0628601
0.06287
0.06288
0.06289
0.0628999
0.0629098
0.0629198
0.0629297
0.0629396
0.0629496
0.0629596
0.0629696
0.0629797
0.0629899
0.063
0.0630102
0.0630204
0.0630305
0.0630407
0.0630508
0.0630609
0.063071
0.0630811
0.0630911
0.0631012
0.0631112
0.0631211
0.0631311
0.063141
0.0631509
0.0631607
0.0631706
0.0631804
0.0631902
0.0631999
0.0632096
0.0632194
0.0632291
0.0632404
0.0596262
0.0600966
0.0602922
0.0600024
0.0602421
0.060494
0.0605373
0.0606378
0.0608005
0.0609264
0.0610188
0.0611044
0.0611834
0.0612516
0.0613101
0.061361
0.0614055
0.0614446
0.0614789
0.0615094
0.0615367
0.0615613
0.0615836
0.0616041
0.061623
0.0616406
0.0616571
0.0616728
0.0616876
0.0617019
0.0617156
0.0617289
0.0617418
0.0617545
0.0617668
0.061779
0.061791
0.0618028
0.0618145
0.0618261
0.0618376
0.061849
0.0618604
0.0618717
0.061883
0.0618942
0.0619054
0.0619166
0.0619277
0.0619388
0.0619499
0.061961
0.0619721
0.0619831
0.0619941
0.0620051
0.0620161
0.0620271
0.0620381
0.0620491
0.06206
0.062071
0.0620819
0.0620929
0.0621038
0.0621147
0.0621256
0.0621365
0.0621474
0.0621583
0.0621691
0.06218
0.0621908
0.0622017
0.0622125
0.0622233
0.0622341
0.0622449
0.0622557
0.0622665
0.0622772
0.062288
0.0622988
0.0623095
0.0623202
0.0623309
0.0623416
0.0623523
0.062363
0.0623737
0.0623843
0.062395
0.0624056
0.0624162
0.0624268
0.0624374
0.062448
0.0624586
0.0624692
0.0624797
0.0624903
0.0625008
0.0625113
0.0625218
0.0625323
0.0625428
0.0625532
0.0625637
0.0625741
0.0625845
0.0625949
0.0626053
0.0626157
0.062626
0.0626364
0.0626467
0.062657
0.0626673
0.0626776
0.0626879
0.0626982
0.0627084
0.0627186
0.0627288
0.062739
0.0627492
0.0627594
0.0627695
0.0627796
0.0627897
0.0627998
0.0628099
0.06282
0.06283
0.0628401
0.0628501
0.0628601
0.06287
0.06288
0.06289
0.0628999
0.0629098
0.0629198
0.0629297
0.0629396
0.0629496
0.0629596
0.0629696
0.0629797
0.0629898
0.063
0.0630102
0.0630204
0.0630306
0.0630407
0.0630509
0.063061
0.0630711
0.0630812
0.0630912
0.0631012
0.0631112
0.0631212
0.0631312
0.063141
0.063151
0.0631608
0.0631707
0.0631805
0.0631902
0.0632
0.0632096
0.0632196
0.0632293
0.0632388
0.0596261
0.0600958
0.0602897
0.0599976
0.0602343
0.0604829
0.0605235
0.0606219
0.0607835
0.060909
0.0610018
0.0610881
0.0611684
0.0612379
0.0612978
0.06135
0.0613959
0.0614362
0.0614717
0.0615032
0.0615314
0.0615568
0.0615798
0.0616008
0.0616203
0.0616383
0.0616552
0.0616711
0.0616863
0.0617007
0.0617146
0.0617281
0.0617412
0.0617539
0.0617664
0.0617786
0.0617906
0.0618025
0.0618143
0.0618259
0.0618374
0.0618489
0.0618603
0.0618716
0.0618829
0.0618941
0.0619054
0.0619165
0.0619277
0.0619388
0.0619499
0.061961
0.061972
0.0619831
0.0619941
0.0620051
0.0620161
0.0620271
0.0620381
0.0620491
0.06206
0.062071
0.0620819
0.0620929
0.0621038
0.0621147
0.0621256
0.0621365
0.0621474
0.0621583
0.0621691
0.06218
0.0621908
0.0622017
0.0622125
0.0622233
0.0622341
0.0622449
0.0622557
0.0622665
0.0622772
0.062288
0.0622988
0.0623095
0.0623202
0.0623309
0.0623416
0.0623523
0.062363
0.0623737
0.0623843
0.062395
0.0624056
0.0624162
0.0624269
0.0624375
0.062448
0.0624586
0.0624692
0.0624797
0.0624903
0.0625008
0.0625113
0.0625218
0.0625323
0.0625428
0.0625532
0.0625637
0.0625741
0.0625845
0.0625949
0.0626053
0.0626157
0.062626
0.0626364
0.0626467
0.062657
0.0626673
0.0626776
0.0626879
0.0626982
0.0627084
0.0627186
0.0627288
0.062739
0.0627492
0.0627594
0.0627695
0.0627796
0.0627898
0.0627999
0.0628099
0.06282
0.06283
0.0628401
0.0628501
0.0628601
0.0628701
0.06288
0.06289
0.0628999
0.0629098
0.0629198
0.0629297
0.0629396
0.0629496
0.0629595
0.0629696
0.0629797
0.0629898
0.0630001
0.0630103
0.0630204
0.0630306
0.0630408
0.0630509
0.0630611
0.0630712
0.0630812
0.0630913
0.0631013
0.0631113
0.0631213
0.0631312
0.0631411
0.063151
0.0631609
0.0631707
0.0631806
0.0631903
0.0632001
0.0632097
0.0632197
0.0632294
0.0632382
0.063249
0.0596261
0.060095
0.0602876
0.0599933
0.0602272
0.0604729
0.0605109
0.0606076
0.0607681
0.0608933
0.0609862
0.0610733
0.0611545
0.0612252
0.0612864
0.0613399
0.061387
0.0614285
0.061465
0.0614974
0.0615265
0.0615526
0.0615762
0.0615978
0.0616177
0.0616361
0.0616534
0.0616696
0.061685
0.0616997
0.0617137
0.0617273
0.0617405
0.0617534
0.0617659
0.0617782
0.0617903
0.0618023
0.061814
0.0618257
0.0618373
0.0618488
0.0618602
0.0618715
0.0618828
0.0618941
0.0619053
0.0619165
0.0619276
0.0619388
0.0619499
0.0619609
0.061972
0.0619831
0.0619941
0.0620051
0.0620161
0.0620271
0.0620381
0.0620491
0.06206
0.062071
0.0620819
0.0620929
0.0621038
0.0621147
0.0621256
0.0621365
0.0621474
0.0621583
0.0621691
0.06218
0.0621908
0.0622017
0.0622125
0.0622233
0.0622341
0.0622449
0.0622557
0.0622665
0.0622773
0.062288
0.0622988
0.0623095
0.0623202
0.0623309
0.0623416
0.0623523
0.062363
0.0623737
0.0623843
0.062395
0.0624056
0.0624162
0.0624269
0.0624375
0.062448
0.0624586
0.0624692
0.0624797
0.0624903
0.0625008
0.0625113
0.0625218
0.0625323
0.0625428
0.0625532
0.0625637
0.0625741
0.0625845
0.0625949
0.0626053
0.0626157
0.062626
0.0626364
0.0626467
0.062657
0.0626673
0.0626776
0.0626879
0.0626982
0.0627084
0.0627186
0.0627288
0.062739
0.0627492
0.0627594
0.0627695
0.0627797
0.0627898
0.0627999
0.0628099
0.06282
0.06283
0.0628401
0.0628501
0.0628601
0.0628701
0.06288
0.06289
0.0628999
0.0629098
0.0629198
0.0629297
0.0629396
0.0629495
0.0629595
0.0629695
0.0629796
0.0629898
0.0630001
0.0630103
0.0630204
0.0630306
0.0630408
0.063051
0.0630611
0.0630712
0.0630813
0.0630913
0.0631014
0.0631114
0.0631213
0.0631313
0.0631412
0.0631511
0.0631609
0.0631708
0.0631806
0.0631904
0.0632002
0.0632098
0.0632197
0.0632294
0.0632387
0.0632484
0.0632599
0.059626
0.0600944
0.0602856
0.0599894
0.0602209
0.0604638
0.0604996
0.0605947
0.0607542
0.060879
0.0609722
0.0610598
0.0611419
0.0612137
0.0612759
0.0613306
0.0613789
0.0614213
0.0614588
0.0614921
0.0615219
0.0615487
0.0615729
0.061595
0.0616153
0.0616341
0.0616517
0.0616682
0.0616838
0.0616986
0.0617129
0.0617266
0.0617399
0.0617529
0.0617655
0.0617779
0.06179
0.061802
0.0618138
0.0618255
0.0618371
0.0618486
0.0618601
0.0618714
0.0618828
0.061894
0.0619052
0.0619164
0.0619276
0.0619387
0.0619498
0.0619609
0.061972
0.061983
0.0619941
0.0620051
0.0620161
0.0620271
0.0620381
0.0620491
0.06206
0.062071
0.0620819
0.0620929
0.0621038
0.0621147
0.0621256
0.0621365
0.0621474
0.0621583
0.0621691
0.06218
0.0621908
0.0622017
0.0622125
0.0622233
0.0622341
0.0622449
0.0622557
0.0622665
0.0622773
0.062288
0.0622988
0.0623095
0.0623202
0.0623309
0.0623416
0.0623523
0.062363
0.0623737
0.0623843
0.062395
0.0624056
0.0624162
0.0624269
0.0624375
0.062448
0.0624586
0.0624692
0.0624797
0.0624903
0.0625008
0.0625113
0.0625218
0.0625323
0.0625428
0.0625532
0.0625637
0.0625741
0.0625845
0.0625949
0.0626053
0.0626157
0.0626261
0.0626364
0.0626467
0.0626571
0.0626674
0.0626776
0.0626879
0.0626982
0.0627084
0.0627186
0.0627288
0.062739
0.0627492
0.0627594
0.0627695
0.0627797
0.0627898
0.0627999
0.0628099
0.06282
0.0628301
0.0628401
0.0628501
0.0628601
0.0628701
0.06288
0.06289
0.0628999
0.0629098
0.0629198
0.0629297
0.0629396
0.0629495
0.0629594
0.0629695
0.0629796
0.0629898
0.0630001
0.0630103
0.0630205
0.0630307
0.0630409
0.063051
0.0630612
0.0630713
0.0630814
0.0630914
0.0631014
0.0631114
0.0631214
0.0631313
0.0631412
0.0631512
0.063161
0.0631708
0.0631807
0.0631904
0.0632003
0.0632099
0.0632197
0.0632294
0.0632389
0.0632485
0.0632584
0.059626
0.0600938
0.0602838
0.0599858
0.060215
0.0604556
0.0604894
0.060583
0.0607416
0.0608662
0.0609595
0.0610477
0.0611306
0.0612032
0.0612665
0.0613222
0.0613714
0.0614148
0.0614531
0.0614872
0.0615177
0.0615451
0.0615698
0.0615924
0.0616131
0.0616323
0.0616501
0.0616669
0.0616827
0.0616977
0.0617121
0.061726
0.0617394
0.0617524
0.0617651
0.0617775
0.0617898
0.0618018
0.0618136
0.0618254
0.061837
0.0618485
0.06186
0.0618714
0.0618827
0.061894
0.0619052
0.0619164
0.0619276
0.0619387
0.0619498
0.0619609
0.061972
0.061983
0.0619941
0.0620051
0.0620161
0.0620271
0.0620381
0.0620491
0.06206
0.062071
0.0620819
0.0620929
0.0621038
0.0621147
0.0621256
0.0621365
0.0621474
0.0621583
0.0621691
0.06218
0.0621908
0.0622017
0.0622125
0.0622233
0.0622341
0.0622449
0.0622557
0.0622665
0.0622773
0.062288
0.0622988
0.0623095
0.0623202
0.0623309
0.0623416
0.0623523
0.062363
0.0623737
0.0623843
0.062395
0.0624056
0.0624162
0.0624269
0.0624375
0.062448
0.0624586
0.0624692
0.0624797
0.0624903
0.0625008
0.0625113
0.0625218
0.0625323
0.0625428
0.0625532
0.0625637
0.0625741
0.0625845
0.0625949
0.0626053
0.0626157
0.0626261
0.0626364
0.0626467
0.0626571
0.0626674
0.0626776
0.0626879
0.0626982
0.0627084
0.0627186
0.0627289
0.0627391
0.0627492
0.0627594
0.0627695
0.0627797
0.0627898
0.0627999
0.06281
0.06282
0.0628301
0.0628401
0.0628501
0.0628601
0.0628701
0.06288
0.06289
0.0628999
0.0629098
0.0629197
0.0629296
0.0629395
0.0629495
0.0629594
0.0629694
0.0629795
0.0629897
0.0630001
0.0630103
0.0630205
0.0630307
0.0630409
0.0630511
0.0630612
0.0630713
0.0630814
0.0630915
0.0631015
0.0631115
0.0631214
0.0631314
0.0631413
0.0631512
0.0631611
0.0631709
0.0631807
0.0631905
0.0632003
0.06321
0.0632198
0.0632295
0.063239
0.0632487
0.0632578
0.0632683
0.059626
0.0600933
0.0602822
0.0599826
0.0602097
0.0604481
0.0604801
0.0605726
0.0607305
0.0608548
0.0609482
0.0610369
0.0611204
0.0611938
0.061258
0.0613146
0.0613647
0.061409
0.061448
0.0614828
0.0615139
0.0615418
0.061567
0.06159
0.0616111
0.0616306
0.0616487
0.0616657
0.0616817
0.0616969
0.0617114
0.0617254
0.0617389
0.061752
0.0617647
0.0617772
0.0617895
0.0618016
0.0618135
0.0618252
0.0618369
0.0618484
0.0618599
0.0618713
0.0618826
0.0618939
0.0619052
0.0619164
0.0619275
0.0619387
0.0619498
0.0619609
0.061972
0.061983
0.0619941
0.0620051
0.0620161
0.0620271
0.0620381
0.0620491
0.06206
0.062071
0.0620819
0.0620929
0.0621038
0.0621147
0.0621256
0.0621365
0.0621474
0.0621583
0.0621691
0.06218
0.0621908
0.0622017
0.0622125
0.0622233
0.0622341
0.0622449
0.0622557
0.0622665
0.0622773
0.062288
0.0622988
0.0623095
0.0623202
0.0623309
0.0623416
0.0623523
0.062363
0.0623737
0.0623843
0.062395
0.0624056
0.0624162
0.0624269
0.0624375
0.062448
0.0624586
0.0624692
0.0624797
0.0624903
0.0625008
0.0625113
0.0625218
0.0625323
0.0625428
0.0625532
0.0625637
0.0625741
0.0625845
0.0625949
0.0626053
0.0626157
0.0626261
0.0626364
0.0626467
0.0626571
0.0626674
0.0626777
0.0626879
0.0626982
0.0627084
0.0627187
0.0627289
0.0627391
0.0627492
0.0627594
0.0627695
0.0627797
0.0627898
0.0627999
0.06281
0.06282
0.0628301
0.0628401
0.0628501
0.0628601
0.0628701
0.06288
0.06289
0.0628999
0.0629098
0.0629197
0.0629296
0.0629395
0.0629494
0.0629593
0.0629693
0.0629794
0.0629896
0.0630001
0.0630103
0.0630205
0.0630307
0.063041
0.0630512
0.0630613
0.0630714
0.0630815
0.0630915
0.0631016
0.0631115
0.0631215
0.0631315
0.0631414
0.0631513
0.0631611
0.063171
0.0631808
0.0631906
0.0632004
0.0632101
0.0632199
0.0632295
0.0632391
0.0632488
0.0632584
0.063268
0.0632785
0.059626
0.0600928
0.0602807
0.0599795
0.0602047
0.0604413
0.0604718
0.0605632
0.0607206
0.0608447
0.0609382
0.0610273
0.0611114
0.0611855
0.0612504
0.0613078
0.0613588
0.0614037
0.0614434
0.0614788
0.0615105
0.0615389
0.0615646
0.0615879
0.0616093
0.0616291
0.0616474
0.0616646
0.0616808
0.0616961
0.0617108
0.0617248
0.0617384
0.0617516
0.0617644
0.061777
0.0617893
0.0618014
0.0618133
0.0618251
0.0618368
0.0618483
0.0618598
0.0618712
0.0618826
0.0618939
0.0619051
0.0619163
0.0619275
0.0619386
0.0619498
0.0619609
0.0619719
0.061983
0.061994
0.0620051
0.0620161
0.0620271
0.0620381
0.0620491
0.06206
0.062071
0.0620819
0.0620929
0.0621038
0.0621147
0.0621256
0.0621365
0.0621474
0.0621583
0.0621691
0.06218
0.0621908
0.0622017
0.0622125
0.0622233
0.0622341
0.0622449
0.0622557
0.0622665
0.0622773
0.062288
0.0622988
0.0623095
0.0623202
0.0623309
0.0623416
0.0623523
0.062363
0.0623737
0.0623843
0.062395
0.0624056
0.0624163
0.0624269
0.0624375
0.0624481
0.0624586
0.0624692
0.0624797
0.0624903
0.0625008
0.0625113
0.0625218
0.0625323
0.0625428
0.0625532
0.0625637
0.0625741
0.0625845
0.0625949
0.0626053
0.0626157
0.0626261
0.0626364
0.0626467
0.0626571
0.0626674
0.0626777
0.0626879
0.0626982
0.0627084
0.0627187
0.0627289
0.0627391
0.0627492
0.0627594
0.0627696
0.0627797
0.0627898
0.0627999
0.06281
0.06282
0.0628301
0.0628401
0.0628501
0.0628601
0.0628701
0.0628801
0.06289
0.0628999
0.0629098
0.0629197
0.0629296
0.0629395
0.0629493
0.0629592
0.0629692
0.0629793
0.0629896
0.0630001
0.0630103
0.0630205
0.0630307
0.063041
0.0630512
0.0630614
0.0630715
0.0630815
0.0630916
0.0631016
0.0631116
0.0631216
0.0631315
0.0631414
0.0631513
0.0631612
0.063171
0.0631809
0.0631906
0.0632004
0.0632101
0.0632199
0.0632296
0.0632392
0.0632489
0.0632584
0.0632681
0.0632777
0.0632889
0.0596261
0.0600924
0.0602792
0.0599765
0.0602
0.0604349
0.0604643
0.060555
0.0607119
0.0608359
0.0609296
0.061019
0.0611035
0.0611783
0.0612439
0.0613019
0.0613536
0.0613992
0.0614394
0.0614753
0.0615075
0.0615363
0.0615624
0.0615861
0.0616078
0.0616278
0.0616463
0.0616637
0.06168
0.0616955
0.0617102
0.0617244
0.061738
0.0617513
0.0617642
0.0617767
0.0617891
0.0618012
0.0618132
0.061825
0.0618367
0.0618483
0.0618598
0.0618712
0.0618825
0.0618938
0.0619051
0.0619163
0.0619275
0.0619386
0.0619497
0.0619608
0.0619719
0.061983
0.061994
0.0620051
0.0620161
0.0620271
0.0620381
0.0620491
0.06206
0.062071
0.0620819
0.0620929
0.0621038
0.0621147
0.0621256
0.0621365
0.0621474
0.0621583
0.0621691
0.06218
0.0621908
0.0622017
0.0622125
0.0622233
0.0622341
0.0622449
0.0622557
0.0622665
0.0622773
0.062288
0.0622988
0.0623095
0.0623202
0.0623309
0.0623416
0.0623523
0.062363
0.0623737
0.0623843
0.062395
0.0624056
0.0624163
0.0624269
0.0624375
0.0624481
0.0624586
0.0624692
0.0624797
0.0624903
0.0625008
0.0625113
0.0625218
0.0625323
0.0625428
0.0625532
0.0625637
0.0625741
0.0625845
0.0625949
0.0626053
0.0626157
0.0626261
0.0626364
0.0626468
0.0626571
0.0626674
0.0626777
0.0626879
0.0626982
0.0627084
0.0627187
0.0627289
0.0627391
0.0627492
0.0627594
0.0627696
0.0627797
0.0627898
0.0627999
0.06281
0.06282
0.0628301
0.0628401
0.0628501
0.0628601
0.0628701
0.0628801
0.06289
0.0628999
0.0629098
0.0629197
0.0629296
0.0629394
0.0629493
0.0629591
0.0629691
0.0629791
0.0629895
0.0630001
0.0630103
0.0630205
0.0630308
0.0630411
0.0630513
0.0630614
0.0630715
0.0630816
0.0630917
0.0631017
0.0631117
0.0631217
0.0631316
0.0631415
0.0631514
0.0631613
0.0631711
0.0631809
0.0631907
0.0632005
0.0632102
0.06322
0.0632297
0.0632393
0.063249
0.0632585
0.0632685
0.063278
0.0632875
0.0596262
0.060092
0.0602778
0.0599735
0.0601953
0.060429
0.0604575
0.0605477
0.0607044
0.0608284
0.0609222
0.0610119
0.0610969
0.0611721
0.0612383
0.0612969
0.0613492
0.0613953
0.061436
0.0614724
0.061505
0.0615341
0.0615605
0.0615845
0.0616064
0.0616266
0.0616453
0.0616628
0.0616792
0.0616948
0.0617097
0.061724
0.0617377
0.061751
0.0617639
0.0617765
0.0617889
0.0618011
0.0618131
0.0618249
0.0618366
0.0618482
0.0618597
0.0618711
0.0618825
0.0618938
0.0619051
0.0619163
0.0619275
0.0619386
0.0619497
0.0619608
0.0619719
0.061983
0.061994
0.0620051
0.0620161
0.0620271
0.0620381
0.062049
0.06206
0.062071
0.0620819
0.0620929
0.0621038
0.0621147
0.0621256
0.0621365
0.0621474
0.0621583
0.0621691
0.06218
0.0621908
0.0622017
0.0622125
0.0622233
0.0622341
0.0622449
0.0622557
0.0622665
0.0622773
0.062288
0.0622988
0.0623095
0.0623202
0.0623309
0.0623416
0.0623523
0.062363
0.0623737
0.0623843
0.062395
0.0624056
0.0624163
0.0624269
0.0624375
0.0624481
0.0624586
0.0624692
0.0624797
0.0624903
0.0625008
0.0625113
0.0625218
0.0625323
0.0625428
0.0625532
0.0625637
0.0625741
0.0625845
0.0625949
0.0626053
0.0626157
0.0626261
0.0626364
0.0626468
0.0626571
0.0626674
0.0626777
0.0626879
0.0626982
0.0627084
0.0627187
0.0627289
0.0627391
0.0627493
0.0627594
0.0627696
0.0627797
0.0627898
0.0627999
0.06281
0.0628201
0.0628301
0.0628401
0.0628501
0.0628601
0.0628701
0.0628801
0.06289
0.0628999
0.0629098
0.0629197
0.0629295
0.0629394
0.0629492
0.062959
0.062969
0.0629789
0.0629894
0.0630001
0.0630104
0.0630205
0.0630308
0.0630411
0.0630514
0.0630615
0.0630716
0.0630817
0.0630917
0.0631017
0.0631117
0.0631217
0.0631317
0.0631416
0.0631515
0.0631613
0.0631712
0.063181
0.0631908
0.0632006
0.0632103
0.06322
0.0632297
0.0632394
0.0632491
0.0632586
0.0632684
0.063278
0.0632869
0.0632975
0.0596263
0.0600917
0.0602763
0.0599703
0.0601907
0.0604233
0.0604514
0.0605416
0.0606983
0.0608223
0.0609163
0.0610062
0.0610915
0.0611671
0.0612337
0.0612928
0.0613457
0.0613922
0.0614332
0.0614701
0.061503
0.0615324
0.061559
0.0615832
0.0616053
0.0616257
0.0616446
0.0616622
0.0616788
0.0616944
0.0617094
0.0617237
0.0617374
0.0617508
0.0617637
0.0617764
0.0617888
0.061801
0.061813
0.0618248
0.0618365
0.0618481
0.0618596
0.0618711
0.0618825
0.0618938
0.061905
0.0619163
0.0619274
0.0619386
0.0619497
0.0619608
0.0619719
0.061983
0.061994
0.0620051
0.0620161
0.0620271
0.0620381
0.0620491
0.06206
0.062071
0.0620819
0.0620929
0.0621038
0.0621147
0.0621256
0.0621365
0.0621474
0.0621583
0.0621691
0.06218
0.0621908
0.0622017
0.0622125
0.0622233
0.0622341
0.0622449
0.0622557
0.0622665
0.0622773
0.062288
0.0622988
0.0623095
0.0623202
0.0623309
0.0623416
0.0623523
0.062363
0.0623737
0.0623844
0.062395
0.0624056
0.0624163
0.0624269
0.0624375
0.0624481
0.0624586
0.0624692
0.0624797
0.0624903
0.0625008
0.0625113
0.0625218
0.0625323
0.0625428
0.0625532
0.0625637
0.0625741
0.0625845
0.0625949
0.0626053
0.0626157
0.0626261
0.0626364
0.0626468
0.0626571
0.0626674
0.0626777
0.0626879
0.0626982
0.0627085
0.0627187
0.0627289
0.0627391
0.0627493
0.0627594
0.0627696
0.0627797
0.0627898
0.0627999
0.06281
0.0628201
0.0628301
0.0628401
0.0628502
0.0628601
0.0628701
0.0628801
0.06289
0.0628999
0.0629098
0.0629197
0.0629295
0.0629394
0.0629491
0.0629589
0.0629688
0.0629787
0.0629892
0.0630001
0.0630104
0.0630205
0.0630309
0.0630412
0.0630514
0.0630616
0.0630717
0.0630818
0.0630918
0.0631018
0.0631118
0.0631218
0.0631317
0.0631417
0.0631515
0.0631614
0.0631713
0.0631811
0.0631909
0.0632007
0.0632104
0.0632201
0.0632298
0.0632395
0.0632492
0.0632587
0.0632686
0.0632782
0.0632875
0.063297
0.0633085
0.0596265
0.0600914
0.0602745
0.0599666
0.0601857
0.060418
0.0604463
0.0605367
0.0606936
0.0608178
0.060912
0.0610021
0.0610876
0.0611635
0.0612304
0.0612898
0.0613432
0.0613899
0.0614311
0.0614682
0.0615013
0.061531
0.0615578
0.0615822
0.0616045
0.0616249
0.0616439
0.0616616
0.0616782
0.061694
0.061709
0.0617233
0.0617372
0.0617506
0.0617636
0.0617763
0.0617887
0.0618009
0.0618129
0.0618248
0.0618365
0.0618481
0.0618596
0.0618711
0.0618824
0.0618938
0.061905
0.0619162
0.0619274
0.0619386
0.0619497
0.0619608
0.0619719
0.061983
0.061994
0.0620051
0.0620161
0.0620271
0.0620381
0.0620491
0.06206
0.062071
0.0620819
0.0620929
0.0621038
0.0621147
0.0621256
0.0621365
0.0621474
0.0621583
0.0621691
0.06218
0.0621908
0.0622017
0.0622125
0.0622233
0.0622341
0.0622449
0.0622557
0.0622665
0.0622773
0.062288
0.0622988
0.0623095
0.0623202
0.0623309
0.0623417
0.0623523
0.062363
0.0623737
0.0623844
0.062395
0.0624056
0.0624163
0.0624269
0.0624375
0.0624481
0.0624586
0.0624692
0.0624798
0.0624903
0.0625008
0.0625113
0.0625218
0.0625323
0.0625428
0.0625532
0.0625637
0.0625741
0.0625845
0.062595
0.0626053
0.0626157
0.0626261
0.0626364
0.0626468
0.0626571
0.0626674
0.0626777
0.062688
0.0626982
0.0627085
0.0627187
0.0627289
0.0627391
0.0627493
0.0627594
0.0627696
0.0627797
0.0627898
0.0627999
0.06281
0.0628201
0.0628301
0.0628401
0.0628502
0.0628602
0.0628701
0.0628801
0.06289
0.0628999
0.0629098
0.0629197
0.0629295
0.0629394
0.0629491
0.0629588
0.0629687
0.0629784
0.0629892
0.0630002
0.0630104
0.0630205
0.0630309
0.0630413
0.0630515
0.0630616
0.0630717
0.0630818
0.0630919
0.0631019
0.0631119
0.0631218
0.0631318
0.0631417
0.0631516
0.0631615
0.0631713
0.0631811
0.0631909
0.0632007
0.0632104
0.0632202
0.0632299
0.0632395
0.0632492
0.0632588
0.0632686
0.0632781
0.0632877
0.0632972
0.063307
0.0596265
0.0600907
0.0602724
0.0599628
0.060181
0.0604134
0.0604424
0.0605334
0.0606907
0.0608151
0.0609094
0.0609996
0.0610852
0.0611613
0.0612283
0.0612881
0.0613418
0.0613889
0.0614302
0.0614674
0.0615005
0.0615303
0.0615571
0.0615816
0.061604
0.0616246
0.0616436
0.0616614
0.0616781
0.0616939
0.0617089
0.0617233
0.0617371
0.0617505
0.0617635
0.0617762
0.0617887
0.0618009
0.0618129
0.0618247
0.0618365
0.0618481
0.0618596
0.0618711
0.0618824
0.0618938
0.061905
0.0619163
0.0619275
0.0619386
0.0619497
0.0619608
0.0619719
0.061983
0.061994
0.0620051
0.0620161
0.0620271
0.0620381
0.0620491
0.06206
0.062071
0.0620819
0.0620929
0.0621038
0.0621147
0.0621256
0.0621365
0.0621474
0.0621583
0.0621691
0.06218
0.0621909
0.0622017
0.0622125
0.0622233
0.0622341
0.0622449
0.0622557
0.0622665
0.0622773
0.062288
0.0622988
0.0623095
0.0623202
0.062331
0.0623417
0.0623524
0.062363
0.0623737
0.0623844
0.062395
0.0624056
0.0624163
0.0624269
0.0624375
0.0624481
0.0624586
0.0624692
0.0624798
0.0624903
0.0625008
0.0625113
0.0625218
0.0625323
0.0625428
0.0625533
0.0625637
0.0625741
0.0625846
0.062595
0.0626054
0.0626157
0.0626261
0.0626364
0.0626468
0.0626571
0.0626674
0.0626777
0.062688
0.0626982
0.0627085
0.0627187
0.0627289
0.0627391
0.0627493
0.0627594
0.0627696
0.0627797
0.0627898
0.0627999
0.06281
0.0628201
0.0628301
0.0628402
0.0628502
0.0628602
0.0628701
0.0628801
0.06289
0.0628999
0.0629098
0.0629197
0.0629294
0.0629393
0.062949
0.0629586
0.0629684
0.062978
0.062989
0.0630002
0.0630103
0.0630205
0.063031
0.0630414
0.0630516
0.0630617
0.0630719
0.0630819
0.063092
0.063102
0.063112
0.0631219
0.0631319
0.0631418
0.0631517
0.0631616
0.0631714
0.0631812
0.063191
0.0632008
0.0632105
0.0632203
0.06323
0.0632396
0.0632494
0.0632589
0.0632687
0.0632782
0.0632878
0.0632972
0.0633065
0.0633171
0.0596271
0.06009
0.0602699
0.0599592
0.0601772
0.0604101
0.0604398
0.0605315
0.0606891
0.0608136
0.0609079
0.0609982
0.0610839
0.06116
0.061227
0.0612867
0.0613411
0.061388
0.061429
0.0614668
0.0615001
0.0615299
0.0615568
0.0615813
0.0616036
0.0616242
0.0616433
0.0616611
0.0616778
0.0616936
0.0617087
0.0617231
0.061737
0.0617504
0.0617635
0.0617762
0.0617886
0.0618008
0.0618129
0.0618247
0.0618365
0.0618481
0.0618596
0.0618711
0.0618825
0.0618938
0.0619051
0.0619163
0.0619275
0.0619386
0.0619498
0.0619609
0.061972
0.061983
0.0619941
0.0620051
0.0620161
0.0620271
0.0620381
0.0620491
0.0620601
0.062071
0.062082
0.0620929
0.0621038
0.0621147
0.0621256
0.0621365
0.0621474
0.0621583
0.0621692
0.06218
0.0621909
0.0622017
0.0622125
0.0622234
0.0622342
0.062245
0.0622557
0.0622665
0.0622773
0.062288
0.0622988
0.0623095
0.0623203
0.062331
0.0623417
0.0623524
0.062363
0.0623737
0.0623844
0.062395
0.0624057
0.0624163
0.0624269
0.0624375
0.0624481
0.0624587
0.0624692
0.0624798
0.0624903
0.0625008
0.0625113
0.0625218
0.0625323
0.0625428
0.0625533
0.0625637
0.0625741
0.0625846
0.062595
0.0626054
0.0626157
0.0626261
0.0626364
0.0626468
0.0626571
0.0626674
0.0626777
0.062688
0.0626982
0.0627085
0.0627187
0.0627289
0.0627391
0.0627493
0.0627595
0.0627696
0.0627797
0.0627899
0.0628
0.06281
0.0628201
0.0628301
0.0628402
0.0628502
0.0628602
0.0628701
0.0628801
0.06289
0.0629
0.0629098
0.0629197
0.0629294
0.0629393
0.0629489
0.0629585
0.0629682
0.0629774
0.0629888
0.0630003
0.0630104
0.0630205
0.063031
0.0630415
0.0630517
0.0630618
0.0630719
0.063082
0.063092
0.063102
0.063112
0.063122
0.0631319
0.0631418
0.0631517
0.0631616
0.0631714
0.0631813
0.0631911
0.0632008
0.0632106
0.0632203
0.06323
0.0632397
0.0632494
0.063259
0.0632688
0.0632783
0.063288
0.0632975
0.0633074
0.0633169
0.0633271
0.0613864
0.0614288
0.0614659
0.0614995
0.0615297
0.0615567
0.0615813
0.0616037
0.0616243
0.0616435
0.0616613
0.061678
0.0616938
0.0617089
0.0617233
0.0617371
0.0617505
0.0617635
0.0617762
0.0617887
0.0618009
0.0618129
0.0618248
0.0618365
0.0618482
0.0618597
0.0618711
0.0618825
0.0618938
0.0619051
0.0619163
0.0619275
0.0619387
0.0619498
0.0619609
0.061972
0.0619831
0.0619941
0.0620051
0.0620162
0.0620272
0.0620381
0.0620491
0.0620601
0.062071
0.062082
0.0620929
0.0621038
0.0621148
0.0621257
0.0621366
0.0621474
0.0621583
0.0621692
0.06218
0.0621909
0.0622017
0.0622126
0.0622234
0.0622342
0.062245
0.0622558
0.0622665
0.0622773
0.0622881
0.0622988
0.0623095
0.0623203
0.062331
0.0623417
0.0623524
0.0623631
0.0623737
0.0623844
0.062395
0.0624057
0.0624163
0.0624269
0.0624375
0.0624481
0.0624587
0.0624692
0.0624798
0.0624903
0.0625008
0.0625114
0.0625219
0.0625323
0.0625428
0.0625533
0.0625637
0.0625741
0.0625846
0.062595
0.0626054
0.0626157
0.0626261
0.0626365
0.0626468
0.0626571
0.0626674
0.0626777
0.062688
0.0626982
0.0627085
0.0627187
0.0627289
0.0627391
0.0627493
0.0627595
0.0627696
0.0627797
0.0627899
0.0628
0.06281
0.0628201
0.0628302
0.0628402
0.0628502
0.0628602
0.0628702
0.0628801
0.06289
0.0629
0.0629098
0.0629197
0.0629294
0.0629393
0.0629488
0.0629584
0.062968
0.0629769
0.0629887
0.0630004
0.0630102
0.0630205
0.0630312
0.0630416
0.0630517
0.0630619
0.063072
0.0630821
0.0630921
0.0631021
0.0631121
0.0631221
0.063132
0.0631419
0.0631518
0.0631617
0.0631715
0.0631813
0.0631911
0.0632009
0.0632107
0.0632204
0.0632301
0.0632398
0.0632495
0.0632591
0.0632689
0.0632784
0.0632881
0.0632975
0.0633072
0.0633173
0.0633271
0.0633393
)
;

boundaryField
{
    inlet
    {
        type            calculated;
        value           uniform 0.06;
    }
    outlet
    {
        type            calculated;
        value           nonuniform List<scalar> 0();
    }
    lowerWall
    {
        type            calculated;
        value           uniform 0;
    }
    upperWall
    {
        type            calculated;
        value           nonuniform List<scalar> 0();
    }
    frontAndBack
    {
        type            calculated;
        value           uniform 0;
    }
    procBoundary0to3
    {
        type            processor;
        value           nonuniform List<scalar> 
150
(
0.0596267
0.0600903
0.0602709
0.0599602
0.0601778
0.0604102
0.0604393
0.0605306
0.0606879
0.0608123
0.0609066
0.0609968
0.0610826
0.0611588
0.061226
0.0612856
0.0613384
0.0613384
0.0613852
0.0614278
0.0614652
0.0614989
0.0615292
0.0615564
0.061581
0.0616035
0.0616241
0.0616433
0.0616611
0.0616778
0.0616937
0.0617087
0.0617231
0.061737
0.0617504
0.0617635
0.0617762
0.0617886
0.0618009
0.0618129
0.0618248
0.0618365
0.0618481
0.0618597
0.0618711
0.0618825
0.0618938
0.0619051
0.0619163
0.0619275
0.0619387
0.0619498
0.0619609
0.061972
0.0619831
0.0619941
0.0620051
0.0620161
0.0620271
0.0620381
0.0620491
0.0620601
0.062071
0.062082
0.0620929
0.0621038
0.0621148
0.0621257
0.0621366
0.0621474
0.0621583
0.0621692
0.06218
0.0621909
0.0622017
0.0622125
0.0622234
0.0622342
0.062245
0.0622558
0.0622665
0.0622773
0.0622881
0.0622988
0.0623095
0.0623203
0.062331
0.0623417
0.0623524
0.0623631
0.0623737
0.0623844
0.062395
0.0624057
0.0624163
0.0624269
0.0624375
0.0624481
0.0624587
0.0624692
0.0624798
0.0624903
0.0625008
0.0625114
0.0625219
0.0625323
0.0625428
0.0625533
0.0625637
0.0625741
0.0625846
0.062595
0.0626054
0.0626157
0.0626261
0.0626365
0.0626468
0.0626571
0.0626674
0.0626777
0.062688
0.0626982
0.0627085
0.0627187
0.0627289
0.0627391
0.0627493
0.0627595
0.0627696
0.0627798
0.0627899
0.0628
0.0628101
0.0628201
0.0628302
0.0628402
0.0628502
0.0628602
0.0628702
0.0628801
0.06289
0.0629
0.0629098
0.0629197
0.0629293
0.0629393
0.0629487
0.0629583
0.0629675
0.0629761
)
;
    }
    procBoundary0to6
    {
        type            processor;
        value           nonuniform List<scalar> 
86
(
0.021144
0.021144
0.0462143
0.0462143
0.0577167
0.0577167
0.0616654
0.0627298
0.0627298
0.0629791
0.0629791
0.0630338
0.0630404
0.0630404
0.0630522
0.0630522
0.0630633
0.0630633
0.0630733
0.0630724
0.0630724
0.0630838
0.0630838
0.0630935
0.0630926
0.0630926
0.0631032
0.0631032
0.0631141
0.0631141
0.0631239
0.0631228
0.0631228
0.0631343
0.0631343
0.0631437
0.0631428
0.0631428
0.0631532
0.0631532
0.063164
0.063164
0.0631736
0.0631726
0.0631726
0.0631831
0.0631831
0.0631936
0.0631936
0.0632032
0.0632021
0.0632021
0.0632134
0.0632134
0.0632226
0.0632217
0.0632217
0.063232
0.063232
0.0632425
0.0632425
0.063252
0.0632509
0.0632509
0.0632621
0.0632621
0.0632712
0.0632703
0.0632703
0.0632805
0.0632805
0.0632909
0.0632909
0.0633004
0.0632994
0.0632994
0.0633105
0.0633105
0.0633197
0.063319
0.063319
0.0633292
0.0633292
0.0633406
0.0633406
0.0633486
)
;
    }
    procBoundary0to9
    {
        type            processor;
        value           nonuniform List<scalar> 
36
(
0.0629882
0.0630005
0.0630106
0.0630205
0.0630311
0.0630417
0.0630519
0.063062
0.0630721
0.0630821
0.0630922
0.0631022
0.0631122
0.0631221
0.0631321
0.063142
0.0631519
0.0631618
0.0631716
0.0631814
0.0631912
0.063201
0.0632107
0.0632205
0.0632302
0.0632399
0.0632496
0.0632591
0.0632689
0.0632784
0.0632882
0.0632977
0.0633075
0.0633174
0.0633274
0.0633391
)
;
    }
}


// ************************************************************************* //
